1, 28.06920020235703
2, 27.389779115575212
3, 27.116784470139525
4, 26.324133414036634
5, 26.421960563137628
6, 26.12355259148342
7, 25.79767431378263
8, 25.73713270743266
9, 24.857996701262955
10, 24.12550517605797
15, 22.856946427727394
20, 22.832433072276814
25, 21.568495543268657
30, 20.790382391865716
35, 20.62425756239482
40, 20.16234113390605
45, 19.5315129982293
50, 19.303885619221845
55, 18.65475810617763
60, 18.56771391421141
65, 18.858419870180004
70, 18.606450494385005
75, 18.69117438792972
80, 18.2997267739166
85, 18.7840357750937
90, 19.613260820169604
95, 19.771696942852426
100, 19.555050498528505
150, 17.408044117591157
200, 17.733583958128712
250, 16.113348503647526
300, 16.94815624190431
350, 16.0299719276111
400, 16.112107248898266
450, 15.796202075182503
500, 15.808858276295602
550, 15.93988707613702
600, 16.381697103780184
650, 16.359706598836055
700, 16.117071694324622
750, 15.695859326586742
800, 15.026643005009468
850, 15.670354175959138
900, 15.257784898208522
950, 14.587666023048376
1000, 13.206059215375342
1250, 13.61616686149226
1500, 12.620618051426801
1750, 12.294714311442947
2000, 11.637869220780924
2250, 11.901260437449471
2500, 11.171392035015153
2750, 11.083320801997928
3000, 10.463269087622663
3250, 10.516653460107925
3500, 9.828529900244492
3750, 9.256349172324908
4000, 9.288702815786497
4250, 9.979979959899719
4500, 9.448809448814174
4750, 8.85663593019381
5000, 9.444575162494075
5250, 8.935323161475472
5500, 8.899438184514796
5750, 8.277680834629951
6000, 8.541662601625049
6250, 8.31143790207206
6500, 8.131420540102448
6750, 7.748548251124206
7000, 7.602631123499285
7250, 7.493997598078078
7500, 7.54983443527075
7750, 7.076722405181653
8000, 7.113367697511496
8250, 7.459222479588607
8500, 6.726068688320095
8750, 6.994283380018285
9000, 7.202777242147643
9250, 6.846897107449476
9500, 6.299206299209449
9750, 6.6000000000000005
10000, 6.20644825967316
11000, 7.258098924649622
12000, 6.740919818541086
13000, 6.593936608733815
14000, 6.740919818541086
15000, 5.99666574022598
16000, 6.276941930590086
17000, 5.892367945062494
18000, 5.642694391866354
19000, 5.122499389946279
20000, 4.753945729601885
21000, 4.795831523312719
22000, 4.770744176750625
23000, 4.703190406521939
24000, 4.498888751680797
25000, 4.6475800154489
26000, 4.68187996428785
27000, 4.381780460041329
28000, 4.591296113299598
29000, 4.46318272088428
30000, 4.5431266766402185
31000, 4.219004621945797
32000, 4.1182520563948
33000, 4.171330722922842
34000, 4.3220365569948616
35000, 3.97994974842648
36000, 3.63318042491699
37000, 4.214261501141095
38000, 4.029888335921977
39000, 3.81051177665153
40000, 3.8574603043971822
41000, 3.9089640571384128
42000, 3.423448553724738
43000, 3.730951621235526
44000, 3.411744421846396
45000, 3.521363372331802
46000, 3.5552777669262356
47000, 3.605551275463989
48000, 4.004996878900157
49000, 3.6606010435446255
50000, 3.698648401781386
51000, 3.594440151122286
52000, 3.655133376499413
53000, 3.6606010435446255
54000, 3.704051835490427
55000, 3.4985711369071804
56000, 3.1559467676119
57000, 3.358571124749333
58000, 3.237282811247729
59000, 3.0528675044947495
60000, 2.9664793948382653
61000, 2.8774989139876315
62000, 2.9664793948382653
63000, 2.842534080710379
64000, 3.03315017762062
65000, 3.046309242345563
66000, 2.842534080710379
67000, 2.95296461204668
68000, 2.814249455894058
69000, 2.7202941017470885
70000, 3.0397368307141326
71000, 2.870540018881465
72000, 3.1432467291003423
73000, 3.394112549695428
74000, 2.939387691339814
75000, 2.842534080710379
76000, 2.870540018881465
77000, 3.0066592756745814
78000, 3.1749015732775088
79000, 2.9597297173897483
80000, 2.842534080710379
81000, 2.85657137141714
82000, 2.925747767665559
83000, 3.0854497241083023
84000, 2.7129319932501073
85000, 2.9120439557122073
86000, 2.7129319932501073
87000, 2.6381811916545836
88000, 2.4166091947189146
89000, 2.5377155080899043
90000, 2.4331050121192876
91000, 2.4576411454889016
92000, 2.4657656011875906
93000, 2.4331050121192876
94000, 2.513961017995307
95000, 2.6758176320519302
96000, 2.584569596664017
97000, 2.749545416973504
98000, 2.7422618401604177
99000, 2.2978250586152114
100000, 2.513961017995307
