3.6606010435446255
3.1622776601683795
3.255764119219941
3.5777087639996634
3.6606010435446255
2.792848008753788
2.32379000772445
2.6076809620810595
2.5298221281347035
2.32379000772445
2.1908902300206643
2.280350850198276
2.32379000772445
2.32379000772445
2.0
2.04939015319192
2.04939015319192
2.0976176963403033
2.04939015319192
2.04939015319192
2.04939015319192
1.8973665961010275
2.04939015319192
1.61245154965971
1.4142135623730951
1.61245154965971
1.61245154965971
1.61245154965971
1.61245154965971
1.4142135623730951
1.2649110640673518
1.2649110640673518
1.4142135623730951
1.61245154965971
1.5491933384829668
1.4832396974191326
1.4142135623730951
1.8439088914585775
1.8439088914585775
1.8973665961010275
1.8973665961010275
1.8973665961010275
1.8973665961010275
2.0976176963403033
2.3664319132398464
2.0976176963403033
1.8439088914585775
2.0976176963403033
2.0976176963403033
2.0976176963403033
1.8439088914585775
2.0976176963403033
2.04939015319192
2.23606797749979
2.04939015319192
2.04939015319192
2.04939015319192
2.04939015319192
2.1908902300206643
2.0976176963403033
2.1908902300206643
2.1908902300206643
2.23606797749979
2.1908902300206643
1.8973665961010275
2.0976176963403033
2.1447610589527217
2.0
2.0
2.0
2.23606797749979
2.1908902300206643
2.1908902300206643
2.04939015319192
2.04939015319192
2.04939015319192
2.04939015319192
2.1908902300206643
2.04939015319192
1.9493588689617927
1.9493588689617927
1.9493588689617927
1.9493588689617927
1.9493588689617927
1.9493588689617927
1.9493588689617927
1.9493588689617927
1.9493588689617927
1.9493588689617927
1.9493588689617927
1.9493588689617927
1.9493588689617927
2.04939015319192
1.9493588689617927
1.9493588689617927
2.04939015319192
1.9493588689617927
1.9493588689617927
1.9493588689617927
1.9493588689617927
1.9493588689617927
1.9493588689617927
1.9493588689617927
1.9493588689617927
1.9493588689617927
1.9493588689617927
1.9493588689617927
2.04939015319192
1.9493588689617927
1.9493588689617927
2.04939015319192
2.04939015319192
2.04939015319192
1.9493588689617927
1.9493588689617927
1.9493588689617927
1.9493588689617927
1.9493588689617927
1.9493588689617927
1.9493588689617927
1.9493588689617927
2.04939015319192
2.04939015319192
2.04939015319192
1.9493588689617927
1.9493588689617927
2.04939015319192
2.04939015319192
2.04939015319192
2.04939015319192
2.04939015319192
2.04939015319192
2.04939015319192
2.04939015319192
2.04939015319192
2.04939015319192
2.04939015319192
2.04939015319192
2.04939015319192
2.04939015319192
1.8973665961010275
2.04939015319192
2.04939015319192
2.04939015319192
2.04939015319192
2.04939015319192
2.04939015319192
2.04939015319192
2.04939015319192
2.04939015319192
2.04939015319192
2.04939015319192
2.04939015319192
2.04939015319192
2.04939015319192
2.04939015319192
2.04939015319192
2.04939015319192
2.04939015319192
2.04939015319192
2.04939015319192
2.04939015319192
2.04939015319192
2.04939015319192
2.04939015319192
2.04939015319192
2.04939015319192
2.04939015319192
2.04939015319192
1.8973665961010275
1.8973665961010275
1.8973665961010275
1.8973665961010275
1.8973665961010275
1.8973665961010275
2.04939015319192
1.8973665961010275
2.04939015319192
2.04939015319192
1.8973665961010275
1.8973665961010275
1.8973665961010275
1.8973665961010275
1.8973665961010275
1.8973665961010275
1.8973665961010275
1.8973665961010275
1.8973665961010275
1.8973665961010275
2.0
1.8973665961010275
1.8973665961010275
1.8973665961010275
1.8973665961010275
1.8973665961010275
1.8973665961010275
1.8973665961010275
2.04939015319192
2.0
2.0
1.8973665961010275
1.8973665961010275
1.8973665961010275
1.8973665961010275
1.8973665961010275
1.8973665961010275
1.8973665961010275
1.8973665961010275
1.8973665961010275
1.8973665961010275
1.8973665961010275
1.8973665961010275
1.8973665961010275
1.8973665961010275
1.8973665961010275
1.8973665961010275
1.8973665961010275
1.8973665961010275
1.8973665961010275
1.8973665961010275
1.8973665961010275
1.8973665961010275
1.8973665961010275
1.8973665961010275
1.8973665961010275
2.0
2.0
2.0
2.0
2.0
2.0
2.0
2.0
2.0
2.0
2.0
2.0
2.0
2.0
1.7320508075688772
2.0
2.0
2.0
2.0
2.0
2.0
2.0
1.7320508075688772
2.0
2.0
2.0
2.0
2.0
1.7320508075688772
2.0
2.1447610589527217
2.1447610589527217
2.1447610589527217
2.1447610589527217
2.1447610589527217
2.1447610589527217
2.1447610589527217
2.1447610589527217
2.0
1.7320508075688772
1.7320508075688772
2.0
2.0
2.04939015319192
2.04939015319192
2.04939015319192
2.04939015319192
2.04939015319192
2.0
2.0
2.0
2.0
2.0
2.0
1.7320508075688772
1.7320508075688772
1.7320508075688772
1.7320508075688772
1.7320508075688772
2.0
2.0
2.0
2.0
1.7320508075688772
1.7320508075688772
1.7320508075688772
1.7320508075688772
1.7320508075688772
1.7320508075688772
1.4832396974191326
1.7320508075688772
1.7320508075688772
1.7320508075688772
1.61245154965971
1.61245154965971
1.61245154965971
1.4832396974191326
1.61245154965971
1.61245154965971
1.61245154965971
1.61245154965971
1.61245154965971
1.61245154965971
1.61245154965971
1.7320508075688772
1.7320508075688772
1.7320508075688772
1.7320508075688772
1.7320508075688772
1.7320508075688772
1.61245154965971
1.61245154965971
1.61245154965971
1.61245154965971
1.61245154965971
1.61245154965971
1.61245154965971
1.7320508075688772
1.7888543819998317
1.7320508075688772
1.61245154965971
1.7888543819998317
1.7888543819998317
1.7888543819998317
2.04939015319192
1.7888543819998317
1.7888543819998317
1.7888543819998317
1.7888543819998317
1.7888543819998317
1.7888543819998317
1.7888543819998317
1.7888543819998317
2.04939015319192
2.04939015319192
2.04939015319192
2.04939015319192
2.1447610589527217
2.1447610589527217
2.1447610589527217
2.1447610589527217
2.04939015319192
2.04939015319192
2.1447610589527217
2.1447610589527217
2.0
2.0
2.04939015319192
2.04939015319192
2.04939015319192
2.04939015319192
2.04939015319192
2.04939015319192
2.04939015319192
2.04939015319192
1.7888543819998317
1.7888543819998317
1.7888543819998317
1.7888543819998317
1.7888543819998317
1.7888543819998317
1.7888543819998317
1.7888543819998317
2.04939015319192
1.7888543819998317
1.7888543819998317
1.7888543819998317
1.7888543819998317
1.61245154965971
1.61245154965971
1.61245154965971
1.61245154965971
1.61245154965971
1.61245154965971
1.4832396974191326
1.4832396974191326
1.3416407864998738
1.3416407864998738
1.3416407864998738
1.6733200530681511
1.6733200530681511
1.5491933384829668
1.3416407864998738
1.3416407864998738
1.5491933384829668
1.5491933384829668
1.4832396974191326
1.4832396974191326
1.4832396974191326
1.4832396974191326
1.4832396974191326
1.61245154965971
1.61245154965971
1.61245154965971
1.61245154965971
