1, 12.15894732285653
2, 17.150568503696896
3, 21.077998007400986
4, 24.39655713415317
5, 27.35722939188104
6, 30.040272968133962
7, 32.52642003049213
8, 34.85788289612552
9, 37.06391776377667
10, 39.17578333613764
15, 48.57408774233439
20, 56.53089420838839
25, 64.0304146480405
30, 71.00287318130162
35, 77.60365970751637
40, 78.37943607860419
45, 77.53699762049082
50, 76.71003845651494
55, 75.90134386162079
60, 75.11234252770979
65, 74.34263917833427
70, 73.59346438373451
75, 72.86606892100053
80, 72.15775772569434
85, 71.46937805801866
90, 70.80066383869575
95, 70.28588763044826
100, 71.24683852635147
150, 96.55083635059823
200, 98.0955962314313
250, 95.776040845297
300, 109.36762775154264
350, 113.68435248529148
400, 118.90041211030348
450, 120.44359675798461
500, 124.70264632316349
550, 126.90055949443249
600, 128.08155214549828
650, 127.09815104870724
700, 126.11332998537466
750, 125.02119020390104
800, 123.91660905625201
850, 122.09364438823178
900, 122.23569854997353
950, 121.89194395036942
1000, 121.38679499846761
1250, 115.28225362127512
1500, 111.26148480044655
1750, 104.09442828509123
2000, 100.98540488605272
2250, 95.89992700727149
2500, 90.7749524924139
2750, 90.07213775635616
3000, 88.74546748989493
3250, 90.0623783829852
3500, 89.0420799397678
3750, 87.80745981976702
4000, 87.29135123252475
4250, 87.2378816799216
4500, 87.17258743435347
4750, 85.7751362575426
5000, 84.47920454170955
5250, 83.43293114831818
5500, 82.79557959214972
5750, 81.55919322798626
6000, 81.41609177552064
6250, 81.39608098674039
6500, 78.94332144013197
6750, 78.52063423075491
7000, 77.51561133087966
7250, 77.06686707009699
7500, 76.14419216197648
7750, 76.32594578516535
8000, 77.0325126164271
8250, 75.94379500657048
8500, 75.0473050815284
8750, 75.00243996031062
9000, 75.12303242015727
9250, 73.83153797666685
9500, 73.12470170879331
9750, 72.41499844645445
10000, 72.67933681590662
11000, 69.95704396270615
12000, 67.27586491454421
13000, 65.30659997274395
14000, 64.75835081284885
15000, 62.87729319873749
16000, 61.7973300394119
17000, 61.17733240343191
18000, 61.27898497853893
19000, 60.09941763444967
20000, 59.853387539887834
21000, 59.10030456774314
22000, 57.395574742309186
23000, 57.07552890687917
24000, 56.824624943768875
25000, 56.28410077455267
26000, 54.850432997379336
27000, 54.86621911522609
28000, 54.216049284321706
29000, 54.067143442205264
30000, 53.434127671367484
31000, 53.73745434982941
32000, 52.78204240080143
33000, 52.35815122786518
34000, 52.33620161991124
35000, 52.10938495127341
36000, 51.47306091539535
37000, 51.4030543839566
38000, 51.12115022180154
39000, 51.12007433484423
40000, 50.32198326775287
41000, 50.179956157812654
42000, 50.11440910556564
43000, 49.54791620239947
44000, 49.203089333902604
45000, 48.8262019821325
46000, 48.65562660165831
47000, 48.3710657314887
48000, 48.34720260780349
49000, 47.908224763604004
50000, 47.64527258815926
51000, 47.45694891161883
52000, 47.267155615712696
53000, 46.99144603010212
54000, 46.56232382517007
55000, 46.2894372400443
56000, 45.850736090056394
57000, 45.6487239690224
58000, 45.41017507123266
59000, 45.32740892660863
60000, 44.77954890348941
61000, 44.48613267075483
62000, 44.332358385269785
63000, 44.09643976558652
64000, 44.09462552284575
65000, 44.19604054663721
66000, 43.93144659580424
67000, 43.81335412862156
68000, 43.640073327161126
69000, 43.76585427019562
70000, 43.5073786845404
71000, 43.35661425895707
72000, 43.69711660968032
73000, 43.347918058425826
74000, 42.743467337126496
75000, 42.442172423192474
76000, 42.38077394290954
77000, 42.48519742216105
78000, 42.12037511703807
79000, 42.10802773818788
80000, 41.98192468193901
81000, 41.810309733366005
82000, 41.888160618485024
83000, 41.773699860079425
84000, 41.56914721280676
85000, 41.48749209099051
86000, 41.28108525705205
87000, 41.40309167199957
88000, 41.20162618149919
89000, 41.12057878970091
90000, 40.991486921066915
91000, 40.846248297732316
92000, 40.74800608618783
93000, 40.278579915384306
94000, 40.04921971774232
95000, 39.929387673742255
96000, 39.74820750675431
97000, 39.69168678703388
98000, 39.33636993928138
99000, 39.10897595181955
100000, 38.7791954532324
101000, 38.605983992122255
102000, 38.402525958587674
103000, 38.482021776408786
104000, 38.46928645036193
105000, 38.563557927141524
106000, 38.40705664327846
107000, 38.287987672375785
108000, 38.18683019052511
109000, 38.18984158123728
