1, 22.26993488989135
2, 22.30246623133863
3, 22.1054291973714
4, 22.128036514792722
5, 21.641395518773738
6, 21.490695661146013
7, 21.219095173922945
8, 20.558453249211137
9, 20.168044030098706
10, 20.062402647738878
15, 19.883410170290208
20, 19.426785632214095
25, 19.67993902429578
30, 19.56016359849784
35, 19.103664569919562
40, 18.854707634964804
45, 18.91163662933486
50, 19.345542122153102
55, 19.524343778985248
60, 18.956529218187598
65, 18.62256695517565
70, 18.090052515125542
75, 18.143869488066763
80, 18.08175876401408
85, 17.561321134812154
90, 17.822738285684384
95, 17.52141546793523
100, 16.63430190900718
150, 16.798809481626964
200, 16.685322891691367
250, 16.831518053936787
300, 16.095030288881098
350, 15.46770829825802
400, 14.976648490233053
450, 14.565369888883701
500, 15.049916943292411
550, 14.948244044034068
600, 14.998333240730451
650, 16.14930339054908
700, 15.329709716755891
750, 14.717336715588184
800, 15.149257407543116
850, 14.24605208470052
900, 13.475904422338413
950, 12.674778104566565
1000, 12.365273955719704
1250, 12.275992831539126
1500, 12.097520407091695
1750, 10.938464243210744
2000, 11.122050170719426
2250, 10.869682608061746
2500, 10.331989159885913
2750, 10.5
3000, 11.764352935882194
3250, 11.333578428722324
3500, 10.0772019926168
3750, 10.781929326423912
4000, 10.057335631269348
4250, 9.625487000666512
4500, 9.664367542679656
4750, 9.388823142439099
5000, 10.114346246792227
5250, 9.825985955617888
5500, 9.544631999192006
5750, 9.10494371207203
6000, 9.404786015641186
6250, 8.723531395025756
6500, 7.392563831310488
6750, 7.042726744663604
7000, 7.372245248226622
7250, 8.674675786448736
7500, 8.402380615040002
7750, 9.013878188659973
8000, 8.689073598491383
8250, 7.959271323431562
8500, 7.816648898345122
8750, 7.7168646482881895
9000, 8.00312438988674
9250, 7.566372975210778
9500, 7.638717169787085
9750, 7.463243262818116
10000, 6.985699678629192
11000, 7.235329985563893
12000, 7.334848328356899
13000, 6.591661399070799
14000, 5.974947698515862
15000, 6.312685640834652
16000, 5.9833101206606365
17000, 6.23698645180507
18000, 5.886425061104575
19000, 5.718391382198319
20000, 5.128352561983234
21000, 4.857983120596447
22000, 4.883646178829912
23000, 4.909175083453431
24000, 4.165333119931706
25000, 4.868264577855234
26000, 4.4777226354476225
27000, 4.811444689487764
28000, 4.54972526643093
29000, 4.266145801540309
30000, 4.266145801540309
31000, 4.588027898781785
32000, 4.759201613716317
33000, 5.2583267300539625
34000, 4.301162633521313
35000, 4.012480529547776
36000, 3.9937451095431715
37000, 3.840572873934304
38000, 3.840572873934304
39000, 4.571651780264984
40000, 4.092676385936225
41000, 4.444097208657794
42000, 4.110960958218893
43000, 4.695742752749559
44000, 4.398863489584555
45000, 4.466542286825459
46000, 4.6475800154489
47000, 4.69041575982343
48000, 4.909175083453431
49000, 5.049752469181039
50000, 4.914264950122246
51000, 4.832183771339828
52000, 5.034878350069642
53000, 4.759201613716317
54000, 4.711687595755898
55000, 4.904079934095692
56000, 5.0
57000, 4.811444689487764
58000, 4.8373546489791295
59000, 4.318564576337836
60000, 4.4328320518603
61000, 4.283689998120779
62000, 4.09878030638384
63000, 3.788139384975162
64000, 3.6124783736376886
65000, 3.892300091205713
66000, 4.330127018922194
67000, 4.224926034855522
68000, 4.230839160261236
69000, 4.224926034855522
70000, 3.847076812334269
71000, 4.183300132670378
72000, 4.05585995813465
73000, 3.478505426185217
74000, 3.478505426185217
75000, 3.3166247903554
76000, 3.361547262794322
77000, 3.8144462245521304
78000, 3.442382895611701
79000, 3.4713109915419564
80000, 3.2939338184001206
81000, 3.5496478698597698
82000, 3.420526275297414
83000, 3.3763886032268267
84000, 3.521363372331802
85000, 3.6945906403822333
86000, 3.5777087639996634
87000, 3.5071355833500366
88000, 3.626292872893749
89000, 3.3466401061363023
90000, 3.4351128074635335
91000, 3.591656999213594
92000, 3.9749213828703582
93000, 3.4351128074635335
94000, 3.2939338184001206
95000, 3.1859064644147983
96000, 2.958039891549808
97000, 3.0659419433511785
98000, 3.24037034920393
99000, 3.0083217912982647
100000, 3.2326459750489227
