3.605551275463989
4.2895221179054435
4.47213595499958
2.932575659723036
3.3466401061363023
1.7888543819998317
1.4142135623730951
1.7888543819998317
2.3664319132398464
2.3664319132398464
2.569046515733026
2.6076809620810595
2.6076809620810595
2.8284271247461903
2.569046515733026
2.32379000772445
1.7888543819998317
1.4142135623730951
1.4142135623730951
1.4142135623730951
1.4142135623730951
1.2649110640673518
0.8944271909999159
0.4472135954999579
0.0
0.0
1.0954451150103321
0.7745966692414834
1.1832159566199232
0.6324555320336759
0.6324555320336759
0.6324555320336759
0.6324555320336759
0.7745966692414834
0.4472135954999579
0.7745966692414834
0.4472135954999579
0.4472135954999579
0.6324555320336759
1.0954451150103321
1.3416407864998738
1.3416407864998738
0.8944271909999159
0.8944271909999159
1.4142135623730951
1.4142135623730951
1.4142135623730951
1.3416407864998738
1.3416407864998738
1.3416407864998738
1.3416407864998738
0.8944271909999159
0.0
1.2649110640673518
1.0954451150103321
1.1832159566199232
1.1832159566199232
1.1832159566199232
1.1832159566199232
0.8944271909999159
1.0
0.8944271909999159
0.8944271909999159
0.8944271909999159
0.8944271909999159
0.8944271909999159
1.3416407864998738
0.8944271909999159
0.8944271909999159
1.0
1.0
0.8944271909999159
0.8944271909999159
0.8944271909999159
1.0
1.1832159566199232
1.1832159566199232
1.0
1.1832159566199232
1.0
1.1832159566199232
1.1832159566199232
1.1832159566199232
1.0954451150103321
1.0954451150103321
1.0
1.0
1.0954451150103321
1.4142135623730951
1.0954451150103321
1.0954451150103321
1.0954451150103321
1.0954451150103321
1.0
1.0
1.0
1.0
1.0954451150103321
1.4142135623730951
1.0
0.8944271909999159
1.4142135623730951
0.8944271909999159
0.8944271909999159
1.0
1.0
1.0
1.0954451150103321
1.0954451150103321
1.0954451150103321
1.0954451150103321
1.0954451150103321
1.0954451150103321
1.0
1.0
1.0
1.0
1.0
1.0
1.0
1.0
0.7745966692414834
0.7745966692414834
0.7745966692414834
0.7745966692414834
1.0
0.7745966692414834
0.7745966692414834
0.7745966692414834
0.7745966692414834
0.8944271909999159
0.6324555320336759
0.6324555320336759
0.6324555320336759
0.6324555320336759
0.6324555320336759
0.7745966692414834
0.7745966692414834
0.7745966692414834
0.7745966692414834
1.0
1.0
0.8944271909999159
1.1832159566199232
1.0
1.1832159566199232
1.0
1.0
1.0
1.0
1.0
1.0
1.0
1.0
1.0
1.0
1.0
1.1832159566199232
1.1832159566199232
1.1832159566199232
1.1832159566199232
1.1832159566199232
1.0954451150103321
0.8944271909999159
0.8944271909999159
1.1832159566199232
1.1832159566199232
1.1832159566199232
0.7745966692414834
1.0954451150103321
1.0954451150103321
1.1832159566199232
1.1832159566199232
1.0
1.0
1.0
1.0
1.0
0.8944271909999159
0.8944271909999159
0.8944271909999159
0.8944271909999159
0.8944271909999159
0.8944271909999159
0.8944271909999159
1.0
0.8944271909999159
0.8944271909999159
0.8944271909999159
0.8944271909999159
0.8944271909999159
0.8944271909999159
0.8944271909999159
0.8944271909999159
0.8944271909999159
0.8944271909999159
0.8944271909999159
0.8944271909999159
0.8944271909999159
0.8944271909999159
0.8944271909999159
0.8944271909999159
1.0954451150103321
0.8944271909999159
0.8944271909999159
0.8944271909999159
0.7745966692414834
0.8944271909999159
0.8944271909999159
0.8944271909999159
0.7745966692414834
1.0954451150103321
1.0954451150103321
0.8944271909999159
1.0954451150103321
1.0954451150103321
0.8944271909999159
0.8944271909999159
0.8944271909999159
0.8944271909999159
0.8944271909999159
0.8944271909999159
0.8944271909999159
0.8944271909999159
0.8944271909999159
0.8944271909999159
1.1832159566199232
0.8944271909999159
0.8944271909999159
0.8944271909999159
0.8944271909999159
1.0
0.8944271909999159
0.8944271909999159
0.8944271909999159
0.8944271909999159
0.8944271909999159
0.8944271909999159
0.8944271909999159
0.8944271909999159
0.8944271909999159
0.8944271909999159
0.8944271909999159
0.8944271909999159
0.8944271909999159
0.8944271909999159
0.8944271909999159
0.8944271909999159
0.8944271909999159
0.8944271909999159
0.8944271909999159
0.8944271909999159
0.8944271909999159
0.8944271909999159
0.8944271909999159
0.8944271909999159
0.8944271909999159
0.8944271909999159
0.8944271909999159
0.8944271909999159
0.8944271909999159
0.8944271909999159
0.8944271909999159
0.8944271909999159
0.8944271909999159
0.8944271909999159
0.8944271909999159
0.8944271909999159
0.8944271909999159
0.6324555320336759
0.6324555320336759
0.6324555320336759
0.6324555320336759
0.6324555320336759
0.6324555320336759
0.6324555320336759
0.6324555320336759
0.8944271909999159
0.8944271909999159
0.8944271909999159
1.0
0.7745966692414834
0.7745966692414834
0.6324555320336759
0.7745966692414834
0.6324555320336759
0.6324555320336759
0.6324555320336759
0.6324555320336759
0.6324555320336759
0.6324555320336759
0.8944271909999159
0.8944271909999159
0.8944271909999159
0.8944271909999159
0.8944271909999159
0.8944271909999159
0.8944271909999159
0.8944271909999159
0.8944271909999159
0.8944271909999159
0.8944271909999159
0.8944271909999159
0.8944271909999159
0.6324555320336759
0.6324555320336759
0.6324555320336759
0.6324555320336759
0.6324555320336759
0.6324555320336759
0.6324555320336759
0.6324555320336759
0.6324555320336759
0.6324555320336759
0.6324555320336759
0.6324555320336759
0.6324555320336759
0.6324555320336759
0.6324555320336759
0.6324555320336759
0.6324555320336759
0.6324555320336759
0.6324555320336759
0.6324555320336759
0.6324555320336759
0.8944271909999159
0.6324555320336759
0.8944271909999159
0.6324555320336759
0.8944271909999159
0.8944271909999159
0.8944271909999159
0.8944271909999159
0.8944271909999159
0.6324555320336759
0.6324555320336759
0.6324555320336759
0.6324555320336759
0.6324555320336759
0.6324555320336759
0.6324555320336759
0.6324555320336759
0.6324555320336759
0.6324555320336759
0.6324555320336759
0.8944271909999159
0.8944271909999159
0.6324555320336759
0.6324555320336759
0.6324555320336759
0.6324555320336759
0.8944271909999159
0.8944271909999159
0.8944271909999159
0.8944271909999159
0.8944271909999159
0.8944271909999159
0.8944271909999159
0.8944271909999159
0.8944271909999159
0.8944271909999159
0.8944271909999159
0.8944271909999159
0.8944271909999159
0.8944271909999159
0.8944271909999159
0.8944271909999159
0.8944271909999159
0.8944271909999159
0.8944271909999159
0.8944271909999159
0.8944271909999159
0.8944271909999159
0.8944271909999159
0.8944271909999159
0.8944271909999159
0.8944271909999159
0.6324555320336759
0.8944271909999159
0.8944271909999159
0.8944271909999159
0.8944271909999159
0.8944271909999159
0.8944271909999159
0.8944271909999159
0.8944271909999159
0.8944271909999159
0.8944271909999159
0.8944271909999159
0.8944271909999159
0.8944271909999159
0.8944271909999159
0.8944271909999159
0.8944271909999159
0.8944271909999159
0.8944271909999159
0.8944271909999159
0.8944271909999159
0.8944271909999159
0.8944271909999159
