1, 28.635642126552707
2, 28.569914245583586
3, 27.962832474554503
4, 27.220580449358533
5, 26.6172876153826
6, 26.032287644385
7, 25.499019588995967
8, 25.465270467835207
9, 24.69655846469301
10, 24.298971171636055
15, 22.87618849371547
20, 22.55925530685798
25, 21.30352083576797
30, 20.28989896475584
35, 17.44935528894979
40, 16.074825037928093
45, 15.312739794040777
50, 16.198765385053267
55, 15.840454538932903
60, 14.915763473587264
65, 14.627371602581238
70, 14.221111067704943
75, 14.70102037274964
80, 14.1718029904455
85, 13.8737161568197
90, 14.44852933692561
95, 14.338758663147937
100, 14.2828568570857
150, 10.943491216243562
200, 10.656453443805777
250, 9.16951470907812
300, 9.086253353280437
350, 8.478207357690657
400, 7.874007874011811
450, 7.626270385975047
500, 7.58946638440411
550, 6.9656299069072
600, 6.723094525588644
650, 6.636264009214823
700, 6.714164132637808
750, 6.180614856144977
800, 6.1838499334961226
850, 6.302380502635492
900, 5.830951894845301
950, 5.610704055642215
1000, 5.71314274283428
1250, 5.317894320123332
1500, 5.203844732503075
1750, 4.724404724407087
2000, 4.303486958270002
2250, 4.298837052040936
2500, 3.676955262170047
2750, 3.9749213828703582
3000, 4.079215610874228
3250, 3.2310988842807022
3500, 3.046309242345563
3750, 2.842534080710379
4000, 3.0397368307141326
4250, 2.23606797749979
4500, 2.553429066960741
4750, 2.6758176320519302
5000, 2.749545416973504
5250, 2.592296279363144
5500, 2.4738633753705965
5750, 2.6
6000, 2.3664319132398464
6250, 2.253885533916929
6500, 2.227105745132009
6750, 2.3832750575625967
7000, 2.4
7250, 2.3664319132398464
7500, 2.181742422927143
7750, 2.3748684174075834
8000, 2.1166010488516727
8250, 2.2181073012818833
8500, 2.3323807579381204
8750, 2.340939982143925
9000, 2.3065125189341593
9250, 2.4166091947189146
9500, 2.1633307652783933
9750, 2.1540659228538015
10000, 2.23606797749979
11000, 2.4083189157584592
12000, 2.227105745132009
13000, 2.1166010488516727
14000, 2.253885533916929
15000, 2.1447610589527217
16000, 2.0591260281974
17000, 2.06881608655772
18000, 2.039607805437114
19000, 2.0591260281974
20000, 2.4
21000, 2.2715633383201093
22000, 2.2978250586152114
23000, 2.1908902300206643
24000, 2.1166010488516727
25000, 1.8867962264113207
26000, 1.6370705543744901
27000, 1.9493588689617927
28000, 1.876166303929372
29000, 1.8867962264113207
30000, 1.8973665961010275
31000, 1.9183326093250879
32000, 1.833030277982336
33000, 1.7888543819998317
34000, 1.8
35000, 1.7549928774784245
36000, 1.9287301521985911
37000, 1.9493588689617927
38000, 1.8547236990991407
39000, 1.8439088914585775
40000, 1.697056274847714
41000, 1.5748015748023623
42000, 1.61245154965971
43000, 1.6492422502470643
44000, 1.6370705543744901
45000, 1.3711309200802089
46000, 1.5362291495737217
47000, 1.6370705543744901
48000, 1.6370705543744901
49000, 1.3856406460551018
50000, 1.5362291495737217
51000, 1.469693845669907
52000, 1.4422205101855958
53000, 1.4966629547095767
54000, 1.6
55000, 1.3266499161421599
56000, 1.2806248474865698
57000, 1.3711309200802089
58000, 1.469693845669907
59000, 1.2165525060596438
60000, 1.3564659966250536
61000, 1.4560219778561037
62000, 1.3856406460551018
63000, 1.3114877048604001
64000, 1.42828568570857
65000, 1.469693845669907
66000, 1.5231546211727816
67000, 1.6370705543744901
68000, 1.6
69000, 1.4560219778561037
70000, 1.4
71000, 1.4
72000, 1.5231546211727816
73000, 1.5099668870541498
74000, 1.4422205101855958
75000, 1.4142135623730951
76000, 1.3856406460551018
77000, 1.3416407864998738
78000, 1.5620499351813308
79000, 1.3266499161421599
80000, 1.3416407864998738
81000, 1.2489995996796797
82000, 1.3266499161421599
83000, 1.2489995996796797
84000, 1.4966629547095767
85000, 1.4142135623730951
86000, 1.4142135623730951
87000, 1.2489995996796797
88000, 1.2489995996796797
89000, 1.3416407864998738
90000, 1.469693845669907
91000, 1.3711309200802089
92000, 1.3564659966250536
93000, 1.3266499161421599
94000, 1.2165525060596438
95000, 1.131370849898476
96000, 1.3114877048604001
97000, 1.4
98000, 1.3266499161421599
99000, 1.1489125293076057
100000, 1.2
