2.932575659723036
3.4641016151377544
4.427188724235731
4.427188724235731
3.9496835316262997
3.7682887362833544
3.714835124201342
3.6606010435446255
3.7416573867739413
3.7682887362833544
3.521363372331802
3.40587727318528
3.286335345030997
3.286335345030997
3.3466401061363023
3.1304951684997055
3.1622776601683795
3.1937438845342623
3.3466401061363023
3.1622776601683795
3.40587727318528
3.1622776601683795
3.22490309931942
3.255764119219941
3.1304951684997055
3.1304951684997055
3.1304951684997055
3.1622776601683795
3.1937438845342623
3.286335345030997
3.40587727318528
3.1622776601683795
2.9664793948382653
3.286335345030997
3.3466401061363023
3.3466401061363023
3.3466401061363023
3.1304951684997055
3.1304951684997055
3.0983866769659336
3.1622776601683795
3.1622776601683795
3.0983866769659336
3.0983866769659336
2.898275349237888
2.756809750418044
2.898275349237888
2.756809750418044
2.9664793948382653
2.898275349237888
2.898275349237888
2.6076809620810595
2.8284271247461903
2.6076809620810595
2.6076809620810595
2.6832815729997477
2.32379000772445
2.4083189157584592
2.4083189157584592
2.4083189157584592
2.4083189157584592
2.4083189157584592
2.4899799195977463
2.4899799195977463
2.4899799195977463
2.4083189157584592
2.4083189157584592
2.4083189157584592
2.4083189157584592
2.4083189157584592
2.4083189157584592
2.4083189157584592
2.4899799195977463
2.756809750418044
2.4083189157584592
2.4083189157584592
2.4083189157584592
2.32379000772445
2.23606797749979
2.32379000772445
2.32379000772445
2.4899799195977463
2.32379000772445
2.32379000772445
2.4083189157584592
2.6832815729997477
2.32379000772445
2.1908902300206643
2.4899799195977463
2.4899799195977463
2.6076809620810595
2.0976176963403033
2.6076809620810595
2.6076809620810595
2.6076809620810595
2.32379000772445
2.6076809620810595
2.6076809620810595
2.6076809620810595
2.6076809620810595
2.6076809620810595
2.6076809620810595
2.6076809620810595
2.6076809620810595
2.6076809620810595
2.6076809620810595
2.6076809620810595
2.6076809620810595
2.6076809620810595
2.6076809620810595
2.6076809620810595
2.6076809620810595
2.4083189157584592
2.4899799195977463
2.4899799195977463
2.4899799195977463
2.1908902300206643
2.4899799195977463
2.4899799195977463
2.4899799195977463
2.4899799195977463
2.4899799195977463
2.4899799195977463
2.4899799195977463
2.4899799195977463
2.1908902300206643
2.1908902300206643
2.1908902300206643
2.1908902300206643
2.1908902300206643
2.0976176963403033
2.1908902300206643
2.1908902300206643
2.1908902300206643
2.1908902300206643
2.0976176963403033
2.0976176963403033
2.0976176963403033
2.0976176963403033
2.0976176963403033
2.0976176963403033
2.32379000772445
2.32379000772445
2.0976176963403033
2.0976176963403033
2.0976176963403033
2.0976176963403033
2.0976176963403033
2.0976176963403033
2.32379000772445
2.32379000772445
2.32379000772445
2.32379000772445
2.32379000772445
2.0976176963403033
2.0976176963403033
2.0976176963403033
2.0976176963403033
2.0976176963403033
2.0976176963403033
2.0976176963403033
2.0976176963403033
2.32379000772445
2.0976176963403033
2.0976176963403033
2.0976176963403033
2.0976176963403033
2.32379000772445
2.32379000772445
2.32379000772445
2.32379000772445
2.32379000772445
2.32379000772445
2.0976176963403033
2.0976176963403033
2.0976176963403033
2.0976176963403033
2.32379000772445
2.32379000772445
2.32379000772445
2.0976176963403033
2.0976176963403033
2.0
2.0
2.0
2.0
2.0
2.0
2.0
2.0
2.0
2.0
2.0
2.0
2.0
2.0
2.0
2.0
2.0
1.7320508075688772
2.0
2.0976176963403033
2.0
2.0976176963403033
2.0976176963403033
2.0
2.0
2.0
2.1908902300206643
2.1908902300206643
2.1908902300206643
2.1908902300206643
2.1908902300206643
2.1908902300206643
2.1908902300206643
2.1908902300206643
2.1908902300206643
2.0976176963403033
2.1908902300206643
2.1908902300206643
2.1908902300206643
2.1908902300206643
2.1908902300206643
2.1908902300206643
2.1908902300206643
2.1908902300206643
2.1908902300206643
2.0976176963403033
2.0976176963403033
2.1908902300206643
2.0976176963403033
2.0976176963403033
2.0976176963403033
2.0976176963403033
2.0976176963403033
2.0976176963403033
2.0976176963403033
2.0976176963403033
2.0976176963403033
2.0976176963403033
2.0976176963403033
2.0976176963403033
2.0976176963403033
2.0976176963403033
2.0976176963403033
2.0976176963403033
2.0976176963403033
2.0976176963403033
2.0976176963403033
2.0976176963403033
2.0976176963403033
2.0976176963403033
1.9493588689617927
1.8439088914585775
1.9493588689617927
2.0976176963403033
1.9493588689617927
1.9493588689617927
1.9493588689617927
1.9493588689617927
1.9493588689617927
1.9493588689617927
1.9493588689617927
1.9493588689617927
1.9493588689617927
1.9493588689617927
1.5491933384829668
1.9493588689617927
1.8439088914585775
1.8439088914585775
1.8439088914585775
1.8439088914585775
1.8439088914585775
1.8439088914585775
1.8439088914585775
1.8439088914585775
1.8439088914585775
1.8439088914585775
1.8439088914585775
2.0
1.7320508075688772
2.0
2.0
1.7320508075688772
1.7320508075688772
1.7320508075688772
1.7320508075688772
1.7320508075688772
1.7320508075688772
1.7320508075688772
1.5491933384829668
1.5491933384829668
1.5491933384829668
1.5491933384829668
1.5491933384829668
1.5491933384829668
1.5491933384829668
1.5491933384829668
1.5491933384829668
1.5491933384829668
1.5491933384829668
1.5491933384829668
1.5491933384829668
1.5491933384829668
1.5491933384829668
1.5491933384829668
1.5491933384829668
1.5491933384829668
1.5491933384829668
1.5491933384829668
1.5491933384829668
1.5491933384829668
1.5491933384829668
1.5491933384829668
1.5491933384829668
1.5491933384829668
1.8439088914585775
1.8439088914585775
1.8439088914585775
1.5491933384829668
1.5491933384829668
1.5491933384829668
1.5491933384829668
1.5491933384829668
1.5491933384829668
1.8439088914585775
1.8439088914585775
1.8439088914585775
1.8439088914585775
1.8439088914585775
1.8439088914585775
1.8439088914585775
1.8439088914585775
1.8439088914585775
1.8439088914585775
1.8439088914585775
1.8439088914585775
1.8439088914585775
1.8439088914585775
1.8439088914585775
1.8439088914585775
1.8439088914585775
1.8439088914585775
1.8439088914585775
1.8439088914585775
1.8439088914585775
1.8439088914585775
1.8439088914585775
1.8439088914585775
1.8439088914585775
1.8439088914585775
1.8439088914585775
1.8439088914585775
1.8439088914585775
1.8439088914585775
1.5491933384829668
1.5491933384829668
1.5491933384829668
1.8439088914585775
1.8439088914585775
1.8439088914585775
1.8439088914585775
1.8439088914585775
1.8439088914585775
1.8439088914585775
1.8439088914585775
1.8439088914585775
1.8439088914585775
1.8439088914585775
1.8439088914585775
1.8439088914585775
1.8439088914585775
1.9493588689617927
1.9493588689617927
1.8439088914585775
1.8439088914585775
1.9493588689617927
1.9493588689617927
1.9493588689617927
1.6733200530681511
1.6733200530681511
1.6733200530681511
1.6733200530681511
1.6733200530681511
1.6733200530681511
1.6733200530681511
1.6733200530681511
1.6733200530681511
1.6733200530681511
1.6733200530681511
1.6733200530681511
1.6733200530681511
1.6733200530681511
1.6733200530681511
1.6733200530681511
1.4832396974191326
1.4832396974191326
1.6733200530681511
1.6733200530681511
1.6733200530681511
