1, 16.860209567697154
2, 16.21316337630219
3, 15.997916531015322
4, 15.98541001455181
5, 15.646085772486357
6, 14.88399587924336
7, 13.969013327122761
8, 13.30162897292408
9, 13.30162897292408
10, 12.347739334253323
15, 11.801129889407484
20, 10.825894882179487
25, 8.87693640846886
30, 8.729261137118078
35, 8.148619514985345
40, 8.217866714259445
45, 8.201625855076948
50, 8.04155872120988
55, 7.108680140035373
60, 7.136759301905405
65, 7.094598884597588
70, 7.122733557654206
75, 7.0379921379135775
80, 7.05691150575094
85, 7.009517339541527
90, 6.937819061732104
95, 6.96658692139367
100, 6.933012813104175
150, 5.876506898943736
200, 5.8423739467217715
250, 4.389381125701739
300, 4.273952113286562
350, 4.171330722922842
400, 4.179314138308661
450, 3.4253953543107007
500, 2.886751345948129
550, 2.840187787218772
600, 2.816617356570348
650, 2.816617356570348
700, 2.804757862395017
750, 2.804757862395017
800, 2.6583202716502514
850, 2.6583202716502514
900, 2.6708300832013507
950, 2.6331223544175333
1000, 2.6331223544175333
1250, 2.6331223544175333
1500, 2.594866727470475
1750, 2.449489742783178
2000, 1.879716290649558
2250, 1.8257418583505538
2500, 1.8257418583505538
2750, 1.8618986725025255
3000, 1.8618986725025255
3250, 1.8618986725025255
3500, 1.8439088914585775
3750, 1.8439088914585775
4000, 1.8073922282301278
4250, 1.8073922282301278
4500, 1.4375905768565218
4750, 1.4375905768565218
5000, 1.4142135623730951
5250, 1.4142135623730951
5500, 1.4142135623730951
5750, 1.4375905768565218
6000, 1.4375905768565218
6250, 1.4375905768565218
6500, 1.4375905768565218
6750, 1.1832159566199232
7000, 1.1832159566199232
7250, 1.1832159566199232
7500, 1.1832159566199232
7750, 1.1832159566199232
8000, 1.1832159566199232
8250, 1.1832159566199232
8500, 1.2110601416389966
8750, 1.2110601416389966
9000, 1.2110601416389966
9250, 1.2110601416389966
9500, 1.2110601416389966
9750, 1.2110601416389966
10000, 1.2110601416389966
11000, 1.1832159566199232
12000, 1.1547005383792515
13000, 1.1547005383792515
14000, 1.5275252316519468
15000, 1.4375905768565218
16000, 1.4375905768565218
17000, 1.505545305418162
18000, 1.505545305418162
19000, 1.505545305418162
20000, 1.505545305418162
21000, 0.8563488385776752
22000, 0.8563488385776752
23000, 1.2110601416389966
24000, 1.4832396974191326
25000, 1.4832396974191326
26000, 1.4832396974191326
27000, 1.4832396974191326
28000, 1.1832159566199232
29000, 1.3165611772087666
30000, 1.3165611772087666
31000, 1.3165611772087666
32000, 1.1832159566199232
33000, 1.1832159566199232
34000, 1.3165611772087666
35000, 1.3165611772087666
36000, 0.9309493362512627
37000, 0.9309493362512627
38000, 0.9309493362512627
39000, 0.9309493362512627
40000, 0.9309493362512627
41000, 0.8563488385776752
42000, 0.816496580927726
43000, 0.8563488385776752
44000, 0.8563488385776752
45000, 0.8563488385776752
46000, 0.8563488385776752
47000, 0.6831300510639732
48000, 0.6831300510639732
49000, 0.6324555320336759
50000, 0.6831300510639732
51000, 0.8563488385776752
52000, 0.8563488385776752
53000, 0.7302967433402214
54000, 0.7302967433402214
55000, 0.7302967433402214
56000, 0.8563488385776752
57000, 0.8563488385776752
58000, 0.8563488385776752
59000, 0.8563488385776752
60000, 0.8563488385776752
61000, 0.8563488385776752
62000, 0.7302967433402214
63000, 0.7302967433402214
64000, 0.7302967433402214
65000, 0.7302967433402214
66000, 0.7302967433402214
67000, 0.7302967433402214
68000, 0.816496580927726
69000, 0.7302967433402214
70000, 0.7302967433402214
71000, 0.7302967433402214
72000, 0.7302967433402214
73000, 0.7302967433402214
74000, 0.7302967433402214
75000, 0.7302967433402214
76000, 0.7302967433402214
77000, 0.7302967433402214
78000, 0.6831300510639732
79000, 0.7302967433402214
80000, 0.7302967433402214
81000, 0.7302967433402214
82000, 0.7302967433402214
83000, 0.7302967433402214
84000, 0.7302967433402214
85000, 0.7302967433402214
86000, 0.7302967433402214
87000, 0.7302967433402214
88000, 0.7302967433402214
89000, 0.816496580927726
90000, 0.816496580927726
91000, 0.816496580927726
92000, 0.816496580927726
93000, 0.816496580927726
94000, 0.816496580927726
95000, 0.816496580927726
96000, 0.7302967433402214
97000, 0.8563488385776752
98000, 0.8563488385776752
99000, 0.8563488385776752
100000, 0.8563488385776752
