1, 4.985097792420927
2, 6.162077571728548
3, 7.905871235986582
4, 9.359230737619413
5, 10.622052532349857
6, 11.761887603611932
7, 12.806123535246723
8, 13.776516250489454
9, 14.687709147447059
10, 15.554652037252392
15, 26.310036107918968
20, 34.037308941806785
25, 35.414680571762894
30, 37.351610407049385
35, 39.251736267329626
40, 40.91323013402877
45, 42.73525944697189
50, 48.076031450193554
55, 49.70113479589777
60, 50.69474923500461
65, 57.353280638512736
70, 91.42988351737084
75, 133.51505832676702
80, 150.64031200180116
85, 179.51754677468162
90, 181.8124770195929
95, 187.7425407306506
100, 190.0282021174752
150, 222.82761408766194
200, 242.0807625566311
250, 238.56375751567967
300, 346.7958857887446
350, 367.4872776029124
400, 416.2804607473187
450, 448.12614295530676
500, 459.935107596713
550, 457.8821730532867
600, 453.0137136997069
650, 497.03625742997866
700, 494.307807747359
750, 542.2076473086672
800, 560.7485657583085
850, 553.80485768906
900, 544.1400091888116
950, 536.062290037268
1000, 535.6851817999076
1250, 567.3145797527153
1500, 573.2609409335333
1750, 576.2604685383164
2000, 593.1241947518243
2250, 600.4874663138274
2500, 598.7169387949534
2750, 594.2210763680467
3000, 592.8067890974258
3250, 592.490793177413
