1, 576.6918483904554
2, 576.3184241372126
3, 575.6427659581939
4, 575.531549091794
5, 575.445455277909
6, 575.3744589395675
7, 575.1712458042388
8, 574.4932636680782
9, 574.3536175562925
10, 574.0347428509881
15, 571.4904146177781
20, 569.7383504732677
25, 568.5950122890632
30, 567.1084887391477
35, 565.5323332931549
40, 563.7538487673498
45, 562.4659563031348
50, 561.808143408406
55, 560.4515661500109
60, 559.6850417868965
65, 559.2382587055359
70, 558.3971740616172
75, 557.8091788416538
80, 556.467526455947
85, 555.8187924134987
90, 554.7116205741503
95, 552.5060307363169
100, 551.9931340152701
150, 540.2823243453371
200, 531.5807069486251
250, 522.5463386150552
300, 516.0469048448988
350, 510.609747263015
400, 504.56903392895606
450, 500.10731648317244
500, 495.9522134238338
550, 490.05770272489343
600, 485.4430430029871
650, 482.57709228681796
700, 479.42295731431136
750, 477.85629639045254
800, 471.41868015597345
850, 467.8084073635274
900, 467.30096939766776
950, 465.0830248461021
1000, 464.2106138381586
1250, 456.5106044770483
1500, 449.0951324608184
1750, 443.375565407026
2000, 444.7520432780495
2250, 443.4683551280745
