1, 17.046993869888027
2, 16.41747036949765
3, 15.658863304850707
4, 14.805404418657398
5, 14.658330964563008
6, 14.191546779685433
7, 14.334108506170402
8, 13.61616686149226
9, 13.376596477928656
10, 13.389050252600693
15, 12.788015222595465
20, 11.018166816671457
25, 9.598611010627181
30, 9.4798030921885
35, 9.241212041718338
40, 9.092121131323903
45, 9.402127418834526
50, 8.17720408615724
55, 8.087026647662292
60, 7.920437698343024
65, 7.9833159359587755
70, 7.637626158259733
75, 7.505553499465135
80, 7.411702458499891
85, 7.146094504459528
90, 7.211102550927978
95, 6.526867548832288
100, 6.418722614352485
150, 5.66274374015518
200, 5.495452665613635
250, 4.823553323709262
300, 5.208966628164681
350, 5.228129047119374
400, 4.351245032554859
450, 3.777124126457412
500, 3.9749213828703582
550, 4.179314138308661
600, 3.777124126457412
650, 3.366501646120693
700, 3.1091263510296048
750, 3.22490309931942
800, 3.03315017762062
850, 3.3466401061363023
900, 2.9552213679068666
950, 2.898275349237888
1000, 2.7688746209726918
1250, 3.0550504633038935
1500, 2.503331114069145
1750, 2.0330600909302543
2000, 1.9321835661585918
2250, 2.0
2500, 1.6532795690182993
2750, 1.61245154965971
3000, 1.632993161855452
3250, 1.4832396974191326
3500, 1.4142135623730951
3750, 1.2110601416389966
4000, 1.3165611772087666
4250, 1.3662601021279464
4500, 1.2909944487358056
4750, 1.2909944487358056
5000, 1.2909944487358056
5250, 1.2382783747337807
5500, 1.1254628677422756
5750, 1.1547005383792515
6000, 1.2382783747337807
6250, 1.1547005383792515
6500, 1.0954451150103321
6750, 1.1547005383792515
7000, 1.1254628677422756
7250, 1.1832159566199232
7500, 1.3416407864998738
7750, 1.3165611772087666
8000, 1.3165611772087666
8250, 1.505545305418162
8500, 1.3165611772087666
8750, 1.1832159566199232
9000, 1.2909944487358056
9250, 1.2909944487358056
9500, 1.1547005383792515
9750, 1.1254628677422756
10000, 1.1254628677422756
11000, 1.0954451150103321
12000, 1.1254628677422756
13000, 1.1832159566199232
14000, 1.2909944487358056
15000, 1.1832159566199232
16000, 1.3165611772087666
17000, 1.0327955589886444
18000, 1.1254628677422756
19000, 1.1254628677422756
20000, 1.1832159566199232
21000, 1.2110601416389966
22000, 1.1547005383792515
23000, 1.1547005383792515
24000, 1.3165611772087666
25000, 1.3416407864998738
26000, 1.3165611772087666
27000, 1.3416407864998738
28000, 1.3165611772087666
29000, 1.2649110640673518
30000, 1.2382783747337807
31000, 1.2110601416389966
32000, 1.1254628677422756
33000, 1.1832159566199232
34000, 1.0954451150103321
35000, 1.1547005383792515
36000, 1.0954451150103321
37000, 1.2110601416389966
38000, 1.1832159566199232
39000, 1.1832159566199232
40000, 1.0954451150103321
41000, 1.0645812948447542
42000, 1.0954451150103321
43000, 0.9660917830792959
44000, 0.8944271909999159
45000, 0.816496580927726
46000, 0.7302967433402214
47000, 0.816496580927726
48000, 0.816496580927726
49000, 0.7745966692414834
50000, 0.7302967433402214
51000, 0.8563488385776752
52000, 0.816496580927726
53000, 0.8563488385776752
54000, 0.8563488385776752
55000, 0.816496580927726
56000, 0.816496580927726
57000, 0.816496580927726
58000, 0.7745966692414834
59000, 0.7302967433402214
60000, 0.7302967433402214
61000, 0.7302967433402214
62000, 0.6324555320336759
63000, 0.6324555320336759
64000, 0.6324555320336759
65000, 0.5773502691896257
66000, 0.5773502691896257
67000, 0.5773502691896257
68000, 0.5163977794943222
69000, 0.5163977794943222
70000, 0.5773502691896257
71000, 0.5773502691896257
72000, 0.6324555320336759
73000, 0.5773502691896257
74000, 0.5773502691896257
75000, 0.5773502691896257
76000, 0.6324555320336759
77000, 0.5773502691896257
78000, 0.5163977794943222
79000, 0.5773502691896257
80000, 0.5163977794943222
81000, 0.5773502691896257
82000, 0.5163977794943222
83000, 0.5163977794943222
84000, 0.5773502691896257
85000, 0.6324555320336759
86000, 0.5773502691896257
87000, 0.5773502691896257
88000, 0.5773502691896257
89000, 0.5773502691896257
90000, 0.5163977794943222
91000, 0.5773502691896257
92000, 0.5163977794943222
93000, 0.3651483716701107
94000, 0.2581988897471611
95000, 0.2581988897471611
96000, 0.2581988897471611
97000, 0.2581988897471611
98000, 0.0
99000, 0.3651483716701107
100000, 0.2581988897471611
