1, 11.0
2, 10.290772565750348
3, 9.354143466934854
4, 9.354143466934854
5, 9.20869154657707
6, 8.508818954473059
7, 8.420213774008355
8, 7.930952023559341
9, 7.314369419163897
10, 7.2180329730474355
15, 5.513619500836088
20, 4.969909455915671
25, 4.171330722922842
30, 4.110960958218893
35, 4.024922359499621
40, 3.1622776601683795
45, 3.271085446759225
50, 3.03315017762062
55, 3.0
60, 2.932575659723036
65, 2.932575659723036
70, 2.9154759474226504
75, 2.9154759474226504
80, 3.0
85, 3.0
90, 2.949576240750525
95, 2.898275349237888
100, 2.792848008753788
150, 2.588435821108957
200, 2.4083189157584592
250, 2.4083189157584592
300, 2.3874672772626644
350, 2.3874672772626644
400, 2.3874672772626644
450, 2.3874672772626644
500, 2.3664319132398464
550, 2.0248456731316584
600, 2.0248456731316584
650, 2.0248456731316584
700, 2.0248456731316584
750, 1.449137674618944
800, 1.449137674618944
850, 1.449137674618944
900, 1.449137674618944
950, 1.449137674618944
1000, 1.449137674618944
1250, 1.0
1500, 1.0954451150103321
1750, 1.0
2000, 1.0488088481701516
2250, 1.0488088481701516
2500, 1.0488088481701516
2750, 1.0
3000, 1.0
3250, 1.0
3500, 1.0
3750, 1.0
4000, 0.9486832980505138
4250, 0.9486832980505138
4500, 0.9486832980505138
4750, 0.9486832980505138
5000, 0.9486832980505138
5250, 0.5477225575051661
5500, 0.5477225575051661
5750, 0.5477225575051661
6000, 0.5477225575051661
6250, 0.5477225575051661
6500, 0.5477225575051661
6750, 0.5477225575051661
7000, 0.5477225575051661
7250, 0.5477225575051661
7500, 0.5477225575051661
7750, 0.5477225575051661
8000, 0.5477225575051661
8250, 0.6324555320336759
8500, 0.6324555320336759
8750, 0.6324555320336759
9000, 0.6324555320336759
9250, 0.6324555320336759
9500, 0.6324555320336759
9750, 0.6324555320336759
10000, 0.6324555320336759
11000, 0.6324555320336759
12000, 0.6324555320336759
13000, 0.6324555320336759
14000, 0.6324555320336759
15000, 0.6324555320336759
16000, 0.6324555320336759
17000, 0.6324555320336759
18000, 0.6324555320336759
19000, 0.6324555320336759
20000, 0.6324555320336759
21000, 0.6324555320336759
22000, 0.6324555320336759
23000, 0.6324555320336759
24000, 0.6324555320336759
25000, 0.6324555320336759
26000, 0.6324555320336759
27000, 0.6324555320336759
28000, 0.6324555320336759
29000, 0.6324555320336759
30000, 0.6324555320336759
31000, 0.6324555320336759
32000, 0.6324555320336759
33000, 0.6324555320336759
34000, 0.6324555320336759
35000, 0.6324555320336759
36000, 0.6324555320336759
37000, 0.6324555320336759
38000, 0.6324555320336759
39000, 0.6324555320336759
40000, 0.6324555320336759
41000, 0.6324555320336759
42000, 0.6324555320336759
43000, 0.6324555320336759
44000, 0.6324555320336759
45000, 0.6324555320336759
46000, 0.6324555320336759
47000, 0.6324555320336759
48000, 0.6324555320336759
49000, 0.6324555320336759
50000, 0.6324555320336759
51000, 0.6324555320336759
52000, 0.6324555320336759
53000, 0.6324555320336759
54000, 0.6324555320336759
55000, 0.6324555320336759
56000, 0.6324555320336759
57000, 0.6324555320336759
58000, 0.6324555320336759
59000, 0.6324555320336759
60000, 0.6324555320336759
61000, 0.6324555320336759
62000, 0.6324555320336759
63000, 0.6324555320336759
64000, 0.6324555320336759
65000, 0.6324555320336759
66000, 0.6324555320336759
67000, 0.6324555320336759
68000, 0.6324555320336759
69000, 0.6324555320336759
70000, 0.6324555320336759
71000, 0.6324555320336759
72000, 0.6324555320336759
73000, 0.6324555320336759
74000, 0.6324555320336759
75000, 0.6324555320336759
76000, 0.6324555320336759
77000, 0.6324555320336759
78000, 0.6324555320336759
79000, 0.6324555320336759
80000, 0.6324555320336759
81000, 0.6324555320336759
82000, 0.6324555320336759
83000, 0.6324555320336759
84000, 0.6324555320336759
85000, 0.6324555320336759
86000, 0.6324555320336759
87000, 0.6324555320336759
88000, 0.6324555320336759
89000, 0.6324555320336759
90000, 0.6324555320336759
91000, 0.6324555320336759
92000, 0.6324555320336759
93000, 0.6324555320336759
94000, 0.6324555320336759
95000, 0.6324555320336759
96000, 0.6324555320336759
97000, 0.6324555320336759
98000, 0.6324555320336759
99000, 0.6324555320336759
100000, 0.6324555320336759
