1, 22.610838109190027
2, 21.828879952943073
3, 21.68985938174796
4, 20.797836425936232
5, 20.05617112013158
6, 20.03122562401013
7, 19.107590114925536
8, 18.788294228055936
9, 18.788294228055936
10, 18.788294228055936
15, 17.47426679434648
20, 15.80506248010428
25, 14.798648586948742
30, 14.628738838327793
35, 14.286357128393508
40, 13.057564857200596
45, 12.239281024635394
50, 9.777525249264253
55, 9.78008179924892
60, 8.62554346113913
65, 7.92148975887743
70, 7.726577508832744
75, 7.720103626247513
80, 7.516648189186454
85, 7.372245248226622
90, 7.684399781375251
95, 7.0285133563222315
100, 6.96419413859206
150, 6.131883886702357
200, 5.621387729022079
250, 6.363961030678928
300, 5.019960159204453
350, 4.701063709417263
400, 4.55521678957215
450, 4.171330722922842
500, 4.230839160261236
550, 4.135214625627067
600, 3.8144462245521304
650, 3.570714214271425
700, 3.626292872893749
750, 3.3166247903554
800, 3.7416573867739413
850, 3.40587727318528
900, 3.3466401061363023
950, 3.687817782917155
1000, 3.271085446759225
1250, 2.4289915602982237
1500, 2.16794833886788
1750, 2.4392621835300936
2000, 2.5199206336708304
2250, 2.29128784747792
2500, 2.280350850198276
2750, 2.23606797749979
3000, 2.0
3250, 1.9621416870348585
3500, 2.258317958127243
3750, 2.1213203435596424
4000, 1.816590212458495
4250, 1.8708286933869707
4500, 1.7748239349298849
4750, 1.6881943016134133
5000, 1.6431676725154984
5250, 1.6278820596099706
5500, 1.857417562100671
5750, 1.8439088914585775
6000, 1.8027756377319946
6250, 1.5491933384829668
6500, 1.6278820596099706
6750, 1.8439088914585775
7000, 1.8708286933869707
7250, 1.7888543819998317
7500, 1.816590212458495
7750, 1.8027756377319946
8000, 1.6733200530681511
8250, 1.5329709716755893
8500, 1.5652475842498528
8750, 1.4317821063276353
9000, 1.378404875209022
9250, 1.4317821063276353
9500, 1.4142135623730951
9750, 1.378404875209022
10000, 1.4142135623730951
11000, 1.284523257866513
12000, 1.3416407864998738
13000, 1.3416407864998738
14000, 1.0954451150103321
15000, 1.3038404810405297
16000, 1.3228756555322954
17000, 1.118033988749895
18000, 1.02469507659596
19000, 1.140175425099138
20000, 1.0
21000, 1.02469507659596
22000, 1.0954451150103321
23000, 1.0723805294763609
24000, 1.0954451150103321
25000, 1.140175425099138
26000, 1.161895003862225
27000, 1.161895003862225
28000, 1.161895003862225
29000, 1.284523257866513
30000, 1.140175425099138
31000, 1.1832159566199232
32000, 1.118033988749895
33000, 1.161895003862225
34000, 0.9746794344808963
35000, 0.9486832980505138
36000, 0.9486832980505138
37000, 0.9746794344808963
38000, 1.0
39000, 0.9486832980505138
40000, 1.0488088481701516
41000, 0.9746794344808963
42000, 0.9746794344808963
43000, 0.9746794344808963
44000, 0.8944271909999159
45000, 0.9746794344808963
46000, 0.8944271909999159
47000, 0.8944271909999159
48000, 0.7745966692414834
49000, 0.7745966692414834
50000, 0.6708203932499369
51000, 0.7745966692414834
52000, 0.9746794344808963
53000, 0.8944271909999159
54000, 0.7416198487095663
55000, 0.7071067811865476
56000, 0.7071067811865476
57000, 0.7071067811865476
58000, 0.9746794344808963
59000, 0.8660254037844386
60000, 0.8944271909999159
61000, 0.6708203932499369
62000, 0.7745966692414834
63000, 0.7416198487095663
64000, 0.5
65000, 0.5477225575051661
66000, 0.5477225575051661
67000, 0.5
68000, 0.5
69000, 0.5
70000, 0.5
71000, 0.5
72000, 0.5
73000, 0.4472135954999579
74000, 0.5
75000, 0.6324555320336759
76000, 0.5
77000, 0.5
78000, 0.5
79000, 0.5
80000, 0.5477225575051661
81000, 0.5477225575051661
82000, 0.5477225575051661
83000, 0.5
84000, 0.5477225575051661
85000, 0.6324555320336759
86000, 0.6324555320336759
87000, 0.6324555320336759
88000, 0.5916079783099616
89000, 0.4472135954999579
90000, 0.4472135954999579
91000, 0.4472135954999579
92000, 0.4472135954999579
93000, 0.4472135954999579
94000, 0.4472135954999579
95000, 0.4472135954999579
96000, 0.4472135954999579
97000, 0.4472135954999579
98000, 0.6708203932499369
99000, 0.4472135954999579
100000, 0.6324555320336759
