3.9749213828703582
3.7682887362833544
3.3166247903554
3.7416573867739413
3.4641016151377544
3.5777087639996634
3.3763886032268267
3.40587727318528
3.40587727318528
3.3166247903554
3.0659419433511785
2.569046515733026
2.9664793948382653
3.0659419433511785
2.6457513110645907
2.6457513110645907
2.569046515733026
2.756809750418044
2.569046515733026
2.756809750418044
2.756809750418044
2.756809750418044
2.6076809620810595
2.4899799195977463
2.8635642126552705
2.4083189157584592
2.5298221281347035
2.792848008753788
2.792848008753788
2.8635642126552705
2.8635642126552705
3.03315017762062
3.22490309931942
3.3166247903554
3.0983866769659336
2.932575659723036
2.9664793948382653
2.9664793948382653
2.898275349237888
2.9664793948382653
2.8635642126552705
2.5298221281347035
2.4899799195977463
2.8284271247461903
2.8284271247461903
2.4899799195977463
2.8635642126552705
2.5298221281347035
2.449489742783178
2.449489742783178
2.4899799195977463
2.4899799195977463
2.6076809620810595
2.6076809620810595
2.4899799195977463
2.449489742783178
2.449489742783178
2.449489742783178
2.5298221281347035
2.792848008753788
2.792848008753788
2.8284271247461903
2.792848008753788
2.792848008753788
2.8284271247461903
2.8284271247461903
2.8284271247461903
2.8284271247461903
2.8284271247461903
2.8284271247461903
2.8284271247461903
2.8284271247461903
2.8284271247461903
2.8284271247461903
2.8284271247461903
2.8284271247461903
2.8284271247461903
2.8284271247461903
2.932575659723036
2.932575659723036
2.932575659723036
2.932575659723036
2.932575659723036
2.932575659723036
2.932575659723036
2.932575659723036
2.932575659723036
3.0
3.0
3.0
3.0
3.0
3.0
3.1622776601683795
3.3166247903554
3.3166247903554
3.1622776601683795
3.1622776601683795
3.3166247903554
3.1622776601683795
3.1622776601683795
3.1622776601683795
3.1622776601683795
3.1622776601683795
3.1622776601683795
3.1622776601683795
3.1622776601683795
3.1622776601683795
3.1622776601683795
3.0983866769659336
3.0983866769659336
3.0983866769659336
3.0983866769659336
3.1937438845342623
3.0983866769659336
3.0983866769659336
3.0983866769659336
3.0983866769659336
3.1937438845342623
3.0983866769659336
3.1937438845342623
3.1937438845342623
3.1937438845342623
3.1937438845342623
3.0983866769659336
3.1937438845342623
3.1937438845342623
3.1937438845342623
3.1937438845342623
3.1937438845342623
3.1937438845342623
3.1937438845342623
3.1937438845342623
3.1937438845342623
3.1937438845342623
3.0983866769659336
3.1937438845342623
3.0983866769659336
3.0983866769659336
3.1937438845342623
3.1937438845342623
3.1937438845342623
3.1937438845342623
3.1937438845342623
3.3466401061363023
3.1937438845342623
3.1937438845342623
3.1937438845342623
3.3466401061363023
3.3466401061363023
3.3466401061363023
3.3466401061363023
3.40587727318528
3.40587727318528
3.40587727318528
3.40587727318528
3.40587727318528
3.3466401061363023
3.40587727318528
3.40587727318528
3.40587727318528
3.40587727318528
3.40587727318528
3.40587727318528
3.40587727318528
3.40587727318528
3.40587727318528
3.40587727318528
3.40587727318528
3.3466401061363023
3.3466401061363023
3.3466401061363023
3.3466401061363023
3.40587727318528
3.40587727318528
3.3466401061363023
3.3466401061363023
3.3466401061363023
3.3466401061363023
3.3466401061363023
3.3466401061363023
3.3466401061363023
3.3466401061363023
3.1937438845342623
3.03315017762062
3.03315017762062
3.3466401061363023
3.3466401061363023
3.3466401061363023
3.3466401061363023
3.3466401061363023
3.3466401061363023
3.3466401061363023
3.40587727318528
3.3466401061363023
3.3466401061363023
3.3466401061363023
3.1937438845342623
3.1937438845342623
3.1937438845342623
3.1937438845342623
3.1937438845342623
3.1937438845342623
3.1937438845342623
3.1937438845342623
3.1937438845342623
3.3466401061363023
3.3466401061363023
3.3466401061363023
3.3466401061363023
3.1937438845342623
3.1937438845342623
3.1937438845342623
3.3466401061363023
3.3466401061363023
3.3466401061363023
3.3466401061363023
3.3466401061363023
3.3466401061363023
3.3466401061363023
3.3466401061363023
3.1937438845342623
3.1937438845342623
3.1937438845342623
3.1937438845342623
3.3466401061363023
3.1937438845342623
3.3466401061363023
3.1937438845342623
3.1937438845342623
3.1937438845342623
3.3466401061363023
3.3466401061363023
3.3466401061363023
3.3466401061363023
3.1937438845342623
3.1937438845342623
3.1937438845342623
3.1937438845342623
3.1937438845342623
3.1937438845342623
3.1937438845342623
3.1937438845342623
3.1937438845342623
3.1937438845342623
3.1937438845342623
3.1937438845342623
3.1937438845342623
3.1937438845342623
3.3466401061363023
3.3466401061363023
3.3466401061363023
3.3466401061363023
3.3466401061363023
3.3466401061363023
3.3466401061363023
3.3466401061363023
3.3466401061363023
3.3466401061363023
3.3466401061363023
3.3466401061363023
3.3466401061363023
3.3466401061363023
3.3466401061363023
3.3466401061363023
3.3466401061363023
3.3466401061363023
3.3466401061363023
3.3466401061363023
3.3466401061363023
3.1937438845342623
3.1937438845342623
3.1937438845342623
3.0983866769659336
3.0983866769659336
3.0983866769659336
3.0983866769659336
3.0983866769659336
3.0983866769659336
3.0983866769659336
3.0983866769659336
3.0983866769659336
3.0983866769659336
3.0983866769659336
3.0983866769659336
3.0983866769659336
3.1937438845342623
3.1937438845342623
3.1937438845342623
3.1937438845342623
3.1937438845342623
3.1937438845342623
3.1937438845342623
3.3466401061363023
3.3466401061363023
3.3466401061363023
3.3466401061363023
3.3466401061363023
3.3466401061363023
3.3466401061363023
3.3466401061363023
3.3466401061363023
3.3466401061363023
3.3466401061363023
3.3466401061363023
3.3466401061363023
3.3466401061363023
3.3466401061363023
3.3466401061363023
3.3466401061363023
3.3466401061363023
3.3466401061363023
3.3466401061363023
3.3466401061363023
3.3466401061363023
3.3466401061363023
3.286335345030997
3.286335345030997
3.3466401061363023
3.3466401061363023
3.286335345030997
3.286335345030997
3.286335345030997
3.286335345030997
3.286335345030997
3.286335345030997
3.286335345030997
3.286335345030997
3.286335345030997
3.286335345030997
3.286335345030997
3.286335345030997
3.286335345030997
3.286335345030997
3.286335345030997
3.286335345030997
3.286335345030997
3.492849839314596
3.286335345030997
3.286335345030997
3.286335345030997
3.286335345030997
3.492849839314596
3.492849839314596
3.492849839314596
3.492849839314596
3.492849839314596
3.492849839314596
3.492849839314596
3.492849839314596
3.492849839314596
3.492849839314596
3.492849839314596
3.492849839314596
3.492849839314596
3.492849839314596
3.492849839314596
3.492849839314596
3.286335345030997
3.5496478698597698
3.5496478698597698
3.5496478698597698
3.492849839314596
3.492849839314596
3.492849839314596
3.492849839314596
3.492849839314596
3.492849839314596
3.492849839314596
3.492849839314596
3.492849839314596
3.492849839314596
3.492849839314596
3.492849839314596
3.492849839314596
3.492849839314596
3.492849839314596
3.492849839314596
3.286335345030997
3.286335345030997
3.286335345030997
3.3466401061363023
3.3466401061363023
3.3466401061363023
3.3466401061363023
3.3466401061363023
3.3466401061363023
3.3466401061363023
3.286335345030997
3.3466401061363023
3.286335345030997
3.286335345030997
3.286335345030997
3.286335345030997
3.286335345030997
3.286335345030997
3.286335345030997
3.286335345030997
3.286335345030997
3.286335345030997
