1, 5.079370039680118
2, 5.079370039680118
3, 4.123105625617661
4, 4.123105625617661
5, 3.5777087639996634
6, 2.7202941017470885
7, 2.7202941017470885
8, 2.792848008753788
9, 2.792848008753788
10, 2.792848008753788
15, 2.756809750418044
20, 2.1447610589527217
25, 2.04939015319192
30, 2.04939015319192
35, 2.0
40, 2.0
45, 2.0
50, 2.0
55, 1.4142135623730951
60, 1.4832396974191326
65, 1.4832396974191326
70, 1.4142135623730951
75, 1.4142135623730951
80, 1.4142135623730951
85, 1.4142135623730951
90, 1.4142135623730951
95, 1.4142135623730951
100, 1.4142135623730951
150, 0.8944271909999159
200, 0.8944271909999159
250, 0.8944271909999159
300, 0.8944271909999159
350, 0.8944271909999159
400, 0.8944271909999159
450, 0.8944271909999159
500, 0.8944271909999159
550, 0.8944271909999159
600, 0.8944271909999159
650, 0.8944271909999159
700, 0.8944271909999159
750, 0.8944271909999159
800, 0.8944271909999159
850, 0.4472135954999579
900, 0.4472135954999579
950, 0.4472135954999579
1000, 0.4472135954999579
1250, 0.4472135954999579
1500, 0.7745966692414834
1750, 0.7745966692414834
2000, 0.8944271909999159
2250, 0.8944271909999159
2500, 0.8944271909999159
2750, 0.8944271909999159
3000, 0.8944271909999159
3250, 0.8944271909999159
3500, 0.8944271909999159
3750, 0.8944271909999159
4000, 0.8944271909999159
4250, 0.4472135954999579
4500, 0.4472135954999579
4750, 0.4472135954999579
5000, 0.4472135954999579
5250, 0.4472135954999579
5500, 0.0
5750, 0.0
6000, 0.0
6250, 0.0
6500, 0.0
6750, 0.0
7000, 0.0
7250, 0.0
7500, 0.4472135954999579
7750, 0.4472135954999579
8000, 0.4472135954999579
8250, 0.4472135954999579
8500, 0.4472135954999579
8750, 0.4472135954999579
9000, 0.4472135954999579
9250, 0.4472135954999579
9500, 0.4472135954999579
9750, 0.4472135954999579
10000, 0.4472135954999579
11000, 0.4472135954999579
12000, 0.4472135954999579
13000, 0.4472135954999579
14000, 0.4472135954999579
15000, 0.4472135954999579
16000, 0.4472135954999579
17000, 0.4472135954999579
18000, 0.4472135954999579
19000, 0.4472135954999579
20000, 0.4472135954999579
21000, 0.4472135954999579
22000, 0.4472135954999579
23000, 0.4472135954999579
24000, 0.4472135954999579
25000, 0.4472135954999579
26000, 0.4472135954999579
27000, 0.4472135954999579
28000, 0.4472135954999579
29000, 0.4472135954999579
30000, 0.4472135954999579
31000, 0.4472135954999579
32000, 0.4472135954999579
33000, 0.0
34000, 0.0
35000, 0.0
36000, 0.0
37000, 0.0
38000, 0.0
39000, 0.0
40000, 0.0
41000, 0.0
42000, 0.0
43000, 0.0
44000, 0.0
45000, 0.0
46000, 0.0
47000, 0.0
48000, 0.0
49000, 0.0
50000, 0.0
51000, 0.0
52000, 0.0
53000, 0.0
54000, 0.0
55000, 0.0
56000, 0.0
57000, 0.0
58000, 0.0
59000, 0.0
60000, 0.0
61000, 0.0
62000, 0.0
63000, 0.0
64000, 0.0
65000, 0.0
66000, 0.0
67000, 0.0
68000, 0.0
69000, 0.0
70000, 0.0
71000, 0.0
72000, 0.0
73000, 0.0
74000, 0.0
75000, 0.0
76000, 0.0
77000, 0.0
78000, 0.0
79000, 0.0
80000, 0.0
81000, 0.0
82000, 0.0
83000, 0.0
84000, 0.0
85000, 0.0
86000, 0.0
87000, 0.0
88000, 0.0
89000, 0.0
90000, 0.0
91000, 0.0
92000, 0.0
93000, 0.0
94000, 0.0
95000, 0.0
96000, 0.0
97000, 0.0
98000, 0.0
99000, 0.0
100000, 0.0
