1, 11.291589790636214
2, 10.545141061171254
3, 9.919677414109795
4, 8.983317872590282
5, 8.910667763978186
6, 8.264381404557755
7, 7.355270219373317
8, 7.3006848993775915
9, 7.523297149521611
10, 6.942621983083913
15, 6.29285308902091
20, 6.180614856144977
25, 6.0
30, 4.415880433163924
35, 4.571651780264984
40, 4.505552130427524
45, 4.358898943540674
50, 4.449719092257398
55, 4.09878030638384
60, 3.8858718455450894
65, 3.82099463490856
70, 3.391164991562634
75, 3.255764119219941
80, 3.3015148038438356
85, 3.0659419433511785
90, 3.22490309931942
95, 3.361547262794322
100, 3.331666249791536
150, 2.932575659723036
200, 2.6645825188948455
250, 2.449489742783178
300, 2.569046515733026
350, 2.6645825188948455
400, 2.16794833886788
450, 1.760681686165901
500, 2.0976176963403033
550, 2.04939015319192
600, 1.9493588689617927
650, 1.70293863659264
700, 2.073644135332772
750, 2.04939015319192
800, 1.5811388300841898
850, 1.816590212458495
900, 1.449137674618944
950, 1.5811388300841898
1000, 1.4142135623730951
1250, 1.3416407864998738
1500, 1.8973665961010275
1750, 1.140175425099138
2000, 1.449137674618944
2250, 1.5491933384829668
2500, 1.51657508881031
2750, 1.140175425099138
3000, 1.0
3250, 1.0954451150103321
3500, 1.0954451150103321
3750, 1.0488088481701516
4000, 1.0488088481701516
4250, 0.9486832980505138
4500, 0.7745966692414834
4750, 0.8366600265340756
5000, 1.140175425099138
5250, 0.7745966692414834
5500, 0.9486832980505138
5750, 0.7745966692414834
6000, 0.7745966692414834
6250, 0.7745966692414834
6500, 0.7745966692414834
6750, 0.7745966692414834
7000, 0.7071067811865476
7250, 0.6324555320336759
7500, 0.6324555320336759
7750, 0.5477225575051661
8000, 0.5477225575051661
8250, 0.7745966692414834
8500, 0.7071067811865476
8750, 1.0954451150103321
9000, 1.0
9250, 0.5477225575051661
9500, 0.5477225575051661
9750, 0.6324555320336759
10000, 0.6324555320336759
11000, 0.5477225575051661
12000, 0.4472135954999579
13000, 0.5477225575051661
14000, 0.5477225575051661
15000, 0.4472135954999579
16000, 0.4472135954999579
17000, 0.31622776601683794
18000, 0.31622776601683794
19000, 0.31622776601683794
20000, 0.4472135954999579
21000, 0.4472135954999579
22000, 0.31622776601683794
23000, 0.4472135954999579
24000, 0.31622776601683794
25000, 0.31622776601683794
26000, 0.31622776601683794
27000, 0.31622776601683794
28000, 0.31622776601683794
29000, 0.31622776601683794
30000, 0.31622776601683794
31000, 0.31622776601683794
32000, 0.31622776601683794
33000, 0.31622776601683794
34000, 0.31622776601683794
35000, 0.31622776601683794
36000, 0.31622776601683794
37000, 0.31622776601683794
38000, 0.31622776601683794
39000, 0.31622776601683794
40000, 0.31622776601683794
41000, 0.31622776601683794
42000, 0.31622776601683794
43000, 0.31622776601683794
44000, 0.31622776601683794
45000, 0.31622776601683794
46000, 0.31622776601683794
47000, 0.31622776601683794
48000, 0.31622776601683794
49000, 0.31622776601683794
50000, 0.31622776601683794
51000, 0.31622776601683794
52000, 0.31622776601683794
53000, 0.31622776601683794
54000, 0.31622776601683794
55000, 0.31622776601683794
56000, 0.31622776601683794
57000, 0.31622776601683794
58000, 0.31622776601683794
59000, 0.31622776601683794
60000, 0.31622776601683794
61000, 0.31622776601683794
62000, 0.31622776601683794
63000, 0.31622776601683794
64000, 0.31622776601683794
65000, 0.31622776601683794
66000, 0.31622776601683794
67000, 0.31622776601683794
68000, 0.31622776601683794
69000, 0.31622776601683794
70000, 0.31622776601683794
71000, 0.31622776601683794
72000, 0.31622776601683794
73000, 0.31622776601683794
74000, 0.31622776601683794
75000, 0.31622776601683794
76000, 0.31622776601683794
77000, 0.31622776601683794
78000, 0.31622776601683794
79000, 0.31622776601683794
80000, 0.31622776601683794
81000, 0.31622776601683794
82000, 0.31622776601683794
83000, 0.31622776601683794
84000, 0.31622776601683794
85000, 0.31622776601683794
86000, 0.31622776601683794
87000, 0.31622776601683794
88000, 0.31622776601683794
89000, 0.31622776601683794
90000, 0.31622776601683794
91000, 0.31622776601683794
92000, 0.31622776601683794
93000, 0.31622776601683794
94000, 0.31622776601683794
95000, 0.31622776601683794
96000, 0.31622776601683794
97000, 0.31622776601683794
98000, 0.31622776601683794
99000, 0.31622776601683794
100000, 0.31622776601683794
