1, 16.7710067278821
2, 16.30950643030009
3, 16.09140557357664
4, 15.281797450998143
5, 14.368948001390592
6, 14.301515071254979
7, 13.73559851869101
8, 12.920268315067352
9, 12.956336930887012
10, 12.02497401244593
15, 11.972189997378647
20, 11.096546009156784
25, 10.608172949821912
30, 9.976639380740057
35, 9.02219485491197
40, 8.15270916117254
45, 7.831560082980487
50, 7.536577472566709
55, 6.792152334373349
60, 6.742897497861485
65, 6.444636012478387
70, 6.387487769068525
75, 6.207522318391883
80, 6.180614856144977
85, 6.196773353931867
90, 6.142746399887703
95, 5.483308003994183
100, 4.781910357447813
150, 3.669695718539436
200, 2.9776948578836393
250, 2.6457513110645907
300, 2.581988897471611
350, 2.4899799195977463
400, 2.516611478423583
450, 2.581988897471611
500, 2.581988897471611
550, 2.556038601690775
600, 2.503331114069145
650, 2.54296414970142
700, 2.6076809620810595
750, 2.569046515733026
800, 2.556038601690775
850, 2.516611478423583
900, 2.04939015319192
950, 2.0
1000, 2.0
1250, 1.9493588689617927
1500, 1.9493588689617927
1750, 1.9493588689617927
2000, 1.5275252316519468
2250, 1.1832159566199232
2500, 1.1832159566199232
2750, 1.1832159566199232
3000, 1.0645812948447542
3250, 1.0645812948447542
3500, 1.0645812948447542
3750, 1.0645812948447542
4000, 1.0645812948447542
4250, 0.8944271909999159
4500, 0.8944271909999159
4750, 0.8944271909999159
5000, 1.0645812948447542
5250, 1.0645812948447542
5500, 1.0645812948447542
5750, 1.0645812948447542
6000, 1.0645812948447542
6250, 1.0645812948447542
6500, 1.0645812948447542
6750, 1.0645812948447542
7000, 1.0645812948447542
7250, 1.0645812948447542
7500, 1.0645812948447542
7750, 1.0645812948447542
8000, 1.0645812948447542
8250, 1.0645812948447542
8500, 1.0645812948447542
8750, 0.9660917830792959
9000, 0.5163977794943222
9250, 0.5163977794943222
9500, 0.5163977794943222
9750, 0.5163977794943222
10000, 0.7302967433402214
11000, 0.7302967433402214
12000, 0.6831300510639732
13000, 0.6831300510639732
14000, 0.5163977794943222
15000, 0.5163977794943222
16000, 0.5163977794943222
17000, 0.5163977794943222
18000, 0.5163977794943222
19000, 0.5163977794943222
20000, 0.3651483716701107
21000, 0.3651483716701107
22000, 0.6831300510639732
23000, 0.6831300510639732
24000, 0.816496580927726
25000, 0.816496580927726
26000, 0.816496580927726
27000, 0.6831300510639732
28000, 0.6831300510639732
29000, 0.6831300510639732
30000, 0.5163977794943222
31000, 0.5163977794943222
32000, 0.5163977794943222
33000, 0.5163977794943222
34000, 0.5163977794943222
35000, 0.5163977794943222
36000, 0.5163977794943222
37000, 0.5163977794943222
38000, 0.2581988897471611
39000, 0.6831300510639732
40000, 0.6831300510639732
41000, 0.6831300510639732
42000, 0.816496580927726
43000, 0.816496580927726
44000, 0.816496580927726
45000, 0.816496580927726
46000, 0.816496580927726
47000, 0.816496580927726
48000, 0.816496580927726
49000, 0.816496580927726
50000, 0.816496580927726
51000, 0.5163977794943222
52000, 0.5163977794943222
53000, 0.5163977794943222
54000, 0.5163977794943222
55000, 0.5163977794943222
56000, 0.5163977794943222
57000, 0.5163977794943222
58000, 0.5163977794943222
59000, 0.5163977794943222
60000, 0.5163977794943222
61000, 0.5163977794943222
62000, 0.5163977794943222
63000, 0.5163977794943222
64000, 0.5163977794943222
65000, 0.5163977794943222
66000, 0.5163977794943222
67000, 0.5163977794943222
68000, 0.5163977794943222
69000, 0.5163977794943222
70000, 0.5163977794943222
71000, 0.5163977794943222
72000, 0.5163977794943222
73000, 0.5163977794943222
74000, 0.5163977794943222
75000, 0.5163977794943222
76000, 0.5163977794943222
77000, 0.5163977794943222
78000, 0.5163977794943222
79000, 0.5773502691896257
80000, 0.5773502691896257
81000, 0.5773502691896257
82000, 0.5773502691896257
83000, 0.5773502691896257
84000, 0.5773502691896257
85000, 0.5773502691896257
86000, 0.5773502691896257
87000, 0.5773502691896257
88000, 0.5773502691896257
89000, 0.5773502691896257
90000, 0.5773502691896257
91000, 0.5773502691896257
92000, 0.5773502691896257
93000, 0.5773502691896257
94000, 0.5773502691896257
95000, 0.5773502691896257
96000, 0.5773502691896257
97000, 0.5773502691896257
98000, 0.5773502691896257
99000, 0.5773502691896257
100000, 0.5773502691896257
