1, 0.21908902300206645
2, 0.4898979485566356
3, 0.8197560612767679
4, 1.159310139695155
5, 1.7158088471621773
6, 2.23606797749979
7, 2.852367437761131
8, 3.4176014981270124
9, 4.073327877792309
10, 4.748052232231655
15, 12.90023255604332
20, 21.67523932970522
25, 24.941852377078973
30, 26.13335034013052
35, 31.120539841076024
40, 35.302464503204305
45, 35.28183668688465
50, 38.07214204638347
55, 41.26838984016701
60, 41.82248199234474
65, 42.77588105463171
70, 43.74562835301374
75, 46.998212731975244
80, 48.397520597650455
85, 49.24981218238299
90, 49.101771862123265
95, 50.78661240917729
100, 51.82717433933669
150, 59.86852261414173
200, 61.90289169336114
250, 63.71988700554953
300, 67.41335179324642
350, 70.1274268742266
400, 69.04862055102912
450, 68.24667024844508
500, 67.97358310402653
550, 67.73223752394424
600, 66.1548486507225
650, 65.71836881724927
700, 64.86373408924281
750, 65.76442807475786
800, 65.05911158323636
850, 65.58969431244515
900, 66.7121578125007
950, 66.35112659179194
1000, 66.12406521078388
1250, 63.315527321503055
1500, 58.805782028640685
1750, 56.180281238171105
2000, 54.60490820429973
2250, 53.175633517617825
2500, 51.04147333296718
2750, 49.52752769925024
3000, 48.60427964696113
3250, 48.09673585598091
3500, 47.72596777436787
3750, 47.24684116425139
4000, 46.66441899349011
4250, 45.74887976770579
4500, 44.399008997949494
4750, 44.16704653924688
5000, 41.89529806553475
5250, 41.689423119059825
5500, 41.09939172299269
5750, 39.86176112516857
6000, 39.25648990931308
6250, 39.12134966996921
6500, 38.30780599303489
6750, 37.32870209369728
7000, 37.21730780161295
7250, 37.227516704717225
7500, 36.83498337178938
7750, 36.302506800495195
8000, 35.9768814657413
8250, 35.90576555373802
8500, 35.611571153208054
8750, 35.20568135968966
9000, 34.028928869419325
9250, 33.83051876634468
9500, 33.20614400980638
9750, 33.02229549864758
10000, 32.98181317029129
11000, 31.047834062942297
12000, 30.411839799656974
13000, 28.69717756156518
14000, 28.199716310629793
15000, 26.83341200816624
16000, 26.394241796270638
