1, 16.56703554250629
2, 16.56703554250629
3, 16.382917933017914
4, 15.783958100974969
5, 15.783958100974969
6, 15.057666928622552
7, 14.800900873482894
8, 14.459137825841022
9, 13.76226725507102
10, 13.694281044776806
15, 12.019428716318703
20, 11.183320914051723
25, 10.152175464730043
30, 9.426911830852491
35, 8.286535263104035
40, 8.091147425839345
45, 7.284687135812126
50, 6.928203230275509
55, 6.207522318391883
60, 6.099180272790763
65, 5.767726299562651
70, 5.709640969448079
75, 5.60357029044876
80, 5.5437652667959645
85, 5.440588203494177
90, 5.32290647422377
95, 5.32290647422377
100, 5.266244708835067
150, 4.58257569495584
200, 4.604345773288535
250, 4.155317877932646
300, 3.0
350, 2.6832815729997477
400, 2.6832815729997477
450, 2.516611478423583
500, 2.5298221281347035
550, 2.54296414970142
600, 2.32379000772445
650, 2.3664319132398464
700, 2.280350850198276
750, 2.1756225162774294
800, 2.065591117977289
850, 2.065591117977289
900, 2.065591117977289
950, 2.04939015319192
1000, 2.065591117977289
1250, 2.016597794967223
1500, 2.065591117977289
1750, 2.065591117977289
2000, 1.8073922282301278
2250, 1.8073922282301278
2500, 1.8439088914585775
2750, 1.632993161855452
3000, 1.7126976771553504
3250, 1.6931233465600393
3500, 1.6931233465600393
3750, 1.6733200530681511
4000, 1.6733200530681511
4250, 1.6733200530681511
4500, 1.6733200530681511
4750, 1.6733200530681511
5000, 1.6733200530681511
5250, 1.6733200530681511
5500, 1.7511900715418263
5750, 1.4832396974191326
6000, 1.3165611772087666
6250, 1.3165611772087666
6500, 1.3165611772087666
6750, 1.3165611772087666
7000, 1.3165611772087666
7250, 1.3165611772087666
7500, 0.9309493362512627
7750, 0.9309493362512627
8000, 0.9309493362512627
8250, 0.9309493362512627
8500, 0.9309493362512627
8750, 0.8563488385776752
9000, 0.8563488385776752
9250, 0.816496580927726
9500, 0.816496580927726
9750, 0.816496580927726
10000, 0.816496580927726
11000, 0.5773502691896257
12000, 0.5163977794943222
13000, 0.5163977794943222
14000, 0.5163977794943222
15000, 0.3651483716701107
16000, 0.3651483716701107
17000, 0.3651483716701107
18000, 0.3651483716701107
19000, 0.3651483716701107
20000, 0.3651483716701107
21000, 0.3651483716701107
22000, 0.3651483716701107
23000, 0.3651483716701107
24000, 0.3651483716701107
25000, 0.3651483716701107
26000, 0.3651483716701107
27000, 0.3651483716701107
28000, 0.3651483716701107
29000, 0.3651483716701107
30000, 0.3651483716701107
31000, 0.3651483716701107
32000, 0.3651483716701107
33000, 0.3651483716701107
34000, 0.3651483716701107
35000, 0.3651483716701107
36000, 0.3651483716701107
37000, 0.3651483716701107
38000, 0.3651483716701107
39000, 0.3651483716701107
40000, 0.3651483716701107
41000, 0.3651483716701107
42000, 0.3651483716701107
43000, 0.3651483716701107
44000, 0.3651483716701107
45000, 0.3651483716701107
46000, 0.3651483716701107
47000, 0.3651483716701107
48000, 0.3651483716701107
49000, 0.3651483716701107
50000, 0.3651483716701107
51000, 0.3651483716701107
52000, 0.3651483716701107
53000, 0.3651483716701107
54000, 0.5163977794943222
55000, 0.5163977794943222
56000, 0.3651483716701107
57000, 0.3651483716701107
58000, 0.3651483716701107
59000, 0.3651483716701107
60000, 0.3651483716701107
61000, 0.3651483716701107
62000, 0.3651483716701107
63000, 0.5773502691896257
64000, 0.5773502691896257
65000, 0.5773502691896257
66000, 0.5773502691896257
67000, 0.5773502691896257
68000, 0.5773502691896257
69000, 0.7745966692414834
70000, 0.5773502691896257
71000, 0.5773502691896257
72000, 0.5773502691896257
73000, 0.5773502691896257
74000, 0.5773502691896257
75000, 0.5773502691896257
76000, 0.5773502691896257
77000, 0.5773502691896257
78000, 0.5163977794943222
79000, 0.5163977794943222
80000, 0.5163977794943222
81000, 0.5163977794943222
82000, 0.5163977794943222
83000, 0.4472135954999579
84000, 0.4472135954999579
85000, 0.4472135954999579
86000, 0.4472135954999579
87000, 0.4472135954999579
88000, 0.4472135954999579
89000, 0.4472135954999579
90000, 0.4472135954999579
91000, 0.4472135954999579
92000, 0.4472135954999579
93000, 0.4472135954999579
94000, 0.4472135954999579
95000, 0.4472135954999579
96000, 0.4472135954999579
97000, 0.4472135954999579
98000, 0.4472135954999579
99000, 0.4472135954999579
100000, 0.4472135954999579
