10.72846680565308
8.502940667792526
7.635443667528429
7.063993204979744
6.899275324264136
6.232976816898969
6.176568626672903
5.403702434442518
5.394441583704471
4.254409477236529
4.873397172404482
4.636809247747852
4.08656334834051
4.159326868617084
4.242640687119285
3.7815340802378077
4.254409477236529
3.271085446759225
3.774917217635375
3.521363372331802
3.63318042491699
3.361547262794322
3.591656999213594
3.968626966596886
3.7549966711037173
3.605551275463989
3.4856850115866753
3.52845575287547
3.22490309931942
3.1780497164141406
3.420526275297414
3.605551275463989
3.1859064644147983
3.1780497164141406
3.170173496829472
3.170173496829472
3.0903074280724887
2.9748949561287032
2.8460498941515415
2.7386127875258306
2.924038303442689
2.932575659723036
2.7202941017470885
2.898275349237888
2.598076211353316
2.8284271247461903
2.711088342345192
2.7748873851023217
2.7202941017470885
2.5298221281347035
2.8106938645110393
2.6739483914241875
2.7294688127912363
2.9154759474226504
2.6267851073127395
2.7386127875258306
2.8809720581775866
2.8106938645110393
2.9410882339705484
2.9068883707497264
3.0
2.8635642126552705
2.819574435974337
3.0740852297878796
3.138470965295043
3.03315017762062
3.024896692450835
2.924038303442689
3.0083217912982647
3.03315017762062
3.024896692450835
3.0413812651491097
3.1144823004794873
2.898275349237888
2.932575659723036
2.898275349237888
2.80178514522438
2.8460498941515415
2.80178514522438
2.819574435974337
2.819574435974337
2.8809720581775866
2.8635642126552705
2.7202941017470885
2.7477263328068173
2.819574435974337
2.8809720581775866
2.8106938645110393
2.8460498941515415
2.9748949561287032
3.03315017762062
2.932575659723036
2.8635642126552705
2.9748949561287032
2.9410882339705484
2.9664793948382653
2.9832867780352594
2.8106938645110393
2.9832867780352594
2.6551836094703507
2.8722813232690143
2.80178514522438
2.7202941017470885
2.6739483914241875
2.692582403567252
2.8372521918222215
2.8635642126552705
2.8372521918222215
2.8106938645110393
2.8106938645110393
2.9068883707497264
2.8809720581775866
2.9068883707497264
2.9154759474226504
2.7838821814150108
2.7386127875258306
2.6362852652928135
