1, 13.635248439247448
2, 12.727922061357855
3, 12.727922061357855
4, 12.727922061357855
5, 11.906300852909773
6, 11.902940813093208
7, 11.902940813093208
8, 11.902940813093208
9, 11.902940813093208
10, 11.902940813093208
15, 11.902940813093208
20, 11.902940813093208
25, 11.902940813093208
30, 11.902940813093208
35, 11.103152705425607
40, 11.099549540409287
45, 11.099549540409287
50, 11.099549540409287
55, 11.099549540409287
60, 11.099549540409287
65, 11.099549540409287
70, 11.077905939300983
75, 11.077905939300983
80, 10.680823938254951
85, 10.680823938254951
90, 10.680823938254951
95, 10.680823938254951
100, 10.680823938254951
150, 9.863062404750362
200, 9.863062404750362
250, 9.863062404750362
300, 9.528903399657276
350, 9.528903399657276
400, 9.528903399657276
450, 8.694826047713663
500, 7.807688518377254
550, 7.58946638440411
600, 7.58946638440411
650, 7.58946638440411
700, 7.58946638440411
750, 7.812809993849844
800, 7.812809993849844
850, 7.812809993849844
900, 7.812809993849844
950, 7.812809993849844
1000, 7.812809993849844
1250, 7.557777451076474
1500, 7.161005515987263
1750, 7.381056834898374
2000, 7.477967638335967
2250, 7.477967638335967
2500, 7.807688518377254
2750, 7.8943017423962205
3000, 7.929691040639604
3250, 7.557777451076474
3500, 7.8587530817554
3750, 7.96994353806851
4000, 7.2
4250, 6.8
4500, 6.406246951218787
4750, 6.393746945258313
5000, 6.1773780845922
5250, 6.603029607687671
5500, 6.603029607687671
5750, 6.603029607687671
6000, 6.43117407632541
6250, 6.381222453417527
6500, 6.499230723708768
6750, 6.499230723708768
7000, 6.523802572120037
7250, 6.523802572120037
7500, 6.381222453417527
7750, 6.273754856543249
8000, 6.125357132445422
8250, 6.125357132445422
8500, 6.324555320336759
8750, 6.324555320336759
9000, 6.254598308444756
9250, 6.254598308444756
9500, 6.337191807101943
9750, 6.511528238439882
10000, 6.5482822174979605
11000, 6.29285308902091
12000, 6.566582063752802
13000, 6.6573267908372955
14000, 6.9397406291589885
15000, 7.025667228100119
16000, 6.957010852370434
17000, 7.048404074682439
18000, 7.397296803562772
19000, 7.359347797189639
20000, 6.985699678629192
21000, 6.835202996254025
22000, 6.590902821313632
23000, 6.717142249498666
24000, 6.805879810869422
25000, 6.75869809948632
26000, 6.705221845696084
27000, 6.517668294720129
28000, 6.330876716537765
29000, 6.203224967708329
30000, 6.20966987850401
31000, 6.418722614352485
32000, 6.56048778674269
33000, 6.486909896090742
34000, 6.711184694225007
35000, 6.273754856543249
36000, 6.254598308444756
37000, 6.456004956627589
38000, 6.424951361683604
39000, 6.5360538553472765
40000, 6.286493458200685
41000, 6.387487769068525
42000, 6.406246951218787
43000, 6.517668294720129
44000, 6.468384651518492
45000, 6.0266076693277455
46000, 5.939696961966999
47000, 6.092618484691126
48000, 5.789645930452052
49000, 5.932958789676531
50000, 5.74108003776293
51000, 5.635601121442148
52000, 5.528109984434101
53000, 5.592852581643825
54000, 5.865151319446072
55000, 5.871967302361279
56000, 5.748043145279966
57000, 5.782732917920384
58000, 5.761944116355173
59000, 5.6
60000, 5.571355310873647
61000, 5.621387729022079
62000, 5.761944116355173
63000, 5.585696017507576
64000, 5.6
65000, 5.830951894845301
66000, 5.90592922409336
67000, 5.74108003776293
68000, 6.11228271597445
69000, 5.607138307550475
70000, 5.663920903402518
71000, 5.628498911788116
72000, 5.67097875150313
73000, 5.803447251418763
74000, 5.549774770204643
75000, 5.513619500836088
76000, 5.403702434442518
77000, 5.678027826631356
78000, 5.549774770204643
79000, 5.61426753904728
80000, 5.462600113499065
81000, 5.261178575186362
82000, 5.253570214625479
83000, 5.2687759489277965
84000, 5.403702434442518
85000, 5.223025942880239
86000, 5.2
87000, 5.091168824543142
88000, 4.841487374764082
89000, 5.462600113499065
90000, 5.1613951602255765
91000, 5.043808085167397
92000, 5.2839379254491625
93000, 5.396295025292817
94000, 5.469917732470938
95000, 5.314132102234569
96000, 5.2459508194416005
97000, 5.238320341483518
98000, 5.2459508194416005
99000, 5.169139193328034
100000, 5.169139193328034
