1, 33.83144493908983
2, 33.065087327875
3, 32.19316697686017
4, 31.442010113858814
5, 30.49098227345259
6, 30.489342400255207
7, 30.489342400255207
8, 30.488795756255556
9, 30.488795756255556
10, 29.731016352175605
15, 28.82649244474025
20, 28.822444957590488
25, 28.820710146235697
30, 28.820710146235697
35, 28.820710146235697
40, 28.108124566869748
45, 28.107531612244667
50, 28.107531612244667
55, 28.09982206349357
60, 28.09982206349357
65, 26.702684009914307
70, 26.702684009914307
75, 26.70205984563738
80, 26.702684009914307
85, 26.702684009914307
90, 26.698314553544385
95, 26.698314553544385
100, 26.698314553544385
150, 25.858589804292627
200, 25.858589804292627
250, 25.42505326117004
300, 25.140936073795398
350, 25.140936073795398
400, 24.282366716062363
450, 24.282366716062363
500, 24.2816803372419
550, 24.2816803372419
600, 23.527997506516925
650, 23.527997506516925
700, 23.52728911994183
750, 23.109882445972474
800, 22.3308456325923
850, 22.3308456325923
900, 22.330099268326894
950, 22.330099268326894
1000, 22.330099268326894
1250, 22.01590334281108
1500, 20.974587798889715
1750, 21.072098455857056
2000, 20.972998513962345
2250, 20.548317043819754
2500, 20.613911160508415
2750, 20.287927444665215
3000, 20.55075018906447
3250, 19.826749607537792
3500, 19.702791680368545
3750, 19.48674763354145
4000, 19.66892642384598
4250, 19.66892642384598
4500, 18.82020191177555
4750, 18.819316317727026
5000, 18.603763060198332
5250, 18.44902888139825
5500, 17.938784797192923
5750, 17.701224063135673
6000, 17.368553960150702
6250, 17.39348537048666
6500, 17.397317800933184
6750, 17.22885177060077
7000, 17.22885177060077
7250, 17.22498185775532
7500, 17.22498185775532
7750, 17.020575783445164
8000, 17.001960671248085
8250, 17.253019059476713
8500, 17.11724276862369
8750, 17.098732896523845
9000, 16.592166826548002
9250, 16.592166826548002
9500, 16.615254035574257
9750, 16.282915381875977
10000, 16.282915381875977
11000, 16.36765102267274
12000, 15.800843859321775
13000, 15.802953310483877
14000, 16.067565673326705
15000, 15.944696087832257
16000, 14.964402204342589
17000, 14.761436244485155
18000, 15.382890928994241
19000, 15.625833311112295
20000, 15.36012152729702
21000, 15.616230872610288
22000, 14.992220204715068
23000, 15.033296378372908
24000, 15.936331656522045
25000, 15.957234513954269
26000, 16.09140557357664
27000, 14.653782219390779
28000, 14.359665734271115
29000, 14.652644812456213
30000, 14.236104336041748
31000, 14.206805880750723
32000, 14.314328485821472
33000, 14.700340132119392
34000, 14.508618128546908
35000, 14.238445608047718
36000, 14.260668521028974
37000, 14.342245291445828
38000, 14.28402370949213
39000, 14.143314085932381
40000, 14.145670715805595
41000, 13.988090172238191
42000, 14.005951116102992
43000, 13.870832707519762
44000, 13.841965178398622
45000, 14.441837371562757
46000, 14.722997883130551
47000, 15.258877197662132
48000, 14.880636187116911
49000, 14.27351860381081
50000, 14.058212309299263
51000, 13.855203595280246
52000, 14.261837188805655
53000, 14.567086187704115
54000, 14.632156368765337
55000, 14.660604807897023
56000, 14.719601443879744
57000, 14.696938456699069
58000, 14.869431730903505
59000, 14.51895313030523
60000, 14.434911384094697
61000, 14.483323743763608
62000, 14.508618128546908
63000, 14.277021164561372
64000, 14.438374793122204
65000, 14.840260554765651
66000, 14.267679091802796
67000, 14.432601983010548
68000, 14.203286004771337
69000, 14.337596265297286
70000, 14.626460041080799
71000, 14.619621518128755
72000, 14.520101009749668
73000, 14.227906850037124
74000, 14.495976453255341
75000, 14.91755118420357
76000, 14.841383583300672
77000, 14.55793025582048
78000, 14.430292212333516
79000, 14.310835055998654
80000, 14.862705002791383
81000, 14.809906594348709
82000, 15.131644546005786
83000, 15.180030742173527
84000, 15.356865999719258
85000, 15.234828518890522
86000, 15.21950502918322
87000, 15.049916943292411
88000, 14.913081505845799
89000, 15.119523802024982
90000, 15.388307249337076
91000, 15.535979745953156
92000, 15.417522498767433
93000, 15.443445211480501
94000, 15.406708495543969
95000, 15.228263197095066
96000, 15.115113848948234
97000, 15.032187687315066
98000, 15.018877010837617
99000, 15.171244730300367
100000, 14.969969939849578
