8.935882720806042
8.083934685535256
7.57957782465488
6.2048368229954285
6.682065548915245
6.496152707564686
6.507687761409578
6.316644678941502
6.312685640834652
5.932958789676531
5.6964901474504455
5.58121850495033
4.8166378315169185
4.06201920231798
4.533210782657255
5.034878350069642
4.663689526544408
4.341658669218482
4.706378650300037
3.8987177379235853
3.840572873934304
3.7349698793966195
3.924283374069717
3.5637059362410923
3.681032463861192
3.0495901363953815
3.3015148038438356
3.3689761055846033
3.3166247903554
3.1859064644147983
3.331666249791536
3.1304951684997055
3.1859064644147983
2.792848008753788
3.0
2.9748949561287032
2.7748873851023217
2.819574435974337
2.598076211353316
2.7294688127912363
2.924038303442689
2.7748873851023217
2.9916550603303182
2.958039891549808
3.0166206257996713
2.924038303442689
2.701851217221259
2.8548204847240397
2.7838821814150108
2.7838821814150108
2.6267851073127395
2.792848008753788
2.8106938645110393
2.6645825188948455
2.6172504656604803
2.4899799195977463
2.5
2.449489742783178
2.6832815729997477
2.5495097567963922
2.6362852652928135
2.5495097567963922
2.8635642126552705
2.6645825188948455
2.6076809620810595
2.539685019840059
2.224859546128699
2.3130067012440754
2.345207879911715
2.1908902300206643
2.1908902300206643
2.247220505424423
2.29128784747792
2.3130067012440754
2.179449471770337
2.3769728648009427
2.345207879911715
2.0
2.1447610589527217
2.0371548787463363
2.1447610589527217
2.1330729007701543
2.1213203435596424
2.1563858652847827
2.1563858652847827
1.9493588689617927
2.179449471770337
2.224859546128699
2.1563858652847827
2.085665361461421
2.1213203435596424
2.085665361461421
2.0976176963403033
2.16794833886788
2.179449471770337
2.2135943621178655
2.04939015319192
2.0124611797498106
2.1447610589527217
2.16794833886788
2.073644135332772
2.202271554554524
2.3130067012440754
2.2135943621178655
2.1447610589527217
2.16794833886788
2.0976176963403033
2.085665361461421
2.085665361461421
2.1447610589527217
2.0248456731316584
2.179449471770337
2.23606797749979
2.224859546128699
1.9364916731037085
1.9235384061671346
