1, 74.39023922738582
2, 74.39023922738582
3, 73.77908813582509
4, 73.21906014987333
5, 72.36616293863824
6, 71.90634935054815
7, 71.89811166879463
8, 71.09852319141376
9, 70.6404765207379
10, 70.2902772574065
15, 67.6899038034704
20, 64.94660528820224
25, 63.34860814450585
30, 61.44728822958122
35, 58.77558362763598
40, 56.7926051524316
45, 55.10898293381942
50, 54.598393890155926
55, 53.58472801949336
60, 52.30840497252072
65, 49.87137301251938
70, 47.447298699147815
75, 47.29612116149777
80, 46.07485548205559
85, 45.748308081367256
90, 44.06812907306141
95, 43.795328166720815
100, 41.409586404042315
150, 38.26969075873531
200, 34.538941233605605
250, 29.832867780352597
300, 28.53095484934538
350, 28.097084436755246
400, 25.338022507989542
450, 23.87209507095938
500, 23.495989837875282
550, 22.569550624339318
600, 22.103602212518005
650, 21.127452065245134
700, 20.900128818152883
750, 20.21918357934822
800, 19.348225917480036
850, 19.226584159999362
900, 18.261350527190565
950, 17.881662287210496
1000, 17.662215210834855
1250, 14.704264164363499
1500, 13.133632692149865
1750, 13.004732866271299
2000, 11.75977498476513
2250, 11.2632827568848
2500, 10.891069029961413
2750, 10.771757945236667
3000, 10.24845204071177
3250, 10.086548544396221
3500, 9.874598336524494
3750, 9.40130923779318
4000, 8.689516229784735
4250, 8.38863700306735
4500, 8.326048097571675
4750, 8.075604287939363
5000, 7.566118809941716
5250, 7.5589987126908245
5500, 7.522274615075907
5750, 7.013174415670509
6000, 7.012077493099372
6250, 6.848919061260128
6500, 6.797058187186572
6750, 6.885882994604586
7000, 6.826419266350405
7250, 6.827546017082903
7500, 6.765296059244618
7750, 6.465291950097845
8000, 6.364565366754615
8250, 6.309943313167292
8500, 6.174388789433082
8750, 6.109261569377835
9000, 6.068835904089781
9250, 5.944616180920475
9500, 5.963994531287799
9750, 5.7539284239285
10000, 5.545615038374567
11000, 5.4349297638940595
12000, 4.752327365051295
13000, 4.670694232700811
14000, 4.415009364917326
15000, 4.334122216160429
16000, 3.9183984169359496
17000, 3.9496835316262997
18000, 3.839070400300252
19000, 3.804855197891646
20000, 3.812933455813455
21000, 3.800809630349019
22000, 3.7866161065602544
23000, 3.6012818230778287
24000, 3.5235471637803597
25000, 3.499450506315791
26000, 3.5169917215186572
27000, 3.459657608670368
28000, 3.457433463401162
29000, 3.4641016151377544
30000, 3.3258891234583365
31000, 3.251035338047061
32000, 3.196151531981019
33000, 3.302679564791642
34000, 3.269909431820351
35000, 3.246299668616799
36000, 3.23205102777692
37000, 3.1304951684997055
38000, 3.1525325594609708
39000, 3.1107753176536352
40000, 3.080958891693898
41000, 3.035685197016419
42000, 2.8956200345721097
43000, 2.884974336640956
44000, 2.8065856617824934
45000, 2.7456258919345764
46000, 2.557041559783794
47000, 2.566050542100717
48000, 2.535896139586405
49000, 2.535896139586405
50000, 2.5267796470241297
51000, 2.5510178963880885
52000, 2.589921293725411
53000, 2.589921293725411
54000, 2.4837936245249463
55000, 2.554031503931955
56000, 2.554031503931955
57000, 2.508447267196919
58000, 2.4930673106405723
59000, 2.229177150706235
60000, 2.4210614328303324
61000, 2.436895881744138
62000, 2.263421508044165
63000, 2.242937634168465
64000, 2.229177150706235
65000, 2.2188007849009166
66000, 2.2257237370900627
67000, 2.2257237370900627
68000, 2.2395054399095833
69000, 2.2083756648095627
70000, 2.229177150706235
71000, 2.2497863146393398
72000, 2.3071794301867645
73000, 2.2971554315986276
74000, 2.2702083943651856
75000, 2.2702083943651856
76000, 2.2702083943651856
77000, 2.2257237370900627
78000, 2.1626194942529944
79000, 2.2083756648095627
80000, 2.0115053681643125
81000, 2.02294530136326
82000, 2.019139192062567
83000, 2.0
84000, 1.9922928422374984
85000, 1.9922928422374984
86000, 2.0076775714165933
87000, 2.0076775714165933
88000, 2.0
89000, 1.8187062180825984
90000, 1.6641005886756874
91000, 1.7276039432159747
92000, 1.7888543819998317
93000, 1.7759071354792608
94000, 1.7759071354792608
95000, 1.7759071354792608
96000, 1.8229308607506
97000, 1.8313509095326745
98000, 1.8313509095326745
99000, 1.8313509095326745
100000, 1.8187062180825984
