1, 10.677078252031311
2, 10.677078252031311
3, 10.677078252031311
4, 10.677078252031311
5, 10.677078252031311
6, 10.677078252031311
7, 10.677078252031311
8, 10.677078252031311
9, 10.677078252031311
10, 10.677078252031311
15, 10.677078252031311
20, 10.677078252031311
25, 9.843779761859771
30, 9.843779761859771
35, 9.843779761859771
40, 9.843779761859771
45, 9.843779761859771
50, 9.843779761859771
55, 9.843779761859771
60, 9.843779761859771
65, 9.843779761859771
70, 9.934787365615835
75, 9.934787365615835
80, 9.934787365615835
85, 9.934787365615835
90, 9.934787365615835
95, 9.934787365615835
100, 9.934787365615835
150, 9.843779761859771
200, 9.843779761859771
250, 9.843779761859771
300, 9.843779761859771
350, 9.843779761859771
400, 9.843779761859771
450, 9.843779761859771
500, 9.843779761859771
550, 9.843779761859771
600, 9.843779761859771
650, 9.843779761859771
700, 9.843779761859771
750, 9.843779761859771
800, 9.843779761859771
850, 9.843779761859771
900, 9.843779761859771
950, 9.843779761859771
1000, 9.843779761859771
1250, 9.843779761859771
1500, 9.843779761859771
1750, 9.843779761859771
2000, 9.843779761859771
2250, 9.843779761859771
2500, 9.843779761859771
2750, 9.843779761859771
3000, 9.843779761859771
3250, 9.843779761859771
3500, 9.843779761859771
3750, 9.843779761859771
4000, 9.843779761859771
4250, 9.843779761859771
4500, 9.843779761859771
4750, 9.843779761859771
5000, 9.843779761859771
5250, 9.843779761859771
5500, 9.843779761859771
5750, 9.843779761859771
6000, 9.843779761859771
6250, 9.843779761859771
6500, 9.843779761859771
6750, 9.843779761859771
7000, 9.843779761859771
7250, 9.843779761859771
7500, 9.843779761859771
7750, 9.843779761859771
8000, 9.843779761859771
8250, 9.843779761859771
8500, 9.843779761859771
8750, 9.843779761859771
9000, 9.843779761859771
9250, 9.843779761859771
9500, 9.843779761859771
9750, 9.843779761859771
10000, 9.843779761859771
11000, 9.843779761859771
12000, 9.843779761859771
13000, 9.843779761859771
14000, 9.843779761859771
15000, 9.843779761859771
16000, 9.843779761859771
17000, 9.843779761859771
18000, 9.843779761859771
19000, 9.843779761859771
20000, 9.843779761859771
21000, 9.843779761859771
22000, 9.843779761859771
23000, 9.843779761859771
24000, 9.843779761859771
25000, 9.843779761859771
26000, 9.843779761859771
27000, 9.843779761859771
28000, 9.843779761859771
29000, 9.843779761859771
30000, 9.843779761859771
31000, 9.843779761859771
32000, 9.843779761859771
33000, 9.843779761859771
34000, 9.843779761859771
35000, 9.843779761859771
36000, 9.843779761859771
37000, 9.843779761859771
38000, 9.843779761859771
39000, 9.843779761859771
40000, 9.843779761859771
41000, 9.843779761859771
42000, 9.843779761859771
43000, 9.843779761859771
44000, 9.843779761859771
45000, 9.843779761859771
46000, 9.843779761859771
47000, 9.843779761859771
48000, 9.843779761859771
49000, 9.843779761859771
50000, 9.843779761859771
51000, 9.843779761859771
52000, 9.843779761859771
53000, 9.843779761859771
54000, 9.843779761859771
55000, 9.843779761859771
56000, 9.843779761859771
57000, 9.843779761859771
58000, 9.843779761859771
59000, 9.843779761859771
60000, 9.843779761859771
61000, 9.843779761859771
62000, 9.843779761859771
63000, 9.843779761859771
64000, 9.843779761859771
65000, 9.843779761859771
66000, 9.843779761859771
67000, 9.843779761859771
68000, 9.843779761859771
69000, 9.843779761859771
70000, 9.843779761859771
71000, 9.843779761859771
72000, 9.843779761859771
73000, 9.843779761859771
74000, 9.843779761859771
75000, 9.843779761859771
76000, 9.843779761859771
77000, 9.843779761859771
78000, 9.843779761859771
79000, 9.843779761859771
80000, 9.843779761859771
81000, 9.843779761859771
82000, 9.843779761859771
83000, 9.843779761859771
84000, 9.843779761859771
85000, 9.843779761859771
86000, 9.843779761859771
87000, 9.843779761859771
88000, 9.843779761859771
89000, 9.843779761859771
90000, 9.843779761859771
91000, 9.843779761859771
92000, 9.843779761859771
93000, 9.843779761859771
94000, 9.843779761859771
95000, 9.843779761859771
96000, 9.843779761859771
97000, 9.843779761859771
98000, 9.843779761859771
99000, 9.843779761859771
100000, 9.843779761859771
