1, 22.577643809751272
2, 21.98749644684451
3, 21.10094784600919
4, 20.871032557111302
5, 20.871032557111302
6, 20.514628926695213
7, 19.933639908456257
8, 19.4948711203742
9, 19.200260414900626
10, 18.44315591215343
15, 18.008331405213532
20, 17.438463235044537
25, 17.527121840165314
30, 16.27114009527298
35, 15.87765725792064
40, 15.73689931339716
45, 14.66287829861518
50, 14.309088021254185
55, 12.93058390019569
60, 12.537942414925983
65, 12.637246535539298
70, 12.519984025548915
75, 12.345039489608771
80, 11.545561917897285
85, 11.508692367076288
90, 11.231651704001509
95, 11.366617790706258
100, 11.146748404803978
150, 9.452512893405647
200, 7.92464510246358
250, 7.010706098532443
300, 7.33143914930759
350, 6.837397165588672
400, 6.375735251718032
450, 5.263078946776307
500, 5.200961449578338
550, 4.8166378315169185
600, 4.695742752749559
650, 4.727578661429125
700, 4.577116996538323
750, 4.759201613716317
800, 4.969909455915671
850, 4.318564576337836
900, 4.460941604639093
950, 4.189272013130682
1000, 3.7282703764614498
1250, 3.4641016151377544
1500, 3.255764119219941
1750, 3.271085446759225
2000, 2.932575659723036
2250, 3.3241540277189325
2500, 2.479919353527449
2750, 2.8460498941515415
3000, 2.355843797877949
3250, 2.949576240750525
3500, 2.8722813232690143
3750, 2.355843797877949
4000, 2.8372521918222215
4250, 2.9664793948382653
4500, 2.598076211353316
4750, 2.3769728648009427
5000, 2.5592967784139455
5250, 2.3130067012440754
5500, 2.4083189157584592
5750, 2.3664319132398464
6000, 2.3021728866442674
6250, 1.8973665961010275
6500, 2.0976176963403033
6750, 1.9235384061671346
7000, 1.9621416870348585
7250, 1.6583123951777
7500, 1.816590212458495
7750, 2.04939015319192
8000, 2.0248456731316584
8250, 1.857417562100671
8500, 1.9748417658131499
8750, 2.04939015319192
9000, 2.1213203435596424
9250, 2.0248456731316584
9500, 2.073644135332772
9750, 2.1447610589527217
10000, 2.1447610589527217
11000, 2.202271554554524
12000, 2.179449471770337
13000, 1.9748417658131499
14000, 1.8708286933869707
15000, 1.8973665961010275
16000, 2.0371548787463363
17000, 1.7748239349298849
18000, 1.6733200530681511
19000, 1.70293863659264
20000, 1.6583123951777
21000, 1.5491933384829668
22000, 1.7320508075688772
23000, 1.6881943016134133
24000, 1.6733200530681511
25000, 1.6733200530681511
26000, 1.6278820596099706
27000, 1.5652475842498528
28000, 1.51657508881031
29000, 1.3038404810405297
30000, 1.4142135623730951
31000, 1.4832396974191326
32000, 1.449137674618944
33000, 1.3228756555322954
34000, 1.161895003862225
35000, 1.3038404810405297
36000, 1.396424004376894
37000, 1.3038404810405297
38000, 1.4317821063276353
39000, 1.2649110640673518
40000, 1.140175425099138
41000, 1.118033988749895
42000, 1.140175425099138
43000, 1.1832159566199232
44000, 1.2649110640673518
45000, 1.224744871391589
46000, 1.378404875209022
47000, 1.224744871391589
48000, 1.3038404810405297
49000, 1.2041594578792296
50000, 1.3228756555322954
51000, 1.2649110640673518
52000, 1.224744871391589
53000, 1.1832159566199232
54000, 1.1832159566199232
55000, 1.2649110640673518
56000, 1.284523257866513
57000, 1.2449899597988732
58000, 1.140175425099138
59000, 1.02469507659596
60000, 1.118033988749895
61000, 1.0954451150103321
62000, 1.0723805294763609
63000, 1.118033988749895
64000, 1.118033988749895
65000, 1.2649110640673518
66000, 1.1832159566199232
67000, 1.0954451150103321
68000, 1.0723805294763609
69000, 1.02469507659596
70000, 0.9746794344808963
71000, 1.161895003862225
72000, 1.0488088481701516
73000, 0.9746794344808963
74000, 0.8944271909999159
75000, 0.806225774829855
76000, 0.9219544457292888
77000, 0.8660254037844386
78000, 0.8366600265340756
79000, 0.8366600265340756
80000, 0.9219544457292888
81000, 0.8366600265340756
82000, 0.8366600265340756
83000, 0.806225774829855
84000, 0.8366600265340756
85000, 0.9219544457292888
86000, 0.8366600265340756
87000, 0.8366600265340756
88000, 0.8366600265340756
89000, 0.8366600265340756
90000, 1.02469507659596
91000, 0.8366600265340756
92000, 0.8366600265340756
93000, 0.806225774829855
94000, 0.806225774829855
95000, 0.8366600265340756
96000, 0.7416198487095663
97000, 0.8366600265340756
98000, 0.9746794344808963
99000, 1.0
100000, 0.9219544457292888
