1, 16.97841767264154
2, 16.74713905915475
3, 15.966631871917551
4, 16.0312195418814
5, 15.764940004114615
6, 15.064306599818437
7, 14.38749456993816
8, 14.182148403303827
9, 14.13742079258684
10, 13.660161053223348
15, 12.091319200153471
20, 12.209286083414815
25, 11.129540272026812
30, 10.043239849105799
35, 9.68159766429763
40, 9.532400886800065
45, 9.963265863494092
50, 9.91631652042901
55, 9.309493362512628
60, 8.497058314499201
65, 8.582928793055823
70, 8.221921916437786
75, 7.465476095557023
80, 7.339391437078872
85, 7.465476095557023
90, 7.438637868140466
95, 7.624521842931092
100, 7.5099933422074345
150, 5.5256975426938935
200, 5.196152422706632
250, 5.228129047119374
300, 5.609515724790034
350, 5.131601439446884
400, 5.079370039680118
450, 5.039841267341661
500, 4.597100535482483
550, 3.9157800414902435
600, 3.794733192202055
650, 3.803507153492243
700, 3.5308167138307627
750, 3.5023801430836525
800, 3.5308167138307627
850, 3.3565855667130946
900, 3.4544657088084305
950, 3.3366650016645862
1000, 3.723797345005051
1250, 2.3944379994757297
1500, 2.6076809620810595
1750, 2.503331114069145
2000, 2.1447610589527217
2250, 2.2211108331943574
2500, 2.016597794967223
2750, 2.016597794967223
3000, 1.7126976771553504
3250, 1.6733200530681511
3500, 1.61245154965971
3750, 1.61245154965971
4000, 1.570562531918633
4250, 1.5275252316519468
4500, 1.591644851508443
4750, 1.2909944487358056
5000, 1.4605934866804429
5250, 1.4142135623730951
5500, 1.4605934866804429
5750, 1.4605934866804429
6000, 1.5491933384829668
6250, 1.3416407864998738
6500, 1.1547005383792515
6750, 1.2110601416389966
7000, 1.1547005383792515
7250, 1.2909944487358056
7500, 1.4142135623730951
7750, 1.4142135623730951
8000, 1.3165611772087666
8250, 1.4142135623730951
8500, 1.3165611772087666
8750, 1.0954451150103321
9000, 1.1547005383792515
9250, 1.0954451150103321
9500, 1.3416407864998738
9750, 1.2649110640673518
10000, 1.3416407864998738
11000, 1.0954451150103321
12000, 1.1832159566199232
13000, 1.0327955589886444
14000, 1.1547005383792515
15000, 1.0954451150103321
16000, 0.9660917830792959
17000, 1.1547005383792515
18000, 1.0
19000, 1.0
20000, 0.9309493362512627
21000, 0.8944271909999159
22000, 0.8944271909999159
23000, 0.9309493362512627
24000, 0.8563488385776752
25000, 0.7745966692414834
26000, 0.8944271909999159
27000, 0.9660917830792959
28000, 0.7302967433402214
29000, 0.816496580927726
30000, 0.9660917830792959
31000, 0.9309493362512627
32000, 0.6831300510639732
33000, 0.6831300510639732
34000, 0.7745966692414834
35000, 0.7302967433402214
36000, 0.5163977794943222
37000, 0.5773502691896257
38000, 0.5773502691896257
39000, 0.4472135954999579
40000, 0.6324555320336759
41000, 0.5773502691896257
42000, 0.7302967433402214
43000, 0.6324555320336759
44000, 0.6324555320336759
45000, 0.5163977794943222
46000, 0.4472135954999579
47000, 0.5163977794943222
48000, 0.5163977794943222
49000, 0.3651483716701107
50000, 0.5163977794943222
51000, 0.4472135954999579
52000, 0.3651483716701107
53000, 0.2581988897471611
54000, 0.2581988897471611
55000, 0.2581988897471611
56000, 0.2581988897471611
57000, 0.0
58000, 0.0
59000, 0.0
60000, 0.0
61000, 0.0
62000, 0.0
63000, 0.0
64000, 0.0
65000, 0.0
66000, 0.0
67000, 0.0
68000, 0.0
69000, 0.2581988897471611
70000, 0.2581988897471611
71000, 0.0
72000, 0.0
73000, 0.0
74000, 0.0
75000, 0.0
76000, 0.0
77000, 0.0
78000, 0.0
79000, 0.0
80000, 0.0
81000, 0.0
82000, 0.0
83000, 0.0
84000, 0.3651483716701107
85000, 0.2581988897471611
86000, 0.2581988897471611
87000, 0.2581988897471611
88000, 0.2581988897471611
89000, 0.3651483716701107
90000, 0.2581988897471611
91000, 0.2581988897471611
92000, 0.2581988897471611
93000, 0.2581988897471611
94000, 0.0
95000, 0.0
96000, 0.0
97000, 0.0
98000, 0.0
99000, 0.0
100000, 0.0
