1, 172.74831402939944
2, 172.55650282347133
3, 172.37811152618343
4, 171.52222402165071
5, 171.4881337002651
6, 170.7966041816991
7, 170.0970703255448
8, 169.4914157118289
9, 169.37636592315155
10, 168.65870863966674
15, 166.3822706901189
20, 165.37271036459836
25, 162.97331069840854
30, 161.66574570184412
35, 158.5717082794616
40, 155.88245571583738
45, 154.58488498772016
50, 152.8757665557233
55, 151.56347405185284
60, 150.37466541941166
65, 149.83969211571858
70, 149.02151969877818
75, 147.98549478468038
80, 147.47492442219908
85, 145.82980948123512
90, 145.64340012510007
95, 144.92225501971737
100, 144.3537091083334
150, 137.65543941305043
200, 130.6211315216646
250, 126.55146515680225
300, 122.79123204311726
350, 116.85318423845654
400, 111.78106577889955
450, 107.85060655060468
500, 106.59612250608994
550, 103.73058051188826
600, 102.64173939809606
650, 101.14810922602558
700, 100.85610211253126
750, 98.84887455100336
800, 95.85308202313233
850, 93.81183294233196
900, 92.39779939659458
950, 92.11901721866845
1000, 88.7628676117816
1250, 84.8291223578318
1500, 80.7280207445552
1750, 76.47614006995907
2000, 72.68828424627085
2250, 69.72866459833192
2500, 67.42561333301562
2750, 66.36389580688183
3000, 63.27337512729979
3250, 61.118409665173715
3500, 58.80153059232387
3750, 57.248638994011614
4000, 55.96564422333878
4250, 54.20658016637218
4500, 52.30920887695907
4750, 51.767879359051726
5000, 49.117071031024096
5250, 49.24049823739263
5500, 47.73265828200506
5750, 46.11536258847659
6000, 44.89981440199206
6250, 44.34839343200608
6500, 43.54262279651974
6750, 42.089428601490894
7000, 41.00390225332218
7250, 40.268432632356905
7500, 40.233319524990726
7750, 39.376050250543585
8000, 39.05287014633709
8250, 39.02571801602972
8500, 38.6361661314025
8750, 38.02911165585299
9000, 37.834728314957765
9250, 37.57649974829126
9500, 37.69420822000819
9750, 37.13533806677049
10000, 36.78604807985404
11000, 37.26472863177726
12000, 35.57264866907345
13000, 33.25758058949368
14000, 32.86872880616671
15000, 32.56501189927619
16000, 31.175310744241187
17000, 29.786238433209387
18000, 28.666124025871838
19000, 28.314307337457507
20000, 27.789326488180073
21000, 26.19783706084658
22000, 25.68864859556973
23000, 24.579802006254376
24000, 24.127853889920118
25000, 23.27158496249593
26000, 22.46686448973243
27000, 22.198198125073123
28000, 21.574522010927613
29000, 21.45149567435023
30000, 21.570968143935186
31000, 21.13243951842759
32000, 21.055640574439906
33000, 20.769368470578655
34000, 20.43640542430754
35000, 20.469326645821386
36000, 19.991498192981936
37000, 19.7708539690795
38000, 19.345972879818337
39000, 19.025771994849514
40000, 18.895502110290693
41000, 18.74477705033236
42000, 18.20567677035563
43000, 18.361735575193684
44000, 18.14442063004493
45000, 17.962182495454165
46000, 17.9319082457315
47000, 18.03422671847433
48000, 18.268552214119214
49000, 17.513042758660376
50000, 17.465012644331715
51000, 17.710637105046974
52000, 17.612306303642725
53000, 17.313193427749447
54000, 17.002548828533524
55000, 17.284675293449975
56000, 16.99803910259455
57000, 16.877993561637197
58000, 16.439180839283527
59000, 16.287418457201866
60000, 16.254640363088114
61000, 16.362355168699484
62000, 16.29723902997069
63000, 16.09865418805767
64000, 16.19279675246579
65000, 15.990413794937682
66000, 15.615590500095303
67000, 15.387224137792582
68000, 15.179591562357665
69000, 15.152777523169362
70000, 14.96484769941434
71000, 15.041941364066009
72000, 15.302287410710857
73000, 15.306643437845324
74000, 15.202631351183912
75000, 15.05988047761336
76000, 14.95125412799876
77000, 15.027530291656932
78000, 14.927603067248718
79000, 14.903914474615945
80000, 14.846997451785777
81000, 14.403934647634768
82000, 14.292189008919056
83000, 14.246169075696573
84000, 14.517116334405626
85000, 14.468817044481096
86000, 14.175330683973478
87000, 13.892683925961414
88000, 13.850872415363108
89000, 13.713983131582644
90000, 13.749181793837769
