1, 86.23394536569305
2, 85.90296851680971
3, 85.38696231470782
4, 84.81336372687188
5, 84.39502354997006
6, 83.62543472732045
7, 82.75949089580804
8, 82.04080285646486
9, 81.14751998675005
10, 80.30309250998162
15, 78.00376059310645
20, 76.8740094787135
25, 75.0054220262331
30, 73.10029639702792
35, 71.48594267406705
40, 68.80978612571519
45, 66.0
50, 64.95824299758526
55, 63.7017006575701
60, 61.979781649610004
65, 61.35296787170663
70, 58.806462229928435
75, 57.80853454868638
80, 56.31411901113255
85, 55.83439799979937
90, 54.02567290958377
95, 53.451161509051104
100, 52.06611181949349
150, 45.043238486295955
200, 39.8819925948207
250, 35.60056179332006
300, 34.251423328089594
350, 32.391356871857035
400, 31.80209636695879
450, 28.0687251818342
500, 28.01666170929958
550, 26.198218768967227
600, 25.13351016737084
650, 24.99466609765638
700, 22.92771248947439
750, 22.084383622822713
800, 21.303833770787204
850, 20.61294091907638
900, 20.335519008211552
950, 19.654346423458943
1000, 19.746392075515974
1250, 17.631411363435053
1500, 16.285371759138116
1750, 15.237235094771405
2000, 14.087819798203931
2250, 14.139306913706909
2500, 13.46996659238619
2750, 12.22183837781098
3000, 11.983878059014675
3250, 11.802824520709722
3500, 11.239217054581694
3750, 11.440862438353735
4000, 11.239810200058244
4250, 10.943491216243562
4500, 10.569768209379049
4750, 9.553358920644962
5000, 9.368030742904295
5250, 8.954700813911465
5500, 8.783317520542376
5750, 8.687922651589389
6000, 8.493919393699628
6250, 8.453795991545258
6500, 8.218677914766259
6750, 8.257521823565874
7000, 8.244594188517306
7250, 8.141252974819048
7500, 7.928009418090605
7750, 7.7786031308112555
8000, 7.935573913292808
8250, 8.024961059095553
8500, 7.86468901694996
8750, 7.49933330370107
9000, 7.417996135525191
9250, 7.272780302836964
9500, 7.118052168020874
9750, 7.0398863627192165
10000, 6.903139382435598
11000, 6.168738390735445
12000, 6.142746399887703
13000, 6.101365967278693
14000, 5.680375574437544
15000, 5.078057371344545
16000, 5.054371045606631
17000, 4.8757905341937455
18000, 4.751140214025822
19000, 4.646145355740247
20000, 4.68045581825816
21000, 4.366539438350084
22000, 4.380258744260054
23000, 4.090639721771319
24000, 4.163331998932265
25000, 4.209513035969837
26000, 4.092269134192748
27000, 3.6533090023520685
28000, 3.6221540552549665
29000, 3.8488093396962824
30000, 3.8087618285561864
31000, 3.55715241918776
32000, 3.5496478698597698
33000, 3.6295086903509866
34000, 3.6073998022583154
35000, 3.448671241700683
36000, 3.4775470281986602
37000, 3.4136978971978955
38000, 3.288363321370273
39000, 3.2761766334148303
40000, 3.2822756333576457
41000, 3.183289703016886
42000, 3.170699186825097
43000, 3.1304951684997055
44000, 3.0962342719288323
45000, 3.177000681985028
46000, 3.1432467291003423
47000, 3.011090610836324
48000, 2.973213749463701
49000, 2.9776948578836393
50000, 2.886751345948129
51000, 2.923468259904093
52000, 2.8189832682487967
53000, 2.7398296784046026
54000, 2.747119703738202
55000, 2.7251911247959595
56000, 2.6608269391300143
57000, 2.6178871888095814
58000, 2.6457513110645907
59000, 2.6178871888095814
60000, 2.7129319932501073
61000, 2.6532998322843198
62000, 2.6608269391300143
63000, 2.68824602048746
64000, 2.7300793639257694
65000, 2.7856776554368237
66000, 2.8237091446063163
67000, 2.756809750418044
68000, 2.6229754097208002
69000, 2.592296279363144
70000, 2.594866727470475
71000, 2.6204325342711394
72000, 2.605123157677323
73000, 2.5403411844343533
74000, 2.548201980482186
75000, 2.535087112244206
76000, 2.5794056162870804
77000, 2.597434631837088
78000, 2.556038601690775
79000, 2.4765567494675613
80000, 2.3888630489558556
81000, 2.397220612848694
82000, 2.4110855093366834
83000, 2.4027761721253467
84000, 2.4110855093366834
85000, 2.460352278299458
86000, 2.4926558794453224
87000, 2.4899799195977463
88000, 2.4846193538112296
89000, 2.4819347291981715
90000, 2.3352373184182658
91000, 2.3380903889000244
92000, 2.3180451534284945
93000, 2.1786846184490924
94000, 2.2
95000, 2.1756225162774294
96000, 2.184795947756525
97000, 2.2211108331943574
98000, 2.1786846184490924
99000, 2.1908902300206643
100000, 2.2181073012818833
