8.464632301523794
7.42630459919333
6.1400325732035
5.205766033928148
4.919349550499537
3.7080992435478315
4.11703777004778
3.7416573867739413
3.0
2.598076211353316
2.8372521918222215
2.5099800796022267
2.4899799195977463
2.7294688127912363
2.8106938645110393
2.924038303442689
2.8548204847240397
2.9916550603303182
2.8460498941515415
3.170173496829472
3.0166206257996713
2.7477263328068173
2.7202941017470885
2.598076211353316
2.6362852652928135
2.32379000772445
2.258317958127243
2.202271554554524
2.179449471770337
2.085665361461421
1.8841443681416772
1.6881943016134133
1.7888543819998317
1.857417562100671
1.9874606914351791
1.8841443681416772
1.8708286933869707
2.1330729007701543
2.0615528128088303
1.8708286933869707
1.9364916731037085
1.8439088914585775
2.0
2.073644135332772
1.9621416870348585
1.8303005217723127
1.8973665961010275
1.5968719422671311
1.5811388300841898
1.6583123951777
1.5329709716755893
1.6583123951777
1.6881943016134133
1.6431676725154984
1.6583123951777
1.6881943016134133
1.5329709716755893
1.3038404810405297
1.3228756555322954
1.6278820596099706
1.5491933384829668
1.4832396974191326
1.4832396974191326
1.396424004376894
1.2649110640673518
1.4142135623730951
1.6583123951777
1.70293863659264
1.378404875209022
1.396424004376894
1.4832396974191326
1.61245154965971
1.6733200530681511
1.6881943016134133
1.61245154965971
1.5652475842498528
1.5329709716755893
1.5968719422671311
1.5652475842498528
1.5652475842498528
1.6881943016134133
1.8439088914585775
1.6881943016134133
1.6733200530681511
1.5652475842498528
1.61245154965971
1.6278820596099706
1.7320508075688772
1.61245154965971
1.466287829861518
1.61245154965971
1.5329709716755893
1.4832396974191326
1.5
1.4317821063276353
1.284523257866513
1.466287829861518
1.2649110640673518
1.284523257866513
1.3228756555322954
1.284523257866513
1.3416407864998738
1.2449899597988732
1.224744871391589
1.3038404810405297
1.2649110640673518
1.0723805294763609
1.140175425099138
1.118033988749895
1.0
1.0
1.118033988749895
1.02469507659596
0.9486832980505138
0.9746794344808963
1.0723805294763609
1.118033988749895
1.140175425099138
1.0954451150103321
1.1832159566199232
1.2041594578792296
1.3601470508735443
1.3601470508735443
1.3601470508735443
1.3416407864998738
1.2449899597988732
1.2449899597988732
1.3228756555322954
1.3228756555322954
1.224744871391589
1.0
1.02469507659596
0.8660254037844386
0.9486832980505138
0.9486832980505138
0.8944271909999159
0.9219544457292888
0.9746794344808963
0.9219544457292888
0.8944271909999159
0.9486832980505138
0.9486832980505138
0.8366600265340756
0.8944271909999159
0.9486832980505138
0.9746794344808963
0.9219544457292888
0.8366600265340756
0.8366600265340756
0.8944271909999159
1.02469507659596
0.9486832980505138
0.9486832980505138
0.9486832980505138
1.02469507659596
1.118033988749895
1.118033988749895
1.118033988749895
1.161895003862225
1.0723805294763609
0.9219544457292888
0.8660254037844386
0.9746794344808963
0.8660254037844386
0.806225774829855
0.8366600265340756
0.8944271909999159
1.0
0.8944271909999159
0.8366600265340756
0.8366600265340756
0.9219544457292888
0.9219544457292888
0.9219544457292888
0.9219544457292888
0.9219544457292888
0.9486832980505138
0.8366600265340756
0.8366600265340756
0.8366600265340756
0.9219544457292888
0.9746794344808963
0.9486832980505138
1.0
1.118033988749895
1.0488088481701516
1.140175425099138
1.140175425099138
1.118033988749895
1.140175425099138
1.118033988749895
1.0723805294763609
1.0488088481701516
1.118033988749895
1.161895003862225
1.2041594578792296
1.1832159566199232
1.0954451150103321
1.0488088481701516
1.0488088481701516
1.0488088481701516
0.9486832980505138
0.8944271909999159
1.0954451150103321
1.0488088481701516
1.0954451150103321
1.0954451150103321
1.3601470508735443
1.378404875209022
1.4142135623730951
1.4832396974191326
1.161895003862225
1.161895003862225
1.140175425099138
1.02469507659596
1.02469507659596
1.0
1.0488088481701516
1.161895003862225
1.0723805294763609
1.118033988749895
1.161895003862225
1.0954451150103321
1.0723805294763609
1.118033988749895
1.378404875209022
1.3038404810405297
1.449137674618944
1.3601470508735443
1.466287829861518
1.466287829861518
1.396424004376894
1.224744871391589
1.1832159566199232
1.161895003862225
1.161895003862225
1.140175425099138
1.140175425099138
1.2449899597988732
1.1832159566199232
1.02469507659596
1.02469507659596
1.02469507659596
1.02469507659596
0.8944271909999159
0.9746794344808963
0.9746794344808963
0.9746794344808963
0.806225774829855
0.806225774829855
0.806225774829855
0.8660254037844386
0.8660254037844386
0.806225774829855
0.9219544457292888
0.806225774829855
0.7745966692414834
0.7745966692414834
0.7745966692414834
0.8944271909999159
0.8366600265340756
0.7745966692414834
0.806225774829855
0.7416198487095663
0.7071067811865476
0.7416198487095663
0.7745966692414834
0.8660254037844386
0.7745966692414834
0.7745966692414834
0.7745966692414834
0.7745966692414834
0.806225774829855
0.806225774829855
0.806225774829855
0.806225774829855
0.806225774829855
0.806225774829855
0.806225774829855
0.806225774829855
0.8366600265340756
0.8366600265340756
0.8366600265340756
0.8366600265340756
0.9219544457292888
0.9486832980505138
0.9219544457292888
0.8366600265340756
0.7416198487095663
0.8660254037844386
0.8660254037844386
0.8660254037844386
0.9219544457292888
0.9486832980505138
0.9486832980505138
0.9486832980505138
0.8944271909999159
0.9219544457292888
0.806225774829855
0.806225774829855
0.8660254037844386
0.9486832980505138
0.9486832980505138
0.9486832980505138
0.9219544457292888
0.9219544457292888
0.8660254037844386
0.8366600265340756
0.8366600265340756
0.8366600265340756
0.806225774829855
0.8366600265340756
0.8660254037844386
0.806225774829855
0.8660254037844386
0.8660254037844386
0.8660254037844386
0.8660254037844386
0.8660254037844386
0.8944271909999159
0.8366600265340756
0.806225774829855
0.7071067811865476
0.806225774829855
0.6708203932499369
0.6324555320336759
0.6324555320336759
0.6324555320336759
0.6708203932499369
0.6708203932499369
0.7071067811865476
0.7071067811865476
0.6708203932499369
0.6708203932499369
0.7416198487095663
0.7416198487095663
0.806225774829855
0.7416198487095663
0.806225774829855
0.806225774829855
0.806225774829855
0.806225774829855
0.806225774829855
0.8366600265340756
0.806225774829855
0.806225774829855
0.7745966692414834
0.7745966692414834
0.7416198487095663
0.7071067811865476
0.7071067811865476
0.7416198487095663
0.8944271909999159
0.8660254037844386
0.8660254037844386
0.8660254037844386
0.9219544457292888
0.9219544457292888
0.9219544457292888
0.8660254037844386
0.8366600265340756
0.8366600265340756
0.8366600265340756
0.8660254037844386
0.8660254037844386
0.8944271909999159
0.8660254037844386
0.8660254037844386
0.8660254037844386
0.806225774829855
0.8944271909999159
1.0
1.0
0.9219544457292888
0.8944271909999159
0.8944271909999159
0.9219544457292888
0.8944271909999159
0.8944271909999159
0.8660254037844386
0.8366600265340756
0.806225774829855
0.8366600265340756
0.8366600265340756
0.806225774829855
0.8366600265340756
0.8366600265340756
0.7416198487095663
0.7416198487095663
0.7071067811865476
0.7416198487095663
0.7416198487095663
0.7416198487095663
0.7416198487095663
0.7416198487095663
0.7416198487095663
0.806225774829855
0.806225774829855
0.9219544457292888
0.7745966692414834
