1, 16.510602654052335
2, 15.84718692176417
3, 15.214028613968972
4, 14.375905768565216
5, 14.364307617610162
6, 14.364307617610162
7, 13.79130160644745
8, 13.79130160644745
9, 13.774372338997278
10, 13.757422239164816
15, 11.781341180018513
20, 11.693302926604327
25, 11.398830349353101
30, 11.384199576606166
35, 11.357816691600547
40, 10.532489417670133
45, 10.529324131522719
50, 9.556847457887633
55, 9.437513796899408
60, 9.430447143870397
65, 7.987490219086343
70, 7.987490219086343
75, 8.012490249604053
80, 7.284687135812126
85, 7.275529763071094
90, 6.668333125052067
95, 6.628222486710395
100, 6.628222486710395
150, 6.5370737592085755
200, 6.454972243679028
250, 6.26631204670392
300, 5.715476066494082
350, 5.709640969448079
400, 5.70379990298865
450, 4.781910357447813
500, 4.753945729601885
550, 4.8373546489791295
600, 4.844240566555986
650, 4.844240566555986
700, 4.774934554525329
750, 4.73990154609425
800, 4.73990154609425
850, 4.725815626252608
900, 4.802776974487434
950, 4.732863826479693
1000, 4.6833036772489285
1250, 4.066120181860509
1500, 4.049691346263317
1750, 3.5496478698597698
2000, 2.6832815729997477
2250, 2.6832815729997477
2500, 2.6583202716502514
2750, 2.160246899469287
3000, 2.0816659994661326
3250, 2.0816659994661326
3500, 2.1291625896895083
3750, 2.04939015319192
4000, 2.1134489978863145
4250, 2.1447610589527217
4500, 2.1447610589527217
4750, 2.1447610589527217
5000, 2.1447610589527217
5250, 1.8257418583505538
5500, 1.61245154965971
5750, 1.61245154965971
6000, 1.61245154965971
6250, 1.2649110640673518
6500, 1.2649110640673518
6750, 1.2649110640673518
7000, 1.4375905768565218
7250, 1.4142135623730951
7500, 1.4142135623730951
7750, 1.1547005383792515
8000, 1.2110601416389966
8250, 1.1254628677422756
8500, 1.2110601416389966
8750, 1.3416407864998738
9000, 1.3416407864998738
9250, 1.2909944487358056
9500, 1.2909944487358056
9750, 1.2909944487358056
10000, 1.2909944487358056
11000, 1.0
12000, 1.4375905768565218
13000, 1.7126976771553504
14000, 1.7126976771553504
15000, 2.0816659994661326
16000, 2.1756225162774294
17000, 2.4765567494675613
18000, 2.6457513110645907
19000, 1.879716290649558
20000, 1.879716290649558
21000, 1.879716290649558
22000, 1.9321835661585918
23000, 2.065591117977289
24000, 2.065591117977289
25000, 2.1291625896895083
26000, 2.1908902300206643
27000, 1.983263304085802
28000, 1.8439088914585775
29000, 1.7701224063135672
30000, 1.7888543819998317
31000, 1.7888543819998317
32000, 1.8073922282301278
33000, 2.0
34000, 1.96638416050035
35000, 1.9148542155126762
36000, 2.0816659994661326
37000, 2.4358434541926814
38000, 2.1908902300206643
39000, 2.2211108331943574
40000, 2.2211108331943574
41000, 2.065591117977289
42000, 2.065591117977289
43000, 2.065591117977289
44000, 2.0816659994661326
45000, 2.1908902300206643
46000, 2.1908902300206643
47000, 2.265686062395524
48000, 2.265686062395524
49000, 2.2949219304078006
50000, 2.2949219304078006
51000, 2.2949219304078006
52000, 2.2949219304078006
53000, 2.265686062395524
54000, 2.265686062395524
55000, 2.2211108331943574
56000, 2.2211108331943574
57000, 2.2211108331943574
58000, 2.2211108331943574
59000, 2.2211108331943574
60000, 2.2211108331943574
61000, 2.2211108331943574
62000, 2.23606797749979
63000, 2.23606797749979
64000, 2.23606797749979
65000, 2.23606797749979
66000, 2.2211108331943574
67000, 2.2211108331943574
68000, 2.2211108331943574
69000, 2.250925735484551
70000, 2.32379000772445
71000, 2.250925735484551
72000, 2.2949219304078006
73000, 2.250925735484551
74000, 2.250925735484551
75000, 2.1756225162774294
76000, 2.1756225162774294
77000, 2.23606797749979
78000, 2.206052281036573
79000, 2.206052281036573
80000, 2.23606797749979
81000, 2.23606797749979
82000, 2.23606797749979
83000, 2.1291625896895083
84000, 2.1291625896895083
85000, 2.0976176963403033
86000, 2.1756225162774294
87000, 2.1756225162774294
88000, 2.1291625896895083
89000, 2.1291625896895083
90000, 2.1291625896895083
91000, 2.1291625896895083
92000, 2.1134489978863145
93000, 2.1134489978863145
94000, 2.23606797749979
95000, 2.23606797749979
96000, 2.23606797749979
97000, 2.1908902300206643
98000, 2.1908902300206643
99000, 2.016597794967223
100000, 2.1908902300206643
