1, 13.564659966250536
2, 13.007690033207279
3, 12.992305415129373
4, 12.332072007574396
5, 12.34179889643321
6, 11.579291860904103
7, 10.616967551989598
8, 10.150862032359617
9, 10.135087567455942
10, 10.135087567455942
15, 8.962142600963231
20, 8.903931715820827
25, 8.56971411425142
30, 8.522910301065007
35, 7.647221717722064
40, 7.293833011524188
45, 7.183313998427188
50, 6.5360538553472765
55, 6.5360538553472765
60, 6.29285308902091
65, 6.20966987850401
70, 5.329165037789691
75, 4.445222154178574
80, 4.445222154178574
85, 4.326661530556787
90, 3.9293765408777
95, 3.9698866482558417
100, 3.8052595180880897
150, 2.979932885150268
200, 2.939387691339814
250, 2.95296461204668
300, 2.939387691339814
350, 2.939387691339814
400, 2.756809750418044
450, 2.7129319932501073
500, 2.7129319932501073
550, 2.3832750575625967
600, 1.8547236990991407
650, 1.7204650534085253
700, 1.296148139681572
750, 1.296148139681572
800, 1.0583005244258363
850, 1.0583005244258363
900, 1.0583005244258363
950, 1.1661903789690602
1000, 1.0583005244258363
1250, 1.0583005244258363
1500, 1.2328828005937953
1750, 1.1661903789690602
2000, 1.019803902718557
2250, 1.019803902718557
2500, 0.9797958971132712
2750, 0.7483314773547883
3000, 0.7483314773547883
3250, 0.7483314773547883
3500, 0.7483314773547883
3750, 0.7483314773547883
4000, 0.7483314773547883
4250, 0.7483314773547883
4500, 0.7483314773547883
4750, 0.4898979485566356
5000, 0.4898979485566356
5250, 0.4898979485566356
5500, 0.4898979485566356
5750, 0.4898979485566356
6000, 0.4898979485566356
6250, 0.4898979485566356
6500, 0.4898979485566356
6750, 0.4898979485566356
7000, 0.4898979485566356
7250, 0.4898979485566356
7500, 0.4898979485566356
7750, 0.4898979485566356
8000, 0.4898979485566356
8250, 0.4898979485566356
8500, 0.4898979485566356
8750, 0.4898979485566356
9000, 0.4898979485566356
9250, 0.4898979485566356
9500, 0.4898979485566356
9750, 0.4898979485566356
10000, 0.282842712474619
11000, 0.282842712474619
12000, 0.565685424949238
13000, 0.4
14000, 0.4898979485566356
15000, 0.4898979485566356
16000, 0.282842712474619
17000, 0.282842712474619
18000, 0.282842712474619
19000, 0.282842712474619
20000, 0.282842712474619
21000, 0.282842712474619
22000, 0.282842712474619
23000, 0.4898979485566356
24000, 0.282842712474619
25000, 0.282842712474619
26000, 0.282842712474619
27000, 0.282842712474619
28000, 0.282842712474619
29000, 0.282842712474619
30000, 0.282842712474619
31000, 0.282842712474619
32000, 0.282842712474619
33000, 0.282842712474619
34000, 0.282842712474619
35000, 0.282842712474619
36000, 0.282842712474619
37000, 0.282842712474619
38000, 0.282842712474619
39000, 0.282842712474619
40000, 0.282842712474619
41000, 0.282842712474619
42000, 0.282842712474619
43000, 0.282842712474619
44000, 0.282842712474619
45000, 0.282842712474619
46000, 0.282842712474619
47000, 0.282842712474619
48000, 0.0
49000, 0.0
50000, 0.0
51000, 0.0
52000, 0.0
53000, 0.0
54000, 0.282842712474619
55000, 0.282842712474619
56000, 0.282842712474619
57000, 0.282842712474619
58000, 0.282842712474619
59000, 0.0
60000, 0.0
61000, 0.0
62000, 0.0
63000, 0.0
64000, 0.0
65000, 0.0
66000, 0.0
67000, 0.0
68000, 0.0
69000, 0.0
70000, 0.0
71000, 0.282842712474619
72000, 0.282842712474619
73000, 0.282842712474619
74000, 0.282842712474619
75000, 0.282842712474619
76000, 0.282842712474619
77000, 0.282842712474619
78000, 0.0
79000, 0.0
80000, 0.0
81000, 0.0
82000, 0.0
83000, 0.0
84000, 0.0
85000, 0.0
86000, 0.0
87000, 0.0
88000, 0.0
89000, 0.0
90000, 0.0
91000, 0.0
92000, 0.0
93000, 0.0
94000, 0.0
95000, 0.0
96000, 0.282842712474619
97000, 0.282842712474619
98000, 0.282842712474619
99000, 0.282842712474619
100000, 0.282842712474619
