1, 80.82511985762842
2, 80.23296436894609
3, 80.22753357082058
4, 80.20901267492148
5, 79.47901789601005
6, 78.71930240689746
7, 78.56607773987811
8, 78.45144084992047
9, 77.75253785476808
10, 77.07019064277891
15, 75.14424224687573
20, 73.55153683933852
25, 72.04552132407082
30, 70.80294586284629
35, 69.01438773390454
40, 68.80728781998937
45, 68.03297519795613
50, 66.45772017928822
55, 65.60074041394002
60, 63.89232012870225
65, 62.988320912916635
70, 62.50508550738663
75, 62.1747537188528
80, 61.160211155386214
85, 60.46179431201634
90, 59.69182762920135
95, 58.74764432967261
100, 58.48955950790339
150, 52.136496676649514
200, 48.291969163767654
250, 43.588333956952944
300, 39.49159042487038
350, 36.712979409779
400, 35.30418833914348
450, 32.86074514414686
500, 31.353742086984496
550, 29.416467691219683
600, 28.53043487726246
650, 27.200315124224993
700, 27.08531494582047
750, 26.309965520963452
800, 25.388973984783238
850, 24.843510218968657
900, 24.264023927264354
950, 22.901964981197573
1000, 23.347070785983288
1250, 20.67123605399542
1500, 18.26745740380965
1750, 16.890825912311097
2000, 15.079314118543797
2250, 14.53812721285458
2500, 14.770143630213717
2750, 14.159297803412226
3000, 13.938641048743392
3250, 13.159461560847715
3500, 12.914554358773449
3750, 12.208310986490194
4000, 12.174328963613794
4250, 11.65761553663527
4500, 11.049240439311395
4750, 10.734457202326135
5000, 10.58772874605314
5250, 10.60525476221239
5500, 10.191733344796093
5750, 10.371664696249516
6000, 10.58772874605314
6250, 10.597843446394446
6500, 10.155927192672127
6750, 9.882162863318074
7000, 9.82780312611696
7250, 9.597618752288804
7500, 9.229610733162817
7750, 9.386920992225603
8000, 8.975363104473427
8250, 8.821240599501055
8500, 8.512176152849685
8750, 8.02585108971539
9000, 8.154753215150045
9250, 8.178368681204969
9500, 8.292854066690705
9750, 8.22018421760903
10000, 8.137216091163225
11000, 7.625146368618582
12000, 7.628892449104261
13000, 7.1813249871753175
14000, 7.319250547113999
15000, 6.731588647138632
16000, 6.71778024562961
17000, 7.137426507002166
18000, 6.532337144654168
19000, 6.67725349868599
20000, 6.344851681256455
21000, 5.947388382427078
22000, 6.171362433508041
23000, 5.594640292279746
24000, 5.637882074477462
25000, 5.621387729022079
26000, 5.69711706542378
27000, 5.601020315212986
28000, 5.42481072744215
29000, 5.440588203494177
30000, 5.509731650193397
31000, 5.311712126450916
32000, 5.076556763341524
33000, 4.7524429807956965
34000, 4.595028369257987
35000, 4.581016730564764
36000, 4.61519230368573
37000, 4.494441010848846
38000, 4.78837878916982
39000, 4.527692569068709
40000, 4.722287581247038
41000, 4.888762624632126
42000, 4.669047011971501
43000, 4.541868715470696
44000, 4.518217094638738
45000, 4.61054691518727
46000, 4.548155041960892
47000, 4.419114326261703
48000, 4.38341028359036
49000, 4.605896841472431
50000, 4.432026302139591
51000, 4.355620342893602
52000, 4.161043825085926
53000, 4.11617020333916
54000, 4.067291130821243
55000, 4.007136490954963
56000, 4.230839160261236
57000, 4.3094580368566735
