1, 33.77375707064091
2, 33.28913736741562
3, 32.48794648275983
4, 32.47871097606348
5, 31.6264657104352
6, 30.72078558023324
7, 30.71210401996798
8, 30.70450564113786
9, 30.70450564113786
10, 30.70450564113786
15, 29.155902775710217
20, 26.619541694026214
25, 26.09150564200285
30, 26.045473055152343
35, 26.042273326267047
40, 25.176046817030933
45, 25.175384803414623
50, 25.164127907267783
55, 25.15220334947484
60, 24.36801181877586
65, 24.362539550164577
70, 24.362539550164577
75, 24.36595986206987
80, 24.362539550164577
85, 24.36801181877586
90, 24.37006360270732
95, 24.364591794925136
100, 24.364591794925136
150, 24.365275838099322
200, 24.361171290943027
250, 24.102558647026115
300, 24.10947255056955
350, 24.10947255056955
400, 23.335238017499055
450, 22.568414506414342
500, 20.948349179191503
550, 20.948349179191503
600, 20.855055342370427
650, 20.03580129002415
700, 19.949101901255272
750, 19.924022351590217
800, 19.924022351590217
850, 19.924022351590217
900, 19.218914294690705
950, 19.165942015286735
1000, 19.140707057647234
1250, 18.844097219023258
1500, 18.52745710200584
1750, 18.507656073456015
2000, 18.437281072146547
2250, 18.313019048389226
2500, 18.313019048389226
2750, 18.16039647144302
3000, 18.098802907006494
3250, 17.675783811003498
3500, 17.675783811003498
3750, 17.80823779415957
4000, 17.284868141431296
4250, 16.8493323309857
4500, 16.98136233247105
4750, 16.25730604989646
5000, 15.704564092432918
5250, 15.814550262337528
5500, 15.574551892965225
5750, 15.102979838429237
6000, 14.836890959137406
6250, 15.067625338232078
6500, 14.646956452906295
6750, 14.646956452906295
7000, 14.372427306014341
7250, 14.48677557866714
7500, 14.742229591663987
7750, 14.39907404430345
8000, 14.464900045742914
8250, 14.477568856683085
8500, 13.610045309745788
8750, 13.576941236277534
9000, 13.655279809167832
9250, 14.129166052295277
9500, 14.140957063320243
9750, 13.725887949418793
10000, 14.058212309299263
11000, 13.945130571875858
12000, 14.064138793399332
13000, 13.065221008463652
14000, 12.78410471379726
15000, 11.796892246124258
16000, 11.590225767142474
17000, 11.291589790636214
18000, 11.332843126653318
19000, 10.64737839407742
20000, 10.911767348448492
21000, 11.150485789118488
22000, 11.284207253207171
23000, 11.350477229320948
24000, 11.670475568716126
25000, 11.613210868087545
26000, 11.559988465968871
27000, 11.861703081766969
28000, 11.369549976435597
29000, 11.293065718985847
30000, 11.684747893443543
31000, 11.64474130240771
32000, 11.538341879721424
33000, 11.670475568716126
34000, 11.744502259922868
35000, 11.825114516711174
36000, 11.681894823472204
37000, 11.637582795981876
38000, 11.707547423208101
39000, 11.670475568716126
40000, 11.379806676741042
41000, 11.092039187333109
42000, 10.867382389517726
43000, 10.72069649478677
44000, 10.716031603785673
45000, 10.838204033264306
46000, 10.740887610745522
47000, 10.76878204193337
48000, 10.805862606320083
49000, 10.841279137322005
50000, 10.833589740555373
51000, 10.828973481667903
52000, 10.764137989949155
53000, 10.94684124911535
54000, 10.896482612904649
55000, 11.072488428533127
56000, 10.868915922636136
57000, 10.622303579418794
58000, 10.667708282475669
59000, 10.515068552637528
60000, 10.494442973942606
61000, 10.519822558706334
62000, 10.716031603785673
63000, 10.515068552637528
64000, 10.546721449499524
65000, 10.584579979070181
66000, 10.334408546211051
67000, 10.298867251628533
68000, 10.369828028146529
69000, 10.308572484426088
70000, 10.424330514074594
71000, 10.545141061171254
72000, 10.381072520056232
73000, 10.414733153886694
74000, 10.326341720732145
75000, 10.49126620893144
76000, 10.417933256329363
77000, 10.245324136730213
78000, 10.565667670967763
79000, 10.157099323461727
80000, 9.958246164193104
81000, 10.120935398140498
82000, 10.201307105791232
83000, 10.237187113655782
84000, 10.214368964029708
85000, 10.427527671185214
86000, 10.36822067666386
87000, 10.145606602531627
88000, 9.943171861466876
89000, 9.953223933312596
90000, 9.870832453918633
91000, 9.923037169469168
92000, 9.9498743710662
93000, 9.99499874937461
94000, 10.04987562112089
95000, 9.803060746521975
96000, 10.029955134495866
97000, 9.803060746521975
98000, 9.765585833254791
99000, 9.886017061149214
100000, 9.894442884771228
