9.581231653602787
6.3992187023104625
5.019960159204453
4.674398357008098
3.478505426185217
4.189272013130682
4.306971093471606
4.0
3.8794329482541645
3.3466401061363023
3.1780497164141406
3.2015621187164243
3.1064449134018135
2.9916550603303182
2.8635642126552705
2.8635642126552705
3.0983866769659336
2.6457513110645907
2.3769728648009427
2.479919353527449
2.16794833886788
2.258317958127243
2.5787593916455256
2.6645825188948455
2.5495097567963922
2.4899799195977463
2.588435821108957
2.539685019840059
2.6739483914241875
2.6645825188948455
2.7386127875258306
2.3664319132398464
2.5495097567963922
2.345207879911715
2.2693611435820435
2.1908902300206643
2.5495097567963922
2.449489742783178
2.3979157616563596
2.280350850198276
2.6457513110645907
2.7294688127912363
2.6076809620810595
2.3021728866442674
2.3874672772626644
2.355843797877949
2.2693611435820435
2.32379000772445
2.4698178070456938
2.1908902300206643
2.0976176963403033
1.9874606914351791
2.0371548787463363
2.0371548787463363
2.04939015319192
1.8303005217723127
1.8973665961010275
1.8303005217723127
1.746424919657298
1.8027756377319946
1.857417562100671
1.7175564037317668
1.7888543819998317
1.5491933384829668
1.5
1.4317821063276353
1.51657508881031
1.746424919657298
1.6733200530681511
1.7175564037317668
1.6431676725154984
1.6733200530681511
1.61245154965971
1.3601470508735443
1.224744871391589
1.3038404810405297
1.224744871391589
1.2041594578792296
1.2449899597988732
1.3416407864998738
1.3228756555322954
1.3038404810405297
1.3038404810405297
1.284523257866513
1.3601470508735443
1.3038404810405297
1.396424004376894
1.3038404810405297
1.3601470508735443
1.5
1.4317821063276353
1.378404875209022
1.378404875209022
1.3038404810405297
1.3228756555322954
1.284523257866513
1.3416407864998738
1.3601470508735443
1.3601470508735443
1.3038404810405297
1.3416407864998738
1.161895003862225
1.3038404810405297
1.5491933384829668
1.3416407864998738
1.3228756555322954
1.5811388300841898
1.466287829861518
1.5
1.5
1.466287829861518
1.5491933384829668
1.5491933384829668
1.6431676725154984
1.5491933384829668
1.4317821063276353
1.378404875209022
1.449137674618944
1.3416407864998738
1.396424004376894
1.51657508881031
1.378404875209022
1.378404875209022
1.5329709716755893
1.5
1.5
1.4832396974191326
1.61245154965971
1.51657508881031
1.5
1.5329709716755893
1.6431676725154984
1.4317821063276353
1.5491933384829668
1.5491933384829668
1.5811388300841898
1.6278820596099706
1.6583123951777
1.6278820596099706
1.5652475842498528
1.5329709716755893
1.5491933384829668
1.51657508881031
1.5811388300841898
1.5491933384829668
1.5652475842498528
1.5329709716755893
1.3601470508735443
1.5
1.5491933384829668
1.466287829861518
1.4317821063276353
1.466287829861518
1.5
1.4317821063276353
1.449137674618944
1.3228756555322954
1.3228756555322954
1.3038404810405297
1.3416407864998738
1.284523257866513
1.4142135623730951
1.449137674618944
1.466287829861518
1.3416407864998738
1.3038404810405297
1.396424004376894
1.284523257866513
1.2649110640673518
1.396424004376894
1.466287829861518
1.466287829861518
1.5
1.3601470508735443
1.3228756555322954
1.3228756555322954
1.3601470508735443
1.4142135623730951
1.449137674618944
1.0954451150103321
1.3228756555322954
1.3416407864998738
1.3038404810405297
1.2041594578792296
1.3038404810405297
1.3416407864998738
1.396424004376894
1.378404875209022
1.2449899597988732
1.2449899597988732
1.2649110640673518
1.2649110640673518
1.2449899597988732
1.2449899597988732
1.396424004376894
1.2449899597988732
1.3601470508735443
1.3601470508735443
1.3601470508735443
1.3601470508735443
1.2449899597988732
1.2449899597988732
1.3416407864998738
1.3416407864998738
1.284523257866513
1.284523257866513
1.284523257866513
1.02469507659596
0.9746794344808963
0.9746794344808963
0.9486832980505138
1.0
0.9746794344808963
0.9746794344808963
0.9746794344808963
0.9746794344808963
0.9746794344808963
0.9486832980505138
0.9746794344808963
0.9746794344808963
0.9486832980505138
1.0488088481701516
1.02469507659596
1.0488088481701516
1.0954451150103321
1.0723805294763609
1.0954451150103321
0.9486832980505138
1.0954451150103321
1.118033988749895
1.140175425099138
1.1832159566199232
1.0954451150103321
1.1832159566199232
1.161895003862225
1.118033988749895
1.0723805294763609
1.0954451150103321
1.0488088481701516
1.0488088481701516
1.0954451150103321
1.118033988749895
1.0954451150103321
1.161895003862225
1.161895003862225
1.161895003862225
1.161895003862225
1.118033988749895
1.118033988749895
1.140175425099138
1.140175425099138
1.140175425099138
1.0723805294763609
1.02469507659596
1.02469507659596
1.0
0.9486832980505138
0.9746794344808963
0.9746794344808963
0.9746794344808963
1.0
1.0
0.9486832980505138
1.02469507659596
1.0954451150103321
1.0954451150103321
1.02469507659596
1.0954451150103321
1.0
1.0
1.161895003862225
1.118033988749895
1.0723805294763609
1.02469507659596
1.0
0.8944271909999159
1.0
1.118033988749895
1.118033988749895
1.161895003862225
1.140175425099138
1.140175425099138
1.1832159566199232
1.140175425099138
1.161895003862225
1.0723805294763609
1.0723805294763609
1.0488088481701516
1.0488088481701516
1.0723805294763609
1.02469507659596
1.0954451150103321
1.1832159566199232
1.1832159566199232
1.1832159566199232
1.0954451150103321
1.118033988749895
1.161895003862225
1.161895003862225
1.118033988749895
1.0488088481701516
1.0954451150103321
1.0954451150103321
1.0954451150103321
1.140175425099138
1.0954451150103321
1.140175425099138
1.0954451150103321
1.0488088481701516
0.9219544457292888
0.8366600265340756
0.7745966692414834
0.9219544457292888
0.9219544457292888
0.9486832980505138
0.9746794344808963
0.9746794344808963
1.02469507659596
1.0488088481701516
1.0723805294763609
1.0723805294763609
0.8944271909999159
0.8944271909999159
0.8944271909999159
0.8366600265340756
0.8366600265340756
0.7416198487095663
0.7416198487095663
0.5916079783099616
0.7071067811865476
0.7071067811865476
0.7071067811865476
0.6708203932499369
0.7071067811865476
0.7745966692414834
0.7416198487095663
0.7416198487095663
0.7071067811865476
0.5916079783099616
0.5916079783099616
0.7416198487095663
0.7416198487095663
0.7745966692414834
0.7745966692414834
0.7071067811865476
0.7071067811865476
0.7071067811865476
0.7416198487095663
0.6708203932499369
0.7071067811865476
0.806225774829855
0.806225774829855
0.7071067811865476
0.7071067811865476
0.7071067811865476
0.7071067811865476
0.7071067811865476
0.6324555320336759
0.6324555320336759
0.5916079783099616
0.5916079783099616
0.6324555320336759
0.6708203932499369
0.6708203932499369
0.6324555320336759
0.6324555320336759
0.6708203932499369
0.6708203932499369
0.6324555320336759
0.6708203932499369
0.7071067811865476
0.6324555320336759
0.7071067811865476
0.6708203932499369
0.6324555320336759
0.6708203932499369
0.6708203932499369
0.6708203932499369
0.6708203932499369
0.6708203932499369
0.6708203932499369
0.6324555320336759
0.6708203932499369
0.6324555320336759
0.5477225575051661
0.5477225575051661
0.5477225575051661
0.5477225575051661
0.6708203932499369
0.6708203932499369
0.7416198487095663
0.7745966692414834
0.5916079783099616
0.5477225575051661
0.5916079783099616
0.5477225575051661
0.5916079783099616
0.5477225575051661
0.4472135954999579
0.4472135954999579
