1, 8.205689083394114
2, 8.12403840463596
3, 8.082903768654761
4, 7.5806771905065755
5, 7.229568912920511
6, 6.408327915038889
7, 6.324555320336759
8, 5.501514942874069
9, 5.48938369339704
10, 5.501514942874069
15, 4.676180777800049
20, 4.366539438350084
25, 4.91256891385081
30, 4.049691346263317
35, 3.812260921465546
40, 3.559026084010437
45, 3.0767948691238205
50, 2.5298221281347035
55, 2.5298221281347035
60, 2.943920288775949
65, 2.6331223544175333
70, 2.556038601690775
75, 2.581988897471611
80, 2.7325202042558927
85, 3.0767948691238205
90, 2.8284271247461903
95, 2.8751811537130436
100, 2.8751811537130436
150, 2.5298221281347035
200, 1.5491933384829668
250, 1.2110601416389966
300, 2.2211108331943574
350, 1.505545305418162
400, 1.8618986725025255
450, 1.2649110640673518
500, 1.0954451150103321
550, 1.2110601416389966
600, 1.3165611772087666
650, 0.816496580927726
700, 0.7302967433402214
750, 0.816496580927726
800, 0.816496580927726
850, 0.8944271909999159
900, 1.0327955589886444
950, 0.8944271909999159
1000, 1.0954451150103321
1250, 0.7302967433402214
1500, 0.7302967433402214
1750, 0.6324555320336759
2000, 0.6324555320336759
2250, 0.816496580927726
2500, 0.7302967433402214
2750, 0.6324555320336759
3000, 0.6324555320336759
3250, 0.3651483716701107
3500, 0.3651483716701107
3750, 0.3651483716701107
4000, 0.3651483716701107
4250, 0.6324555320336759
4500, 0.6324555320336759
4750, 0.5163977794943222
5000, 0.5163977794943222
5250, 0.3651483716701107
5500, 0.3651483716701107
5750, 0.5163977794943222
6000, 0.5163977794943222
6250, 0.3651483716701107
6500, 0.3651483716701107
6750, 0.0
7000, 0.0
7250, 0.0
7500, 0.0
7750, 0.0
8000, 0.0
8250, 0.0
8500, 0.0
8750, 0.0
9000, 0.0
9250, 0.0
9500, 0.0
9750, 0.0
10000, 0.0
11000, 0.0
12000, 0.3651483716701107
13000, 0.3651483716701107
14000, 0.3651483716701107
15000, 0.3651483716701107
16000, 0.3651483716701107
17000, 0.0
18000, 0.3651483716701107
19000, 0.0
20000, 0.0
21000, 0.0
22000, 0.0
23000, 0.0
24000, 0.0
25000, 0.0
26000, 0.0
27000, 0.0
28000, 0.0
29000, 0.0
30000, 0.0
31000, 0.0
32000, 0.0
33000, 0.0
34000, 0.0
35000, 0.0
36000, 0.0
37000, 0.0
38000, 0.0
39000, 0.0
40000, 0.0
41000, 0.0
42000, 0.0
43000, 0.0
44000, 0.0
45000, 0.0
46000, 0.0
47000, 0.0
48000, 0.0
49000, 0.0
50000, 0.0
51000, 0.0
52000, 0.0
53000, 0.0
54000, 0.0
55000, 0.0
56000, 0.0
57000, 0.0
58000, 0.0
59000, 0.0
60000, 0.0
61000, 0.0
62000, 0.0
63000, 0.0
64000, 0.0
65000, 0.0
66000, 0.0
67000, 0.0
68000, 0.0
69000, 0.0
70000, 0.0
71000, 0.0
72000, 0.0
73000, 0.0
74000, 0.0
75000, 0.0
76000, 0.0
77000, 0.0
78000, 0.0
79000, 0.0
80000, 0.0
81000, 0.0
82000, 0.0
83000, 0.0
84000, 0.0
85000, 0.0
86000, 0.0
87000, 0.0
88000, 0.0
89000, 0.0
90000, 0.0
91000, 0.0
92000, 0.0
93000, 0.0
94000, 0.0
95000, 0.0
96000, 0.0
97000, 0.0
98000, 0.0
99000, 0.0
100000, 0.0
