15.698953559302698
10.91918364295479
8.963417715517734
8.145112469626012
7.365944804106453
6.985699678629192
6.750661343263234
5.956988692763676
6.1272226287982345
5.395765535518173
5.606119105813881
5.89915248150105
5.702129927867806
5.3745431699554045
5.296899362565128
5.011415539973283
4.99714204034952
4.875595201760352
4.6291004988627575
4.714718594844387
4.6352685235824564
4.239272174728649
3.913347124174613
3.7186787208054732
4.126568965687043
4.024922359499621
3.843361623816912
3.6994208040873486
3.9351892312459746
3.779644730092272
3.790966706715923
3.6566964013202643
3.7682887362833544
3.6292462814513664
3.7530939617486645
3.927922024247863
3.9315573068623655
3.6174181795466067
3.9388178066884123
3.9206413469518697
3.680062111277083
3.843361623816912
3.3551665915633544
3.3848401523768974
3.4641016151377544
3.4351128074635335
3.3252282413607124
3.1441555759399513
3.277629805645711
3.307998963551401
3.3380918415851206
3.303677604471374
3.180296482135858
3.299350585450762
3.1259284335103663
3.1937438845342623
3.268901082277389
3.2425739335111103
3.1622776601683795
3.307998963551401
3.3380918415851206
3.359421718944242
3.1892677171144745
3.1532296368734616
3.260148988707637
3.1532296368734616
3.056608765095256
2.84855853271189
3.004758131459407
2.9081167199998794
2.898275349237888
2.84855853271189
2.8834503141697647
2.9130249373656736
2.833473385894321
2.8030595529069404
2.756809750418044
2.898275349237888
