1, 22.22611077089287
2, 21.42311835377847
3, 21.42078429936682
4, 20.538987316808004
5, 19.71547615453403
6, 19.71547615453403
7, 19.71167166934352
8, 19.71167166934352
9, 19.71167166934352
10, 19.710403344427025
15, 18.89708972302349
20, 18.89708972302349
25, 18.89576672167605
30, 18.092816253972185
35, 18.0914344373242
40, 18.090052515125542
45, 18.090052515125542
50, 18.0914344373242
55, 17.349351572897472
60, 17.349351572897472
65, 17.349351572897472
70, 17.345028106059672
75, 17.345028106059672
80, 17.345028106059672
85, 17.345028106059672
90, 17.345028106059672
95, 17.345028106059672
100, 17.345028106059672
150, 16.752611736681537
200, 15.894967757123636
250, 15.0996688705415
300, 14.309088021254185
350, 14.307340773183533
400, 14.307340773183533
450, 14.307340773183533
500, 14.03744991086344
550, 14.019629096377694
600, 14.019629096377694
650, 14.019629096377694
700, 13.427583550289308
750, 13.436889521016388
800, 13.436889521016388
850, 13.436889521016388
900, 13.431306712304652
950, 13.431306712304652
1000, 13.431306712304652
1250, 13.431306712304652
1500, 12.625371281669304
1750, 12.625371281669304
2000, 11.863810517704673
2250, 11.683321445547923
2500, 10.81434232859308
2750, 10.684100336481308
3000, 10.16857905510893
3250, 10.195587280779858
3500, 10.0174847142384
3750, 10.101980003939822
4000, 8.921883209278185
4250, 8.921883209278185
4500, 9.036038955205981
4750, 8.794884877018005
5000, 9.20869154657707
5250, 9.367496997597597
5500, 9.252026804976301
5750, 9.444575162494075
6000, 9.173330910852394
6250, 9.599479152537391
6500, 9.2951600308978
6750, 8.983317872590282
7000, 9.036038955205981
7250, 9.008329478876759
7500, 9.135097153287424
7750, 9.260129588726068
8000, 9.113177272499422
8250, 8.87693640846886
8500, 9.074690077352503
8750, 9.638464608017193
9000, 9.31933474020544
9250, 9.14603739331958
9500, 9.340770846134703
9750, 9.396807968666806
10000, 9.12414379544733
11000, 9.5
12000, 9.447221813845593
13000, 9.396807968666806
14000, 9.378166132032424
15000, 9.497368056467012
16000, 9.305912099305473
17000, 9.013878188659973
18000, 9.151502608861563
19000, 9.1706052144883
20000, 8.714929718592114
21000, 8.723531395025756
22000, 8.783507272155013
23000, 8.46758525200662
24000, 8.363611660042569
25000, 8.333666660000267
26000, 8.476437931112336
27000, 8.972179222463181
28000, 8.631338250816034
29000, 8.848728722251575
30000, 8.860022573334675
31000, 8.384509526501834
32000, 8.228000972289685
33000, 8.342661445845684
34000, 8.312640976248161
35000, 8.203657720797473
36000, 8.12403840463596
37000, 8.194510357550353
38000, 8.700574693662482
39000, 8.387490685538792
40000, 8.366600265340756
41000, 8.734987120768983
42000, 8.599418584997476
43000, 8.674675786448736
44000, 8.514693182963201
45000, 8.381527307120106
46000, 8.446892919884801
47000, 8.567379996241558
48000, 8.697700845625814
49000, 8.806247782114696
50000, 8.396427811873332
51000, 8.52936105461599
52000, 8.752142594816426
53000, 8.5
54000, 8.390470785361213
55000, 8.228000972289685
56000, 8.142481194328912
57000, 8.46758525200662
58000, 8.378544026261364
59000, 8.452810183601665
60000, 8.342661445845684
61000, 8.760707733967616
62000, 9.367496997597597
63000, 9.586448768965493
64000, 9.615092303249096
65000, 9.557719393244394
66000, 9.505261700763425
67000, 9.311283477587825
68000, 9.254728521139883
69000, 9.460443964212251
70000, 9.51577637400123
71000, 9.460443964212251
72000, 9.292470069900682
73000, 8.87130204648675
74000, 9.019423484901903
75000, 8.854377448471462
76000, 8.774964387392123
77000, 8.780660567406077
78000, 8.651589449343975
79000, 8.691950298983537
80000, 8.74642784226795
81000, 8.668909966079934
82000, 7.92464510246358
83000, 8.23407554009556
84000, 8.059156283383516
85000, 8.130190649671137
86000, 8.200609733428363
87000, 8.142481194328912
88000, 8.215838362577491
89000, 8.154753215150045
90000, 8.028075734570521
91000, 7.85175139698144
92000, 7.684399781375251
93000, 8.009369513263826
94000, 7.52994023880668
95000, 7.063993204979744
96000, 7.762087348130012
97000, 8.077747210701755
98000, 8.596510920134982
99000, 8.709190547921201
100000, 8.64002314811714
