1, 46.049972855583746
2, 46.05594424175885
3, 46.03884229647831
4, 45.69299727529373
5, 45.717064647678335
6, 45.36931782603745
7, 45.364358256234596
8, 45.19236661207288
9, 45.19236661207288
10, 45.187940869218636
15, 44.485390860371226
20, 43.0653573072371
25, 41.21710809845834
30, 41.0356552281062
35, 40.45491317503969
40, 39.888594861188075
45, 39.57050669374856
50, 39.086122857095965
55, 38.20961920773354
60, 37.737911971914926
65, 38.35492145735668
70, 36.927293429115544
75, 36.99526996792969
80, 36.45956664580642
85, 36.04927183730623
90, 36.16490011046623
95, 35.60056179332006
100, 35.35286409896658
150, 33.88362436340009
200, 33.33016651623571
250, 33.0696235237113
300, 34.10974933944839
350, 33.90353963821477
400, 34.002205810799985
450, 33.41855771872868
500, 32.43994451289952
550, 32.360855983734425
600, 31.52023159813392
650, 31.64411477668478
700, 31.053582724059392
750, 30.45652639419013
800, 30.470477515129296
850, 30.710747304486095
900, 30.264665866320083
950, 30.57531684218497
1000, 30.16827804167815
1250, 29.57701810527897
1500, 28.23340220377275
1750, 27.746170906991832
2000, 27.387497147421122
2250, 25.8476304523258
2500, 24.855582873873626
2750, 23.313086453749534
3000, 23.451012771306914
3250, 23.513294112054993
3500, 22.626312116648617
3750, 21.419033591644606
4000, 21.806535717532025
4250, 20.973197181164345
4500, 21.86606960566988
4750, 21.25558750070202
5000, 21.69965437512773
5250, 20.622802913280243
5500, 20.89677008535051
5750, 20.212619820300386
6000, 19.836834424877374
6250, 19.53714411064217
6500, 19.809719836484312
6750, 19.761072845369505
7000, 19.533304891901935
7250, 18.831489585266482
7500, 18.611824198610947
7750, 17.426273267684056
8000, 17.109938632268673
8250, 16.64556998122924
8500, 17.243114567849975
8750, 16.835230916147246
9000, 17.970809664564364
9250, 17.822036920621617
9500, 17.599715906798043
9750, 17.802387480335327
10000, 16.689817254841348
11000, 16.167096214224742
12000, 15.026643005009468
13000, 14.926486525636232
14000, 15.318289721767245
15000, 13.180477988297692
16000, 13.744999090578363
17000, 14.006248605533175
18000, 14.401388821915754
19000, 13.82208377922808
20000, 14.034778231236858
21000, 14.441260332810291
22000, 13.837449186898574
23000, 13.37348122217996
24000, 12.872451204024818
25000, 11.81418638755966
26000, 11.844830095868831
27000, 11.669404440673055
28000, 11.493476410555685
29000, 10.973832511934926
30000, 10.201715542005669
31000, 9.778803607803972
32000, 9.549869109050658
33000, 9.956153875869939
34000, 10.548696601950404
35000, 10.097029266076236
36000, 10.552250944703694
37000, 9.799234663992898
38000, 9.506576670915772
39000, 10.023721863659226
40000, 9.80433577556379
41000, 9.692780818733084
42000, 9.410100955887774
43000, 9.591663046625438
44000, 9.841239759298622
45000, 9.451190401214019
46000, 9.122773701018787
47000, 9.368831303850017
48000, 8.799147685997776
49000, 8.421698166047035
50000, 8.831760866327848
51000, 8.388980867781259
52000, 8.412787885118702
53000, 7.90253124005214
54000, 7.739509028355739
55000, 7.661592523751182
56000, 7.910436144739429
57000, 8.371081172704038
58000, 8.564461454172118
59000, 7.853343237118826
60000, 7.74758026741253
61000, 7.245688373094719
62000, 7.501666481522622
63000, 8.17618492941543
64000, 7.752418977325722
65000, 7.34676799688135
66000, 7.503332592921628
67000, 7.205900360121558
68000, 7.250862017718997
69000, 6.987488819311269
70000, 7.290404652692469
71000, 6.971370023173351
72000, 7.409453421137082
73000, 7.856525949807587
74000, 7.995311125903732
75000, 8.144016208235344
76000, 7.929375763576853
77000, 8.249242389456137
78000, 8.400892809695884
79000, 8.408329203831164
80000, 8.028075734570521
81000, 8.191458966508957
82000, 8.048291744215042
83000, 7.715244649393822
84000, 7.835815209663893
85000, 7.797435475847171
86000, 7.483314773547883
87000, 7.484984969924789
88000, 7.754031209635412
89000, 7.19374728496908
90000, 7.264640390273974
91000, 6.893837828089663
92000, 6.839225102305085
93000, 6.81175454637056
94000, 6.653946197558258
95000, 6.6124881852446435
96000, 6.517284710675145
97000, 6.519202405202649
98000, 6.926398775698668
99000, 6.998214057886483
100000, 6.928203230275509
