7.576278769950324
5.495452665613635
4.527692569068709
3.8144462245521304
3.9115214431215892
3.442382895611701
3.646916505762094
3.4132096331752027
2.9748949561287032
2.932575659723036
2.711088342345192
2.539685019840059
2.3130067012440754
2.9832867780352594
2.5592967784139455
2.6362852652928135
2.5298221281347035
2.5298221281347035
2.588435821108957
2.3874672772626644
2.280350850198276
2.4392621835300936
2.5199206336708304
2.4289915602982237
1.9748417658131499
2.23606797749979
2.0371548787463363
2.073644135332772
1.6881943016134133
1.7748239349298849
1.8841443681416772
2.1908902300206643
2.1447610589527217
2.0371548787463363
2.3021728866442674
1.8027756377319946
1.8439088914585775
2.0371548787463363
1.8439088914585775
1.6733200530681511
1.8027756377319946
1.9874606914351791
1.9748417658131499
2.0
1.9364916731037085
1.9748417658131499
1.8027756377319946
1.857417562100671
1.7175564037317668
1.746424919657298
1.6431676725154984
1.70293863659264
1.7320508075688772
1.816590212458495
1.746424919657298
1.7320508075688772
1.8027756377319946
1.9748417658131499
2.0976176963403033
1.8841443681416772
1.9235384061671346
1.8841443681416772
1.6278820596099706
1.760681686165901
1.6583123951777
1.6278820596099706
1.6431676725154984
1.6583123951777
1.760681686165901
1.5811388300841898
1.6881943016134133
1.7748239349298849
1.8439088914585775
1.816590212458495
1.8027756377319946
1.746424919657298
1.7320508075688772
1.70293863659264
1.760681686165901
1.760681686165901
1.7320508075688772
1.7320508075688772
1.7320508075688772
1.6583123951777
1.7175564037317668
1.6733200530681511
1.5
1.51657508881031
1.5329709716755893
1.5
1.51657508881031
1.284523257866513
1.3416407864998738
1.2041594578792296
1.4142135623730951
1.3416407864998738
1.2649110640673518
1.2449899597988732
1.0954451150103321
1.140175425099138
1.140175425099138
1.0954451150103321
1.0954451150103321
1.0488088481701516
0.9486832980505138
1.0
0.9219544457292888
0.9746794344808963
0.9746794344808963
1.2041594578792296
1.0488088481701516
1.0488088481701516
0.9219544457292888
1.0
1.0
1.02469507659596
0.806225774829855
0.8366600265340756
1.0
1.0488088481701516
0.9486832980505138
0.9219544457292888
0.8944271909999159
0.8660254037844386
1.2449899597988732
1.140175425099138
1.0954451150103321
1.2041594578792296
1.161895003862225
1.224744871391589
1.1832159566199232
1.1832159566199232
1.3038404810405297
1.396424004376894
1.4142135623730951
1.449137674618944
1.4832396974191326
1.378404875209022
1.161895003862225
1.0954451150103321
1.1832159566199232
1.224744871391589
1.2041594578792296
1.161895003862225
1.2041594578792296
1.1832159566199232
1.2041594578792296
1.0488088481701516
1.161895003862225
1.2041594578792296
1.118033988749895
1.0488088481701516
1.0488088481701516
1.140175425099138
1.224744871391589
1.3038404810405297
1.4142135623730951
1.3228756555322954
1.284523257866513
1.3038404810405297
1.396424004376894
1.4142135623730951
1.396424004376894
1.378404875209022
1.396424004376894
1.3601470508735443
1.3601470508735443
1.284523257866513
1.161895003862225
1.284523257866513
1.3228756555322954
1.2649110640673518
1.1832159566199232
1.2449899597988732
1.140175425099138
1.2041594578792296
0.9486832980505138
1.02469507659596
0.9486832980505138
1.0488088481701516
1.0723805294763609
1.02469507659596
1.118033988749895
1.118033988749895
1.140175425099138
1.0723805294763609
1.140175425099138
1.4832396974191326
1.5811388300841898
1.5329709716755893
1.396424004376894
1.1832159566199232
1.161895003862225
1.1832159566199232
1.1832159566199232
1.224744871391589
1.284523257866513
1.2449899597988732
1.2041594578792296
1.2449899597988732
1.4317821063276353
1.449137674618944
1.396424004376894
1.396424004376894
1.4317821063276353
1.4142135623730951
1.5
1.4317821063276353
1.449137674618944
1.4832396974191326
1.5811388300841898
1.5329709716755893
1.3416407864998738
1.1832159566199232
1.161895003862225
1.3228756555322954
1.2041594578792296
1.140175425099138
1.224744871391589
1.0954451150103321
1.161895003862225
1.0954451150103321
1.2449899597988732
1.2649110640673518
1.118033988749895
1.140175425099138
1.0954451150103321
0.9486832980505138
1.0
1.118033988749895
1.0723805294763609
1.0723805294763609
1.0954451150103321
1.118033988749895
1.118033988749895
0.9486832980505138
0.9486832980505138
1.02469507659596
1.118033988749895
0.9746794344808963
1.140175425099138
0.9219544457292888
0.8660254037844386
0.9486832980505138
1.0
0.9746794344808963
0.9746794344808963
0.9219544457292888
0.9486832980505138
0.8660254037844386
0.8660254037844386
0.8944271909999159
0.9219544457292888
1.02469507659596
0.9746794344808963
0.8944271909999159
0.8660254037844386
0.8944271909999159
0.8366600265340756
0.8366600265340756
0.8660254037844386
0.9219544457292888
0.8944271909999159
0.8944271909999159
0.9486832980505138
1.0488088481701516
1.0723805294763609
1.0488088481701516
1.118033988749895
1.0488088481701516
1.0723805294763609
1.0488088481701516
0.8366600265340756
0.7745966692414834
0.7071067811865476
0.7416198487095663
0.7071067811865476
0.7745966692414834
0.8366600265340756
0.8366600265340756
0.9486832980505138
0.8944271909999159
0.8944271909999159
0.8660254037844386
0.9219544457292888
1.140175425099138
0.8944271909999159
0.8944271909999159
1.02469507659596
1.02469507659596
1.02469507659596
1.0
1.0488088481701516
0.9746794344808963
0.8366600265340756
0.8366600265340756
0.8366600265340756
0.8366600265340756
0.8366600265340756
0.8366600265340756
0.8366600265340756
0.8660254037844386
0.8660254037844386
0.9219544457292888
0.9486832980505138
0.9219544457292888
0.8944271909999159
1.118033988749895
0.9486832980505138
0.9219544457292888
0.8944271909999159
1.02469507659596
0.8660254037844386
0.9746794344808963
0.8366600265340756
0.8366600265340756
0.8660254037844386
0.8660254037844386
0.8660254037844386
0.8660254037844386
1.0
0.9746794344808963
0.9746794344808963
0.9746794344808963
0.9746794344808963
0.9746794344808963
1.0723805294763609
0.9486832980505138
0.9746794344808963
0.9746794344808963
0.9746794344808963
0.9746794344808963
0.9486832980505138
0.9219544457292888
0.9219544457292888
1.02469507659596
1.0488088481701516
1.0
0.8944271909999159
0.8944271909999159
1.0
1.02469507659596
0.9486832980505138
0.9486832980505138
0.9486832980505138
0.9486832980505138
0.9486832980505138
0.9746794344808963
0.9486832980505138
0.8660254037844386
0.8660254037844386
0.9486832980505138
1.0
0.9746794344808963
0.8944271909999159
0.8944271909999159
0.7745966692414834
0.7745966692414834
0.7745966692414834
0.8366600265340756
0.806225774829855
0.8366600265340756
0.806225774829855
0.806225774829855
0.7745966692414834
0.7745966692414834
0.806225774829855
0.806225774829855
0.806225774829855
0.8660254037844386
0.8660254037844386
0.7745966692414834
0.7745966692414834
0.8660254037844386
0.8660254037844386
0.8660254037844386
0.8660254037844386
0.8660254037844386
0.8660254037844386
0.8660254037844386
0.8660254037844386
0.8660254037844386
0.8660254037844386
0.8660254037844386
0.8660254037844386
0.806225774829855
0.8366600265340756
0.8660254037844386
0.8660254037844386
0.8944271909999159
0.8660254037844386
1.0
0.9746794344808963
0.9746794344808963
1.02469507659596
1.02469507659596
1.02469507659596
1.02469507659596
0.9746794344808963
0.9746794344808963
