1, 86.57559317344197
2, 86.28510879636184
3, 85.74147187913209
4, 85.17597470335556
5, 84.92004082272531
6, 84.55735725923952
7, 83.73450105342879
8, 82.86945557119743
9, 82.45718080717208
10, 82.45718080717208
15, 80.323512539397
20, 79.24619864700136
25, 76.96250169184124
30, 74.80499092083808
35, 73.7012889982258
40, 73.45883200813908
45, 73.08752743571688
50, 71.94868541768733
55, 71.60912418586521
60, 71.40438828718209
65, 69.40019212269276
70, 68.20254149712214
75, 67.30289741162709
80, 66.62632112511291
85, 65.54611608122431
90, 65.2296456119966
95, 64.22730468162794
100, 62.76442729232326
150, 54.24315625035107
200, 50.58945871753654
250, 46.68904225475895
300, 44.121347818639144
350, 41.24334289716746
400, 38.97537684230904
450, 38.12768023365702
500, 36.903116399567125
550, 35.37023230533457
600, 34.45402734079138
650, 33.817943954849376
700, 32.592841749889395
750, 30.26967679598402
800, 29.307109490133392
850, 28.7174743550566
900, 27.89336838748594
950, 27.514117588370276
1000, 26.95725010703676
1250, 25.70162121994123
1500, 24.934581073948955
1750, 21.617277040984295
2000, 21.464078518927074
2250, 19.29766825292631
2500, 18.50585492936402
2750, 17.71854019570085
3000, 16.732403692635835
3250, 16.523922052587878
3500, 16.14641343043918
3750, 16.66893317922096
4000, 16.751517344208953
4250, 16.282505949638097
4500, 15.74420528321452
4750, 15.101434810418954
5000, 14.62782736202931
5250, 13.990472948879653
5500, 14.27538674315574
5750, 13.830883317175854
6000, 14.12515486640766
6250, 13.708877902050675
6500, 13.746757193365035
6750, 13.543510130932331
7000, 13.594606773766328
7250, 13.534154326493153
7500, 13.328665849714042
7750, 12.723731108968522
8000, 12.336396016125077
8250, 12.181953866272849
8500, 11.855800268223145
8750, 11.424535001478178
9000, 11.493186387305016
9250, 11.595401387331675
9500, 11.603447763488228
9750, 11.49434643640081
10000, 11.319599521773434
11000, 10.63202708800161
12000, 10.650821564555478
13000, 9.985990186255943
14000, 9.310925482106134
15000, 8.855130339714561
16000, 8.721620644505622
17000, 8.508818954473059
18000, 8.066391179868893
19000, 8.268010643437755
20000, 8.280096617793781
21000, 8.127320181544057
22000, 7.660287200882223
23000, 7.43056749739435
24000, 7.369305711304604
25000, 6.932051163496511
26000, 7.068238818828917
27000, 6.968500556073739
28000, 7.286517229330713
29000, 6.798038932908029
30000, 6.4570375044081425
31000, 6.497178874968222
32000, 6.306610288683877
33000, 6.322446783748625
34000, 6.380177635980574
35000, 6.226823695378996
36000, 6.528910067282798
37000, 6.147086030524274
38000, 6.004442799572108
39000, 6.037659590713386
40000, 5.945306271897745
41000, 5.84351492397056
42000, 5.964338465692011
43000, 5.858327406350724
44000, 5.8901046962964365
45000, 5.804595880277398
46000, 5.754997827975263
47000, 5.958747071882366
48000, 5.99666574022598
49000, 6.087144924620518
50000, 5.960984258772483
51000, 5.914952803418355
52000, 5.788494335029332
53000, 5.821798118565546
54000, 5.66274374015518
55000, 5.735270990400831
56000, 5.541359640617695
57000, 5.590468078196435
58000, 5.801149311415225
59000, 5.588082557252234
60000, 5.643875736879164
61000, 5.609515724790034
62000, 5.594044452212847
63000, 5.495452665613635
64000, 5.359104402789705
65000, 5.404936015655813
66000, 5.075431016179809
67000, 5.187163643713842
68000, 5.3015720938856115
69000, 5.342908072077103
70000, 5.2814139520902295
71000, 5.277625728803941
72000, 5.2497618993626745
73000, 5.409867527644892
74000, 5.286460693759736
75000, 5.321653878260029
76000, 5.435684562837202
77000, 5.221749387577564
78000, 5.221749387577564
79000, 5.108163401197473
80000, 5.2051256789181695
81000, 5.174295443181935
82000, 5.026595932305149
83000, 4.96655480858378
84000, 5.04909232766973
85000, 4.975942121849892
86000, 4.818021724041241
87000, 5.011985634456667
88000, 5.187163643713842
89000, 4.955804677345546
90000, 5.025269478678068
91000, 5.093787065304817
92000, 4.859355238437846
93000, 4.888080741286229
94000, 4.786090958879351
95000, 4.990657939256773
96000, 4.942334131426837
97000, 4.935585071701226
98000, 4.883987441971297
99000, 4.938285802448727
100000, 4.991993589739474
