13.053735097664577
11.067971810589327
10.069756700139283
7.971825386948713
6.115553940568262
6.1400325732035
6.674578638386096
6.024948132556827
5.5677643628300215
4.769696007084728
4.324349662087931
4.716990566028302
4.560701700396552
4.272001872658765
4.347413023856832
3.905124837953327
3.427827300200522
4.277849927241488
4.006245124802026
4.177319714841085
4.207136793592526
3.6606010435446255
3.788139384975162
3.8144462245521304
3.3541019662496847
3.449637662132068
3.1543620591175006
3.398529093593286
3.5355339059327378
3.1144823004794873
3.1859064644147983
3.24037034920393
3.1859064644147983
3.082207001484488
2.9068883707497264
2.8896366553599777
2.80178514522438
2.80178514522438
2.7477263328068173
2.692582403567252
2.5787593916455256
2.6267851073127395
2.80178514522438
2.6172504656604803
2.7294688127912363
2.711088342345192
2.9832867780352594
3.0083217912982647
2.924038303442689
2.8372521918222215
2.6172504656604803
2.7386127875258306
2.8284271247461903
3.0413812651491097
2.692582403567252
2.958039891549808
3.082207001484488
2.9664793948382653
3.0903074280724887
3.1304951684997055
2.949576240750525
3.0903074280724887
2.7838821814150108
3.0413812651491097
3.057776970284131
3.3015148038438356
3.3241540277189325
3.0740852297878796
2.9916550603303182
3.057776970284131
2.9154759474226504
2.924038303442689
3.0740852297878796
3.0
3.0495901363953815
2.756809750418044
2.80178514522438
2.6645825188948455
2.7838821814150108
3.0413812651491097
2.8460498941515415
2.6457513110645907
2.9154759474226504
2.958039891549808
2.792848008753788
2.8284271247461903
2.7477263328068173
2.9832867780352594
3.03315017762062
3.0495901363953815
2.819574435974337
2.6551836094703507
2.7477263328068173
2.9748949561287032
2.8896366553599777
2.6457513110645907
2.6551836094703507
2.598076211353316
2.5099800796022267
2.4289915602982237
2.6267851073127395
2.280350850198276
2.4289915602982237
2.6457513110645907
2.355843797877949
2.1908902300206643
2.3130067012440754
2.3130067012440754
2.3769728648009427
2.202271554554524
2.2693611435820435
2.1908902300206643
2.1095023109728985
2.04939015319192
1.8027756377319946
1.8973665961010275
2.224859546128699
2.0371548787463363
2.1908902300206643
2.3021728866442674
2.355843797877949
2.23606797749979
2.1213203435596424
2.04939015319192
2.4698178070456938
2.224859546128699
2.3345235059857505
2.085665361461421
2.0248456731316584
2.2135943621178655
2.0615528128088303
2.1330729007701543
1.8973665961010275
1.8708286933869707
1.9364916731037085
1.9364916731037085
2.0976176963403033
2.0
2.224859546128699
2.3345235059857505
1.9748417658131499
2.0
1.9364916731037085
2.0124611797498106
2.0615528128088303
1.9621416870348585
1.9364916731037085
2.0
2.1095023109728985
1.9748417658131499
2.085665361461421
1.8973665961010275
1.9621416870348585
1.7175564037317668
2.073644135332772
2.0371548787463363
2.280350850198276
2.355843797877949
2.29128784747792
2.0124611797498106
2.0615528128088303
1.9874606914351791
2.1213203435596424
1.8708286933869707
1.9493588689617927
1.9364916731037085
2.0976176963403033
2.1330729007701543
1.9621416870348585
1.8027756377319946
1.7888543819998317
1.816590212458495
2.04939015319192
1.91049731745428
1.816590212458495
2.0371548787463363
1.9364916731037085
1.7888543819998317
1.6733200530681511
1.70293863659264
1.9621416870348585
1.8708286933869707
1.5968719422671311
1.6431676725154984
1.61245154965971
1.5811388300841898
1.4142135623730951
1.378404875209022
1.378404875209022
1.5811388300841898
1.5
1.61245154965971
1.5329709716755893
1.5329709716755893
1.5329709716755893
1.6431676725154984
1.4832396974191326
1.5652475842498528
1.6431676725154984
1.6278820596099706
1.4142135623730951
1.3228756555322954
1.3228756555322954
1.284523257866513
1.4317821063276353
1.3416407864998738
1.378404875209022
1.5491933384829668
1.5
1.2649110640673518
1.378404875209022
1.378404875209022
1.5329709716755893
1.51657508881031
1.6278820596099706
1.5329709716755893
1.7175564037317668
1.4832396974191326
1.4832396974191326
1.4832396974191326
1.449137674618944
1.5491933384829668
1.6881943016134133
1.70293863659264
1.4832396974191326
1.51657508881031
1.5491933384829668
1.61245154965971
1.6583123951777
1.6431676725154984
1.4142135623730951
1.51657508881031
1.6431676725154984
1.5968719422671311
1.6881943016134133
1.5329709716755893
1.4142135623730951
1.4832396974191326
1.5652475842498528
1.61245154965971
1.70293863659264
1.6733200530681511
1.6278820596099706
1.70293863659264
1.6431676725154984
1.61245154965971
1.5329709716755893
1.4832396974191326
1.51657508881031
1.449137674618944
1.4832396974191326
1.6583123951777
1.5
1.5491933384829668
1.5968719422671311
1.5968719422671311
1.6431676725154984
1.6881943016134133
1.5
1.51657508881031
1.396424004376894
1.5
1.4317821063276353
1.378404875209022
1.5968719422671311
1.5329709716755893
1.4317821063276353
1.4317821063276353
1.5491933384829668
1.466287829861518
1.51657508881031
1.4317821063276353
1.466287829861518
1.378404875209022
1.466287829861518
1.51657508881031
1.4832396974191326
1.6278820596099706
1.6278820596099706
1.6278820596099706
1.5329709716755893
1.4317821063276353
1.449137674618944
1.378404875209022
1.4832396974191326
1.449137674618944
1.5811388300841898
1.5
1.3038404810405297
1.2449899597988732
1.396424004376894
1.3416407864998738
1.1832159566199232
1.2649110640673518
1.224744871391589
1.2041594578792296
1.4317821063276353
1.4142135623730951
1.5329709716755893
1.5491933384829668
1.5491933384829668
1.5329709716755893
1.396424004376894
1.161895003862225
1.3228756555322954
1.2041594578792296
1.3416407864998738
1.3416407864998738
1.3601470508735443
1.466287829861518
1.4317821063276353
1.3228756555322954
1.3228756555322954
1.2041594578792296
1.2041594578792296
1.378404875209022
1.5652475842498528
1.5491933384829668
1.6431676725154984
1.51657508881031
1.5
1.61245154965971
1.4317821063276353
1.5491933384829668
1.5491933384829668
1.449137674618944
1.396424004376894
1.3601470508735443
1.161895003862225
1.466287829861518
1.5329709716755893
1.378404875209022
1.3228756555322954
1.284523257866513
1.4317821063276353
1.4142135623730951
1.284523257866513
1.284523257866513
1.466287829861518
1.4317821063276353
1.5
1.5329709716755893
1.396424004376894
1.449137674618944
1.466287829861518
1.5811388300841898
1.6278820596099706
1.6278820596099706
1.6278820596099706
1.7175564037317668
1.70293863659264
1.5811388300841898
1.5811388300841898
1.5811388300841898
1.61245154965971
1.5811388300841898
1.449137674618944
1.3601470508735443
1.3601470508735443
1.466287829861518
1.4317821063276353
1.3601470508735443
1.3416407864998738
1.3601470508735443
1.3416407864998738
1.3416407864998738
1.5
1.396424004376894
1.7175564037317668
1.5491933384829668
1.4142135623730951
1.6278820596099706
1.61245154965971
1.5652475842498528
1.6278820596099706
1.396424004376894
1.5811388300841898
1.6881943016134133
1.6583123951777
1.61245154965971
1.5811388300841898
1.5652475842498528
1.4832396974191326
1.5811388300841898
1.5329709716755893
1.5811388300841898
1.4832396974191326
1.4832396974191326
1.51657508881031
1.6733200530681511
1.5968719422671311
1.5329709716755893
1.5
1.5329709716755893
1.5811388300841898
1.5329709716755893
1.5491933384829668
1.5968719422671311
1.6583123951777
1.6583123951777
