12.64317997973611
9.754486147409304
9.695359714832659
8.634234187233979
6.870225614927067
7.172865536171719
7.035623639735144
6.2289646009589745
5.630275304103699
5.10881590977792
5.089204259999788
4.868264577855234
4.994997497496871
4.949747468305833
4.043513323831146
4.03732584763727
4.104875150354759
3.9115214431215892
3.681032463861192
3.5425979167836705
3.248076353782343
3.7013511046643495
3.449637662132068
3.2326459750489227
3.1780497164141406
3.331666249791536
3.5355339059327378
3.278719262151
3.1543620591175006
2.898275349237888
3.0983866769659336
2.598076211353316
2.7477263328068173
2.8284271247461903
2.6457513110645907
2.6832815729997477
2.6739483914241875
2.6362852652928135
2.5099800796022267
2.6362852652928135
2.8284271247461903
2.1908902300206643
2.355843797877949
2.4899799195977463
2.756809750418044
2.4289915602982237
2.6172504656604803
2.692582403567252
2.792848008753788
2.8106938645110393
2.6172504656604803
2.5099800796022267
2.3664319132398464
2.479919353527449
2.6362852652928135
2.479919353527449
2.9410882339705484
2.6832815729997477
2.5099800796022267
2.5495097567963922
2.4596747752497685
2.588435821108957
2.5787593916455256
2.3769728648009427
2.3130067012440754
2.280350850198276
2.23606797749979
2.4186773244895647
2.4698178070456938
2.355843797877949
2.4083189157584592
2.258317958127243
2.32379000772445
2.202271554554524
2.1095023109728985
2.3021728866442674
2.355843797877949
2.539685019840059
2.3874672772626644
2.1908902300206643
2.4698178070456938
2.692582403567252
2.792848008753788
2.588435821108957
2.588435821108957
2.5787593916455256
2.6362852652928135
2.3874672772626644
2.4186773244895647
2.4698178070456938
2.29128784747792
2.32379000772445
2.3345235059857505
2.4392621835300936
2.5298221281347035
2.280350850198276
2.258317958127243
2.0248456731316584
2.0615528128088303
1.9235384061671346
1.9621416870348585
1.9621416870348585
1.9748417658131499
1.9493588689617927
2.0124611797498106
2.258317958127243
2.3021728866442674
2.4899799195977463
2.3979157616563596
2.280350850198276
2.1330729007701543
2.3874672772626644
2.247220505424423
2.202271554554524
2.1213203435596424
2.1563858652847827
2.2135943621178655
2.0976176963403033
1.9748417658131499
1.91049731745428
1.7888543819998317
1.7748239349298849
1.8303005217723127
1.7175564037317668
1.61245154965971
1.6278820596099706
1.8303005217723127
1.9621416870348585
1.8973665961010275
1.9235384061671346
1.8841443681416772
1.8841443681416772
1.9364916731037085
1.7888543819998317
1.7748239349298849
1.8439088914585775
1.816590212458495
1.8708286933869707
1.8439088914585775
1.8841443681416772
1.816590212458495
1.8303005217723127
1.8841443681416772
1.8439088914585775
1.8708286933869707
1.8027756377319946
1.8708286933869707
1.9235384061671346
1.8708286933869707
1.857417562100671
1.746424919657298
1.6583123951777
1.816590212458495
1.760681686165901
1.70293863659264
1.6583123951777
1.6881943016134133
1.5968719422671311
1.6278820596099706
1.6431676725154984
1.61245154965971
1.6583123951777
1.6881943016134133
1.816590212458495
1.857417562100671
1.7888543819998317
1.816590212458495
1.760681686165901
1.8439088914585775
1.8708286933869707
1.8439088914585775
1.8439088914585775
1.8841443681416772
1.8973665961010275
1.746424919657298
1.8303005217723127
1.857417562100671
1.8439088914585775
1.816590212458495
1.7748239349298849
1.7888543819998317
1.6583123951777
1.6733200530681511
1.6278820596099706
1.8027756377319946
1.7888543819998317
1.7888543819998317
1.8027756377319946
1.7748239349298849
1.6583123951777
1.6733200530681511
1.6583123951777
1.5968719422671311
1.760681686165901
1.816590212458495
1.8708286933869707
1.7320508075688772
1.746424919657298
1.8841443681416772
1.8708286933869707
1.8303005217723127
1.8303005217723127
1.8439088914585775
1.8841443681416772
1.8439088914585775
1.7888543819998317
1.7175564037317668
1.6733200530681511
1.7175564037317668
1.6733200530681511
1.8439088914585775
1.8841443681416772
1.6583123951777
1.8027756377319946
1.760681686165901
1.816590212458495
1.8027756377319946
1.5968719422671311
1.6881943016134133
1.6733200530681511
1.6733200530681511
1.8303005217723127
1.8708286933869707
1.70293863659264
1.7320508075688772
1.5652475842498528
1.70293863659264
1.6431676725154984
1.760681686165901
1.760681686165901
1.7748239349298849
1.6278820596099706
1.70293863659264
1.6733200530681511
1.857417562100671
1.8027756377319946
1.7748239349298849
1.7320508075688772
1.91049731745428
1.8439088914585775
1.8027756377319946
1.9621416870348585
2.085665361461421
1.9621416870348585
1.8973665961010275
1.8973665961010275
1.5968719422671311
1.5811388300841898
1.5
1.6431676725154984
1.6881943016134133
1.7175564037317668
1.6431676725154984
1.5968719422671311
1.7748239349298849
1.760681686165901
1.5968719422671311
1.746424919657298
1.6431676725154984
1.5491933384829668
1.5968719422671311
1.5329709716755893
1.6583123951777
1.5329709716755893
1.5491933384829668
1.5
1.5329709716755893
1.4832396974191326
1.5491933384829668
1.5491933384829668
1.5811388300841898
1.466287829861518
1.3228756555322954
1.3038404810405297
1.2449899597988732
1.3601470508735443
1.5
1.5811388300841898
1.466287829861518
1.4832396974191326
1.284523257866513
1.396424004376894
1.284523257866513
1.2449899597988732
1.3038404810405297
1.3601470508735443
1.4142135623730951
1.396424004376894
1.5652475842498528
1.5652475842498528
1.5329709716755893
1.5652475842498528
1.5811388300841898
1.5329709716755893
1.6881943016134133
1.61245154965971
1.5811388300841898
1.5811388300841898
1.5811388300841898
1.5968719422671311
1.5652475842498528
1.7175564037317668
1.4142135623730951
1.378404875209022
1.4142135623730951
1.5491933384829668
1.396424004376894
1.4317821063276353
1.449137674618944
1.466287829861518
1.449137674618944
1.4142135623730951
1.396424004376894
1.396424004376894
1.378404875209022
1.449137674618944
1.51657508881031
1.396424004376894
1.378404875209022
1.378404875209022
1.378404875209022
1.3601470508735443
1.3228756555322954
1.378404875209022
1.3601470508735443
1.3416407864998738
1.2449899597988732
1.3228756555322954
1.396424004376894
1.2649110640673518
1.161895003862225
1.1832159566199232
1.1832159566199232
1.1832159566199232
1.224744871391589
1.396424004376894
1.378404875209022
1.378404875209022
1.3601470508735443
1.2041594578792296
1.4317821063276353
1.3601470508735443
1.3416407864998738
1.3416407864998738
1.3601470508735443
1.378404875209022
1.3038404810405297
1.224744871391589
1.1832159566199232
1.0488088481701516
1.224744871391589
1.1832159566199232
1.284523257866513
1.1832159566199232
1.161895003862225
1.140175425099138
1.0954451150103321
1.2041594578792296
1.161895003862225
1.224744871391589
1.224744871391589
1.2449899597988732
1.2041594578792296
1.140175425099138
1.0954451150103321
1.224744871391589
1.140175425099138
1.2041594578792296
1.2449899597988732
1.2041594578792296
1.2649110640673518
1.2649110640673518
1.3038404810405297
1.224744871391589
1.161895003862225
1.2449899597988732
1.284523257866513
1.2449899597988732
1.2449899597988732
1.224744871391589
1.224744871391589
1.2449899597988732
1.140175425099138
1.140175425099138
1.140175425099138
1.0488088481701516
1.140175425099138
1.224744871391589
1.161895003862225
1.161895003862225
1.161895003862225
1.0488088481701516
1.0488088481701516
0.9746794344808963
1.02469507659596
1.0723805294763609
0.9486832980505138
0.8660254037844386
0.9219544457292888
1.02469507659596
