1, 28.653097563788805
2, 28.597202660400196
3, 28.58671019897183
4, 28.185102447924507
5, 27.51363298439521
6, 27.51363298439521
7, 27.0791432656205
8, 27.014070407844873
9, 26.370437994087244
10, 26.235853330890535
15, 25.87121953059036
20, 24.321184181696417
25, 23.60169485439552
30, 23.53720459187964
35, 23.292058732538006
40, 23.50489310760634
45, 23.630488780387086
50, 23.079861351403306
55, 23.12920232087566
60, 22.323082224459956
65, 21.054215729872247
70, 20.726794252850585
75, 20.639767440550294
80, 20.454828280872952
85, 19.46689497583012
90, 19.05465822312224
95, 19.046259475288053
100, 19.14262259984248
150, 19.095549219648017
200, 18.77551597160515
250, 17.359723500102184
300, 17.308957218735046
350, 17.025862680052366
400, 17.0598944897089
450, 16.35726138447387
500, 15.643529013620935
550, 14.901006677402705
600, 15.106290080625355
650, 15.082440120882296
700, 13.763720427268202
750, 14.454065172123723
800, 14.587666023048376
850, 14.7648230602334
900, 15.353175567289004
950, 14.718695594379279
1000, 15.863164879682742
1250, 13.538094400616359
1500, 13.794201680416304
1750, 12.919752319607369
2000, 13.509996299037244
2250, 12.737346662472527
2500, 12.52038338071163
2750, 11.757550765359255
3000, 11.9565881421081
3250, 11.92644121270046
3500, 11.8
3750, 11.672189169131899
4000, 10.764757312638311
4250, 10.507140429250958
4500, 9.627045237246993
4750, 9.56869897112455
5000, 8.473488065725943
5250, 8.863407922464136
5500, 8.182909018191513
5750, 7.730459236035075
6000, 8.2365041127896
6250, 7.927168473042566
6500, 7.868926229162401
6750, 7.722693830523129
7000, 8.019975062305368
7250, 7.552483035399682
7500, 7.807688518377254
7750, 8.48528137423857
8000, 8.937561188601732
8250, 8.487638069569178
8500, 8.212186067059124
8750, 9.00222194794152
9000, 8.827230596285565
9250, 9.280086206496145
9500, 8.942035562443262
9750, 9.808159868191384
10000, 9.495261976375375
11000, 9.158602513484249
12000, 8.527602242131136
13000, 8.077128202523468
14000, 8.209750300709517
15000, 8.818163074019441
16000, 7.962411694957753
17000, 8.099382692526634
18000, 7.607890640644094
19000, 7.037044834303672
20000, 6.672330927044911
21000, 6.817624219623724
22000, 5.848076606885378
23000, 6.615134163416491
24000, 6.219324722186485
25000, 6.141661013113635
26000, 6.318227599572526
27000, 5.922837157984339
28000, 5.986651818838307
29000, 5.61426753904728
30000, 5.366563145999495
31000, 5.458937625582473
32000, 5.582114294781145
33000, 5.340411969127476
34000, 5.76541412215983
35000, 5.165268628057984
36000, 4.8
37000, 5.2
38000, 5.385164807134504
39000, 5.607138307550475
40000, 5.180733538795447
41000, 4.995998398718719
42000, 4.664761515876241
43000, 4.862098312457287
44000, 4.569463863518345
45000, 4.711687595755898
46000, 4.37264222181509
47000, 4.326661530556787
48000, 4.354308211415448
49000, 4.534313619501853
50000, 4.578209256903839
51000, 4.449719092257398
52000, 3.862641583165593
53000, 4.142463035441596
54000, 4.223742416388575
55000, 3.704051835490427
56000, 3.8157568056677826
57000, 3.594440151122286
58000, 4.064480286580315
59000, 3.924283374069717
60000, 4.13763217311544
61000, 4.147288270665544
62000, 4.340506882842141
63000, 3.666060555964672
64000, 4.069397989875161
65000, 3.794733192202055
66000, 3.794733192202055
67000, 3.794733192202055
68000, 4.009987531152684
69000, 4.093897898091744
70000, 3.9597979746446663
71000, 3.9293765408777
72000, 3.893584466786357
73000, 3.725587202039432
74000, 3.757658845611187
75000, 3.676955262170047
76000, 3.8987177379235853
77000, 3.6606010435446255
78000, 3.8
79000, 3.730951621235526
80000, 3.4
81000, 3.340658617698013
82000, 3.3466401061363023
83000, 3.0724582991474434
84000, 3.1496031496047245
85000, 3.0199337741082997
86000, 3.1368774282716245
87000, 2.973213749463701
88000, 3.0983866769659336
89000, 3.1304951684997055
90000, 3.03315017762062
91000, 3.1432467291003423
92000, 3.3226495451672298
93000, 3.4525353003264136
94000, 3.1685959035509716
95000, 3.2924155266308657
96000, 3.181194744117373
97000, 2.939387691339814
98000, 3.0983866769659336
99000, 2.979932885150268
100000, 2.986636904613616
