1, 16.7710067278821
2, 16.26243114256496
3, 15.541342713335078
4, 15.541342713335078
5, 15.05323885414697
6, 14.798648586948742
7, 13.98570698963767
8, 13.638181696985855
9, 12.720062892926277
10, 12.622730819174325
15, 10.617595459110944
20, 10.019980039900279
25, 8.004165582161995
30, 8.04570278678832
35, 7.094598884597588
40, 6.928203230275509
45, 6.937819061732104
50, 6.728050733062784
55, 6.831300510639732
60, 6.792152334373349
65, 6.7379522111692065
70, 6.757711644237764
75, 6.329823588905671
80, 6.3508529610858835
85, 6.329823588905671
90, 5.645056834671079
95, 5.573747990954262
100, 5.549774770204643
150, 4.47213595499958
200, 3.687817782917155
250, 3.444802848737017
300, 3.22490309931942
350, 2.74469184669852
400, 2.6076809620810595
450, 2.556038601690775
500, 2.569046515733026
550, 1.96638416050035
600, 1.96638416050035
650, 1.9148542155126762
700, 1.9493588689617927
750, 1.8973665961010275
800, 1.8973665961010275
850, 2.065591117977289
900, 2.1134489978863145
950, 1.9493588689617927
1000, 1.9321835661585918
1250, 0.7302967433402214
1500, 0.6831300510639732
1750, 0.6324555320336759
2000, 0.7302967433402214
2250, 0.7745966692414834
2500, 0.7745966692414834
2750, 0.7302967433402214
3000, 0.7302967433402214
3250, 0.7302967433402214
3500, 0.6831300510639732
3750, 0.6324555320336759
4000, 0.5773502691896257
4250, 0.5773502691896257
4500, 0.5773502691896257
4750, 0.6831300510639732
5000, 0.6831300510639732
5250, 0.6831300510639732
5500, 0.6831300510639732
5750, 0.6831300510639732
6000, 0.6831300510639732
6250, 0.6831300510639732
6500, 0.6831300510639732
6750, 0.8563488385776752
7000, 0.7745966692414834
7250, 0.7745966692414834
7500, 0.7745966692414834
7750, 0.7745966692414834
8000, 0.7745966692414834
8250, 0.7745966692414834
8500, 0.7745966692414834
8750, 0.7745966692414834
9000, 0.7745966692414834
9250, 0.7745966692414834
9500, 0.7745966692414834
9750, 0.7745966692414834
10000, 0.7745966692414834
11000, 0.816496580927726
12000, 0.816496580927726
13000, 0.7302967433402214
14000, 0.7302967433402214
15000, 0.7302967433402214
16000, 0.7302967433402214
17000, 0.7302967433402214
18000, 0.7302967433402214
19000, 0.7302967433402214
20000, 0.5163977794943222
21000, 0.5163977794943222
22000, 0.5163977794943222
23000, 0.5773502691896257
24000, 0.5773502691896257
25000, 0.5773502691896257
26000, 0.5773502691896257
27000, 0.5773502691896257
28000, 0.5773502691896257
29000, 0.5773502691896257
30000, 0.5773502691896257
31000, 0.5773502691896257
32000, 0.5773502691896257
33000, 0.5773502691896257
34000, 0.5773502691896257
35000, 0.5773502691896257
36000, 0.5773502691896257
37000, 0.5773502691896257
38000, 0.5773502691896257
39000, 0.5773502691896257
40000, 0.5773502691896257
41000, 0.5773502691896257
42000, 0.5773502691896257
43000, 0.5773502691896257
44000, 0.5773502691896257
45000, 0.5773502691896257
46000, 0.5773502691896257
47000, 0.5773502691896257
48000, 0.5773502691896257
49000, 0.5773502691896257
50000, 0.5773502691896257
51000, 0.5163977794943222
52000, 0.5163977794943222
53000, 0.5163977794943222
54000, 0.5163977794943222
55000, 0.5163977794943222
56000, 0.5163977794943222
57000, 0.5163977794943222
58000, 0.5163977794943222
59000, 0.5163977794943222
60000, 0.5163977794943222
61000, 0.5163977794943222
62000, 0.5163977794943222
63000, 0.5163977794943222
64000, 0.5163977794943222
65000, 0.5163977794943222
66000, 0.5163977794943222
67000, 0.5163977794943222
68000, 0.5163977794943222
69000, 0.5163977794943222
70000, 0.5163977794943222
71000, 0.5163977794943222
72000, 0.5163977794943222
73000, 0.5163977794943222
74000, 0.5163977794943222
75000, 0.5163977794943222
76000, 0.5163977794943222
77000, 0.5163977794943222
78000, 0.5163977794943222
79000, 0.5163977794943222
80000, 0.5163977794943222
81000, 0.5163977794943222
82000, 0.5163977794943222
83000, 0.5163977794943222
84000, 0.5163977794943222
85000, 0.5163977794943222
86000, 0.5163977794943222
87000, 0.5163977794943222
88000, 0.5163977794943222
89000, 0.5163977794943222
90000, 0.5163977794943222
91000, 0.5163977794943222
92000, 0.5163977794943222
93000, 0.5163977794943222
94000, 0.5163977794943222
95000, 0.5163977794943222
96000, 0.5163977794943222
97000, 0.5163977794943222
98000, 0.5163977794943222
99000, 0.5163977794943222
100000, 0.5163977794943222
