1, 13.827508813954884
2, 13.62350909274112
3, 12.896511156122806
4, 12.859237924542807
5, 12.859237924542807
6, 12.454717981552212
7, 12.451505933018705
8, 12.416118556135006
9, 11.61378491276638
10, 11.8861263664829
15, 10.609429767899876
20, 10.748023074035522
25, 9.96393496566492
30, 8.863407922464136
35, 8.433267456923206
40, 7.7149206087943645
45, 7.188880302244572
50, 7.138627319029899
55, 6.254598308444756
60, 6.3118935352238
65, 6.1838499334961226
70, 6.118823416311342
75, 5.585696017507576
80, 5.491812087098392
85, 4.947726750741193
90, 4.69041575982343
95, 4.33589667773576
100, 4.345112196480086
150, 3.867815921162743
200, 3.7629775444453557
250, 2.8844410203711917
300, 2.925747767665559
350, 2.4331050121192876
400, 2.1354156504062622
450, 1.9390719429665315
500, 1.9798989873223332
550, 1.5748015748023623
600, 1.697056274847714
650, 1.5231546211727816
700, 1.4966629547095767
750, 1.3856406460551018
800, 1.3564659966250536
850, 1.3564659966250536
900, 1.3564659966250536
950, 1.2649110640673518
1000, 1.0583005244258363
1250, 0.4898979485566356
1500, 0.282842712474619
1750, 0.0
2000, 0.0
2250, 0.0
2500, 0.0
2750, 0.0
3000, 0.0
3250, 0.0
3500, 0.0
3750, 0.0
4000, 0.0
4250, 0.0
4500, 0.0
4750, 0.0
5000, 0.0
5250, 0.0
5500, 0.0
5750, 0.0
6000, 0.0
6250, 0.0
6500, 0.0
6750, 0.0
7000, 0.0
7250, 0.0
7500, 0.0
7750, 0.0
8000, 0.0
8250, 0.0
8500, 0.0
8750, 0.0
9000, 0.0
9250, 0.0
9500, 0.0
9750, 0.0
10000, 0.0
11000, 0.0
12000, 0.0
13000, 0.0
14000, 0.0
15000, 0.0
16000, 0.0
17000, 0.0
18000, 0.0
19000, 0.0
20000, 0.0
21000, 0.0
22000, 0.0
23000, 0.0
24000, 0.0
25000, 0.0
26000, 0.0
27000, 0.0
28000, 0.0
29000, 0.0
30000, 0.0
31000, 0.0
32000, 0.0
33000, 0.0
34000, 0.0
35000, 0.0
36000, 0.0
37000, 0.0
38000, 0.0
39000, 0.0
40000, 0.0
41000, 0.0
42000, 0.0
43000, 0.0
44000, 0.0
45000, 0.0
46000, 0.0
47000, 0.0
48000, 0.0
49000, 0.0
50000, 0.0
51000, 0.0
52000, 0.0
53000, 0.0
54000, 0.0
55000, 0.0
56000, 0.0
57000, 0.0
58000, 0.0
59000, 0.0
60000, 0.0
61000, 0.0
62000, 0.0
63000, 0.0
64000, 0.0
65000, 0.0
66000, 0.0
67000, 0.0
68000, 0.0
69000, 0.0
70000, 0.0
71000, 0.0
72000, 0.0
73000, 0.0
74000, 0.0
75000, 0.0
76000, 0.0
77000, 0.0
78000, 0.0
79000, 0.0
80000, 0.0
81000, 0.0
82000, 0.0
83000, 0.0
84000, 0.0
85000, 0.0
86000, 0.0
87000, 0.0
88000, 0.0
89000, 0.0
90000, 0.0
91000, 0.0
92000, 0.0
93000, 0.0
94000, 0.0
95000, 0.0
96000, 0.0
97000, 0.0
98000, 0.0
99000, 0.0
100000, 0.0
