1, 10.765686229869418
2, 10.285912696499032
3, 10.382677881933928
4, 10.207840124139876
5, 10.074720839804943
6, 9.412757300600074
7, 9.412757300600074
8, 8.538149682454625
9, 8.538149682454625
10, 8.520563361656317
15, 8.136338242723197
20, 7.803845206050668
25, 7.211102550927978
30, 6.708203932499369
35, 6.48074069840786
40, 5.495452665613635
45, 5.357238094391549
50, 5.431390245600108
55, 4.8373546489791295
60, 5.10881590977792
65, 5.366563145999495
70, 4.571651780264984
75, 4.795831523312719
80, 4.460941604639093
85, 4.560701700396552
90, 4.9899899799498595
95, 4.888762624632126
100, 4.774934554525329
150, 3.8600518131237567
200, 2.9154759474226504
250, 2.4698178070456938
300, 2.16794833886788
350, 1.6733200530681511
400, 1.1832159566199232
450, 1.224744871391589
500, 0.9486832980505138
550, 0.8366600265340756
600, 0.6324555320336759
650, 0.6324555320336759
700, 0.6324555320336759
750, 0.7071067811865476
800, 0.6324555320336759
850, 0.6324555320336759
900, 0.6324555320336759
950, 0.6324555320336759
1000, 0.7071067811865476
1250, 0.31622776601683794
1500, 0.0
1750, 0.0
2000, 0.0
2250, 0.0
2500, 0.0
2750, 0.0
3000, 0.0
3250, 0.0
3500, 0.0
3750, 0.0
4000, 0.0
4250, 0.0
4500, 0.0
4750, 0.0
5000, 0.0
5250, 0.0
5500, 0.0
5750, 0.0
6000, 0.0
6250, 0.0
6500, 0.0
6750, 0.0
7000, 0.0
7250, 0.0
7500, 0.0
7750, 0.0
8000, 0.0
8250, 0.0
8500, 0.0
8750, 0.0
9000, 0.0
9250, 0.0
9500, 0.0
9750, 0.0
10000, 0.0
11000, 0.0
12000, 0.0
13000, 0.0
14000, 0.0
15000, 0.0
16000, 0.0
17000, 0.0
18000, 0.0
19000, 0.0
20000, 0.0
21000, 0.0
22000, 0.0
23000, 0.0
24000, 0.0
25000, 0.0
26000, 0.0
27000, 0.0
28000, 0.0
29000, 0.0
30000, 0.0
31000, 0.0
32000, 0.0
33000, 0.0
34000, 0.0
35000, 0.0
36000, 0.0
37000, 0.0
38000, 0.0
39000, 0.0
40000, 0.0
41000, 0.0
42000, 0.0
43000, 0.0
44000, 0.0
45000, 0.0
46000, 0.0
47000, 0.0
48000, 0.0
49000, 0.0
50000, 0.0
51000, 0.0
52000, 0.0
53000, 0.0
54000, 0.0
55000, 0.0
56000, 0.0
57000, 0.0
58000, 0.0
59000, 0.0
60000, 0.0
61000, 0.0
62000, 0.0
63000, 0.0
64000, 0.0
65000, 0.0
66000, 0.0
67000, 0.0
68000, 0.0
69000, 0.0
70000, 0.0
71000, 0.0
72000, 0.0
73000, 0.0
74000, 0.0
75000, 0.0
76000, 0.0
77000, 0.0
78000, 0.0
79000, 0.0
80000, 0.0
81000, 0.0
82000, 0.0
83000, 0.0
84000, 0.0
85000, 0.0
86000, 0.0
87000, 0.0
88000, 0.0
89000, 0.0
90000, 0.0
91000, 0.0
92000, 0.0
93000, 0.0
94000, 0.0
95000, 0.0
96000, 0.0
97000, 0.0
98000, 0.0
99000, 0.0
100000, 0.0
