1, 46.05838685842134
2, 45.998097786756354
3, 45.71460379353626
4, 45.51016369999124
5, 45.440345509249816
6, 44.97304748402092
7, 44.38665339941726
8, 44.098469361192116
9, 43.79583313512828
10, 43.020634583883115
15, 41.38326956633562
20, 40.17244080212205
25, 39.74827040262255
30, 39.17716171444787
35, 37.777638888633575
40, 36.472935171164934
45, 35.1062672467467
50, 34.60455172372559
55, 33.35865704730932
60, 32.377461296401854
65, 32.73262898088083
70, 32.01171660501823
75, 31.40700558792576
80, 30.52253266031507
85, 30.516389039334257
90, 29.410882339705484
95, 28.630403420140627
100, 27.94324605338471
150, 23.817010727629107
200, 21.948234553148005
250, 20.306402931095406
300, 18.45535152740256
350, 16.18795848771549
400, 15.850078864157112
450, 14.821437177278053
500, 14.183617310122267
550, 13.152946437965905
600, 12.485992151206888
650, 12.24540730233176
700, 11.125421340335835
750, 10.896100219803413
800, 10.863931148529984
850, 11.115304764152892
900, 11.276080879454527
950, 11.077003204838391
1000, 10.201715542005669
1250, 8.54107721543366
1500, 8.290054282090075
1750, 7.256031973468694
2000, 6.732384421584971
2250, 6.244997998398398
2500, 5.5204166509422095
2750, 5.417564028232615
3000, 5.222547271207796
3250, 5.111262075065218
3500, 4.644889664997437
3750, 4.598912915026768
4000, 4.658325879540846
4250, 4.588027898781785
4500, 4.1952353926806065
4750, 3.9749213828703582
5000, 3.5812009158939966
5250, 3.456877203488721
5500, 3.0740852297878796
5750, 2.9111853256019273
6000, 2.8809720581775866
6250, 2.8853076092507015
6500, 2.932575659723036
6750, 2.9154759474226504
7000, 2.4031229681395834
7250, 2.5149552679918585
7500, 2.711088342345192
7750, 2.659887215654077
8000, 2.55440795488896
8250, 2.4238399287081647
8500, 2.2135943621178655
8750, 2.0248456731316584
9000, 1.9874606914351791
9250, 1.8708286933869707
9500, 1.8371173070873836
9750, 1.710263137648707
10000, 1.680773631397161
11000, 1.5491933384829668
12000, 1.3416407864998738
13000, 1.1726039399558574
14000, 0.9082951062292475
15000, 0.7416198487095663
16000, 0.6519202405202649
17000, 0.6324555320336759
18000, 0.5916079783099616
19000, 0.570087712549569
20000, 0.5477225575051661
21000, 0.4743416490252569
22000, 0.4743416490252569
23000, 0.4743416490252569
24000, 0.4183300132670378
25000, 0.3535533905932738
26000, 0.27386127875258304
27000, 0.0
28000, 0.0
29000, 0.0
30000, 0.0
31000, 0.0
32000, 0.0
33000, 0.0
34000, 0.0
35000, 0.0
36000, 0.0
37000, 0.0
38000, 0.0
39000, 0.0
40000, 0.0
41000, 0.0
42000, 0.0
43000, 0.0
44000, 0.0
45000, 0.0
46000, 0.0
47000, 0.0
48000, 0.0
49000, 0.0
50000, 0.0
51000, 0.0
52000, 0.0
53000, 0.0
54000, 0.0
55000, 0.0
56000, 0.0
57000, 0.0
58000, 0.0
59000, 0.0
60000, 0.0
61000, 0.0
62000, 0.0
63000, 0.0
64000, 0.0
65000, 0.0
66000, 0.0
67000, 0.0
68000, 0.0
69000, 0.0
70000, 0.0
71000, 0.0
72000, 0.0
73000, 0.0
74000, 0.0
75000, 0.0
76000, 0.0
77000, 0.0
78000, 0.0
79000, 0.0
80000, 0.0
81000, 0.0
82000, 0.0
83000, 0.0
84000, 0.0
85000, 0.0
86000, 0.0
87000, 0.0
88000, 0.0
89000, 0.0
90000, 0.0
91000, 0.0
92000, 0.0
93000, 0.0
94000, 0.0
95000, 0.0
96000, 0.0
97000, 0.0
98000, 0.0
99000, 0.0
100000, 0.0
