1, 14.394443372357264
2, 14.257629536497292
3, 14.263239463740346
4, 13.558761005342634
5, 12.884098726725126
6, 12.734205903785284
7, 12.116104984688768
8, 11.845674315968678
9, 11.516944039110374
10, 11.461239025515523
15, 10.380751417888785
20, 8.97552226892675
25, 9.16951470907812
30, 9.320944158184835
35, 9.134549797335389
40, 8.504116650187719
45, 8.499411744350311
50, 7.6733304373003515
55, 7.424284477308234
60, 6.823488843692792
65, 6.393746945258313
70, 6.590902821313632
75, 6.305553108173778
80, 6.06630035524124
85, 5.592852581643825
90, 5.019960159204453
95, 5.388877434122992
100, 5.549774770204643
150, 4.69041575982343
200, 4.09878030638384
250, 3.3466401061363023
300, 2.349468024894146
350, 2.209072203437452
400, 1.8973665961010275
450, 1.7663521732655694
500, 1.6733200530681511
550, 1.3266499161421599
600, 1.4966629547095767
650, 1.6733200530681511
700, 1.469693845669907
750, 1.3856406460551018
800, 1.4422205101855958
850, 1.3564659966250536
900, 1.3856406460551018
950, 1.2
1000, 1.2328828005937953
1250, 0.7483314773547883
1500, 0.4898979485566356
1750, 0.4
2000, 0.282842712474619
2250, 0.0
2500, 0.0
2750, 0.0
3000, 0.0
3250, 0.0
3500, 0.0
3750, 0.0
4000, 0.0
4250, 0.0
4500, 0.0
4750, 0.0
5000, 0.0
5250, 0.0
5500, 0.0
5750, 0.0
6000, 0.0
6250, 0.0
6500, 0.0
6750, 0.0
7000, 0.0
7250, 0.0
7500, 0.0
7750, 0.0
8000, 0.0
8250, 0.0
8500, 0.0
8750, 0.0
9000, 0.0
9250, 0.0
9500, 0.0
9750, 0.0
10000, 0.0
11000, 0.0
12000, 0.0
13000, 0.0
14000, 0.0
15000, 0.0
16000, 0.0
17000, 0.0
18000, 0.0
19000, 0.0
20000, 0.0
21000, 0.0
22000, 0.0
23000, 0.0
24000, 0.0
25000, 0.0
26000, 0.0
27000, 0.0
28000, 0.0
29000, 0.0
30000, 0.0
31000, 0.0
32000, 0.0
33000, 0.0
34000, 0.0
35000, 0.0
36000, 0.0
37000, 0.0
38000, 0.0
39000, 0.0
40000, 0.0
41000, 0.0
42000, 0.0
43000, 0.0
44000, 0.0
45000, 0.0
46000, 0.0
47000, 0.0
48000, 0.0
49000, 0.0
50000, 0.0
51000, 0.0
52000, 0.0
53000, 0.0
54000, 0.0
55000, 0.0
56000, 0.0
57000, 0.0
58000, 0.0
59000, 0.0
60000, 0.0
61000, 0.0
62000, 0.0
63000, 0.0
64000, 0.0
65000, 0.0
66000, 0.0
67000, 0.0
68000, 0.0
69000, 0.0
70000, 0.0
71000, 0.0
72000, 0.0
73000, 0.0
74000, 0.0
75000, 0.0
76000, 0.0
77000, 0.0
78000, 0.0
79000, 0.0
80000, 0.0
81000, 0.0
82000, 0.0
83000, 0.0
84000, 0.0
85000, 0.0
86000, 0.0
87000, 0.0
88000, 0.0
89000, 0.0
90000, 0.0
91000, 0.0
92000, 0.0
93000, 0.0
94000, 0.0
95000, 0.0
96000, 0.0
97000, 0.0
98000, 0.0
99000, 0.0
100000, 0.0
