4.69041575982343
3.872983346207417
4.358898943540674
4.358898943540674
4.0743097574926725
3.5777087639996634
3.847076812334269
3.7682887362833544
3.492849839314596
3.521363372331802
4.049691346263317
3.255764119219941
3.0
2.569046515733026
2.6832815729997477
2.932575659723036
2.8635642126552705
2.6076809620810595
2.569046515733026
2.32379000772445
2.04939015319192
2.4899799195977463
2.3664319132398464
2.23606797749979
2.0976176963403033
1.8973665961010275
2.0976176963403033
2.23606797749979
2.0
1.7888543819998317
2.0
1.8439088914585775
1.6733200530681511
1.5491933384829668
1.6733200530681511
1.61245154965971
1.61245154965971
1.2649110640673518
1.4832396974191326
1.4832396974191326
1.4832396974191326
1.4832396974191326
1.4832396974191326
1.4832396974191326
1.4832396974191326
1.3416407864998738
1.4832396974191326
1.4142135623730951
1.4142135623730951
1.2649110640673518
1.2649110640673518
1.0954451150103321
1.2649110640673518
1.4142135623730951
1.61245154965971
1.4142135623730951
1.4142135623730951
1.4142135623730951
1.4142135623730951
1.4142135623730951
1.4142135623730951
1.4142135623730951
1.4142135623730951
1.4142135623730951
1.4142135623730951
1.4142135623730951
1.4142135623730951
1.4142135623730951
1.4142135623730951
1.2649110640673518
1.61245154965971
1.4142135623730951
1.61245154965971
1.4142135623730951
1.4142135623730951
1.4142135623730951
1.4142135623730951
1.4142135623730951
1.4142135623730951
1.4142135623730951
1.0954451150103321
1.2649110640673518
1.2649110640673518
1.61245154965971
1.0954451150103321
1.0954451150103321
1.1832159566199232
1.0954451150103321
1.1832159566199232
1.0954451150103321
1.0954451150103321
1.1832159566199232
1.5491933384829668
1.61245154965971
0.8944271909999159
0.8944271909999159
0.8944271909999159
0.8944271909999159
0.8944271909999159
0.8944271909999159
0.8944271909999159
0.8944271909999159
0.8944271909999159
0.8944271909999159
1.0954451150103321
1.0954451150103321
1.0954451150103321
1.6733200530681511
1.6733200530681511
1.7888543819998317
1.7888543819998317
1.7888543819998317
1.2649110640673518
1.6733200530681511
1.6733200530681511
1.6733200530681511
1.6733200530681511
1.6733200530681511
1.2649110640673518
1.5491933384829668
1.2649110640673518
1.2649110640673518
1.2649110640673518
1.5491933384829668
1.0954451150103321
1.0954451150103321
1.6733200530681511
1.6733200530681511
1.2649110640673518
1.5491933384829668
1.5491933384829668
1.6733200530681511
1.4142135623730951
1.4142135623730951
1.4142135623730951
1.4142135623730951
0.8944271909999159
1.0954451150103321
0.8944271909999159
0.8944271909999159
0.8944271909999159
0.8944271909999159
0.8944271909999159
0.8944271909999159
0.8944271909999159
0.8944271909999159
0.8944271909999159
1.4142135623730951
1.2649110640673518
1.6733200530681511
1.6733200530681511
1.6733200530681511
1.6733200530681511
1.6733200530681511
1.6733200530681511
1.6733200530681511
1.6733200530681511
1.2649110640673518
1.61245154965971
1.61245154965971
1.61245154965971
1.61245154965971
1.61245154965971
1.61245154965971
1.61245154965971
1.61245154965971
1.61245154965971
1.61245154965971
1.61245154965971
1.61245154965971
1.61245154965971
1.61245154965971
1.61245154965971
1.61245154965971
1.61245154965971
0.8944271909999159
0.8944271909999159
1.61245154965971
1.61245154965971
1.61245154965971
1.61245154965971
1.61245154965971
1.61245154965971
1.61245154965971
1.61245154965971
1.61245154965971
1.61245154965971
0.8944271909999159
1.61245154965971
1.61245154965971
1.61245154965971
1.61245154965971
1.61245154965971
1.61245154965971
1.61245154965971
1.61245154965971
1.61245154965971
1.61245154965971
1.61245154965971
1.61245154965971
1.61245154965971
1.61245154965971
1.61245154965971
1.6733200530681511
1.61245154965971
1.61245154965971
1.61245154965971
1.61245154965971
1.61245154965971
1.61245154965971
1.61245154965971
1.61245154965971
1.61245154965971
1.61245154965971
1.61245154965971
1.61245154965971
1.61245154965971
1.61245154965971
1.61245154965971
1.0
1.0
1.0
1.0
1.0
1.0
1.0
1.0
1.0
1.0
0.8944271909999159
1.0
1.0
1.0
1.0
1.0
1.0
1.0
1.0954451150103321
1.0954451150103321
1.0954451150103321
1.0954451150103321
1.0954451150103321
1.0954451150103321
1.0954451150103321
1.0
1.0
1.0
1.0954451150103321
1.0954451150103321
1.0954451150103321
1.0954451150103321
1.0954451150103321
1.0954451150103321
1.0954451150103321
1.0954451150103321
1.0954451150103321
1.0954451150103321
1.0954451150103321
1.0954451150103321
1.0954451150103321
1.0954451150103321
1.0954451150103321
1.0954451150103321
1.0954451150103321
1.0954451150103321
1.0954451150103321
1.0954451150103321
1.0954451150103321
1.0954451150103321
1.0954451150103321
1.0954451150103321
1.0954451150103321
1.0954451150103321
1.0954451150103321
0.8944271909999159
0.8944271909999159
0.8944271909999159
0.8944271909999159
0.8944271909999159
1.0954451150103321
1.0954451150103321
0.8944271909999159
0.8944271909999159
1.0954451150103321
1.0954451150103321
1.0954451150103321
1.0954451150103321
1.0954451150103321
1.0954451150103321
1.0954451150103321
1.0954451150103321
0.8944271909999159
0.8944271909999159
0.8944271909999159
0.8944271909999159
0.8944271909999159
0.8944271909999159
0.8944271909999159
0.8944271909999159
0.8944271909999159
0.8944271909999159
0.8944271909999159
0.8944271909999159
0.8944271909999159
0.8944271909999159
0.8944271909999159
0.8944271909999159
0.8944271909999159
0.8944271909999159
0.8944271909999159
0.8944271909999159
0.8944271909999159
0.8944271909999159
0.8944271909999159
0.8944271909999159
0.8944271909999159
0.8944271909999159
0.8944271909999159
0.8944271909999159
0.8944271909999159
0.8944271909999159
0.8944271909999159
0.8944271909999159
0.8944271909999159
0.8944271909999159
0.8944271909999159
0.8944271909999159
0.8944271909999159
0.8944271909999159
0.8944271909999159
0.8944271909999159
0.8944271909999159
0.8944271909999159
0.8944271909999159
0.8944271909999159
0.8944271909999159
0.8944271909999159
0.8944271909999159
1.0954451150103321
0.8944271909999159
1.0954451150103321
0.8944271909999159
0.8944271909999159
0.8944271909999159
0.8944271909999159
0.8944271909999159
0.8944271909999159
0.8944271909999159
0.8944271909999159
0.8944271909999159
0.8944271909999159
0.8944271909999159
0.8944271909999159
0.8944271909999159
0.8944271909999159
0.8944271909999159
0.8944271909999159
0.8944271909999159
0.7745966692414834
0.7745966692414834
0.8944271909999159
0.7745966692414834
0.8944271909999159
0.7745966692414834
0.7745966692414834
0.7745966692414834
0.7745966692414834
0.7745966692414834
0.7745966692414834
0.7745966692414834
0.7745966692414834
0.7745966692414834
0.7745966692414834
0.7745966692414834
0.7745966692414834
0.7745966692414834
0.7745966692414834
0.7745966692414834
0.7745966692414834
0.7745966692414834
0.7745966692414834
0.7745966692414834
0.7745966692414834
0.7745966692414834
0.7745966692414834
0.7745966692414834
0.7745966692414834
0.7745966692414834
0.7745966692414834
0.7745966692414834
0.7745966692414834
0.7745966692414834
0.7745966692414834
0.7745966692414834
0.7745966692414834
0.7745966692414834
0.7745966692414834
0.8944271909999159
1.0
1.0
