10.227414140436476
9.528903399657276
7.252585745787498
7.968688725254614
7.422937423958254
6.726812023536855
5.873670062235365
4.571651780264984
4.588027898781785
4.224926034855522
4.147288270665544
4.165333119931706
3.653765181289022
3.456877203488721
3.521363372331802
3.63318042491699
3.3241540277189325
3.2939338184001206
3.6124783736376886
4.183300132670378
3.872983346207417
4.09878030638384
3.5777087639996634
3.1937438845342623
3.1937438845342623
3.3541019662496847
3.170173496829472
3.3090784215548594
3.570714214271425
3.63318042491699
4.0
3.794733192202055
3.605551275463989
3.449637662132068
3.138470965295043
3.0413812651491097
3.138470965295043
2.9916550603303182
2.1908902300206643
2.932575659723036
2.958039891549808
2.8809720581775866
2.6267851073127395
2.345207879911715
2.9832867780352594
2.924038303442689
2.9664793948382653
2.80178514522438
2.8635642126552705
2.819574435974337
2.5
2.6172504656604803
2.6362852652928135
2.6076809620810595
2.8372521918222215
2.9154759474226504
2.598076211353316
2.3874672772626644
2.1213203435596424
2.1095023109728985
2.5
2.280350850198276
2.5495097567963922
2.588435821108957
2.4596747752497685
2.1213203435596424
2.1447610589527217
2.179449471770337
2.23606797749979
2.1908902300206643
2.1563858652847827
2.29128784747792
2.4698178070456938
2.4698178070456938
2.3769728648009427
2.085665361461421
2.1213203435596424
1.9874606914351791
2.1095023109728985
2.29128784747792
2.4186773244895647
2.4899799195977463
2.0615528128088303
2.0248456731316584
1.8841443681416772
1.6733200530681511
1.746424919657298
2.1213203435596424
1.7748239349298849
1.91049731745428
1.8439088914585775
2.1330729007701543
2.1447610589527217
2.224859546128699
2.1447610589527217
1.7888543819998317
2.0124611797498106
1.8841443681416772
1.9235384061671346
1.8439088914585775
1.8439088914585775
2.1095023109728985
1.7888543819998317
2.1095023109728985
1.9874606914351791
2.0976176963403033
2.0248456731316584
2.1330729007701543
2.1447610589527217
2.0976176963403033
1.9621416870348585
1.9364916731037085
1.9493588689617927
2.0976176963403033
2.085665361461421
1.8973665961010275
2.073644135332772
2.073644135332772
2.0124611797498106
1.9748417658131499
1.9235384061671346
2.0124611797498106
2.0248456731316584
1.8439088914585775
1.8439088914585775
2.0124611797498106
2.202271554554524
2.16794833886788
2.1908902300206643
2.2693611435820435
2.258317958127243
2.179449471770337
2.1563858652847827
1.8027756377319946
2.0
1.8973665961010275
1.8027756377319946
1.91049731745428
1.9235384061671346
1.9235384061671346
1.8708286933869707
2.0371548787463363
2.0124611797498106
2.0124611797498106
2.0
1.9364916731037085
2.1447610589527217
2.0371548787463363
1.7888543819998317
1.7175564037317668
1.760681686165901
1.6881943016134133
1.8027756377319946
2.0124611797498106
1.6881943016134133
1.9621416870348585
1.8303005217723127
1.5968719422671311
1.8439088914585775
1.9748417658131499
1.9364916731037085
1.746424919657298
1.8841443681416772
1.760681686165901
1.7320508075688772
1.6583123951777
1.5811388300841898
1.5
1.6431676725154984
1.760681686165901
1.760681686165901
1.6583123951777
1.7888543819998317
1.857417562100671
1.9621416870348585
1.6881943016134133
1.4832396974191326
1.5811388300841898
1.4832396974191326
1.5
1.4317821063276353
1.6583123951777
1.61245154965971
1.5968719422671311
1.6583123951777
1.746424919657298
1.6278820596099706
1.760681686165901
1.8303005217723127
1.9493588689617927
1.9621416870348585
1.9364916731037085
1.9874606914351791
1.9874606914351791
2.04939015319192
2.0124611797498106
1.9235384061671346
1.7748239349298849
1.746424919657298
1.6881943016134133
1.7320508075688772
1.6583123951777
1.6733200530681511
1.6431676725154984
1.6881943016134133
1.6733200530681511
1.6583123951777
1.6431676725154984
1.7320508075688772
1.70293863659264
1.6278820596099706
1.6431676725154984
1.6278820596099706
1.6431676725154984
1.6733200530681511
1.5329709716755893
1.6583123951777
1.6431676725154984
1.7175564037317668
1.6431676725154984
1.746424919657298
1.7748239349298849
1.6881943016134133
1.6881943016134133
1.6733200530681511
1.6431676725154984
1.6583123951777
1.61245154965971
1.5811388300841898
1.5329709716755893
1.61245154965971
1.61245154965971
1.6881943016134133
1.5968719422671311
1.61245154965971
1.5329709716755893
1.61245154965971
1.6278820596099706
1.5968719422671311
1.5652475842498528
1.51657508881031
1.6733200530681511
1.5652475842498528
1.70293863659264
1.857417562100671
1.816590212458495
1.7748239349298849
1.816590212458495
1.6583123951777
1.8439088914585775
1.857417562100671
1.760681686165901
1.8841443681416772
1.8303005217723127
1.8841443681416772
1.7888543819998317
1.7320508075688772
1.8303005217723127
1.8439088914585775
1.7320508075688772
1.746424919657298
1.6583123951777
1.6278820596099706
1.6881943016134133
1.4832396974191326
1.5329709716755893
1.396424004376894
1.5811388300841898
1.51657508881031
1.6881943016134133
1.6431676725154984
1.61245154965971
1.449137674618944
1.5329709716755893
1.5491933384829668
1.51657508881031
1.5968719422671311
1.5329709716755893
1.5652475842498528
1.6583123951777
1.6431676725154984
1.61245154965971
1.5652475842498528
1.5491933384829668
1.6278820596099706
1.70293863659264
1.6733200530681511
1.61245154965971
1.61245154965971
1.5811388300841898
1.5652475842498528
1.5652475842498528
1.6278820596099706
1.5652475842498528
1.760681686165901
1.5968719422671311
1.466287829861518
1.4832396974191326
1.4832396974191326
1.5491933384829668
1.5
1.466287829861518
1.4142135623730951
1.466287829861518
1.3416407864998738
1.3416407864998738
1.3601470508735443
1.378404875209022
1.396424004376894
1.396424004376894
1.4142135623730951
1.284523257866513
1.3038404810405297
1.284523257866513
1.224744871391589
1.2649110640673518
1.4142135623730951
1.378404875209022
1.4317821063276353
1.4317821063276353
1.449137674618944
1.4142135623730951
1.4142135623730951
1.466287829861518
1.51657508881031
1.449137674618944
1.449137674618944
1.449137674618944
1.449137674618944
1.2449899597988732
1.4142135623730951
1.3416407864998738
1.3416407864998738
1.2649110640673518
1.3228756555322954
1.3228756555322954
1.4317821063276353
1.4142135623730951
1.4142135623730951
1.4142135623730951
1.5329709716755893
1.4142135623730951
1.5491933384829668
1.4832396974191326
1.466287829861518
1.449137674618944
1.284523257866513
1.378404875209022
1.449137674618944
1.4832396974191326
1.449137674618944
1.449137674618944
1.4832396974191326
1.378404875209022
1.3038404810405297
1.5329709716755893
1.378404875209022
1.5
1.5
1.5
1.5491933384829668
1.5329709716755893
1.5329709716755893
1.5
1.466287829861518
1.4142135623730951
1.3416407864998738
1.396424004376894
1.449137674618944
1.449137674618944
1.449137674618944
1.449137674618944
1.3601470508735443
1.4142135623730951
1.4142135623730951
1.4142135623730951
1.449137674618944
1.3601470508735443
1.466287829861518
1.466287829861518
1.466287829861518
1.466287829861518
1.3038404810405297
1.4317821063276353
1.4317821063276353
1.4142135623730951
1.284523257866513
1.378404875209022
1.2041594578792296
1.2041594578792296
1.2041594578792296
1.3228756555322954
1.396424004376894
1.4142135623730951
1.3416407864998738
1.3228756555322954
1.378404875209022
1.449137674618944
1.449137674618944
1.396424004376894
