1, 22.811181468744664
2, 22.68700068321064
3, 22.68700068321064
4, 22.25645973644506
5, 22.124646889837585
6, 22.188961219489297
7, 21.67487024182613
8, 21.17781858454737
9, 20.41200627082012
10, 20.27683407240884
15, 19.465353837010003
20, 19.52690451658941
25, 18.661457606521523
30, 18.693581786270922
35, 18.204395073717773
40, 17.67059704707229
45, 16.3508409569661
50, 16.52876280911551
55, 17.297398648351724
60, 17.33637793773544
65, 16.519685227025363
70, 16.788388844674763
75, 16.15394688613281
80, 16.549924471126747
85, 16.39207125411551
90, 16.211107303327555
95, 15.850867484147358
100, 15.574016822900893
150, 14.537881551312763
200, 14.375326083258077
250, 16.178689687363438
300, 14.791889669680478
350, 15.894967757123636
400, 16.442323436789582
450, 16.650825805346713
500, 15.654072952429985
550, 15.461241864740362
600, 15.180579699076054
650, 14.08190328045183
700, 13.466625412478065
750, 12.897674208941703
800, 12.647134062703692
850, 12.271919165313957
900, 12.611502686040232
950, 13.16054710108968
1000, 14.24956139675885
1250, 12.241323457861899
1500, 11.582314103839526
1750, 11.249444430726346
2000, 9.937303457175895
2250, 10.022474744293447
2500, 9.300537618869138
2750, 9.211405973031479
3000, 8.769264507357502
3250, 9.222255689363639
3500, 9.09945053286186
3750, 9.186947262284681
4000, 8.845903006477066
4250, 9.024965373894794
4500, 9.186947262284681
4750, 8.972179222463181
5000, 8.282511696339462
5250, 8.5848704125339
5500, 8.059156283383516
5750, 7.13792686989717
6000, 7.183313998427188
6250, 7.358668357794092
6500, 6.674578638386096
6750, 6.7379522111692065
7000, 7.05691150575094
7250, 7.273238618387272
7500, 6.996427659884722
7750, 7.032069396699666
8000, 7.116881339463234
8250, 6.34428877022476
8500, 6.336402764976355
8750, 5.599107071667768
9000, 6.336402764976355
9250, 6.6332495807108
9500, 6.276941930590086
9750, 6.430396566309111
10000, 6.115553940568262
11000, 5.757603668193912
12000, 5.616938667993447
13000, 5.371219600798314
14000, 4.460941604639093
15000, 4.8270073544588685
16000, 3.640054944640259
17000, 3.6945906403822333
18000, 3.646916505762094
19000, 3.7080992435478315
20000, 3.7483329627982624
21000, 3.5637059362410923
22000, 3.987480407475377
23000, 3.7349698793966195
24000, 3.5777087639996634
25000, 3.96232255123179
26000, 3.3241540277189325
27000, 3.570714214271425
28000, 3.4132096331752027
29000, 3.924283374069717
30000, 3.24037034920393
31000, 3.570714214271425
32000, 3.4641016151377544
33000, 3.4351128074635335
34000, 3.1780497164141406
35000, 2.9664793948382653
36000, 3.391164991562634
37000, 3.248076353782343
38000, 3.4713109915419564
39000, 3.4132096331752027
40000, 3.8275318418009276
41000, 3.521363372331802
42000, 3.2939338184001206
43000, 3.383784863137726
44000, 3.570714214271425
45000, 3.398529093593286
46000, 3.398529093593286
47000, 3.640054944640259
48000, 3.6606010435446255
49000, 3.3241540277189325
50000, 3.442382895611701
51000, 3.4351128074635335
52000, 3.591656999213594
53000, 3.4351128074635335
54000, 3.3391615714128
55000, 3.1304951684997055
56000, 3.4351128074635335
57000, 3.3241540277189325
58000, 3.2326459750489227
59000, 3.1064449134018135
60000, 3.2171415884290826
61000, 3.1859064644147983
62000, 3.03315017762062
63000, 3.0083217912982647
64000, 3.122498999199199
65000, 3.146426544510455
66000, 3.278719262151
67000, 3.0740852297878796
68000, 3.248076353782343
69000, 3.3391615714128
70000, 3.0740852297878796
71000, 3.1543620591175006
72000, 3.3166247903554
73000, 3.170173496829472
74000, 3.255764119219941
75000, 2.9748949561287032
76000, 3.1064449134018135
77000, 3.1937438845342623
78000, 2.9832867780352594
79000, 3.0495901363953815
80000, 3.082207001484488
81000, 2.9664793948382653
82000, 3.2171415884290826
83000, 3.1622776601683795
84000, 3.146426544510455
85000, 2.9748949561287032
86000, 3.2093613071762426
87000, 3.1543620591175006
88000, 3.22490309931942
89000, 3.170173496829472
90000, 3.3466401061363023
91000, 3.1622776601683795
92000, 3.0740852297878796
93000, 3.1304951684997055
94000, 3.057776970284131
95000, 3.0740852297878796
96000, 3.1543620591175006
97000, 3.1304951684997055
98000, 2.8372521918222215
99000, 2.4596747752497685
100000, 2.7748873851023217
