11.289375536317321
9.1706052144883
7.151922818375489
7.90253124005214
5.9076221950967716
5.60357029044876
5.039841267341661
5.0
4.47213595499958
4.4328320518603
4.3531597719357835
3.987480407475377
3.774917217635375
3.7349698793966195
3.7483329627982624
3.5637059362410923
3.082207001484488
3.255764119219941
3.03315017762062
2.8722813232690143
2.8722813232690143
2.6739483914241875
2.5298221281347035
2.539685019840059
2.5592967784139455
2.3345235059857505
2.4186773244895647
2.4083189157584592
2.6076809620810595
2.588435821108957
2.3769728648009427
2.4899799195977463
2.539685019840059
2.6172504656604803
2.3874672772626644
2.3769728648009427
2.3345235059857505
2.1447610589527217
1.9621416870348585
2.1563858652847827
2.0976176963403033
2.280350850198276
2.29128784747792
2.224859546128699
2.23606797749979
2.1213203435596424
2.04939015319192
2.1908902300206643
1.9621416870348585
1.9621416870348585
1.9493588689617927
2.0248456731316584
2.1908902300206643
2.258317958127243
2.23606797749979
1.9874606914351791
1.6881943016134133
1.760681686165901
1.7320508075688772
1.6583123951777
1.7748239349298849
1.816590212458495
1.8841443681416772
1.7320508075688772
1.7888543819998317
1.8841443681416772
1.9235384061671346
1.8973665961010275
1.9235384061671346
1.9364916731037085
1.760681686165901
1.5652475842498528
1.746424919657298
1.6431676725154984
1.5968719422671311
1.5968719422671311
1.816590212458495
1.9874606914351791
1.9235384061671346
1.746424919657298
1.8303005217723127
1.6733200530681511
1.7320508075688772
1.7320508075688772
1.70293863659264
1.7175564037317668
1.6278820596099706
1.6881943016134133
1.61245154965971
1.7175564037317668
1.6733200530681511
1.816590212458495
1.816590212458495
1.9493588689617927
1.8708286933869707
1.8027756377319946
1.8303005217723127
1.8303005217723127
1.746424919657298
1.857417562100671
1.8708286933869707
1.7888543819998317
1.760681686165901
1.8303005217723127
1.70293863659264
1.70293863659264
1.7748239349298849
1.8027756377319946
1.7320508075688772
1.6431676725154984
1.5968719422671311
1.5968719422671311
1.5491933384829668
1.6583123951777
1.5
1.6431676725154984
