1, 68.71729525138971
2, 68.01433672395842
3, 67.57982933785297
4, 66.75951867212146
5, 66.57464482318575
6, 65.77740240133132
7, 64.99871793607419
8, 64.83928850113435
9, 63.971738551749034
10, 63.623239988754634
15, 61.96450596914333
20, 60.27146920392766
25, 58.76662885232287
30, 58.49601126002809
35, 57.674662258800154
40, 56.04968034401861
45, 54.65711298632594
50, 54.34381289530575
55, 54.23436794751707
60, 53.14508443873243
65, 52.72191195319077
70, 52.12628895288825
75, 51.35854359305762
80, 50.26844603393531
85, 48.66843604089479
90, 47.490525370856865
95, 45.62784237721525
100, 44.67586969867887
150, 39.85933600383562
200, 36.18102633517555
250, 32.305056363774796
300, 29.658613139075356
350, 28.050252524115834
400, 26.114172397378404
450, 25.070899465316355
500, 23.97568212446381
550, 23.82085920644621
600, 23.236106960217466
650, 21.639855205923475
700, 21.078029635934506
750, 19.480331961579438
800, 19.18376049336174
850, 19.00043859142906
900, 18.98727644151911
950, 18.5925612365089
1000, 18.444059567604235
1250, 16.837953161434637
1500, 16.37121457518246
1750, 14.979430340748387
2000, 14.150971698084906
2250, 13.011533345459329
2500, 12.25697080576328
2750, 11.70256382165891
3000, 11.32843031197762
3250, 10.983320687903698
3500, 10.762589527308627
3750, 10.442700800080408
4000, 9.910432213918153
4250, 9.751922887307918
4500, 9.120489752931766
4750, 9.386160024205852
5000, 9.609890738192604
5250, 9.562077877393246
5500, 9.22767576370128
5750, 9.076526501549662
6000, 9.536770941990795
6250, 9.60728889958036
6500, 9.293366810078394
6750, 8.915342580817258
7000, 8.939612221269257
7250, 8.93681524183345
7500, 8.940544353300494
7750, 8.97032143608392
8000, 8.530338015967871
8250, 8.449852069711044
8500, 8.702490065109718
8750, 8.493134482235245
9000, 8.600387588165237
9250, 8.350648677398262
9500, 8.129165598838132
9750, 7.958224257542215
10000, 7.735200923914862
11000, 7.384668803225594
12000, 6.942621983083913
13000, 7.076957915187382
14000, 7.170541588099651
15000, 6.6307365101221345
16000, 6.20349363934012
17000, 6.121002096606949
18000, 6.0909769331364245
19000, 5.761944116355173
20000, 5.634713834792322
21000, 5.336977921383349
22000, 5.046450898073483
23000, 4.961518584734584
24000, 4.984977432245807
25000, 4.859698207365008
26000, 4.946379147079878
27000, 4.964876634922564
28000, 4.857983120596447
29000, 4.823553323709262
30000, 4.904079934095692
31000, 4.934571916590131
32000, 4.873397172404482
33000, 4.774934554525329
34000, 4.741659343872494
35000, 4.665476038590989
36000, 4.481443219916251
37000, 4.674398357008098
38000, 4.387482193696061
39000, 4.455333881989093
40000, 4.368447474027052
41000, 4.602535533087532
42000, 4.649372717546601
43000, 4.5147905082443565
44000, 4.398863489584555
45000, 4.205155565889725
46000, 4.279797502997854
47000, 4.347413023856832
48000, 4.1952353926806065
49000, 4.08860204307862
50000, 4.318564576337836
51000, 4.293405796489931
52000, 4.08656334834051
53000, 3.966526608171604
54000, 4.068169121361598
55000, 3.777124126457412
56000, 3.8600518131237567
57000, 3.8013155617496426
58000, 3.640054944640259
59000, 3.8427420765212266
60000, 3.5637059362410923
61000, 3.598610843089316
62000, 3.598610843089316
63000, 3.5071355833500366
64000, 3.605551275463989
65000, 3.774917217635375
66000, 3.8643671323171835
67000, 3.953901027255656
68000, 3.7036018504513506
69000, 3.9770173078158293
70000, 3.8297084310253524
71000, 3.902990306589722
72000, 3.855731664245668
73000, 3.7013511046643495
74000, 3.8858718455450894
75000, 3.9327683210007
76000, 3.8297084310253524
77000, 3.7327380477785117
78000, 3.759432581299116
79000, 3.5683796509527026
80000, 3.488074922742725
81000, 3.719318934070233
82000, 3.6124783736376886
83000, 3.5893360574531514
84000, 3.5237290853109955
85000, 3.5753787678137448
86000, 3.596294389136314
87000, 3.5846896657869842
88000, 3.444802848737017
89000, 3.5071355833500366
90000, 3.3739195801520423
91000, 3.4737107920301407
92000, 3.5166271719741156
93000, 3.383784863137726
94000, 3.6032392833856224
95000, 3.3739195801520423
96000, 3.1937438845342623
97000, 3.24037034920393
98000, 3.2939338184001206
99000, 3.319136433873526
100000, 3.442382895611701
