1, 33.8595136803036
2, 33.20291151892155
3, 32.337284981890484
4, 32.33470787456311
5, 32.10244019800779
6, 31.448370387032774
7, 31.182794401186477
8, 30.5734089256225
9, 30.157917700000443
10, 29.223278392404914
15, 27.555398745073532
20, 26.447432137481073
25, 25.404723970159566
30, 25.259981525461708
35, 23.87188024992306
40, 23.286619906432676
45, 21.012694575740003
50, 20.33633857572859
55, 18.14570656289434
60, 17.58124000177462
65, 17.34839089560374
70, 17.161973468495205
75, 17.025471114382317
80, 16.12658260967483
85, 15.593802187621423
90, 15.17563837207516
95, 15.235922464141558
100, 15.21840990379744
150, 12.799739580684184
200, 11.585910984179591
250, 9.150591966279194
300, 9.289779329994873
350, 8.93681524183345
400, 8.424171571535487
450, 8.328665359267754
500, 7.268654162452175
550, 6.620674688680402
600, 6.416125518306719
650, 6.080021929785013
700, 5.692099788303083
750, 5.709640969448079
800, 5.588679032949856
850, 5.425249610233001
900, 5.388258840602717
950, 4.629614814791111
1000, 4.564354645876384
1250, 4.31663449151458
1500, 4.0783983784487425
1750, 3.987480407475377
2000, 3.924283374069717
2250, 3.8427420765212266
2500, 3.559026084010437
2750, 3.5118845842842465
3000, 3.449637662132068
3250, 3.420526275297414
3500, 3.3366650016645862
3750, 3.2506409624359724
4000, 2.652043237455478
4250, 2.4698178070456938
4500, 2.48327740429189
4750, 2.442676128074835
5000, 2.6331223544175333
5250, 2.6012817353502227
5500, 2.569046515733026
5750, 2.569046515733026
6000, 2.569046515733026
6250, 2.588435821108957
6500, 2.496664441476534
6750, 2.456284456925405
7000, 2.3021728866442674
7250, 2.250925735484551
7500, 1.983263304085802
7750, 1.983263304085802
8000, 1.983263304085802
8250, 1.9148542155126762
8500, 1.9148542155126762
8750, 1.9235384061671346
9000, 1.9493588689617927
9250, 1.9407902170679516
9500, 1.7416467303484175
9750, 1.7416467303484175
10000, 1.7416467303484175
11000, 1.8529256146249728
12000, 1.8529256146249728
13000, 1.8618986725025255
14000, 1.834847859269718
15000, 1.2110601416389966
16000, 1.1547005383792515
17000, 1.1547005383792515
18000, 1.0165300454651272
19000, 1.0165300454651272
20000, 1.0165300454651272
21000, 1.0165300454651272
22000, 0.816496580927726
23000, 0.7958224257542215
24000, 0.6324555320336759
25000, 0.6324555320336759
26000, 0.48304589153964794
27000, 0.48304589153964794
28000, 0.6055300708194983
29000, 0.6055300708194983
30000, 0.6055300708194983
31000, 0.5477225575051661
32000, 0.48304589153964794
33000, 0.48304589153964794
34000, 0.5163977794943222
35000, 0.5163977794943222
36000, 0.5163977794943222
37000, 0.6324555320336759
38000, 0.6324555320336759
39000, 0.6324555320336759
40000, 0.5773502691896257
41000, 0.5477225575051661
42000, 0.5477225575051661
43000, 0.5477225575051661
44000, 0.5773502691896257
45000, 0.5773502691896257
46000, 0.6055300708194983
47000, 0.6055300708194983
48000, 0.6055300708194983
49000, 0.5477225575051661
50000, 0.48304589153964794
51000, 0.48304589153964794
52000, 0.48304589153964794
53000, 0.4472135954999579
54000, 0.48304589153964794
55000, 0.48304589153964794
56000, 0.48304589153964794
57000, 0.48304589153964794
58000, 0.48304589153964794
59000, 0.48304589153964794
60000, 0.48304589153964794
61000, 0.48304589153964794
62000, 0.48304589153964794
63000, 0.48304589153964794
64000, 0.4472135954999579
65000, 0.4472135954999579
66000, 0.4472135954999579
67000, 0.4472135954999579
68000, 0.31622776601683794
69000, 0.31622776601683794
70000, 0.31622776601683794
71000, 0.31622776601683794
72000, 0.2581988897471611
73000, 0.2581988897471611
74000, 0.2581988897471611
75000, 0.2581988897471611
76000, 0.2581988897471611
77000, 0.2581988897471611
78000, 0.2581988897471611
79000, 0.31622776601683794
80000, 0.31622776601683794
81000, 0.31622776601683794
82000, 0.31622776601683794
83000, 0.31622776601683794
84000, 0.31622776601683794
85000, 0.31622776601683794
86000, 0.31622776601683794
87000, 0.31622776601683794
88000, 0.31622776601683794
89000, 0.31622776601683794
90000, 0.31622776601683794
91000, 0.31622776601683794
92000, 0.31622776601683794
93000, 0.31622776601683794
94000, 0.31622776601683794
95000, 0.31622776601683794
96000, 0.408248290463863
97000, 0.408248290463863
98000, 0.408248290463863
99000, 0.408248290463863
100000, 0.408248290463863
