1, 39.69130887234635
2, 39.234460072019054
3, 39.234460072019054
4, 39.12982056108687
5, 38.49563982731402
6, 38.14633477993472
7, 37.38945611494541
8, 37.37072956969704
9, 36.94087940789406
10, 36.04639867091936
15, 34.18855280436922
20, 31.51190251317746
25, 29.93803123596664
30, 28.0341628324137
35, 27.606417473375384
40, 26.913618432735074
45, 25.940591468088883
50, 25.11061244061676
55, 23.894410583708844
60, 23.764318991775404
65, 23.533562659074196
70, 22.02984987952223
75, 21.75250396095651
80, 20.892240528141404
85, 20.785984288869816
90, 19.09001234752276
95, 19.006765712691436
100, 18.920132889898753
150, 16.30950643030009
200, 13.789229751616192
250, 13.370543316239194
300, 12.535663410560174
350, 11.177784089114315
400, 11.019463300386795
450, 10.719808100627814
500, 8.528942322636327
550, 7.688581515096638
600, 7.4565407529228995
650, 7.564956802822566
700, 7.634508123364221
750, 7.14142842854285
800, 7.127411872482185
850, 6.830603403590554
900, 6.855654600401044
950, 6.396427574379758
1000, 6.080413519772201
1250, 5.94498588247753
1500, 5.8943071809040575
1750, 5.361236531142526
2000, 3.8913824205360674
2250, 3.8877095717511763
2500, 3.5816995167896803
2750, 3.1712998686883673
3000, 3.1213550171131033
3250, 3.0472470011002204
3500, 2.9568322818274866
3750, 2.843539042410757
4000, 2.898275349237888
4250, 2.9081167199998794
4500, 2.7360033416855116
4750, 2.7097706808616007
5000, 2.7255405754769875
5250, 2.5523098781859765
5500, 2.274077520980446
5750, 2.274077520980446
6000, 2.1514114968019085
6250, 2.242447642325552
6500, 2.2551528297909846
6750, 2.280350850198276
7000, 2.3603873774083293
7250, 2.3482516292522218
7500, 2.4553149347021512
7750, 2.4669240534954224
8000, 2.32379000772445
8250, 2.4260491103261463
8500, 2.3784749015162756
8750, 2.274077520980446
9000, 2.2866069685390684
9250, 2.090796157311509
9500, 2.164651077128664
9750, 2.177810171446801
10000, 2.197401062294143
11000, 2.2614786566062732
12000, 2.242447642325552
13000, 2.117950491799628
14000, 2.0354009783964297
15000, 1.9712215212183246
16000, 1.9639610121239315
17000, 1.942016624910449
18000, 1.889822365046136
19000, 1.9346465162548798
20000, 1.9346465162548798
21000, 1.9198214202665531
22000, 1.867006771737662
23000, 1.889822365046136
24000, 1.9198214202665531
25000, 1.9784553859730358
26000, 1.780850519113991
27000, 1.7647338933351153
28000, 1.740279123753264
29000, 1.7647338933351153
30000, 1.7728105208558367
31000, 1.6647608150808246
32000, 1.6647608150808246
33000, 1.647508942095828
34000, 1.5675276256394517
35000, 1.558387444947959
36000, 1.4638501094227998
37000, 1.4540583599999397
38000, 1.4342743312012722
39000, 1.4442002235542986
40000, 1.4442002235542986
41000, 1.4442002235542986
42000, 1.4832396974191326
43000, 1.3732131246511903
44000, 1.3732131246511903
45000, 1.4040757000349275
46000, 1.2421180068162376
47000, 1.2421180068162376
48000, 1.4442002235542986
49000, 1.4442002235542986
50000, 1.52127765851133
51000, 1.5856499343441837
52000, 1.61245154965971
53000, 1.5946338585572373
54000, 1.6035674514745464
55000, 1.5946338585572373
56000, 1.5856499343441837
57000, 1.5946338585572373
58000, 1.5946338585572373
59000, 1.5766148184367308
60000, 1.6388149028228556
61000, 1.5399443403670703
62000, 1.5399443403670703
63000, 1.5399443403670703
64000, 1.52127765851133
65000, 1.5118578920369088
66000, 1.5118578920369088
67000, 1.5118578920369088
68000, 1.5023790657297036
69000, 1.4638501094227998
70000, 1.4442002235542986
71000, 1.4442002235542986
72000, 1.4442002235542986
73000, 1.3627702877384937
74000, 1.3627702877384937
75000, 1.4735767952260144
76000, 1.4342743312012722
77000, 1.4342743312012722
78000, 1.4342743312012722
79000, 1.4342743312012722
80000, 1.4342743312012722
81000, 1.4342743312012722
82000, 1.4540583599999397
83000, 1.4540583599999397
84000, 1.4540583599999397
85000, 1.230563169563316
86000, 1.230563169563316
87000, 1.2649110640673518
88000, 1.2649110640673518
89000, 1.2761549390929883
90000, 1.2761549390929883
91000, 1.3938641048743392
92000, 1.3938641048743392
93000, 1.4040757000349275
94000, 1.4040757000349275
95000, 1.3938641048743392
96000, 1.3938641048743392
97000, 1.3938641048743392
98000, 1.4040757000349275
99000, 1.4040757000349275
100000, 1.3416407864998738
