18.709814078636455
15.294256625095766
14.542548410980597
13.327736920744325
11.196938357043347
11.117553687749837
10.205040771249134
10.43756950361803
10.406042200842466
9.54687682663064
8.732533587518736
9.023778112773575
8.209750300709517
7.441198060220449
7.040698017343775
6.699680162941682
6.78864598323659
6.8681459340515305
7.1614044911395895
6.769680304753795
6.6051927624083335
6.148170459575759
6.21978410282176
6.362838539968957
6.29285308902091
5.299595671908781
5.5446241660600535
5.419541361723201
5.115801850289803
5.2590058810713325
5.422176684690384
5.3718844791323335
5.361236531142526
5.220837371259792
5.039841267341661
4.896062557957014
5.051166767617727
4.795831523312719
4.922252678253264
5.022805135436913
5.11021386189323
5.101820403402243
4.974219249576475
4.875595201760352
4.672105673951674
4.662923668993215
4.8166378315169185
4.475329197787737
4.6934604961128015
4.705619740571601
4.807731867969107
4.735881272643079
4.332600670662895
4.33589667773576
4.535573676110727
4.252730215486786
4.38829612231705
4.33589667773576
4.140393356054125
4.332600670662895
4.1196393739535715
4.272837799067834
4.3490557267395085
4.545012965563779
4.4077853201547175
4.541868715470696
4.5197977198732495
4.136941589421552
4.339190181194116
4.20883424647321
4.292851200376205
4.246006527146588
4.126568965687043
4.123105625617661
4.067291130821243
4.2560880764248425
4.262795863213317
4.039094665180022
