1, 13.70255450636851
2, 12.803124618623377
3, 12.803124618623377
4, 12.06979701569169
5, 11.370136322841516
6, 11.139120252515456
7, 11.139120252515456
8, 10.583005244258363
9, 10.510946674776731
10, 9.785703858180055
15, 9.482615672903759
20, 7.939773296511683
25, 7.704544113703289
30, 7.563068160475615
35, 6.817624219623724
40, 6.118823416311342
45, 6.099180272790763
50, 6.079473661428265
55, 5.067543783727971
60, 4.824935232725927
65, 4.698936049788292
70, 4.673328578219169
75, 4.6475800154489
80, 4.13763217311544
85, 4.345112196480086
90, 4.507771067833858
95, 4.791659420284375
100, 4.578209256903839
150, 4.029888335921977
200, 2.925747767665559
250, 2.6832815729997477
300, 2.227105745132009
350, 2.172556098240043
400, 1.9798989873223332
450, 2.3151673805580453
500, 2.227105745132009
550, 2.4166091947189146
600, 2.209072203437452
650, 2.0976176963403033
700, 2.1908902300206643
750, 2.1908902300206643
800, 2.1354156504062622
850, 1.9798989873223332
900, 1.8547236990991407
950, 1.9183326093250879
1000, 1.7204650534085253
1250, 1.6
1500, 1.9183326093250879
1750, 1.469693845669907
2000, 1.469693845669907
2250, 1.5231546211727816
2500, 1.3856406460551018
2750, 0.9797958971132712
3000, 1.3266499161421599
3250, 0.6324555320336759
3500, 0.8944271909999159
3750, 0.8
4000, 1.019803902718557
4250, 0.8
4500, 1.131370849898476
4750, 1.019803902718557
5000, 0.8
5250, 0.8
5500, 0.848528137423857
5750, 0.8
6000, 0.938083151964686
6250, 0.938083151964686
6500, 0.938083151964686
6750, 0.8944271909999159
7000, 0.8944271909999159
7250, 0.938083151964686
7500, 1.019803902718557
7750, 1.019803902718557
8000, 1.019803902718557
8250, 0.8
8500, 0.8
8750, 0.8
9000, 0.6928203230275509
9250, 0.6928203230275509
9500, 0.7483314773547883
9750, 0.7483314773547883
10000, 0.7483314773547883
11000, 0.848528137423857
12000, 0.7483314773547883
13000, 0.565685424949238
14000, 0.8944271909999159
15000, 0.565685424949238
16000, 0.8944271909999159
17000, 0.7483314773547883
18000, 1.2649110640673518
19000, 0.6928203230275509
20000, 0.565685424949238
21000, 0.7483314773547883
22000, 0.4898979485566356
23000, 0.7483314773547883
24000, 0.8
25000, 0.8
26000, 0.565685424949238
27000, 0.6324555320336759
28000, 0.4
29000, 0.4
30000, 0.565685424949238
31000, 0.565685424949238
32000, 0.565685424949238
33000, 0.565685424949238
34000, 0.565685424949238
35000, 0.565685424949238
36000, 0.565685424949238
37000, 0.4898979485566356
38000, 0.4898979485566356
39000, 0.4898979485566356
40000, 0.565685424949238
41000, 0.565685424949238
42000, 0.565685424949238
43000, 0.4
44000, 0.565685424949238
45000, 0.282842712474619
46000, 0.282842712474619
47000, 0.4898979485566356
48000, 0.282842712474619
49000, 0.282842712474619
50000, 0.4
51000, 0.4
52000, 0.565685424949238
53000, 0.4
54000, 0.4
55000, 0.282842712474619
56000, 0.282842712474619
57000, 0.282842712474619
58000, 0.282842712474619
59000, 0.0
60000, 0.282842712474619
61000, 0.0
62000, 0.0
63000, 0.0
64000, 0.0
65000, 0.0
66000, 0.0
67000, 0.0
68000, 0.0
69000, 0.0
70000, 0.0
71000, 0.0
72000, 0.0
73000, 0.0
74000, 0.0
75000, 0.0
76000, 0.0
77000, 0.282842712474619
78000, 0.282842712474619
79000, 0.282842712474619
80000, 0.282842712474619
81000, 0.0
82000, 0.0
83000, 0.0
84000, 0.0
85000, 0.0
86000, 0.0
87000, 0.0
88000, 0.0
89000, 0.0
90000, 0.0
91000, 0.0
92000, 0.0
93000, 0.0
94000, 0.0
95000, 0.0
96000, 0.0
97000, 0.0
98000, 0.0
99000, 0.0
100000, 0.0
