2.6076809620810595
3.521363372331802
2.8284271247461903
2.7202941017470885
2.1908902300206643
2.9664793948382653
2.1908902300206643
2.3664319132398464
2.280350850198276
2.1447610589527217
2.23606797749979
2.280350850198276
2.4899799195977463
2.6076809620810595
2.449489742783178
2.449489742783178
2.32379000772445
2.32379000772445
1.6733200530681511
1.2649110640673518
1.4142135623730951
2.04939015319192
1.4832396974191326
1.3416407864998738
1.61245154965971
1.8439088914585775
2.04939015319192
2.04939015319192
1.8439088914585775
1.8439088914585775
1.0
0.8944271909999159
1.5491933384829668
1.7888543819998317
1.4832396974191326
1.4832396974191326
1.5491933384829668
1.4832396974191326
1.4832396974191326
1.4832396974191326
1.4832396974191326
1.4832396974191326
1.4832396974191326
1.4832396974191326
1.4832396974191326
1.4832396974191326
1.4832396974191326
1.61245154965971
1.0954451150103321
1.1832159566199232
1.1832159566199232
1.1832159566199232
1.1832159566199232
1.0954451150103321
1.0954451150103321
1.3416407864998738
1.3416407864998738
1.1832159566199232
1.4832396974191326
1.4142135623730951
1.61245154965971
1.0
1.3416407864998738
1.1832159566199232
1.3416407864998738
1.5491933384829668
1.3416407864998738
1.0954451150103321
1.0954451150103321
1.0954451150103321
1.3416407864998738
1.0954451150103321
1.3416407864998738
1.5491933384829668
1.7320508075688772
1.7320508075688772
1.7320508075688772
1.7320508075688772
1.7320508075688772
1.5491933384829668
1.7320508075688772
1.9493588689617927
2.04939015319192
1.9493588689617927
1.8439088914585775
1.9493588689617927
1.9493588689617927
1.9493588689617927
1.4832396974191326
1.9493588689617927
1.5491933384829668
1.5491933384829668
1.8973665961010275
1.4142135623730951
1.4832396974191326
1.61245154965971
1.61245154965971
1.61245154965971
1.61245154965971
1.61245154965971
1.61245154965971
1.61245154965971
1.61245154965971
1.61245154965971
1.61245154965971
1.61245154965971
1.61245154965971
1.4142135623730951
1.4832396974191326
1.4832396974191326
1.6733200530681511
1.61245154965971
1.61245154965971
1.4142135623730951
1.6733200530681511
1.6733200530681511
1.6733200530681511
1.61245154965971
1.61245154965971
1.61245154965971
1.4142135623730951
1.61245154965971
1.61245154965971
1.61245154965971
1.61245154965971
1.61245154965971
1.4142135623730951
1.6733200530681511
1.3416407864998738
1.6733200530681511
1.4142135623730951
1.4142135623730951
1.61245154965971
1.61245154965971
1.61245154965971
1.61245154965971
1.4142135623730951
1.4142135623730951
1.4142135623730951
1.61245154965971
1.61245154965971
1.61245154965971
1.61245154965971
1.4142135623730951
1.4142135623730951
1.4142135623730951
1.61245154965971
1.61245154965971
1.6733200530681511
1.61245154965971
1.61245154965971
1.6733200530681511
1.61245154965971
1.6733200530681511
1.61245154965971
1.5491933384829668
1.5491933384829668
1.5491933384829668
1.5491933384829668
1.61245154965971
1.61245154965971
1.5491933384829668
1.5491933384829668
1.61245154965971
1.61245154965971
1.0954451150103321
1.0954451150103321
1.0954451150103321
1.3416407864998738
1.3416407864998738
1.3416407864998738
1.61245154965971
1.61245154965971
1.61245154965971
1.3416407864998738
1.3416407864998738
1.3416407864998738
1.3416407864998738
1.3416407864998738
1.3416407864998738
1.3416407864998738
1.3416407864998738
1.2649110640673518
1.3416407864998738
1.2649110640673518
1.2649110640673518
1.2649110640673518
1.2649110640673518
1.2649110640673518
1.2649110640673518
1.2649110640673518
1.2649110640673518
1.2649110640673518
1.2649110640673518
1.2649110640673518
1.0
1.2649110640673518
1.4142135623730951
1.1832159566199232
1.1832159566199232
1.1832159566199232
1.1832159566199232
1.1832159566199232
1.0
1.1832159566199232
1.1832159566199232
1.1832159566199232
1.1832159566199232
1.1832159566199232
1.1832159566199232
1.1832159566199232
1.1832159566199232
1.0
1.0
1.0
1.0
1.1832159566199232
1.1832159566199232
1.1832159566199232
1.1832159566199232
1.1832159566199232
1.1832159566199232
1.1832159566199232
1.1832159566199232
1.1832159566199232
1.1832159566199232
1.1832159566199232
1.1832159566199232
1.1832159566199232
1.1832159566199232
1.1832159566199232
1.1832159566199232
1.1832159566199232
1.1832159566199232
1.1832159566199232
1.1832159566199232
1.0
1.0
1.0
1.0
1.1832159566199232
1.1832159566199232
1.1832159566199232
1.0
1.1832159566199232
1.1832159566199232
1.1832159566199232
1.1832159566199232
1.1832159566199232
1.0
1.0
1.0
1.0
1.0
1.0
1.0
1.0
1.4142135623730951
1.0
1.0
1.0
1.0
1.0
1.0
1.0
1.0
1.0
1.0
1.1832159566199232
1.1832159566199232
1.1832159566199232
1.0
1.0
1.0
1.0
1.0
0.7745966692414834
0.7745966692414834
1.0
1.0
0.7745966692414834
0.7745966692414834
0.7745966692414834
0.7745966692414834
0.7745966692414834
0.7745966692414834
0.7745966692414834
0.7745966692414834
0.7745966692414834
0.7745966692414834
0.7745966692414834
0.7745966692414834
0.7745966692414834
0.7745966692414834
0.7745966692414834
0.7745966692414834
0.7745966692414834
0.7745966692414834
0.7745966692414834
0.7745966692414834
0.7745966692414834
0.7745966692414834
0.7745966692414834
1.1832159566199232
1.1832159566199232
1.1832159566199232
1.1832159566199232
1.1832159566199232
1.1832159566199232
1.1832159566199232
1.1832159566199232
1.1832159566199232
1.1832159566199232
1.1832159566199232
1.1832159566199232
0.7745966692414834
0.7745966692414834
0.7745966692414834
0.7745966692414834
0.7745966692414834
0.7745966692414834
0.7745966692414834
0.7745966692414834
0.7745966692414834
0.7745966692414834
0.7745966692414834
0.7745966692414834
0.7745966692414834
0.7745966692414834
1.0
0.7745966692414834
0.7745966692414834
0.7745966692414834
0.7745966692414834
0.7745966692414834
0.7745966692414834
0.7745966692414834
0.7745966692414834
0.7745966692414834
0.7745966692414834
1.1832159566199232
1.1832159566199232
1.3416407864998738
1.3416407864998738
1.3416407864998738
1.3416407864998738
1.0
1.0
1.0
1.0
1.0
1.3416407864998738
1.3416407864998738
1.0
1.4142135623730951
1.4142135623730951
1.4142135623730951
1.4142135623730951
1.4142135623730951
1.4142135623730951
1.0
1.0
1.0
1.0
0.7745966692414834
0.7745966692414834
1.1832159566199232
1.1832159566199232
1.1832159566199232
1.3416407864998738
1.1832159566199232
1.1832159566199232
1.1832159566199232
1.1832159566199232
1.1832159566199232
1.1832159566199232
1.3416407864998738
1.4832396974191326
1.3416407864998738
1.4832396974191326
1.4832396974191326
1.4832396974191326
1.3416407864998738
1.4832396974191326
1.3416407864998738
1.3416407864998738
1.3416407864998738
1.3416407864998738
1.3416407864998738
1.3416407864998738
1.3416407864998738
1.4832396974191326
1.4832396974191326
1.4832396974191326
1.4832396974191326
1.3416407864998738
1.3416407864998738
1.3416407864998738
1.3416407864998738
1.3416407864998738
