1, 51.170738165913185
2, 50.427065043376146
3, 49.59704292260444
4, 49.20185181700199
5, 48.713904015634434
6, 48.173298274735835
7, 48.25718138842711
8, 48.344366556795194
9, 47.64125196601039
10, 47.20098869021001
15, 45.820907406505555
20, 44.928832613367554
25, 42.91490287637721
30, 42.27476263156962
35, 41.21731027937979
40, 40.294471636248616
45, 38.917291215545255
50, 37.685246155196836
55, 37.04531759285586
60, 35.69126877356234
65, 33.7809939989272
70, 33.646858859499964
75, 32.675849049582645
80, 32.255921075741185
85, 31.559467676119
90, 31.87510348567079
95, 31.46461857741521
100, 29.487096989851153
150, 25.07544172647369
200, 20.963990290230743
250, 20.394443687762934
300, 18.79125091927387
350, 17.383900597967074
400, 16.169930941926335
450, 15.413558245187183
500, 15.300689890038
550, 14.822655332669349
600, 13.896442390450554
650, 13.741259848435377
700, 13.23463469671738
750, 13.30413469565007
800, 12.95462165492386
850, 12.928865207571604
900, 12.695581033484752
950, 12.495332461896854
1000, 11.752068375869463
1250, 10.095103323449003
1500, 9.11774826003292
1750, 8.820430828479978
2000, 8.619100236619184
2250, 7.827302643099133
2500, 7.614314005724861
2750, 7.254117604658903
3000, 7.122733557654206
3250, 7.459520389706328
3500, 7.3181661333667165
3750, 7.676804890925217
4000, 6.979334575094613
4250, 6.48074069840786
4500, 6.933012813104175
4750, 6.783968029274772
5000, 6.6716647930716
5250, 6.734653335959881
5500, 6.728050733062784
5750, 6.548960901462833
6000, 6.491019437140312
6250, 6.48074069840786
6500, 6.202150164795002
6750, 5.970296847263496
7000, 5.808040403899867
7250, 6.159004248523728
7500, 6.064468466220084
7750, 6.255664100104267
8000, 6.126445407684078
8250, 6.322798255343734
8500, 5.792715732327589
8750, 5.94792213951879
9000, 5.985166849990251
9250, 5.545769158156112
9500, 5.6548897228662005
9750, 5.539755309477927
10000, 5.3416601664027015
11000, 4.883077353927996
12000, 4.788875998951459
13000, 4.892170615721955
14000, 4.594682917363407
15000, 4.51417520459472
16000, 4.049691346263317
17000, 4.221637386396684
18000, 3.960920207336786
19000, 3.7623869492059896
20000, 3.841296077570116
21000, 4.085203653294275
22000, 3.941235001028654
23000, 3.605551275463989
24000, 3.6147844564602556
25000, 3.4896672875473067
26000, 3.245509718570156
27000, 2.996294007232564
28000, 3.1763011332190922
29000, 2.8790430508918914
30000, 2.840187787218772
31000, 3.0
32000, 2.8751811537130436
33000, 2.9173808649388087
34000, 2.9173808649388087
35000, 3.0876096471758427
36000, 3.003701420285016
37000, 3.0550504633038935
38000, 3.003701420285016
39000, 2.898275349237888
40000, 2.898275349237888
41000, 2.970222587992729
42000, 2.788866755113585
43000, 2.9776948578836393
44000, 2.9552213679068666
45000, 2.943920288775949
46000, 3.0368111930480994
47000, 2.840187787218772
48000, 2.780887148615228
49000, 2.8007935383466673
50000, 2.836272984824353
51000, 2.54296414970142
52000, 2.780887148615228
53000, 2.756809750418044
54000, 2.637338725980331
55000, 2.6288992204173804
56000, 2.7202941017470885
57000, 2.654137231652584
58000, 2.70801280154532
59000, 2.6832815729997477
60000, 2.679137506321349
61000, 2.556038601690775
62000, 2.4899799195977463
63000, 2.590581230363393
64000, 2.494438257849294
65000, 2.695675549220764
66000, 2.54296414970142
67000, 2.577681990557494
68000, 2.5991451586157237
69000, 2.5647178748895127
70000, 2.5385910352879693
71000, 2.54296414970142
72000, 2.417528581929166
73000, 2.4449494427856333
74000, 2.772884579078056
75000, 2.5516878945339516
76000, 2.4449494427856333
77000, 2.5121924908555697
78000, 2.4129281427805145
79000, 2.417528581929166
80000, 2.4675674031095665
81000, 2.463060426921489
82000, 2.3617319445224467
83000, 2.389793110524656
84000, 2.4037008503093262
85000, 2.3944379994757297
86000, 2.309401076758503
87000, 2.422120283277993
88000, 2.6666666666666665
89000, 2.521022720158538
90000, 2.4585451886114367
91000, 2.449489742783178
92000, 2.3758039574940617
93000, 2.3380903889000244
94000, 2.417528581929166
95000, 2.3851391759997758
96000, 2.4585451886114367
97000, 2.4449494427856333
98000, 2.581988897471611
99000, 2.481039208790453
100000, 2.454021642574128
