1.7888543819998317
2.04939015319192
1.6733200530681511
1.3416407864998738
1.1832159566199232
0.8944271909999159
1.0
1.0
0.8944271909999159
1.6733200530681511
0.7745966692414834
0.7745966692414834
1.1832159566199232
0.8944271909999159
0.7745966692414834
0.8944271909999159
1.0954451150103321
0.8944271909999159
1.0
1.0954451150103321
1.2649110640673518
1.0954451150103321
1.0954451150103321
1.1832159566199232
0.6324555320336759
0.4472135954999579
1.4142135623730951
0.8944271909999159
0.6324555320336759
0.8944271909999159
0.4472135954999579
0.8944271909999159
0.6324555320336759
0.6324555320336759
0.4472135954999579
0.8944271909999159
0.7745966692414834
0.6324555320336759
0.7745966692414834
0.6324555320336759
0.6324555320336759
0.6324555320336759
0.6324555320336759
0.6324555320336759
0.4472135954999579
0.4472135954999579
0.4472135954999579
0.8944271909999159
1.0954451150103321
1.3416407864998738
1.0954451150103321
1.1832159566199232
1.3416407864998738
1.0954451150103321
1.1832159566199232
1.4142135623730951
1.1832159566199232
1.61245154965971
1.4142135623730951
1.4142135623730951
1.4832396974191326
0.7745966692414834
1.3416407864998738
0.4472135954999579
0.4472135954999579
1.0954451150103321
1.0954451150103321
1.3416407864998738
1.3416407864998738
1.3416407864998738
1.3416407864998738
1.3416407864998738
1.7888543819998317
1.7888543819998317
1.4832396974191326
1.61245154965971
1.61245154965971
1.61245154965971
1.61245154965971
1.61245154965971
1.61245154965971
1.4832396974191326
1.4832396974191326
1.3416407864998738
1.3416407864998738
1.4832396974191326
1.3416407864998738
1.3416407864998738
1.3416407864998738
1.3416407864998738
1.3416407864998738
1.4832396974191326
1.3416407864998738
1.4832396974191326
1.3416407864998738
1.3416407864998738
1.3416407864998738
1.3416407864998738
1.4832396974191326
1.3416407864998738
1.3416407864998738
1.2649110640673518
1.3416407864998738
1.2649110640673518
1.2649110640673518
1.3416407864998738
1.3416407864998738
1.3416407864998738
1.2649110640673518
1.2649110640673518
1.5491933384829668
1.5491933384829668
1.61245154965971
1.5491933384829668
1.5491933384829668
1.5491933384829668
1.5491933384829668
1.5491933384829668
1.5491933384829668
1.5491933384829668
1.5491933384829668
1.5491933384829668
1.7888543819998317
1.5491933384829668
1.5491933384829668
1.61245154965971
1.61245154965971
1.4832396974191326
1.1832159566199232
1.1832159566199232
1.6733200530681511
1.7320508075688772
1.7320508075688772
1.4142135623730951
1.1832159566199232
1.7320508075688772
1.1832159566199232
1.0
1.0
1.0
1.0
1.0
1.0
1.0
1.0
1.2649110640673518
1.0
1.2649110640673518
1.2649110640673518
1.2649110640673518
1.2649110640673518
1.2649110640673518
1.2649110640673518
1.0
1.0
1.0
1.0
1.0
1.0
1.0
1.0
0.8944271909999159
1.0
1.0
0.8944271909999159
0.8944271909999159
0.8944271909999159
0.8944271909999159
0.8944271909999159
0.8944271909999159
0.8944271909999159
0.8944271909999159
0.8944271909999159
0.8944271909999159
0.8944271909999159
0.8944271909999159
0.8944271909999159
0.8944271909999159
0.8944271909999159
0.8944271909999159
0.8944271909999159
0.8944271909999159
0.8944271909999159
0.8944271909999159
0.8944271909999159
0.8944271909999159
0.8944271909999159
0.8944271909999159
0.8944271909999159
0.8944271909999159
0.8944271909999159
0.8944271909999159
1.1832159566199232
1.1832159566199232
1.1832159566199232
1.1832159566199232
1.1832159566199232
0.8944271909999159
0.8944271909999159
0.8944271909999159
0.8944271909999159
0.8944271909999159
0.8944271909999159
0.8944271909999159
0.8944271909999159
0.8944271909999159
0.8944271909999159
0.8944271909999159
0.8944271909999159
0.8944271909999159
0.8944271909999159
0.8944271909999159
0.8944271909999159
1.0
1.0
1.0
1.0
1.0
0.8944271909999159
0.8944271909999159
1.0
0.8944271909999159
0.8944271909999159
0.8944271909999159
0.8944271909999159
0.8944271909999159
0.8944271909999159
0.8944271909999159
0.8944271909999159
0.8944271909999159
0.8944271909999159
0.8944271909999159
0.8944271909999159
0.8944271909999159
0.8944271909999159
0.8944271909999159
0.6324555320336759
0.6324555320336759
0.6324555320336759
0.6324555320336759
0.6324555320336759
0.6324555320336759
0.6324555320336759
0.6324555320336759
0.6324555320336759
0.6324555320336759
0.6324555320336759
0.6324555320336759
0.6324555320336759
0.6324555320336759
0.6324555320336759
0.6324555320336759
0.6324555320336759
0.6324555320336759
0.6324555320336759
0.6324555320336759
0.6324555320336759
0.6324555320336759
0.6324555320336759
0.6324555320336759
0.6324555320336759
0.6324555320336759
0.6324555320336759
0.6324555320336759
0.6324555320336759
0.6324555320336759
0.7745966692414834
0.6324555320336759
0.6324555320336759
0.6324555320336759
0.7745966692414834
0.6324555320336759
0.7745966692414834
0.7745966692414834
0.6324555320336759
0.6324555320336759
0.6324555320336759
0.6324555320336759
0.6324555320336759
0.6324555320336759
0.6324555320336759
0.7745966692414834
0.6324555320336759
0.6324555320336759
0.6324555320336759
0.6324555320336759
0.6324555320336759
0.6324555320336759
0.6324555320336759
0.6324555320336759
0.6324555320336759
0.6324555320336759
0.6324555320336759
0.6324555320336759
0.6324555320336759
0.6324555320336759
0.6324555320336759
0.6324555320336759
0.6324555320336759
0.6324555320336759
0.6324555320336759
0.6324555320336759
0.6324555320336759
0.7745966692414834
0.6324555320336759
0.7745966692414834
0.6324555320336759
0.7745966692414834
0.6324555320336759
0.6324555320336759
0.6324555320336759
0.6324555320336759
0.6324555320336759
0.6324555320336759
0.6324555320336759
0.6324555320336759
0.6324555320336759
0.6324555320336759
0.6324555320336759
0.6324555320336759
0.6324555320336759
0.6324555320336759
0.4472135954999579
0.4472135954999579
0.4472135954999579
0.4472135954999579
0.4472135954999579
0.4472135954999579
0.4472135954999579
0.4472135954999579
0.4472135954999579
0.4472135954999579
0.4472135954999579
0.4472135954999579
0.4472135954999579
0.4472135954999579
0.4472135954999579
0.6324555320336759
0.6324555320336759
0.6324555320336759
0.6324555320336759
0.7745966692414834
0.7745966692414834
0.7745966692414834
0.7745966692414834
0.7745966692414834
0.7745966692414834
0.6324555320336759
0.6324555320336759
0.7745966692414834
0.7745966692414834
0.7745966692414834
0.7745966692414834
0.4472135954999579
0.4472135954999579
0.4472135954999579
0.4472135954999579
0.4472135954999579
0.4472135954999579
0.4472135954999579
0.4472135954999579
0.4472135954999579
0.4472135954999579
0.4472135954999579
0.6324555320336759
0.7745966692414834
0.7745966692414834
0.7745966692414834
0.7745966692414834
0.7745966692414834
0.7745966692414834
0.7745966692414834
0.7745966692414834
0.7745966692414834
0.7745966692414834
0.7745966692414834
0.7745966692414834
0.6324555320336759
0.7745966692414834
0.6324555320336759
0.7745966692414834
0.7745966692414834
0.6324555320336759
0.6324555320336759
0.6324555320336759
0.6324555320336759
0.6324555320336759
0.6324555320336759
0.6324555320336759
0.6324555320336759
0.6324555320336759
0.6324555320336759
0.6324555320336759
0.6324555320336759
0.6324555320336759
0.6324555320336759
0.4472135954999579
0.0
0.4472135954999579
0.0
