1, 57.27512549091447
2, 57.25801253973107
3, 57.20629336008408
4, 56.513361252008366
5, 56.19893237420085
6, 55.4193107138658
7, 55.25703575111499
8, 55.03925871593839
9, 54.840131290871284
10, 54.90992624289346
15, 52.07475396005247
20, 50.547007824400445
25, 49.56490694029395
30, 48.68675384537359
35, 48.629209329373225
40, 47.78074926160116
45, 46.6705474576847
50, 45.81855519328387
55, 44.954421362086286
60, 44.143629211925926
65, 43.06228047839547
70, 42.449028257428935
75, 40.90990100208017
80, 40.048720329119135
85, 39.85398348973412
90, 38.47050818484206
95, 37.6215363854269
100, 37.255872020394314
150, 32.422523035692336
200, 29.163676037152793
250, 25.50372521809314
300, 22.57033451236379
350, 22.72399612744202
400, 20.8940182827526
450, 19.19687474564545
500, 18.983677199109767
550, 18.051592727512993
600, 17.264414267504126
650, 17.23890947827037
700, 16.086018774078315
750, 16.240073891457513
800, 15.693310676845725
850, 15.339491516996253
900, 14.743812261420043
950, 14.304544732356916
1000, 13.458826100369972
1250, 12.620618051426801
1500, 11.169601604354561
1750, 10.856334556377673
2000, 10.948059188732952
2250, 10.494760597555334
2500, 10.355674772799693
2750, 9.863062404750362
3000, 9.82751240141675
3250, 8.953211714239757
3500, 8.410707461325712
3750, 8.718944890294926
4000, 7.993747556684537
4250, 8.382123835878351
4500, 8.243785538209979
4750, 8.252272414311102
5000, 7.708436936240706
5250, 7.8230428862431785
5500, 7.698051701567092
5750, 7.977468270071652
6000, 7.553806987208503
6250, 7.281483365359012
6500, 7.569676347110224
6750, 7.62102355330306
7000, 7.161005515987263
7250, 7.172168430816443
7500, 7.310266752998826
7750, 6.889121859859935
8000, 7.0611613775638915
8250, 6.941181455631311
8500, 6.8
8750, 6.3608175575157
9000, 6.3655321851358195
9250, 6.720119046564577
9500, 6.5467549213331635
9750, 6.357672530100933
10000, 6.700746227100382
11000, 6.115553940568262
12000, 5.709640969448079
13000, 5.60357029044876
14000, 5.377731863899501
15000, 5.029910535983717
16000, 4.688283267892417
17000, 4.829078587059854
18000, 4.745524207081869
19000, 4.451965857910413
20000, 4.37264222181509
21000, 4.254409477236529
22000, 4.354308211415448
23000, 4.1303752856126765
24000, 4.168932717135166
25000, 4.120679555607303
26000, 3.8
27000, 4.024922359499621
28000, 4.004996878900157
29000, 3.992492955535426
30000, 4.093897898091744
31000, 4.024922359499621
32000, 4.166533331199932
33000, 3.984971769034255
34000, 4.188078318274385
35000, 4.183300132670378
36000, 4.171330722922842
37000, 4.079215610874228
38000, 3.8418745424597094
39000, 3.823610858861032
40000, 3.9597979746446663
41000, 3.616628264005025
42000, 3.6606010435446255
43000, 3.7735924528226414
44000, 3.509985754956849
45000, 3.4756294393965534
46000, 3.529872518944558
47000, 3.515679166249389
48000, 3.2924155266308657
49000, 3.331666249791536
50000, 3.246536616149585
51000, 3.3852621759621515
52000, 3.5242020373412193
53000, 3.4322004603461025
54000, 3.3075670817082456
55000, 3.4322004603461025
56000, 3.515679166249389
57000, 3.4409301068170506
58000, 3.594440151122286
59000, 3.443835071544513
60000, 3.4871191548325386
61000, 3.461213659975356
62000, 3.3734255586866
63000, 3.560898762952971
64000, 3.5552777669262356
65000, 3.5972211497209896
66000, 3.4583232931581165
67000, 3.249615361854384
68000, 3.243454948045371
69000, 3.1906112267087634
70000, 3.411744421846396
71000, 3.438022687534217
72000, 3.420526275297414
73000, 3.388214869219483
74000, 3.4263683398023628
75000, 3.4322004603461025
76000, 3.3286633954186478
77000, 3.4176014981270124
78000, 3.2984845004941286
79000, 3.2093613071762426
80000, 3.1144823004794873
81000, 3.361547262794322
82000, 3.4292856398964493
83000, 3.3823069050575527
84000, 3.3555923471125033
85000, 3.2186953878862163
86000, 3.212475680841802
87000, 3.3105890714493698
88000, 3.286335345030997
89000, 3.0983866769659336
90000, 3.1432467291003423
91000, 2.9631064780058107
92000, 2.894822965226026
93000, 2.8284271247461903
94000, 2.9154759474226504
95000, 3.082207001484488
96000, 3.0166206257996713
97000, 3.159113799786263
98000, 3.0066592756745814
99000, 3.1240998703626617
100000, 3.056141357987225
