3.1622776601683795
3.286335345030997
3.03315017762062
3.1304951684997055
3.286335345030997
3.521363372331802
2.9664793948382653
3.0659419433511785
2.8284271247461903
2.8635642126552705
2.8635642126552705
2.898275349237888
2.932575659723036
2.7202941017470885
2.7202941017470885
2.280350850198276
2.280350850198276
2.1447610589527217
2.280350850198276
2.280350850198276
2.1447610589527217
1.9493588689617927
2.0
2.1908902300206643
1.8973665961010275
1.61245154965971
2.0
1.8973665961010275
1.7320508075688772
1.7320508075688772
1.7888543819998317
1.7888543819998317
1.7320508075688772
1.7320508075688772
1.61245154965971
1.7320508075688772
1.7320508075688772
1.61245154965971
1.6733200530681511
1.7320508075688772
1.7320508075688772
1.61245154965971
1.7320508075688772
1.61245154965971
1.61245154965971
1.7320508075688772
1.7320508075688772
1.61245154965971
1.61245154965971
1.61245154965971
1.61245154965971
1.61245154965971
1.7888543819998317
1.7888543819998317
1.7888543819998317
1.7888543819998317
1.61245154965971
1.7888543819998317
1.7888543819998317
1.8973665961010275
1.7888543819998317
1.7888543819998317
1.7888543819998317
1.7888543819998317
1.5491933384829668
1.5491933384829668
1.5491933384829668
1.5491933384829668
1.6733200530681511
1.6733200530681511
1.6733200530681511
1.6733200530681511
1.6733200530681511
1.5491933384829668
1.5491933384829668
1.5491933384829668
1.5491933384829668
1.5491933384829668
1.5491933384829668
1.3416407864998738
1.3416407864998738
1.5491933384829668
1.1832159566199232
1.1832159566199232
1.4142135623730951
1.1832159566199232
1.3416407864998738
1.5491933384829668
1.3416407864998738
1.3416407864998738
1.3416407864998738
1.5491933384829668
1.5491933384829668
1.5491933384829668
1.5491933384829668
1.5491933384829668
1.5491933384829668
1.5491933384829668
1.5491933384829668
1.5491933384829668
1.5491933384829668
1.5491933384829668
1.5491933384829668
1.5491933384829668
1.5491933384829668
1.5491933384829668
1.5491933384829668
1.3416407864998738
1.5491933384829668
1.3416407864998738
1.5491933384829668
1.3416407864998738
1.3416407864998738
1.3416407864998738
1.3416407864998738
1.3416407864998738
1.3416407864998738
1.5491933384829668
1.3416407864998738
1.3416407864998738
1.3416407864998738
1.3416407864998738
1.3416407864998738
1.3416407864998738
1.3416407864998738
1.5491933384829668
1.4832396974191326
1.3416407864998738
1.5491933384829668
1.5491933384829668
1.5491933384829668
1.5491933384829668
1.5491933384829668
1.5491933384829668
1.5491933384829668
1.6733200530681511
1.4832396974191326
1.3416407864998738
1.3416407864998738
1.5491933384829668
1.5491933384829668
1.5491933384829668
1.5491933384829668
1.6733200530681511
1.6733200530681511
1.6733200530681511
1.6733200530681511
1.6733200530681511
1.6733200530681511
1.3416407864998738
1.3416407864998738
1.1832159566199232
1.1832159566199232
1.1832159566199232
1.1832159566199232
1.1832159566199232
1.3416407864998738
1.3416407864998738
1.3416407864998738
1.3416407864998738
1.1832159566199232
1.1832159566199232
1.3416407864998738
1.3416407864998738
1.1832159566199232
1.1832159566199232
1.1832159566199232
1.3416407864998738
1.1832159566199232
1.3416407864998738
1.3416407864998738
1.1832159566199232
1.1832159566199232
1.1832159566199232
1.1832159566199232
1.1832159566199232
1.1832159566199232
1.3416407864998738
1.3416407864998738
1.3416407864998738
1.3416407864998738
1.3416407864998738
1.3416407864998738
1.3416407864998738
1.3416407864998738
1.3416407864998738
1.3416407864998738
1.3416407864998738
1.3416407864998738
1.3416407864998738
1.3416407864998738
1.3416407864998738
1.3416407864998738
1.3416407864998738
1.3416407864998738
1.3416407864998738
1.3416407864998738
1.3416407864998738
1.3416407864998738
1.3416407864998738
1.3416407864998738
1.3416407864998738
1.1832159566199232
1.3416407864998738
1.3416407864998738
1.3416407864998738
1.3416407864998738
1.3416407864998738
1.3416407864998738
1.3416407864998738
1.4832396974191326
1.3416407864998738
1.3416407864998738
1.4832396974191326
1.3416407864998738
1.3416407864998738
1.3416407864998738
1.3416407864998738
1.3416407864998738
1.3416407864998738
1.3416407864998738
1.3416407864998738
1.3416407864998738
1.3416407864998738
1.3416407864998738
1.3416407864998738
1.3416407864998738
1.3416407864998738
1.3416407864998738
1.4832396974191326
1.4832396974191326
1.4832396974191326
1.4832396974191326
1.3416407864998738
1.4832396974191326
1.4832396974191326
1.4832396974191326
1.4832396974191326
1.4832396974191326
1.4832396974191326
1.4832396974191326
1.4832396974191326
1.4832396974191326
1.4832396974191326
1.4832396974191326
1.4832396974191326
1.4832396974191326
1.4832396974191326
1.4832396974191326
1.4832396974191326
1.4832396974191326
1.3416407864998738
1.4832396974191326
1.3416407864998738
1.3416407864998738
1.3416407864998738
1.4832396974191326
1.4832396974191326
1.4832396974191326
1.4832396974191326
1.4832396974191326
1.4832396974191326
1.4142135623730951
1.4142135623730951
1.4142135623730951
1.5491933384829668
1.4142135623730951
1.5491933384829668
1.61245154965971
1.61245154965971
1.5491933384829668
1.4142135623730951
1.4832396974191326
1.61245154965971
1.61245154965971
1.61245154965971
1.5491933384829668
1.5491933384829668
1.5491933384829668
1.5491933384829668
1.5491933384829668
1.5491933384829668
1.5491933384829668
1.5491933384829668
1.4142135623730951
1.4832396974191326
1.4832396974191326
1.61245154965971
1.61245154965971
1.61245154965971
1.61245154965971
1.61245154965971
1.61245154965971
1.61245154965971
1.61245154965971
1.61245154965971
1.61245154965971
1.61245154965971
1.5491933384829668
1.5491933384829668
1.5491933384829668
1.5491933384829668
1.5491933384829668
1.5491933384829668
1.5491933384829668
1.5491933384829668
1.5491933384829668
1.5491933384829668
1.5491933384829668
1.5491933384829668
1.5491933384829668
1.5491933384829668
1.5491933384829668
1.5491933384829668
1.5491933384829668
1.5491933384829668
1.5491933384829668
1.5491933384829668
1.5491933384829668
1.5491933384829668
1.5491933384829668
1.5491933384829668
1.5491933384829668
1.5491933384829668
1.5491933384829668
1.5491933384829668
1.5491933384829668
1.5491933384829668
1.5491933384829668
1.5491933384829668
1.5491933384829668
1.5491933384829668
1.5491933384829668
1.5491933384829668
1.5491933384829668
1.5491933384829668
1.5491933384829668
1.5491933384829668
1.5491933384829668
1.5491933384829668
1.5491933384829668
1.5491933384829668
1.5491933384829668
1.5491933384829668
1.5491933384829668
1.5491933384829668
1.5491933384829668
1.5491933384829668
1.5491933384829668
1.5491933384829668
1.5491933384829668
1.5491933384829668
1.5491933384829668
1.4142135623730951
1.4142135623730951
1.4142135623730951
1.4142135623730951
1.5491933384829668
1.5491933384829668
1.5491933384829668
1.5491933384829668
1.5491933384829668
1.5491933384829668
1.5491933384829668
1.5491933384829668
1.5491933384829668
1.5491933384829668
1.5491933384829668
1.5491933384829668
1.4142135623730951
1.4142135623730951
1.4142135623730951
1.4142135623730951
1.4142135623730951
1.4142135623730951
1.4142135623730951
1.4142135623730951
1.4142135623730951
1.5491933384829668
1.4142135623730951
1.5491933384829668
1.5491933384829668
1.5491933384829668
1.5491933384829668
1.5491933384829668
1.5491933384829668
1.5491933384829668
1.5491933384829668
1.5491933384829668
1.5491933384829668
1.5491933384829668
1.5491933384829668
1.5491933384829668
1.5491933384829668
1.5491933384829668
1.5491933384829668
1.5491933384829668
1.4142135623730951
1.4142135623730951
1.5491933384829668
