1, 39.713977388320096
2, 38.98241361727839
3, 38.57830626512411
4, 38.206955238168725
5, 37.31564206679476
6, 36.50362017272103
7, 35.59735142635515
8, 35.584507062163205
9, 34.986528019469766
10, 34.954664516035216
15, 33.15246166253291
20, 31.898051888567025
25, 30.2971002855766
30, 29.7182002915962
35, 27.638482488836363
40, 26.831750914594767
45, 25.242820761555155
50, 25.112319116891044
55, 23.772132544521238
60, 23.59297716331221
65, 23.49711228458267
70, 22.888549851087426
75, 21.844907873461036
80, 20.526637745691747
85, 20.316777022240228
90, 20.19547332590011
95, 20.011425307987007
100, 19.953517412798607
150, 17.15225932639779
200, 15.713506474186012
250, 13.828541912601322
300, 12.951558097111603
350, 12.632158508007592
400, 11.303602459898729
450, 10.624768905049855
500, 10.41427591612316
550, 10.449880382090505
600, 9.298233319138795
650, 9.330441728939894
700, 9.373214115613857
750, 9.012689466999927
800, 7.9498427657407165
850, 7.764387566686396
900, 7.559289460184544
950, 6.8514857617057885
1000, 6.648308055437865
1250, 6.383013171132983
1500, 5.534308577281486
1750, 5.048337774526808
2000, 4.750939756661683
2250, 4.21561722306812
2500, 3.813509819425819
2750, 3.7071359757712075
3000, 3.6449573777637356
3250, 3.854496446637726
3500, 3.553670135025398
3750, 3.255764119219941
4000, 3.2071349029490928
4250, 3.2906794782493525
4500, 3.1121880222303866
4750, 3.2337505867247796
5000, 3.2204702407301595
5250, 3.1937438845342623
5500, 3.198213787189879
5750, 3.2115861679683633
6000, 3.102993945945017
6250, 3.051931472737505
6500, 2.7097706808616007
6750, 2.715037489875337
7000, 2.7619868624907378
7250, 2.4436506647695313
7500, 2.53546276418555
7750, 2.5128242505765725
8000, 2.501428163498376
8250, 2.4023797725231892
8500, 2.3724610489050035
8750, 2.280350850198276
9000, 2.2928460168844436
9250, 2.2928460168844436
9500, 2.29906813420444
9750, 2.29906813420444
10000, 2.2866069685390684
11000, 1.8283482006601322
12000, 2.007130147392398
13000, 1.820517979665599
14000, 1.7968225924034427
15000, 1.7647338933351153
16000, 1.804755622554715
17000, 1.7968225924034427
18000, 1.7320508075688772
19000, 1.7320508075688772
20000, 1.7237832147426693
21000, 1.7071279138616748
22000, 1.7320508075688772
23000, 1.5023790657297036
24000, 1.5023790657297036
25000, 1.5023790657297036
26000, 1.4928400545843579
27000, 1.2983506020002016
28000, 1.01418510567422
29000, 1.082325538564332
30000, 1.082325538564332
31000, 1.0419761445034554
32000, 1.0419761445034554
33000, 1.0281745265969475
34000, 1.0281745265969475
35000, 1.0281745265969475
36000, 0.9411239481143202
37000, 0.7171371656006361
38000, 0.828078671210825
39000, 0.8106434833777776
40000, 0.8106434833777776
41000, 0.8106434833777776
42000, 0.8106434833777776
43000, 0.8618916073713346
44000, 0.8618916073713346
45000, 0.8618916073713346
46000, 0.8618916073713346
47000, 0.8618916073713346
48000, 0.8618916073713346
49000, 0.8618916073713346
50000, 0.8451542547285166
51000, 0.8451542547285166
52000, 0.8783100656536799
53000, 0.8944271909999159
54000, 0.8944271909999159
55000, 0.8944271909999159
56000, 0.8944271909999159
57000, 0.8944271909999159
58000, 0.8451542547285166
59000, 0.8451542547285166
60000, 0.9856107606091623
61000, 0.9856107606091623
62000, 0.9856107606091623
63000, 0.9710083124552245
64000, 1.0690449676496976
65000, 1.1588171308956141
66000, 1.2421180068162376
67000, 1.2421180068162376
68000, 1.2421180068162376
69000, 1.2421180068162376
70000, 1.2421180068162376
71000, 1.2421180068162376
72000, 1.2421180068162376
73000, 1.2421180068162376
74000, 1.2421180068162376
75000, 1.2421180068162376
76000, 1.2421180068162376
77000, 1.2421180068162376
78000, 1.2421180068162376
79000, 1.3522468075656264
80000, 1.3627702877384937
81000, 1.3627702877384937
82000, 1.1710800875382399
83000, 1.1338934190276817
84000, 1.1588171308956141
85000, 1.121223821162776
86000, 1.121223821162776
87000, 1.121223821162776
88000, 1.0690449676496976
89000, 1.0690449676496976
90000, 1.0690449676496976
91000, 1.0690449676496976
92000, 1.0690449676496976
93000, 1.0690449676496976
94000, 1.0690449676496976
95000, 1.0690449676496976
96000, 1.0690449676496976
97000, 1.0690449676496976
98000, 1.0690449676496976
99000, 1.0555973258234952
100000, 1.0555973258234952
