1, 4.153311931459037
2, 3.5
3, 3.24037034920393
4, 3.2015621187164243
5, 3.122498999199199
6, 2.9154759474226504
7, 2.8722813232690143
8, 1.9364916731037085
9, 1.4142135623730951
10, 1.4142135623730951
15, 1.5
20, 1.5811388300841898
25, 1.3228756555322954
30, 1.118033988749895
35, 1.224744871391589
40, 1.224744871391589
45, 1.224744871391589
50, 1.118033988749895
55, 1.118033988749895
60, 1.118033988749895
65, 1.118033988749895
70, 1.118033988749895
75, 1.118033988749895
80, 1.0
85, 1.0
90, 1.0
95, 0.5
100, 0.5
150, 0.5
200, 1.0
250, 1.0
300, 0.8660254037844386
350, 0.5
400, 0.8660254037844386
450, 0.5
500, 0.5
550, 0.5
600, 0.5
650, 0.5
700, 0.5
750, 0.5
800, 0.5
850, 0.5
900, 0.0
950, 0.0
1000, 0.0
1250, 0.5
1500, 0.5
1750, 0.5
2000, 0.5
2250, 0.5
2500, 0.0
2750, 0.0
3000, 0.0
3250, 0.5
3500, 0.0
3750, 0.0
4000, 0.0
4250, 0.0
4500, 0.0
4750, 0.0
5000, 0.0
5250, 0.0
5500, 0.0
5750, 0.0
6000, 0.0
6250, 0.0
6500, 0.0
6750, 0.0
7000, 0.0
7250, 0.0
7500, 0.0
7750, 0.0
8000, 0.0
8250, 0.0
8500, 0.0
8750, 0.0
9000, 0.0
9250, 0.0
9500, 0.0
9750, 0.0
10000, 0.0
11000, 0.0
12000, 0.0
13000, 0.0
14000, 0.5
15000, 0.5
16000, 0.5
17000, 0.5
18000, 0.5
19000, 0.0
20000, 0.0
21000, 0.5
22000, 0.5
23000, 0.5
24000, 0.5
25000, 0.5
26000, 0.5
27000, 0.5
28000, 0.5
29000, 0.5
30000, 0.5
31000, 0.5
32000, 0.5
33000, 0.5
34000, 0.5
35000, 0.5
36000, 0.5
37000, 0.5
38000, 0.5
39000, 0.5
40000, 0.5
41000, 0.5
42000, 0.5
43000, 0.5
44000, 0.5
45000, 0.5
46000, 0.0
47000, 0.0
48000, 0.0
49000, 0.0
50000, 0.0
51000, 0.0
52000, 0.0
53000, 0.0
54000, 0.0
55000, 0.0
56000, 0.0
57000, 0.0
58000, 0.0
59000, 0.0
60000, 0.0
61000, 0.0
62000, 0.0
63000, 0.0
64000, 0.0
65000, 0.0
66000, 0.0
67000, 0.0
68000, 0.0
69000, 0.0
70000, 0.0
71000, 0.0
72000, 0.0
73000, 0.0
74000, 0.0
75000, 0.0
76000, 0.0
77000, 0.0
78000, 0.0
79000, 0.0
80000, 0.0
81000, 0.0
82000, 0.0
83000, 0.0
84000, 0.0
85000, 0.0
86000, 0.0
87000, 0.0
88000, 0.0
89000, 0.0
90000, 0.0
91000, 0.0
92000, 0.0
93000, 0.0
94000, 0.0
95000, 0.0
96000, 0.0
97000, 0.0
98000, 0.0
99000, 0.0
100000, 0.0
