1, 28.06920020235703
2, 27.18381871628782
3, 27.182347212851212
4, 26.30361191927831
5, 25.616400996236766
6, 24.874886934416406
7, 24.874886934416406
8, 24.865236777477104
9, 23.98666296090392
10, 23.153401477968632
15, 21.586106642931234
20, 20.796153490489534
25, 20.031974440878262
30, 19.189580506097574
35, 19.19062271006337
40, 18.472682533947257
45, 18.459685804476738
50, 18.45751879316394
55, 17.443623476789448
60, 17.433301465872724
65, 17.388501948126528
70, 17.381599466102077
75, 16.69730517179344
80, 16.68772003600252
85, 15.737852458324802
90, 15.74166446091391
95, 15.73276835143771
100, 15.726410906497389
150, 14.228141129465929
200, 14.214077528985129
250, 12.793748473375581
300, 12.773409881468613
350, 12.351518125315609
400, 10.8664621657649
450, 10.73312629199899
500, 10.369185117452576
550, 10.344080432788601
600, 9.90151503558925
650, 9.927738916792686
700, 9.927738916792686
750, 9.88736567544662
800, 9.877246579892597
850, 9.89343216482531
900, 9.869143833180262
950, 9.86103442849684
1000, 8.404760555780278
1250, 8.06225774829855
1500, 7.835815209663893
1750, 7.581556568409946
2000, 7.216647421067486
2250, 6.244997998398398
2500, 6.241794613730894
2750, 6.248199740725323
3000, 5.772347875864725
3250, 5.44426303552648
3500, 5.366563145999495
3750, 5.362835071116769
4000, 5.509990925582365
4250, 5.509990925582365
4500, 5.528109984434101
4750, 5.76541412215983
5000, 5.76541412215983
5250, 5.477225575051661
5500, 5.744562646538029
5750, 5.336665625650533
6000, 5.344155686354955
6250, 5.344155686354955
6500, 5.4
6750, 5.447935388750494
7000, 5.414794548272353
7250, 5.411099703387474
7500, 5.396295025292817
7750, 5.272570530585627
8000, 5.592852581643825
8250, 5.592852581643825
8500, 5.761944116355173
8750, 5.761944116355173
9000, 5.761944116355173
9250, 5.865151319446072
9500, 5.865151319446072
9750, 5.865151319446072
10000, 5.5641710972974225
11000, 5.102940328869229
12000, 5.5677643628300215
13000, 5.280151512977634
14000, 4.923413450036469
15000, 4.795831523312719
16000, 4.866210024238575
17000, 4.841487374764082
18000, 4.728636167014756
19000, 4.64327470649756
20000, 5.059644256269407
21000, 4.983974317750845
22000, 4.787483681434329
23000, 5.173006862551025
24000, 5.418486873657627
25000, 5.223025942880239
26000, 5.506359959174482
27000, 5.462600113499065
28000, 5.4662601474865795
29000, 5.2345009313209605
30000, 5.310367218940701
31000, 5.4808758424178885
32000, 5.362835071116769
33000, 5.362835071116769
34000, 5.396295025292817
35000, 5.5389529696504916
36000, 5.585696017507576
37000, 5.524490926773253
38000, 5.075431016179809
39000, 5.055689863905815
40000, 4.935585071701226
41000, 4.927473997901968
42000, 4.927473997901968
43000, 4.959838707054898
44000, 4.6776062254105994
45000, 4.512205669071391
46000, 4.664761515876241
47000, 4.52990066116245
48000, 4.4
49000, 4.3220365569948616
50000, 4.458699361921591
51000, 4.608687448721165
52000, 4.48998886412873
53000, 4.604345773288535
54000, 4.8083261120685235
55000, 5.0990195135927845
56000, 5.039841267341661
57000, 5.110772935672255
58000, 5.141984052872976
59000, 5.130302135352264
60000, 5.055689863905815
61000, 4.923413450036469
62000, 4.878524367060187
63000, 4.963869458396343
64000, 4.737087712930805
65000, 4.8166378315169185
66000, 4.6475800154489
67000, 4.46318272088428
68000, 4.377213725647858
69000, 4.551922670696417
70000, 4.409081537009721
71000, 4.358898943540674
72000, 4.3954521951671826
73000, 4.476605857119878
74000, 4.547526800360829
75000, 4.24735211631906
76000, 4.634652090502587
77000, 4.534313619501853
78000, 4.534313619501853
79000, 4.445222154178574
80000, 4.223742416388575
81000, 4.156921938165306
82000, 4.28485705712571
83000, 4.190465367951393
84000, 4.223742416388575
85000, 4.223742416388575
86000, 4.381780460041329
87000, 4.317406628984581
88000, 4.2
89000, 4.2
90000, 4.354308211415448
91000, 4.27551166528639
92000, 4.27551166528639
93000, 4.132795663954365
94000, 3.9344631145812006
95000, 3.919183588453085
96000, 3.862641583165593
97000, 3.7841775856849003
98000, 3.8052595180880897
99000, 3.725587202039432
100000, 3.7629775444453557
