1, 57.47434210149778
2, 57.06715342471534
3, 56.70396811511519
4, 56.4944245036623
5, 56.44430883623255
6, 56.18077963147183
7, 55.502252206554644
8, 54.78485192094618
9, 54.43877294722944
10, 53.58339294968171
15, 52.32360843825663
20, 50.67346445626153
25, 49.079323548720595
30, 46.955084921656784
35, 45.82226533029549
40, 45.104988637621894
45, 43.79063826892684
50, 44.147706622201795
55, 43.69141792160104
60, 42.63965290665486
65, 42.373340675476605
70, 40.88422678735652
75, 40.16017928246835
80, 39.171673438851194
85, 38.71976239596519
90, 37.71047599805656
95, 37.12654037208423
100, 37.03349834946734
150, 29.409522267456165
200, 25.63669245437094
250, 21.51232205039707
300, 20.597572672526244
350, 19.65400722499104
400, 18.387495751189178
450, 17.690675509996783
500, 17.052858997833766
550, 15.838560540655202
600, 15.843610699584865
650, 15.329709716755891
700, 15.67545852598896
750, 14.688771221582831
800, 14.985993460561765
850, 15.035956903370002
900, 13.912584231550944
950, 13.878040207464453
1000, 13.934848402476433
1250, 10.226436329435586
1500, 9.96393496566492
1750, 9.67574286553751
2000, 9.511046209539726
2250, 9.22062904578641
2500, 8.850988645343525
2750, 7.906958960308319
3000, 7.824321056807421
3250, 7.652450587883597
3500, 7.707139547199077
3750, 7.963667496825819
4000, 7.707139547199077
4250, 7.4525163535546834
4500, 7.573638491504595
4750, 7.432361670424819
5000, 6.910861017268398
5250, 6.954135460285484
5500, 7.18192174839019
5750, 7.2208032794142785
6000, 7.093659140387279
6250, 7.0738956735309575
6500, 6.673829485385434
6750, 6.5467549213331635
7000, 6.448255578061403
7250, 6.4621977685614045
7500, 6.322973983814895
7750, 5.976621118993574
8000, 5.853204250664759
8250, 5.954829972383762
8500, 5.607138307550475
8750, 5.929586832149437
9000, 5.746303159423457
9250, 6.063002556489647
9500, 5.520869496736904
9750, 5.302829433425141
10000, 5.282045058497703
11000, 4.862098312457287
12000, 4.662617290749907
13000, 4.536518488885502
14000, 4.440720662234903
15000, 4.509988913511872
16000, 4.03732584763727
17000, 4.589117562233506
18000, 4.261455150532504
19000, 4.384062043356595
20000, 4.3977266854592045
21000, 4.282522621072771
22000, 4.219004621945797
23000, 4.017461885320134
24000, 4.03732584763727
25000, 3.797367509209505
26000, 3.9698866482558417
27000, 3.6496575181789317
28000, 3.687817782917155
29000, 3.893584466786357
30000, 3.8704004960727256
31000, 3.7709415269929605
32000, 3.8522720568516444
33000, 4.071854614300467
34000, 3.9824615503479754
35000, 3.9217343102255158
36000, 4.034848200366403
37000, 3.9293765408777
38000, 3.9089640571384128
39000, 3.749666651850535
40000, 3.8026306683663087
41000, 3.872983346207417
42000, 3.7868192457522976
43000, 3.919183588453085
44000, 3.704051835490427
45000, 3.646916505762094
46000, 3.794733192202055
47000, 3.6138621999185303
48000, 3.7709415269929605
49000, 3.7682887362833544
50000, 3.7868192457522976
51000, 3.5468295701936396
52000, 3.6359317925395684
53000, 3.6193922141707713
54000, 3.594440151122286
55000, 3.4756294393965534
56000, 3.3376638536557275
57000, 3.3436506994600976
58000, 3.3136083051561784
59000, 3.0983866769659336
60000, 3.152776554086889
61000, 3.283291031876401
62000, 3.2619012860600183
63000, 3.283291031876401
64000, 3.181194744117373
65000, 3.0983866769659336
66000, 3.4292856398964493
67000, 3.1968734726291563
68000, 3.2062439083762793
69000, 3.082207001484488
70000, 3.0854497241083023
71000, 3.1368774282716245
72000, 3.0886890422961
73000, 3.215587038162705
74000, 3.1622776601683795
75000, 3.2280024783137944
76000, 2.932575659723036
77000, 3.0099833886584824
78000, 2.95296461204668
79000, 3.0397368307141326
80000, 2.898275349237888
81000, 2.9086079144497976
82000, 2.9698484809834995
83000, 3.1240998703626617
84000, 2.898275349237888
85000, 2.839013913315678
86000, 2.835489375751565
87000, 2.588435821108957
88000, 2.4899799195977463
89000, 2.6720778431774774
90000, 2.727636339397171
91000, 2.5573423705088842
92000, 2.6608269391300143
93000, 2.6832815729997477
94000, 2.701851217221259
95000, 2.7202941017470885
96000, 2.734958866235469
97000, 2.894822965226026
98000, 2.821347195933177
99000, 2.734958866235469
100000, 2.734958866235469
