1.7320508075688772
2.792848008753788
2.932575659723036
2.4083189157584592
1.7320508075688772
1.7320508075688772
2.04939015319192
1.9493588689617927
1.4142135623730951
1.0
1.5491933384829668
1.7888543819998317
1.6733200530681511
1.7888543819998317
1.7888543819998317
1.3416407864998738
1.5491933384829668
1.2649110640673518
1.7888543819998317
1.0954451150103321
1.4832396974191326
1.4832396974191326
1.0
0.8944271909999159
0.8944271909999159
1.0
1.5491933384829668
1.5491933384829668
1.0
1.0
1.1832159566199232
1.1832159566199232
1.1832159566199232
1.2649110640673518
1.0954451150103321
1.0954451150103321
1.0954451150103321
1.0954451150103321
1.1832159566199232
1.5491933384829668
1.5491933384829668
1.5491933384829668
1.1832159566199232
1.0954451150103321
1.1832159566199232
1.1832159566199232
1.1832159566199232
1.1832159566199232
1.0954451150103321
0.8944271909999159
1.1832159566199232
1.1832159566199232
1.1832159566199232
1.0954451150103321
0.8944271909999159
1.1832159566199232
1.1832159566199232
1.1832159566199232
1.0
1.0
1.1832159566199232
1.1832159566199232
1.0
1.0
1.0
1.0
1.0
1.0
1.0
1.0
0.8944271909999159
1.1832159566199232
1.1832159566199232
1.1832159566199232
1.1832159566199232
1.0
1.0
1.0
1.0
1.0
1.0
0.7745966692414834
0.7745966692414834
1.0
1.0
1.0
1.0
1.0954451150103321
1.0954451150103321
1.0954451150103321
1.0954451150103321
1.0954451150103321
0.8944271909999159
1.0
1.0
0.8944271909999159
0.8944271909999159
0.8944271909999159
0.4472135954999579
0.4472135954999579
0.4472135954999579
0.7745966692414834
0.6324555320336759
0.8944271909999159
0.4472135954999579
0.4472135954999579
0.8944271909999159
0.6324555320336759
0.8944271909999159
0.6324555320336759
0.8944271909999159
0.6324555320336759
0.6324555320336759
0.6324555320336759
0.8944271909999159
0.8944271909999159
1.0954451150103321
0.6324555320336759
0.8944271909999159
0.6324555320336759
1.0954451150103321
0.4472135954999579
0.4472135954999579
0.7745966692414834
0.7745966692414834
0.7745966692414834
0.7745966692414834
0.7745966692414834
0.7745966692414834
0.4472135954999579
0.4472135954999579
0.4472135954999579
0.4472135954999579
0.6324555320336759
0.4472135954999579
0.7745966692414834
0.7745966692414834
0.6324555320336759
0.6324555320336759
0.6324555320336759
0.6324555320336759
0.6324555320336759
0.6324555320336759
0.8944271909999159
0.7745966692414834
0.6324555320336759
0.6324555320336759
0.4472135954999579
0.8944271909999159
0.7745966692414834
1.0
1.0
0.7745966692414834
1.0
1.0
1.0
0.8944271909999159
1.0
0.8944271909999159
0.8944271909999159
0.8944271909999159
0.8944271909999159
0.4472135954999579
0.4472135954999579
0.4472135954999579
0.6324555320336759
0.6324555320336759
0.6324555320336759
0.6324555320336759
0.7745966692414834
0.7745966692414834
1.0954451150103321
0.8944271909999159
0.8944271909999159
1.0954451150103321
0.8944271909999159
0.8944271909999159
0.8944271909999159
0.8944271909999159
0.8944271909999159
0.7745966692414834
0.6324555320336759
0.8944271909999159
0.7745966692414834
0.7745966692414834
0.7745966692414834
0.7745966692414834
0.7745966692414834
0.7745966692414834
0.7745966692414834
0.7745966692414834
0.7745966692414834
0.7745966692414834
0.7745966692414834
0.7745966692414834
0.6324555320336759
0.6324555320336759
0.6324555320336759
0.6324555320336759
0.6324555320336759
0.6324555320336759
0.6324555320336759
0.6324555320336759
0.6324555320336759
0.6324555320336759
0.6324555320336759
0.6324555320336759
0.6324555320336759
0.4472135954999579
0.7745966692414834
0.7745966692414834
0.6324555320336759
0.6324555320336759
0.6324555320336759
0.6324555320336759
0.6324555320336759
0.7745966692414834
0.6324555320336759
0.4472135954999579
0.7745966692414834
0.7745966692414834
0.4472135954999579
0.6324555320336759
0.6324555320336759
0.4472135954999579
0.6324555320336759
0.6324555320336759
0.4472135954999579
0.4472135954999579
0.4472135954999579
0.4472135954999579
0.4472135954999579
0.4472135954999579
0.6324555320336759
0.6324555320336759
0.6324555320336759
0.4472135954999579
0.4472135954999579
0.4472135954999579
0.4472135954999579
0.4472135954999579
0.4472135954999579
0.4472135954999579
0.4472135954999579
0.6324555320336759
0.6324555320336759
0.6324555320336759
0.6324555320336759
0.6324555320336759
0.6324555320336759
0.6324555320336759
0.6324555320336759
0.6324555320336759
0.6324555320336759
0.6324555320336759
0.6324555320336759
0.7745966692414834
0.7745966692414834
0.7745966692414834
0.7745966692414834
0.7745966692414834
0.7745966692414834
0.7745966692414834
0.7745966692414834
0.7745966692414834
0.7745966692414834
0.7745966692414834
0.7745966692414834
0.7745966692414834
0.7745966692414834
0.7745966692414834
0.7745966692414834
0.7745966692414834
0.6324555320336759
0.6324555320336759
0.6324555320336759
0.6324555320336759
0.6324555320336759
0.6324555320336759
0.6324555320336759
0.6324555320336759
0.6324555320336759
0.6324555320336759
0.6324555320336759
0.6324555320336759
0.7745966692414834
0.7745966692414834
0.7745966692414834
0.6324555320336759
0.6324555320336759
0.6324555320336759
0.7745966692414834
0.6324555320336759
0.6324555320336759
0.6324555320336759
0.6324555320336759
0.6324555320336759
0.6324555320336759
0.6324555320336759
0.6324555320336759
0.6324555320336759
0.6324555320336759
0.6324555320336759
0.6324555320336759
0.6324555320336759
0.6324555320336759
0.6324555320336759
0.6324555320336759
0.6324555320336759
0.6324555320336759
0.6324555320336759
1.0
1.0954451150103321
1.0954451150103321
0.6324555320336759
0.6324555320336759
0.6324555320336759
0.6324555320336759
0.6324555320336759
0.6324555320336759
0.6324555320336759
0.6324555320336759
0.6324555320336759
0.6324555320336759
0.6324555320336759
0.6324555320336759
0.6324555320336759
0.7745966692414834
0.7745966692414834
0.7745966692414834
0.7745966692414834
0.7745966692414834
0.7745966692414834
0.7745966692414834
0.7745966692414834
0.6324555320336759
0.7745966692414834
0.6324555320336759
0.6324555320336759
0.6324555320336759
0.6324555320336759
0.6324555320336759
0.6324555320336759
1.0
1.0
1.0
1.0
1.0
0.7745966692414834
0.7745966692414834
0.7745966692414834
0.7745966692414834
0.7745966692414834
0.7745966692414834
0.7745966692414834
0.7745966692414834
0.7745966692414834
0.7745966692414834
0.7745966692414834
0.7745966692414834
0.7745966692414834
0.7745966692414834
0.7745966692414834
0.7745966692414834
0.7745966692414834
0.7745966692414834
0.7745966692414834
0.7745966692414834
0.7745966692414834
0.7745966692414834
0.7745966692414834
0.7745966692414834
0.7745966692414834
0.7745966692414834
0.7745966692414834
0.7745966692414834
0.7745966692414834
0.7745966692414834
0.7745966692414834
0.7745966692414834
0.7745966692414834
0.7745966692414834
0.7745966692414834
0.7745966692414834
0.7745966692414834
0.7745966692414834
0.7745966692414834
0.7745966692414834
0.7745966692414834
0.7745966692414834
0.7745966692414834
1.0
1.0
1.0
0.7745966692414834
0.7745966692414834
0.7745966692414834
0.7745966692414834
0.7745966692414834
0.7745966692414834
