3.0983866769659336
3.5496478698597698
3.1304951684997055
2.0976176963403033
2.3664319132398464
2.04939015319192
2.0976176963403033
2.6076809620810595
2.5298221281347035
2.792848008753788
2.792848008753788
2.756809750418044
3.286335345030997
3.3166247903554
2.792848008753788
3.492849839314596
3.0659419433511785
2.792848008753788
3.0
2.8635642126552705
2.5298221281347035
2.8284271247461903
2.5298221281347035
2.449489742783178
2.449489742783178
2.449489742783178
2.280350850198276
2.23606797749979
2.23606797749979
2.6457513110645907
2.4083189157584592
2.5298221281347035
2.5298221281347035
2.3664319132398464
2.4083189157584592
2.4083189157584592
2.280350850198276
2.280350850198276
2.280350850198276
2.4083189157584592
2.6457513110645907
2.6457513110645907
2.7202941017470885
2.449489742783178
2.7202941017470885
2.6457513110645907
2.6457513110645907
2.6457513110645907
2.6832815729997477
2.569046515733026
2.4083189157584592
2.6076809620810595
2.1908902300206643
2.32379000772445
2.5298221281347035
2.5298221281347035
2.4083189157584592
2.4083189157584592
2.4083189157584592
2.5298221281347035
2.4083189157584592
2.4083189157584592
2.5298221281347035
2.4083189157584592
2.4083189157584592
2.4083189157584592
2.4899799195977463
2.4899799195977463
2.4083189157584592
2.4083189157584592
2.0976176963403033
2.0976176963403033
2.0976176963403033
2.0976176963403033
2.3664319132398464
2.3664319132398464
2.3664319132398464
2.449489742783178
2.449489742783178
2.449489742783178
2.449489742783178
2.23606797749979
2.449489742783178
2.449489742783178
2.449489742783178
2.23606797749979
2.449489742783178
2.449489742783178
2.23606797749979
2.23606797749979
2.23606797749979
2.23606797749979
2.23606797749979
2.23606797749979
2.23606797749979
2.23606797749979
2.23606797749979
1.8973665961010275
2.23606797749979
2.280350850198276
2.23606797749979
1.8973665961010275
1.8973665961010275
1.8973665961010275
1.8973665961010275
1.8973665961010275
1.8973665961010275
1.8973665961010275
1.8973665961010275
1.8973665961010275
1.7888543819998317
1.7888543819998317
1.7888543819998317
1.7888543819998317
1.5491933384829668
1.5491933384829668
1.5491933384829668
1.7888543819998317
2.1447610589527217
2.1447610589527217
1.7888543819998317
1.7888543819998317
1.7888543819998317
1.5491933384829668
1.6733200530681511
1.7888543819998317
1.4142135623730951
1.6733200530681511
1.6733200530681511
1.61245154965971
1.9493588689617927
1.7888543819998317
2.04939015319192
2.3664319132398464
2.4083189157584592
2.4083189157584592
2.5298221281347035
2.5298221281347035
2.792848008753788
2.792848008753788
2.792848008753788
2.7202941017470885
2.5298221281347035
2.7202941017470885
2.8284271247461903
2.7202941017470885
2.792848008753788
2.792848008753788
2.7202941017470885
2.6076809620810595
2.6076809620810595
2.6076809620810595
2.6076809620810595
2.8284271247461903
2.932575659723036
2.932575659723036
2.9664793948382653
2.898275349237888
2.898275349237888
2.9664793948382653
2.9664793948382653
2.9664793948382653
2.9664793948382653
2.9664793948382653
3.0
3.0659419433511785
3.0659419433511785
3.0659419433511785
3.0983866769659336
3.0983866769659336
3.0983866769659336
3.0983866769659336
2.9664793948382653
3.0659419433511785
2.8284271247461903
2.898275349237888
2.8635642126552705
2.8635642126552705
2.8635642126552705
2.9664793948382653
2.8635642126552705
2.792848008753788
2.792848008753788
2.4899799195977463
2.6076809620810595
2.6076809620810595
2.7202941017470885
2.7202941017470885
2.7202941017470885
2.6457513110645907
2.8284271247461903
2.8284271247461903
2.792848008753788
2.5298221281347035
2.898275349237888
2.898275349237888
2.898275349237888
2.792848008753788
2.792848008753788
2.792848008753788
2.8635642126552705
2.6832815729997477
2.8635642126552705
2.792848008753788
2.6832815729997477
2.6832815729997477
2.756809750418044
2.756809750418044
2.756809750418044
2.569046515733026
2.569046515733026
2.569046515733026
2.4899799195977463
2.569046515733026
2.4899799195977463
2.569046515733026
2.4899799195977463
2.4899799195977463
2.4899799195977463
2.569046515733026
2.569046515733026
2.4899799195977463
2.569046515733026
2.569046515733026
2.4899799195977463
2.4899799195977463
2.4899799195977463
2.6076809620810595
2.6076809620810595
2.6076809620810595
2.6832815729997477
2.6076809620810595
2.6076809620810595
2.6076809620810595
2.5298221281347035
2.6076809620810595
2.6076809620810595
2.6076809620810595
2.6076809620810595
2.6076809620810595
2.6076809620810595
2.7202941017470885
2.7202941017470885
2.7202941017470885
2.7202941017470885
2.7202941017470885
2.7202941017470885
2.7202941017470885
2.7202941017470885
2.7202941017470885
2.7202941017470885
2.7202941017470885
2.7202941017470885
2.7202941017470885
2.7202941017470885
2.7202941017470885
2.7202941017470885
2.7202941017470885
2.7202941017470885
2.7202941017470885
2.7202941017470885
2.7202941017470885
2.6076809620810595
2.6076809620810595
2.6076809620810595
2.6076809620810595
2.6076809620810595
2.6076809620810595
2.7202941017470885
2.7202941017470885
2.7202941017470885
2.6076809620810595
2.6076809620810595
2.6076809620810595
2.6076809620810595
2.6076809620810595
2.6076809620810595
2.6076809620810595
2.6076809620810595
2.6076809620810595
2.6076809620810595
2.6076809620810595
2.6076809620810595
2.6076809620810595
2.6457513110645907
2.6457513110645907
2.6457513110645907
2.8284271247461903
2.8284271247461903
2.6457513110645907
2.6076809620810595
2.6457513110645907
2.6457513110645907
2.569046515733026
2.569046515733026
2.569046515733026
2.569046515733026
2.6457513110645907
2.6457513110645907
2.6457513110645907
2.6076809620810595
2.6076809620810595
2.6076809620810595
2.4899799195977463
2.8635642126552705
2.8635642126552705
2.9664793948382653
3.0659419433511785
2.8635642126552705
3.0659419433511785
3.0659419433511785
3.0659419433511785
2.8635642126552705
2.8635642126552705
2.9664793948382653
2.9664793948382653
2.9664793948382653
2.8635642126552705
2.8635642126552705
2.6076809620810595
2.4899799195977463
2.6076809620810595
2.6076809620810595
2.6076809620810595
2.6076809620810595
2.6076809620810595
2.6076809620810595
2.4899799195977463
2.4899799195977463
2.569046515733026
2.6832815729997477
2.569046515733026
2.4899799195977463
2.6076809620810595
2.7202941017470885
2.7202941017470885
2.6076809620810595
2.6076809620810595
2.6076809620810595
2.6076809620810595
2.6076809620810595
2.6457513110645907
2.6457513110645907
2.792848008753788
2.792848008753788
2.792848008753788
2.6076809620810595
2.792848008753788
2.792848008753788
2.8284271247461903
2.792848008753788
2.8284271247461903
2.8284271247461903
2.8284271247461903
2.932575659723036
2.9664793948382653
2.9664793948382653
3.03315017762062
3.03315017762062
3.03315017762062
2.932575659723036
2.932575659723036
3.03315017762062
3.03315017762062
3.03315017762062
3.03315017762062
3.03315017762062
3.03315017762062
3.03315017762062
3.03315017762062
2.932575659723036
2.932575659723036
2.932575659723036
2.932575659723036
2.932575659723036
2.932575659723036
2.932575659723036
2.932575659723036
2.756809750418044
2.756809750418044
2.756809750418044
2.932575659723036
2.932575659723036
2.756809750418044
2.6457513110645907
2.6457513110645907
2.6457513110645907
2.8284271247461903
2.8635642126552705
2.6832815729997477
2.8635642126552705
2.932575659723036
2.932575659723036
2.932575659723036
2.932575659723036
2.932575659723036
2.932575659723036
2.8635642126552705
2.8635642126552705
2.8635642126552705
