1, 62.6418390534633
2, 61.78187436457395
3, 60.92618484691127
4, 60.07495318350236
5, 60.074801857199816
6, 59.29326191980763
7, 58.596773103830714
8, 58.596773103830714
9, 58.59335984718591
10, 57.7755846514614
15, 54.75930805061198
20, 54.73905037871626
25, 54.73390174288692
30, 53.843206712554824
35, 52.9960547416675
40, 52.121013036970034
45, 52.11665237278249
50, 50.29765944310476
55, 50.293140685385715
60, 50.28139001477765
65, 50.280847609836854
70, 50.281028412133914
75, 49.77074715861992
80, 49.76764191538697
85, 49.75887312375004
90, 49.758507723896734
95, 49.758507723896734
100, 48.8707013919941
150, 45.20036202590337
200, 43.72621431340493
250, 42.03180613859851
300, 42.025317044934624
350, 39.81046002337485
400, 39.809089871078896
450, 39.809774953121526
500, 39.80771967162331
550, 39.78853192475531
600, 39.76750615080792
650, 39.76453422106415
700, 39.76384835957954
750, 38.299537144129374
800, 38.32540102381662
850, 38.32492661441115
900, 38.17948044791505
950, 38.17400352929393
1000, 37.77035874862721
1250, 36.246379129507545
1500, 35.5254070413633
1750, 35.22808796710633
2000, 33.93657185236761
2250, 33.937911223023406
2500, 33.903606673251524
2750, 33.95183754566567
3000, 32.081997217357674
3250, 30.78399820449815
3500, 30.592334155649336
3750, 30.647556628102137
4000, 30.60005941764879
4250, 30.663570331168962
4500, 30.402452054219093
4750, 30.031498615468877
5000, 28.890073790773943
5250, 27.923922621033288
5500, 27.81399255443529
5750, 28.042824394129774
6000, 27.154105666463305
6250, 27.15343607923481
6500, 26.86701255510861
6750, 26.358369379831455
7000, 25.89173262224485
7250, 25.893137033865663
7500, 25.903316740946867
7750, 25.610722186402533
8000, 25.705323113387163
8250, 25.82106257936092
8500, 26.007691170113507
8750, 26.15478402267408
9000, 26.183964558485027
9250, 26.185006119047316
9500, 26.0157295077071
9750, 25.899806949087477
10000, 25.899806949087477
11000, 25.74772717242154
12000, 25.268737422140642
13000, 24.80102637172319
14000, 24.568642246127112
15000, 24.99454485937427
16000, 24.67571496615466
17000, 23.40396236848484
18000, 22.798724047231637
19000, 23.21441558405231
20000, 22.634647616591533
21000, 22.413064372045483
22000, 22.351326989282274
23000, 21.715934660562464
24000, 21.829088183180968
25000, 21.761517326777476
26000, 22.063544592834578
27000, 21.995040763358865
28000, 21.231194887797443
29000, 21.34776973660885
30000, 21.15226186057136
31000, 21.3915871313935
32000, 21.687030057785062
33000, 21.014713460292096
34000, 20.57801121232432
35000, 20.937569538554808
36000, 21.11483752332382
37000, 21.146673927164485
38000, 21.20806021732818
39000, 21.251310120041584
40000, 20.966640169564602
41000, 20.91063235424853
42000, 20.945383522606857
43000, 20.61376415716627
44000, 20.12370831540838
45000, 20.221500708629193
46000, 20.314795324858903
47000, 20.938872071732128
48000, 20.610676844781203
49000, 20.714070755714033
50000, 21.089420010129164
51000, 21.08640233981045
52000, 20.970108596415386
53000, 21.202486989630593
54000, 21.37585723958861
55000, 21.71426008200811
56000, 21.52165928040443
57000, 21.477260702257336
58000, 21.317513073441837
59000, 21.458628270994566
60000, 21.513209472744457
61000, 21.391162151267476
62000, 21.403483148989814
63000, 21.42810389100343
64000, 20.929752637203944
65000, 21.16729896454778
66000, 21.1303314950549
67000, 20.98657579588351
68000, 21.103640358090743
69000, 21.23162306988842
70000, 20.95059122619867
71000, 21.249598926696347
72000, 21.218345407174937
73000, 21.2179169571379
74000, 21.03071347080049
75000, 20.76885780550906
76000, 20.77060860490568
77000, 20.384932046623423
78000, 20.294199798330197
79000, 20.18144962808443
80000, 20.42191336419155
81000, 20.38225609780143
82000, 20.26057524086888
83000, 20.435708498072238
84000, 20.356817039999154
85000, 20.65385722284867
86000, 20.781547759315888
87000, 20.618614714070215
88000, 20.599646951961446
89000, 20.50543165292375
90000, 20.50498830661811
91000, 20.157561180045384
92000, 19.95312689097307
93000, 20.346989949375804
94000, 20.134998927692592
95000, 20.03950643558414
96000, 19.974074105290498
97000, 19.894265962377656
98000, 19.658909615559235
99000, 19.96906698780983
100000, 19.354586019855862
