19.01127485016645
17.98967958104233
17.052021245923562
16.588291912413062
16.278820596099706
16.140454941366606
16.39599254173322
16.26740825788089
15.974086157631321
15.642433131892055
15.244671200127604
14.510095008057567
14.87183339643867
14.925529423488754
15.270887335056859
15.096830320113083
15.524174696260024
15.924823389915506
16.06949194680938
16.34974879667225
16.419500601419035
16.29197874503191
16.28934796555274
16.58570813338141
16.642458609575346
16.58140094029624
16.695593943997835
16.649324310613927
16.583123951777
16.645033579333592
16.87178540810494
16.925044840624288
17.07462612014849
17.346881152365278
17.357583768650354
17.336171928740704
17.14809443807512
17.313908529602106
17.412639087743134
17.22207885244984
17.190528953882882
17.11974632655853
17.04280325700977
17.148927496660374
16.962142721787412
17.0930228038059
16.891248790846866
17.040288394608485
16.81835731744164
16.769019053003667
16.791154133735333
16.56071081980308
16.578816087318867
16.700727101365548
16.750266522399833
16.687035172766397
17.05620959399496
17.078808924679564
17.039450024659164
17.014279716923497
17.08215443086732
17.04531774836882
16.813260073100466
16.649324310613927
16.586569437779644
16.657902457563925
16.620985014647683
16.727223320085137
16.224320368772663
16.119198845742037
16.12628732402914
16.210226049362436
16.189943968843306
16.04636140331241
16.083709593427578
16.04101884900974
16.049922118191105
16.109447095238426
16.01427934242259
16.15284141302346
16.053482043291595
16.105899540230592
16.09791468305312
16.36284990895098
16.432546103041105
16.224320368772663
16.104125469669476
16.306002400518476
16.358484037342826
16.301621304117486
16.220797937040143
16.064157085173903
16.27443218232645
16.11742623905655
15.852895183980928
15.738034003194754
15.801446588389124
15.866406560493058
15.901482410679291
15.987495113369073
16.02141424112473
16.171403331630984
16.064157085173903
16.035674514745462
16.043690348545123
16.128944700223173
16.005356246314186
16.38030175895077
16.17493652007857
16.03300167957151
16.082821358739977
15.92392629257711
16.068602926203635
15.92930811877456
16.07926792931995
16.137799460538957
16.016063365080875
16.002678347255323
15.98570790246266
15.769772169746597
15.78516482560219
15.793307805161382
15.727137601701626
15.534293859531747
15.387378872680966
15.578373287532761
15.376233980678474
15.568282775291197
15.417985786550904
15.494699554548138
15.518652371535726
15.50944412746173
15.273693537769908
15.355780670483673
15.384593406577707
15.610436069684738
15.610436069684738
15.712597311893227
15.920337397716885
15.772489612341754
15.660687815582778
15.824032355881986
15.646998799404678
15.747108578130417
15.689851132863835
15.698953559302698
15.706231702280286
15.773395322504284
15.722595205626837
15.584791121016485
15.499308740346178
15.466091943344964
15.301727260112079
15.362291495737216
15.295190654021189
15.435580418537647
15.353919927590384
15.411498490227538
15.446682491719702
15.405935776279776
15.531534741569212
15.601281998605115
15.596702948288232
15.769772169746597
15.999107117943444
15.917645195550394
15.98481422207608
15.986601532890866
15.991962266803194
16.27706537256815
16.025871939728315
15.975874668654967
15.841176002521314
15.732586745805207
15.696223385624599
15.768866251482471
15.697133496278868
15.610436069684738
15.667071929915394
15.619584775896847
15.593038739862642
15.747108578130417
15.836666315863324
15.669807182695553
15.670718827527619
15.625985683195431
15.814098592259828
15.564611876212746
15.475325983180912
15.551756905801442
15.237172591115078
15.617755463391202
15.637866131376658
15.775206586829311
15.638779638176011
15.362291495737216
15.5195728954486
15.556349186104045
15.479018056711478
15.544406435389273
15.297058540778355
15.241859654067339
15.262465631176935
15.21840990379744
15.297058540778355
15.437431318528537
15.612266239814678
15.83305764171009
15.784259790780723
15.802350638885525
15.780639132448705
15.639693091617879
15.790593945221223
15.595786976891272
15.606775085565518
15.614096195425466
15.689851132863835
