10.324727599312245
8.312640976248161
7.310950690573696
5.656854249492381
5.319774431308154
4.979959839195493
5.0099900199501395
5.962382074305537
5.2583267300539625
4.455333881989093
4.695742752749559
3.866522985836241
4.207136793592526
4.318564576337836
5.0990195135927845
4.984977432245807
4.753945729601885
4.944694126030447
4.577116996538323
4.5
4.43846820423443
3.987480407475377
3.3241540277189325
3.4641016151377544
3.3466401061363023
3.398529093593286
3.3015148038438356
3.6124783736376886
3.605551275463989
3.4713109915419564
3.361547262794322
3.2326459750489227
3.398529093593286
3.3541019662496847
3.286335345030997
3.427827300200522
3.0659419433511785
2.6739483914241875
2.479919353527449
2.0615528128088303
2.355843797877949
2.355843797877949
2.4186773244895647
2.16794833886788
2.0248456731316584
2.3345235059857505
2.179449471770337
2.0615528128088303
2.1563858652847827
2.0124611797498106
1.760681686165901
1.7748239349298849
1.9235384061671346
1.746424919657298
1.8027756377319946
1.8439088914585775
1.9621416870348585
1.9235384061671346
1.6881943016134133
1.8439088914585775
1.6431676725154984
1.760681686165901
1.7888543819998317
1.816590212458495
1.857417562100671
1.7175564037317668
1.7888543819998317
1.6431676725154984
1.5491933384829668
1.4317821063276353
1.4142135623730951
1.51657508881031
1.6278820596099706
1.449137674618944
1.378404875209022
1.4142135623730951
1.6278820596099706
1.4317821063276353
1.3228756555322954
1.3228756555322954
1.5
1.396424004376894
1.3038404810405297
1.4832396974191326
1.5
1.3601470508735443
1.4142135623730951
1.4142135623730951
1.378404875209022
1.449137674618944
1.5968719422671311
1.5329709716755893
1.5491933384829668
1.6278820596099706
1.5491933384829668
1.378404875209022
1.4832396974191326
1.5
1.378404875209022
1.4142135623730951
1.466287829861518
1.449137674618944
1.466287829861518
1.5
1.4832396974191326
1.4142135623730951
1.3601470508735443
1.5
1.396424004376894
1.449137674618944
1.4832396974191326
1.2649110640673518
1.3228756555322954
1.3228756555322954
1.51657508881031
1.3416407864998738
1.3601470508735443
