1, 1.8851647550933457
2, 2.6017745423519636
3, 3.2581259360842107
4, 3.8430756913220914
5, 9.839480911886795
6, 10.01767668443368
7, 10.244698441332773
8, 13.47076606810238
9, 13.626331974413477
10, 13.794647791527977
15, 14.947086158023732
20, 17.889833812703625
25, 18.553457069526672
30, 17.807085884341316
35, 17.580146144487493
40, 20.292855885754474
45, 22.387496510329154
50, 24.673561060062152
55, 23.761636825256474
60, 24.869814882859348
65, 25.302477835488457
70, 24.977528362048215
75, 25.70932186521517
80, 26.521689237301608
85, 26.262872301758268
90, 26.19160170741759
95, 27.713368060031414
100, 28.883852289418098
150, 28.6705423736629
200, 28.124448712545735
250, 25.641912805165145
300, 25.73264912070327
350, 25.9324566459159
400, 27.093286139672202
450, 26.945814574380993
500, 26.559946709863127
550, 26.008578466462826
600, 24.8800197872788
650, 24.490500513150305
700, 24.114789589027662
750, 24.008011483348955
800, 24.399558634091346
850, 24.100111713753208
900, 24.341164879526776
950, 23.649361676212482
1000, 23.292455034591384
1250, 21.756343018496043
1500, 19.993845206809173
1750, 17.189889694012223
2000, 17.823925148302987
2250, 16.084871057085813
2500, 15.333221850207877
2750, 15.624930769077396
3000, 14.934729788186791
3250, 13.444472698988465
3500, 13.344546566928495
3750, 13.436460156546499
4000, 12.644244662174293
4250, 12.772566756077712
4500, 12.626589770431652
4750, 12.356872892941308
5000, 11.972404167019318
5250, 11.734236561971455
5500, 11.382848095675826
5750, 11.10162843217849
6000, 10.563361935700934
6250, 10.477815391798778
6500, 10.44104327236434
6750, 10.083497561705615
7000, 10.357457365440762
7250, 10.145859329719762
7500, 10.126127667497657
7750, 9.673914170831546
8000, 9.298469683853277
8250, 8.958880424558554
8500, 9.241212041718338
8750, 8.76707125906585
9000, 8.652256264208686
9250, 8.331589561145258
9500, 8.281582903323216
9750, 8.005767152016583
10000, 8.100332376846312
11000, 7.7101331925041245
12000, 8.098432896839697
13000, 7.3159467550739405
14000, 6.919315217340736
15000, 7.157567270432687
16000, 7.062359596970624
17000, 6.490229342872016
18000, 6.453383131827355
19000, 6.220314115244317
20000, 6.0
21000, 5.681278296028375
22000, 5.618650262227644
23000, 5.551160654798654
24000, 5.33493565673837
25000, 5.415078662685975
26000, 5.4856456039656525
27000, 5.360826572317141
28000, 5.24771012332632
29000, 5.182811829647924
30000, 5.224204024758958
31000, 5.249175759473687
32000, 5.044418087961568
33000, 5.115587040529246
34000, 5.024555089373968
35000, 5.106556871016231
36000, 4.995382483238511
37000, 5.13509793180527
38000, 4.903687780248029
39000, 4.953631146791365
40000, 4.895838106926205
41000, 4.779765040894149
42000, 4.842122865660665
43000, 4.967587249049893
44000, 4.614358860373529
45000, 4.627675941051255
