10.61602562167217
8.558621384311845
6.917369442208505
6.51536645170477
5.634713834792322
5.80086200490927
6.037383539249433
6.260990336999411
6.387487769068525
5.75325994545701
5.4359911699707535
5.244044240850758
5.07444578254611
4.5934736311423405
4.883646178829912
4.924428900898052
4.759201613716317
4.9749371855331
4.283689998120779
4.341658669218482
4.78539444560216
4.449719092257398
4.043513323831146
4.571651780264984
4.2130748865881795
3.840572873934304
4.230839160261236
4.0743097574926725
3.774917217635375
3.96232255123179
3.7682887362833544
4.415880433163924
4.06201920231798
4.123105625617661
3.9937451095431715
4.4328320518603
4.415880433163924
3.8340579025361627
3.7013511046643495
3.626292872893749
3.721558813185679
3.8340579025361627
3.9560080889704965
4.494441010848846
3.7483329627982624
3.8535697735995385
3.8144462245521304
3.7616485747608057
3.8858718455450894
3.427827300200522
3.4641016151377544
3.263433774416144
3.1622776601683795
3.248076353782343
2.949576240750525
3.263433774416144
3.024896692450835
3.4132096331752027
3.4132096331752027
3.442382895611701
3.0903074280724887
3.1304951684997055
3.0983866769659336
3.1064449134018135
3.2326459750489227
3.1622776601683795
3.570714214271425
3.5846896657869842
3.4132096331752027
3.3763886032268267
3.2015621187164243
3.170173496829472
3.122498999199199
2.9664793948382653
3.0166206257996713
2.9664793948382653
3.2093613071762426
3.0413812651491097
2.7748873851023217
2.8896366553599777
2.819574435974337
2.8635642126552705
2.8372521918222215
2.5298221281347035
2.569046515733026
2.588435821108957
2.3769728648009427
2.4083189157584592
2.4186773244895647
2.3979157616563596
2.4392621835300936
2.4899799195977463
2.479919353527449
2.5298221281347035
2.202271554554524
1.9874606914351791
2.4186773244895647
2.32379000772445
2.1213203435596424
2.073644135332772
2.179449471770337
2.280350850198276
2.179449471770337
2.247220505424423
2.6551836094703507
2.701851217221259
2.5099800796022267
2.598076211353316
2.756809750418044
2.5592967784139455
2.4596747752497685
2.6362852652928135
2.3021728866442674
2.5099800796022267
2.3979157616563596
2.3130067012440754
2.598076211353316
2.3130067012440754
2.23606797749979
2.355843797877949
2.3345235059857505
