1, 16.451950239004088
2, 15.671630419327785
3, 14.977761292440647
4, 14.964402204342589
5, 14.964402204342589
6, 14.964402204342589
7, 14.964402204342589
8, 14.345731072343439
9, 14.336433773199433
10, 14.336433773199433
15, 12.620089804223529
20, 12.598941754501976
25, 12.591002078203836
30, 10.302103345110325
35, 10.246950765959598
40, 10.250203250017371
45, 10.2241544067631
50, 9.814954576223638
55, 9.814954576223638
60, 9.814954576223638
65, 9.323804659758448
70, 9.323804659758448
75, 9.323804659758448
80, 9.320228895615529
85, 9.320228895615529
90, 8.504900548115382
95, 8.504900548115382
100, 8.43405793988477
150, 8.024961059095553
200, 7.941452428030194
250, 7.9456487043748245
300, 7.146094504459528
350, 7.113367697511496
400, 7.108680140035373
450, 5.633234713140696
500, 5.549774770204643
550, 5.440588203494177
600, 5.440588203494177
650, 5.391351098441528
700, 5.125101625008686
750, 5.072803301265814
800, 5.072803301265814
850, 5.072803301265814
900, 5.072803301265814
950, 5.072803301265814
1000, 5.072803301265814
1250, 3.8815804341359033
1500, 4.131182235954578
1750, 4.139243087006769
2000, 4.147288270665544
2250, 4.234776656841932
2500, 4.033195589934446
2750, 3.9157800414902435
3000, 4.0743097574926725
3250, 4.041451884327381
3500, 4.033195589934446
3750, 3.794733192202055
4000, 3.8297084310253524
4250, 3.777124126457412
4500, 3.8987177379235853
4750, 3.8987177379235853
5000, 3.941235001028654
5250, 3.777124126457412
5500, 3.855731664245668
5750, 3.855731664245668
6000, 3.9496835316262997
6250, 3.8901585229053754
6500, 3.7416573867739413
6750, 3.605551275463989
7000, 3.82099463490856
7250, 3.7682887362833544
7500, 3.7682887362833544
7750, 4.09878030638384
8000, 3.958114029012639
8250, 4.226897995772629
8500, 4.00832467081531
8750, 4.00832467081531
9000, 4.187282332651255
9250, 4.090639721771319
9500, 4.090639721771319
9750, 4.139243087006769
10000, 4.219004621945797
11000, 4.0743097574926725
12000, 3.678767909685705
13000, 3.286335345030997
14000, 3.7416573867739413
15000, 4.10690475500305
16000, 4.024922359499621
17000, 3.777124126457412
18000, 3.803507153492243
19000, 4.049691346263317
20000, 4.024922359499621
21000, 4.049691346263317
22000, 3.9916579679793878
23000, 3.847076812334269
24000, 3.82099463490856
25000, 3.82099463490856
26000, 3.696845502136472
27000, 3.8987177379235853
28000, 3.8987177379235853
29000, 4.066120181860509
30000, 3.9157800414902435
31000, 4.123105625617661
32000, 4.0743097574926725
33000, 4.09878030638384
34000, 4.016632088371218
35000, 3.924283374069717
36000, 3.9072582032246945
37000, 3.6239941133138354
38000, 3.605551275463989
39000, 3.750555514409388
40000, 3.82099463490856
41000, 3.82099463490856
42000, 3.7416573867739413
43000, 3.803507153492243
44000, 3.872983346207417
45000, 3.924283374069717
46000, 4.147288270665544
47000, 3.9749213828703582
48000, 4.090639721771319
49000, 4.10690475500305
50000, 4.211096452627668
51000, 3.7859388972001824
52000, 3.794733192202055
53000, 3.7859388972001824
54000, 3.8643671323171835
55000, 3.941235001028654
56000, 3.8987177379235853
57000, 3.777124126457412
58000, 3.8297084310253524
59000, 3.8901585229053754
60000, 3.9749213828703582
61000, 3.966526608171604
62000, 3.82099463490856
63000, 3.777124126457412
64000, 3.7416573867739413
65000, 3.82099463490856
66000, 3.7058512292499457
67000, 3.7058512292499457
68000, 3.8987177379235853
69000, 3.8987177379235853
70000, 3.687817782917155
71000, 3.687817782917155
72000, 3.687817782917155
73000, 3.5496478698597698
74000, 3.5496478698597698
75000, 3.642343567906063
76000, 3.642343567906063
77000, 3.7416573867739413
78000, 3.596294389136314
79000, 3.596294389136314
80000, 3.9916579679793878
81000, 3.9916579679793878
82000, 4.090639721771319
83000, 4.163331998932265
84000, 3.8384024454626084
85000, 3.847076812334269
86000, 3.8643671323171835
87000, 3.8643671323171835
88000, 3.924283374069717
89000, 3.847076812334269
90000, 3.4737107920301407
91000, 3.5683796509527026
92000, 3.5683796509527026
93000, 3.714835124201342
94000, 3.7058512292499457
95000, 3.7058512292499457
96000, 3.855731664245668
97000, 3.8643671323171835
98000, 3.941235001028654
99000, 3.8987177379235853
100000, 3.8987177379235853
