1, 45.9156835950419
2, 45.79273959919847
3, 45.02915722062762
4, 44.974715118608586
5, 44.76466240239057
6, 44.79453091617324
7, 44.79453091617324
8, 44.6550669017526
9, 44.719682467566784
10, 44.7627076928999
15, 43.184487955746334
20, 43.23684771118265
25, 42.84944573737215
30, 42.926099287030496
35, 42.365670064333926
40, 41.48523833847408
45, 40.88275920238261
50, 40.29826298986099
55, 39.868220426801095
60, 39.107863659371624
65, 38.81075881762685
70, 37.746854173559946
75, 36.91442807358662
80, 36.55851474007116
85, 36.00729092836616
90, 36.724310749148174
95, 35.91378565397972
100, 35.74143253984093
150, 33.544746235439014
200, 33.85852920609518
250, 33.10060422409234
300, 33.04580154875956
350, 33.65486591861569
400, 32.77880412705748
450, 32.30595920259914
500, 32.47229588433808
550, 32.13798375754148
600, 31.139203586476004
650, 31.002016063475615
700, 29.404081349363732
750, 29.507202510573585
800, 27.634670253143966
850, 26.23451924468981
900, 27.018512172212592
950, 26.353842224616887
1000, 25.867933817759777
1250, 25.915728814756495
1500, 24.76792280349727
1750, 24.338755103743495
2000, 26.04611295375953
2250, 25.821986755476427
2500, 24.167126432408136
2750, 23.691243107950246
3000, 23.51276249188938
3250, 22.7848633965622
3500, 21.639662659108158
3750, 21.60208323287363
4000, 19.553132741328177
4250, 19.245778757951054
4500, 18.78430195668713
4750, 19.354586019855862
5000, 19.183326093250876
5250, 17.043327139968888
5500, 16.703293088490067
5750, 17.58834841592581
6000, 17.35511451993331
6250, 17.301734017144064
6500, 17.51071100783746
6750, 16.719748801940774
7000, 16.593673493232295
7250, 16.0312195418814
7500, 15.419143945109274
7750, 15.74325252290644
8000, 15.85717503214239
8250, 15.541878908291624
8500, 15.14513123086096
8750, 15.106290080625355
9000, 14.82902559172382
9250, 15.165750888103101
9500, 14.639842895331903
9750, 14.333527130472806
10000, 14.363147287415806
11000, 15.602083194240441
12000, 14.43433406846329
13000, 14.673956521674718
14000, 12.805272351652658
15000, 12.428797206487843
16000, 13.158647346897022
17000, 12.62933094031509
18000, 12.267844146385297
19000, 12.11197754291181
20000, 12.301422681950246
21000, 12.33389638354401
22000, 11.84694053331914
23000, 12.418735845487655
24000, 12.380428102452678
25000, 11.536897329871667
26000, 11.127668219353055
27000, 11.250555541838812
28000, 11.597413504743201
29000, 11.545561917897285
30000, 11.097296968181036
31000, 11.071359446788819
32000, 11.063453348751466
33000, 10.845505981741931
34000, 10.369426213634002
35000, 11.150112107059732
36000, 11.082644088844503
37000, 10.720307831401112
38000, 10.653637876331258
39000, 10.992042576336758
40000, 10.047387720198719
41000, 10.177180356071126
42000, 10.200490184299968
43000, 10.346496991735899
44000, 10.517841983981315
45000, 10.535653752852738
46000, 10.242070103255495
47000, 8.945669343319146
48000, 9.05952537388135
49000, 9.274966307216431
50000, 9.143303560529969
51000, 9.274966307216431
52000, 9.289779329994873
53000, 8.667467911679857
54000, 8.874119674649425
55000, 8.691950298983537
56000, 8.457245414436075
57000, 8.250757540977677
58000, 8.021845174272562
59000, 8.208227579691002
60000, 7.784600182411426
61000, 7.872420212361634
62000, 7.846973939041725
63000, 8.26286875122678
64000, 8.235593481953805
65000, 8.079294523657373
66000, 7.762087348130012
67000, 7.708761249383716
68000, 7.436396977031283
69000, 7.493330367733695
70000, 7.146677549742957
71000, 7.334848328356899
72000, 7.453187237685633
73000, 7.310950690573696
74000, 7.058682596632321
75000, 6.996427659884722
76000, 7.247413331665305
77000, 6.8611223571657725
78000, 6.447867864651074
79000, 6.430396566309111
80000, 6.789698078707183
81000, 6.418722614352485
82000, 6.908328307195599
83000, 6.97674709302265
84000, 6.987488819311269
85000, 7.016053021464419
86000, 6.5840716885526085
87000, 6.524952107103929
88000, 6.758328195641286
89000, 6.334429729659964
90000, 6.511528238439882
91000, 6.528782428600298
92000, 6.642665127793212
93000, 6.44980619863884
94000, 6.361996541966995
95000, 6.443989447539466
96000, 6.210877554742164
97000, 6.6257075093909785
98000, 6.646427611882943
99000, 6.436225602012409
100000, 6.545991139621257
