1, 0.22360679774997896
2, 0.6324555320336759
3, 1.284523257866513
4, 2.4596747752497685
5, 3.3241540277189325
6, 3.3241540277189325
7, 5.267826876426369
8, 5.472659317004851
9, 7.615773105863909
10, 8.64002314811714
15, 11.802542099056458
20, 11.155716023635597
25, 12.28413611126155
30, 13.54437152473307
35, 14.0
40, 13.672966027896068
45, 13.107249902248755
50, 12.86856635371633
55, 13.449907062875937
60, 13.143439428094915
65, 12.122293512368028
70, 12.668859459319927
75, 12.7455874717488
80, 12.243365550370536
85, 12.286171087853205
90, 12.087183294713455
95, 11.29601699715435
100, 11.478240283248997
150, 8.811923740024081
200, 9.036038955205981
250, 7.334848328356899
300, 7.429670248402684
350, 6.395310782127793
400, 6.599242380758567
450, 5.962382074305537
500, 5.886425061104575
550, 5.426785420486054
600, 5.774945887192364
650, 5.4359911699707535
700, 5.123475382979799
750, 4.929503017546495
800, 4.8373546489791295
850, 4.722287581247038
900, 4.631414470763764
950, 4.177319714841085
1000, 4.049691346263317
1250, 3.442382895611701
1500, 3.681032463861192
1750, 3.905124837953327
2000, 3.5142566781611158
2250, 3.8535697735995385
2500, 3.271085446759225
2750, 3.1780497164141406
3000, 3.263433774416144
3250, 3.1859064644147983
3500, 2.8548204847240397
3750, 3.057776970284131
4000, 3.1543620591175006
4250, 3.6193922141707713
4500, 3.383784863137726
4750, 2.949576240750525
5000, 2.8460498941515415
5250, 2.8635642126552705
5500, 3.082207001484488
5750, 2.9748949561287032
6000, 3.442382895611701
6250, 3.0659419433511785
6500, 3.0659419433511785
6750, 2.9916550603303182
7000, 3.4132096331752027
7250, 2.7477263328068173
7500, 2.949576240750525
7750, 2.479919353527449
8000, 2.539685019840059
8250, 2.4392621835300936
8500, 2.8284271247461903
8750, 2.6739483914241875
9000, 2.4899799195977463
9250, 2.3021728866442674
9500, 2.6267851073127395
9750, 2.6739483914241875
10000, 2.3979157616563596
11000, 2.1095023109728985
12000, 2.2693611435820435
13000, 2.202271554554524
14000, 2.0976176963403033
15000, 2.085665361461421
16000, 2.16794833886788
17000, 2.29128784747792
18000, 1.91049731745428
19000, 2.04939015319192
20000, 2.32379000772445
21000, 1.8708286933869707
22000, 1.6278820596099706
23000, 1.7320508075688772
24000, 1.7888543819998317
25000, 1.5811388300841898
26000, 1.466287829861518
27000, 1.284523257866513
28000, 1.6583123951777
29000, 1.5968719422671311
30000, 1.5491933384829668
31000, 1.3038404810405297
32000, 1.2649110640673518
33000, 1.4142135623730951
34000, 1.284523257866513
35000, 1.161895003862225
36000, 1.396424004376894
37000, 1.378404875209022
38000, 1.3038404810405297
39000, 1.4317821063276353
40000, 1.5329709716755893
41000, 1.3601470508735443
42000, 1.4142135623730951
43000, 1.396424004376894
44000, 1.466287829861518
45000, 1.378404875209022
46000, 1.284523257866513
47000, 1.1832159566199232
48000, 1.140175425099138
49000, 1.3601470508735443
50000, 1.224744871391589
51000, 1.224744871391589
52000, 1.2041594578792296
53000, 1.2649110640673518
54000, 1.140175425099138
55000, 1.0
56000, 1.0954451150103321
57000, 1.161895003862225
58000, 1.2649110640673518
59000, 1.2449899597988732
60000, 1.284523257866513
61000, 1.3038404810405297
62000, 1.3601470508735443
63000, 1.5
64000, 1.3601470508735443
65000, 1.2649110640673518
66000, 1.118033988749895
67000, 1.2041594578792296
68000, 1.224744871391589
69000, 1.2041594578792296
70000, 1.3416407864998738
71000, 1.2449899597988732
72000, 1.224744871391589
73000, 1.2649110640673518
74000, 1.161895003862225
75000, 1.161895003862225
76000, 1.1832159566199232
77000, 1.161895003862225
78000, 1.0488088481701516
79000, 1.118033988749895
80000, 1.118033988749895
81000, 1.0
82000, 1.0
83000, 1.0488088481701516
84000, 1.1832159566199232
85000, 1.224744871391589
86000, 1.284523257866513
87000, 1.0723805294763609
88000, 1.118033988749895
89000, 1.140175425099138
90000, 1.0954451150103321
91000, 1.1832159566199232
92000, 1.1832159566199232
93000, 1.118033988749895
94000, 1.118033988749895
95000, 1.2041594578792296
96000, 1.0723805294763609
97000, 1.161895003862225
98000, 1.118033988749895
99000, 1.0954451150103321
100000, 1.3416407864998738
