1, 16.860209567697154
2, 15.993748778819805
3, 15.37313674346694
4, 15.468247045695472
5, 15.364461157706334
6, 15.549919613940132
7, 15.534906930308058
8, 15.21840990379744
9, 14.635573101180562
10, 13.980939405729025
15, 13.515423288475528
20, 11.012114541116373
25, 10.472185381603339
30, 9.929753269845127
35, 9.53589709116732
40, 8.48920883632077
45, 7.886697661252142
50, 7.384668803225594
55, 7.261772051870902
60, 7.576278769950324
65, 7.536577472566709
70, 7.103989489481714
75, 7.275529763071094
80, 7.261772051870902
85, 7.192588778272628
90, 7.192588778272628
95, 7.247988226627671
100, 7.316647684105975
150, 5.813776741499453
200, 4.711687595755898
250, 4.351245032554859
300, 3.5402448126271344
350, 3.151719107619417
400, 3.183289703016886
450, 3.5308167138307627
500, 2.8635642126552705
550, 2.3380903889000244
600, 2.3664319132398464
650, 2.1291625896895083
700, 2.0330600909302543
750, 1.9148542155126762
800, 1.8439088914585775
850, 1.8439088914585775
900, 1.7701224063135672
950, 1.6931233465600393
1000, 1.4605934866804429
1250, 1.0645812948447542
1500, 0.7302967433402214
1750, 0.816496580927726
2000, 0.7745966692414834
2250, 0.6324555320336759
2500, 0.3651483716701107
2750, 0.2581988897471611
3000, 0.2581988897471611
3250, 0.2581988897471611
3500, 0.2581988897471611
3750, 0.2581988897471611
4000, 0.2581988897471611
4250, 0.2581988897471611
4500, 0.0
4750, 0.0
5000, 0.0
5250, 0.0
5500, 0.0
5750, 0.0
6000, 0.0
6250, 0.0
6500, 0.2581988897471611
6750, 0.0
7000, 0.2581988897471611
7250, 0.0
7500, 0.0
7750, 0.0
8000, 0.0
8250, 0.0
8500, 0.0
8750, 0.0
9000, 0.0
9250, 0.0
9500, 0.0
9750, 0.0
10000, 0.0
11000, 0.0
12000, 0.0
13000, 0.0
14000, 0.0
15000, 0.0
16000, 0.0
17000, 0.0
18000, 0.0
19000, 0.0
20000, 0.0
21000, 0.0
22000, 0.0
23000, 0.0
24000, 0.0
25000, 0.0
26000, 0.0
27000, 0.0
28000, 0.0
29000, 0.0
30000, 0.0
31000, 0.0
32000, 0.0
33000, 0.0
34000, 0.0
35000, 0.0
36000, 0.0
37000, 0.0
38000, 0.0
39000, 0.0
40000, 0.0
41000, 0.0
42000, 0.0
43000, 0.0
44000, 0.0
45000, 0.0
46000, 0.0
47000, 0.0
48000, 0.0
49000, 0.0
50000, 0.0
51000, 0.0
52000, 0.0
53000, 0.0
54000, 0.0
55000, 0.0
56000, 0.0
57000, 0.0
58000, 0.0
59000, 0.0
60000, 0.0
61000, 0.0
62000, 0.0
63000, 0.0
64000, 0.0
65000, 0.0
66000, 0.0
67000, 0.0
68000, 0.0
69000, 0.0
70000, 0.0
71000, 0.0
72000, 0.0
73000, 0.0
74000, 0.0
75000, 0.0
76000, 0.0
77000, 0.0
78000, 0.0
79000, 0.0
80000, 0.0
81000, 0.0
82000, 0.0
83000, 0.0
84000, 0.0
85000, 0.0
86000, 0.0
87000, 0.0
88000, 0.0
89000, 0.0
90000, 0.0
91000, 0.0
92000, 0.0
93000, 0.0
94000, 0.0
95000, 0.0
96000, 0.0
97000, 0.0
98000, 0.0
99000, 0.0
100000, 0.0
