1, 28.0349781523011
2, 27.147743920996454
3, 27.147743920996454
4, 26.44617174564213
5, 25.620304447839803
6, 25.61952380509833
7, 24.72893042571797
8, 23.92237446408696
9, 23.920702330826327
10, 23.920702330826327
15, 22.907640646736187
20, 21.978170988505845
25, 21.979080963497996
30, 21.960874299535526
35, 21.180179413782124
40, 20.299753693087016
45, 20.299753693087016
50, 19.77371993328519
55, 19.776754030932377
60, 19.7453792062852
65, 19.079832284378185
70, 19.059905561151137
75, 19.053608582103287
80, 19.053608582103287
85, 19.05255888325765
90, 19.05255888325765
95, 19.051509126575773
100, 19.051509126575773
150, 18.20109886792553
200, 18.20109886792553
250, 17.259200444980063
300, 17.255723688098392
350, 17.23948955160796
400, 17.237169141132195
450, 17.238329385413195
500, 17.238329385413195
550, 15.99874995116806
600, 15.99874995116806
650, 15.902201105507375
700, 15.892136420255145
750, 15.892136420255145
800, 15.892136420255145
850, 15.892136420255145
900, 15.688212135230707
950, 15.658863304850707
1000, 15.658863304850707
1250, 14.645135711218247
1500, 14.308039698015937
1750, 14.139306913706909
2000, 12.731064370271639
2250, 12.43864944437297
2500, 12.561846997953765
2750, 12.406449935416658
3000, 11.701281981048059
3250, 11.685888926393234
3500, 11.740528097151337
3750, 11.7285975291166
4000, 11.269427669584644
4250, 11.269427669584644
4500, 11.253443917308159
4750, 11.253443917308159
5000, 11.292475370794483
5250, 11.373653766490346
5500, 11.679041056525147
5750, 11.679041056525147
6000, 10.8
6250, 10.8
6500, 10.965400129498239
6750, 10.967223896684155
7000, 11.01998185116473
7250, 10.64518670573701
7500, 10.334408546211051
7750, 10.299514551666986
8000, 10.807404868885037
8250, 10.814804667676619
8500, 10.816653826391969
8750, 10.886689120205462
9000, 10.886689120205462
9250, 11.018166816671457
9500, 10.73126274023705
9750, 10.729398864801327
10000, 10.71820880557941
11000, 10.818502669038818
12000, 10.382677881933928
13000, 9.711848433743187
14000, 9.156418513807678
15000, 8.933084573650918
16000, 8.724677644474895
17000, 8.2365041127896
18000, 8.581375181169975
19000, 9.037698822156003
20000, 8.85663593019381
21000, 8.962142600963231
22000, 8.380930735902785
23000, 8.67179335547152
24000, 8.953211714239757
25000, 9.117017056033186
26000, 9.035485598461214
27000, 9.024411338142782
28000, 9.338094023943002
29000, 9.391485505499118
30000, 9.125787637239867
31000, 9.518403227432634
32000, 9.61041102138717
33000, 9.486832980505138
34000, 9.713907555664713
35000, 9.701546268507922
36000, 9.649870465451855
37000, 9.693296652842108
38000, 9.562426470305537
39000, 9.54148835350125
40000, 9.55405672999695
41000, 9.465727652959385
42000, 9.54148835350125
43000, 9.58331884056875
44000, 9.566608594481119
45000, 9.533100230250387
46000, 9.318798205777396
47000, 9.206519429187123
48000, 9.147677300823418
49000, 9.046546302318914
50000, 8.874683092933516
51000, 8.774964387392123
52000, 8.867919710958146
53000, 8.870174744614674
54000, 9.026627277117406
55000, 8.874683092933516
56000, 9.077444574328174
57000, 9.158602513484249
58000, 9.223882046080165
59000, 9.284395510748128
60000, 9.277930803794561
61000, 9.370165420097983
62000, 9.247702417357514
63000, 9.421252570651102
64000, 9.505787710652916
65000, 9.158602513484249
66000, 8.46640419540669
67000, 8.511169132381285
68000, 8.345058418010026
69000, 8.602325267042627
70000, 8.62554346113913
71000, 8.664871608973788
72000, 8.478207357690657
73000, 8.426149773176359
74000, 8.501764522732913
75000, 8.45694980474639
76000, 8.49470423263812
77000, 8.42140130857092
78000, 8.321057625085889
79000, 8.224354077980836
80000, 8.395236744726143
81000, 8.383316766053875
82000, 8.539320816083677
83000, 8.809086218218097
84000, 8.62554346113913
85000, 8.67179335547152
86000, 8.397618710086807
87000, 8.345058418010026
88000, 8.25348411278534
89000, 8.296987405076615
90000, 8.0049984384758
91000, 7.906958960308319
92000, 8.153526844255804
93000, 8.059776671843954
94000, 8.12896057316063
95000, 8.094442537939225
96000, 8.01498596380555
97000, 7.7278716345446625
98000, 7.761443164772902
99000, 7.771743691090179
100000, 7.738216848861241
