1, 45.46757086099938
2, 44.7797387218818
3, 44.06103720976164
4, 43.618803284822015
5, 42.98778896384414
6, 42.981682144839326
7, 42.177304323534
8, 41.27196384956742
9, 41.26227090212074
10, 40.44656969385661
15, 36.79266231193388
20, 36.20186459286317
25, 35.68718257301913
30, 34.655446902326915
35, 34.62405233360185
40, 33.19299624920896
45, 33.15607033410323
50, 32.3847958153205
55, 31.617242131469975
60, 30.181534089572054
65, 29.189039038652847
70, 27.747522411919952
75, 27.75382856472238
80, 26.753037210754222
85, 26.323468616426673
90, 25.13861571367843
95, 25.057434026651652
100, 24.769941461376124
150, 23.221218744932404
200, 21.520920054681678
250, 21.484878403193257
300, 20.89736825535694
350, 19.566553094502876
400, 18.783636495630976
450, 17.324837661577092
500, 16.439282222773596
550, 16.395883629740727
600, 16.379102539516627
650, 16.33630925270454
700, 16.306440445419103
750, 16.302607153458613
800, 16.146206984923733
850, 16.139237900223172
900, 14.853450777512949
950, 14.828182626336917
1000, 14.825653442597396
1250, 13.62075621982862
1500, 12.881187833425923
1750, 12.860793132618221
2000, 12.853987708100549
2250, 12.856904759700136
2500, 12.639224659764539
2750, 12.193235829754135
3000, 12.125386591775126
3250, 11.955124424279322
3500, 11.926860441876563
3750, 11.76010204037363
4000, 10.95216873500404
4250, 10.573551910309043
4500, 10.548696601950404
4750, 10.529719844326344
5000, 10.406728592598157
5250, 10.430723848324238
5500, 10.425929215182693
5750, 10.41633332799983
6000, 10.391101962737157
6250, 10.458250331675945
6500, 9.72111104761179
6750, 9.696648905678703
7000, 9.760891352740282
7250, 8.958236433584458
7500, 8.819013550278738
7750, 8.644362324659928
8000, 8.64291617453276
8250, 8.766413177577247
8500, 8.722098371378301
8750, 8.638576271585498
9000, 8.589237451601859
9250, 8.523496934944014
9500, 8.386000238492723
9750, 8.386000238492723
10000, 8.34865258589672
11000, 7.733045971672482
12000, 7.363762625180146
13000, 7.559761901012491
14000, 7.640353394968063
15000, 7.797435475847171
16000, 7.650163396947806
17000, 7.392563831310488
18000, 7.314369419163897
19000, 7.271519786124493
20000, 7.302396866782852
21000, 7.351870510285121
22000, 7.116881339463234
23000, 7.293833011524188
24000, 7.33655232380987
25000, 7.304108432930059
26000, 7.37563556583431
27000, 7.441438033068608
28000, 7.564720748315829
29000, 7.52994023880668
30000, 7.52994023880668
31000, 7.494998332221296
32000, 7.58617163001207
33000, 7.58781918603758
34000, 7.61084752179414
35000, 7.546522377890362
36000, 7.6892782496148495
37000, 7.666485505105974
38000, 7.7926247182833075
39000, 7.800640999302558
40000, 7.614131598547533
41000, 7.669745758498126
42000, 7.6599608354090165
43000, 7.627253765281446
44000, 7.568024841396862
45000, 7.599342076785332
46000, 7.553145040312677
47000, 7.3739406018763125
48000, 7.254309064273454
49000, 6.996427659884722
50000, 7.10457599016296
51000, 7.090486584149215
52000, 7.102816342831906
53000, 7.231873892705818
54000, 7.198958257970385
55000, 7.2180329730474355
56000, 7.2886898685566255
57000, 7.33143914930759
58000, 7.297259759663212
59000, 7.2197645390968255
60000, 7.321202087089251
61000, 7.351870510285121
62000, 7.235329985563893
63000, 7.221495689952325
64000, 7.245688373094719
65000, 7.209368904418749
66000, 7.165891430938652
67000, 7.157164242910736
68000, 7.037400088100719
69000, 6.902897942168926
70000, 6.750925862428057
71000, 6.789698078707183
72000, 6.931810730249348
73000, 6.937218462755804
74000, 6.868405928597989
75000, 6.789698078707183
76000, 6.93361377637953
77000, 6.866585760041158
78000, 6.886581154680456
79000, 6.855654600401044
80000, 6.8282501418738315
81000, 6.813589362443263
82000, 6.800735254367722
83000, 6.780486708194331
84000, 6.730527468185536
85000, 6.687675231349083
86000, 6.698880503487131
87000, 6.5383484153110105
88000, 6.574572229430596
89000, 6.5517173321198765
90000, 6.665208173793223
91000, 6.4788116194252785
92000, 6.422616289332565
93000, 6.260990336999411
94000, 6.121682775185268
95000, 6.256996084384263
96000, 6.2048368229954285
97000, 6.2048368229954285
98000, 6.216912416947821
99000, 6.216912416947821
100000, 6.254998001598402
