8.836612149784232
7.010196655077313
7.8029298526716415
7.443117626371358
7.3055751704727925
6.915820372780906
7.236810662952885
6.934386366919159
6.924078071689916
5.935366157919107
5.789152417607064
5.358571238146015
5.239956379316802
4.884377427793931
4.828486896977739
4.468940430507949
4.449719092257398
4.404543109109048
4.626013402488151
4.242640687119285
3.8172540616821107
3.430951554806417
3.3166247903554
3.22490309931942
3.299350585450762
3.1622776601683795
3.1259284335103663
2.843539042410757
2.9471535904520287
3.0378563870880115
2.9277002188455996
3.009508740167215
2.8685486624025445
2.843539042410757
2.8635642126552705
3.1304951684997055
3.251373336211726
2.932575659723036
2.6021968740717085
2.4553149347021512
2.7097706808616007
2.4842360136324753
2.585674822114004
2.5185029566901727
2.5801439605461662
2.437797600880176
2.29906813420444
2.336052836975837
2.2614786566062732
2.311462122306386
2.305273457593635
2.32379000772445
2.0976176963403033
2.2296700588716196
2.2038926600773587
2.2296700588716196
2.0213149892370277
2.0213149892370277
2.04939015319192
2.090796157311509
2.1246848505803664
2.0354009783964297
1.8361450300639575
2.1514114968019085
2.0632844828435215
2.1111946516469904
2.18435999126256
2.1908902300206643
2.2614786566062732
2.3421601750764798
2.3664319132398464
2.3603873774083293
2.2168188275738085
2.210365192839022
2.083952289006911
2.0632844828435215
2.0632844828435215
2.0632844828435215
2.18435999126256
2.177810171446801
2.1712405933672376
2.2614786566062732
2.2296700588716196
2.18435999126256
2.18435999126256
2.18435999126256
2.177810171446801
2.2614786566062732
2.177810171446801
2.4436506647695313
2.1908902300206643
2.1908902300206643
2.2296700588716196
2.2232537288526344
2.2232537288526344
2.2168188275738085
2.1313979316066587
2.083952289006911
2.083952289006911
2.0770858707058104
2.0632844828435215
2.104417123236605
2.1580414400893364
2.2866069685390684
2.210365192839022
2.210365192839022
2.177810171446801
2.2551528297909846
2.0770858707058104
2.014235055087379
1.867006771737662
1.8361450300639575
1.9346465162548798
1.8973665961010275
1.8439088914585775
1.942016624910449
1.7728105208558367
1.8126539343499315
1.8361450300639575
1.9784553859730358
2.014235055087379
2.056349053193895
2.090796157311509
2.0213149892370277
1.992844341996778
1.889822365046136
1.8822478962286404
1.8361450300639575
1.9123657749350298
1.9048809486609468
1.9048809486609468
1.7566201313073597
1.6647608150808246
1.6647608150808246
1.7237832147426693
1.7566201313073597
1.8439088914585775
1.820517979665599
1.8439088914585775
1.7888543819998317
1.7888543819998317
1.7071279138616748
1.8746428231227714
1.8973665961010275
1.9712215212183246
1.992844341996778
2.014235055087379
1.9712215212183246
1.992844341996778
1.9048809486609468
1.889822365046136
1.8593393604027366
1.889822365046136
1.8746428231227714
1.9784553859730358
1.9639610121239315
1.9712215212183246
2.056349053193895
2.1447610589527217
2.0213149892370277
2.042407542932745
2.0
2.0
1.9639610121239315
1.985662897587892
1.985662897587892
1.942016624910449
2.02837021134844
2.0354009783964297
2.0354009783964297
2.04939015319192
1.9639610121239315
1.9566735620873066
2.0
1.992844341996778
1.9712215212183246
2.0213149892370277
2.02837021134844
2.007130147392398
1.927248223318863
1.942016624910449
1.9566735620873066
1.9712215212183246
1.942016624910449
1.804755622554715
1.820517979665599
1.7728105208558367
1.780850519113991
1.6903085094570331
1.8439088914585775
1.985662897587892
1.9123657749350298
1.9639610121239315
1.9639610121239315
1.942016624910449
1.9346465162548798
1.9566735620873066
1.9493588689617927
1.927248223318863
1.9048809486609468
1.8746428231227714
1.927248223318863
1.942016624910449
1.942016624910449
1.8283482006601322
1.7484687178050562
1.8283482006601322
1.8361450300639575
1.7320508075688772
1.6903085094570331
1.804755622554715
1.8516401995451028
1.942016624910449
1.8973665961010275
1.867006771737662
1.8822478962286404
1.8361450300639575
1.7237832147426693
1.7237832147426693
1.7237832147426693
1.740279123753264
1.6987390281365427
1.6987390281365427
1.7071279138616748
1.7484687178050562
1.8439088914585775
1.8439088914585775
1.780850519113991
1.6733200530681511
1.5856499343441837
1.5856499343441837
1.5946338585572373
1.7566201313073597
1.7566201313073597
1.7728105208558367
1.6647608150808246
1.6733200530681511
1.6987390281365427
1.6987390281365427
1.5856499343441837
1.5856499343441837
1.6035674514745464
1.6035674514745464
1.6388149028228556
1.6212869667555552
1.647508942095828
1.65615734242165
1.6647608150808246
1.7154757774032086
1.7237832147426693
1.6733200530681511
1.6035674514745464
1.5306394555404428
1.4928400545843579
1.4735767952260144
1.5118578920369088
1.5118578920369088
1.4928400545843579
1.4928400545843579
1.3835771443203715
1.4142135623730951
1.3835771443203715
1.3732131246511903
1.3522468075656264
1.4735767952260144
1.3835771443203715
1.3938641048743392
1.3201731488169053
1.3093073414159542
1.3093073414159542
1.4142135623730951
1.4040757000349275
1.2983506020002016
1.3938641048743392
1.3938641048743392
1.3938641048743392
1.4142135623730951
1.4540583599999397
1.3938641048743392
1.3938641048743392
1.3938641048743392
1.3627702877384937
1.3627702877384937
1.3309502512973848
1.2649110640673518
1.2535663410560174
1.2421180068162376
1.2535663410560174
1.2421180068162376
1.2421180068162376
1.3416407864998738
1.3416407864998738
1.4142135623730951
1.424279266355945
1.5306394555404428
1.4735767952260144
1.3938641048743392
1.3093073414159542
1.2873006086935783
1.4928400545843579
1.4928400545843579
1.4735767952260144
1.4638501094227998
1.4142135623730951
1.3835771443203715
1.4040757000349275
1.3522468075656264
1.2983506020002016
1.2983506020002016
1.3416407864998738
1.3416407864998738
1.3416407864998738
1.2535663410560174
1.2421180068162376
1.230563169563316
1.2535663410560174
1.2421180068162376
1.3093073414159542
1.2649110640673518
1.3309502512973848
1.2649110640673518
1.1952286093343936
1.3416407864998738
1.3416407864998738
1.2761549390929883
1.2535663410560174
1.2649110640673518
1.2761549390929883
1.2873006086935783
1.2873006086935783
1.2873006086935783
1.3201731488169053
1.2873006086935783
1.2873006086935783
1.2649110640673518
1.2873006086935783
1.2535663410560174
1.230563169563316
1.2649110640673518
1.2873006086935783
1.2983506020002016
1.2983506020002016
1.2761549390929883
1.3938641048743392
1.3835771443203715
1.3627702877384937
1.3627702877384937
1.3309502512973848
1.3093073414159542
1.3201731488169053
1.2421180068162376
1.218898800440088
1.2071217242444348
1.2071217242444348
1.218898800440088
1.2649110640673518
1.2071217242444348
1.2071217242444348
1.2071217242444348
1.1832159566199232
1.1832159566199232
1.2421180068162376
1.2535663410560174
1.082325538564332
1.082325538564332
1.1588171308956141
1.2421180068162376
1.2983506020002016
1.3201731488169053
1.3093073414159542
1.3093073414159542
1.3309502512973848
1.218898800440088
1.230563169563316
1.2421180068162376
1.2071217242444348
1.230563169563316
1.2649110640673518
1.218898800440088
1.2071217242444348
1.2649110640673518
1.2649110640673518
1.2983506020002016
1.3522468075656264
1.3732131246511903
1.3732131246511903
1.3627702877384937
1.2983506020002016
1.3093073414159542
1.3416407864998738
1.3416407864998738
1.2873006086935783
1.2983506020002016
1.2983506020002016
1.2983506020002016
1.2983506020002016
1.2983506020002016
1.2761549390929883
1.3201731488169053
1.3201731488169053
