1, 22.31255252094659
2, 21.42311835377847
3, 20.54263858417414
4, 20.538987316808004
5, 20.537770083434083
6, 20.537770083434083
7, 20.537770083434083
8, 20.537770083434083
9, 20.538987316808004
10, 20.538987316808004
15, 20.537770083434083
20, 18.89576672167605
25, 18.894443627691185
30, 18.894443627691185
35, 18.894443627691185
40, 18.806913622388976
45, 18.806913622388976
50, 18.03052966498766
55, 18.03052966498766
60, 18.03052966498766
65, 18.03052966498766
70, 18.03052966498766
75, 18.03052966498766
80, 18.03052966498766
85, 18.03052966498766
90, 18.03052966498766
95, 18.03052966498766
100, 17.59403307942781
150, 17.561321134812154
200, 17.541379649275026
250, 17.28004629623428
300, 16.555965692160637
350, 16.56200470957547
400, 16.09192344003662
450, 16.09192344003662
500, 16.09192344003662
550, 16.09192344003662
600, 15.84929020492716
650, 15.84929020492716
700, 15.84929020492716
750, 15.308494374039531
800, 15.308494374039531
850, 15.308494374039531
900, 15.165750888103101
950, 15.132745950421556
1000, 15.15585695366646
1250, 15.074813431681335
1500, 14.389232085139222
1750, 13.566502865514016
2000, 13.221195104830729
2250, 12.23315167894194
2500, 12.149074038789951
2750, 12.149074038789951
3000, 12.216791722870616
3250, 12.037441588643327
3500, 12.085114811204733
3750, 11.8490505948789
4000, 11.289375536317321
4250, 11.280514172678478
4500, 11.124297730643494
4750, 11.28716084761797
5000, 11.110805551354051
5250, 11.335784048754634
5500, 11.610340218959994
5750, 11.6081867662439
6000, 11.467344941179714
6250, 11.386395390991831
6500, 11.46516463030514
6750, 11.539064086831306
7000, 11.504347004502254
7250, 11.331372379372237
7500, 11.20937107959229
7750, 11.419281938896159
8000, 11.337989239719713
8250, 10.99317970379817
8500, 10.88577052853862
8750, 10.922453936730518
9000, 11.18704608017684
9250, 10.954451150103322
9500, 10.876580344942981
9750, 10.90642012761291
10000, 11.41052146047673
11000, 11.480418110852932
12000, 11.868024266911489
13000, 11.74734012447073
14000, 11.430223094935636
15000, 11.169153951844338
16000, 11.309288218097548
17000, 11.377609590770813
18000, 11.333578428722324
19000, 11.004544515789828
20000, 11.65975986030587
21000, 11.811011811017716
22000, 11.50651989091402
23000, 11.320335684068738
24000, 11.184811129384348
25000, 11.326958991715296
26000, 11.510864433221338
27000, 11.406138698087096
28000, 11.256109452204168
29000, 11.282730166054668
30000, 11.447707194019246
31000, 11.124297730643494
32000, 11.191514642799696
33000, 11.364418154925486
34000, 11.685461052093752
35000, 11.840608092492547
36000, 11.728171212938529
37000, 11.903780911962384
38000, 11.811011811017716
39000, 11.781341180018513
40000, 11.719641632746285
41000, 11.577996372429904
42000, 11.517378173872732
43000, 11.78558441486887
44000, 11.69829047339824
45000, 11.674759098157015
46000, 11.597413504743201
47000, 11.889070611279925
48000, 12.206555615733702
49000, 11.84271928232701
50000, 11.655470818461174
51000, 11.766477807738388
52000, 11.77285012220915
53000, 11.661903789690601
54000, 11.547727049077666
55000, 11.597413504743201
56000, 11.49130105775669
57000, 11.31812705353673
58000, 11.264990013311152
59000, 11.5
60000, 11.806777714516354
61000, 11.983321743156194
62000, 11.92895636675732
63000, 12.045746137122432
64000, 11.914277149705725
65000, 11.577996372429904
66000, 11.155716023635597
67000, 10.936178491593852
68000, 10.735455276791944
69000, 10.874281585465774
70000, 10.606601717798213
71000, 10.334408546211051
72000, 10.404326023342406
73000, 10.251829105091442
74000, 10.413932974625869
75000, 10.606601717798213
76000, 10.526157893552615
77000, 10.5
78000, 10.674736530706507
79000, 10.686440005914037
80000, 10.552250944703694
81000, 11.009087155618309
82000, 10.709808588392232
83000, 10.60895847856895
84000, 10.763363786474933
85000, 10.737783756436894
86000, 10.758717395675006
87000, 10.89954127475097
88000, 10.653637876331258
89000, 10.51189802081432
90000, 10.597169433391164
91000, 10.66302021005306
92000, 10.674736530706507
93000, 10.698130677833394
94000, 10.637198879404297
95000, 10.79583252926795
96000, 10.862780491200215
97000, 11.18257573191436
98000, 11.142261888862603
99000, 11.200446419674531
100000, 11.126544836560898
