1, 13.70255450636851
2, 13.317657451669195
3, 13.275541420220872
4, 13.215142829345432
5, 12.77497553813705
6, 12.856126943990558
7, 12.796874618437112
8, 12.753038853543888
9, 12.296340919151518
10, 12.25724275683565
15, 11.520416659131735
20, 10.906878563548783
25, 9.863062404750362
30, 8.736131867136622
35, 7.863841300535
40, 7.1442284397967
45, 7.002856560004639
50, 6.974238309665077
55, 5.89915248150105
60, 5.824087911424415
65, 5.477225575051661
70, 5.447935388750494
75, 5.556977595779922
80, 5.321653878260029
85, 5.782732917920384
90, 5.71314274283428
95, 5.542562584220407
100, 4.866210024238575
150, 4.069397989875161
200, 3.676955262170047
250, 2.5298221281347035
300, 2.756809750418044
350, 2.5612496949731396
400, 2.209072203437452
450, 1.9183326093250879
500, 1.8110770276274832
550, 1.5748015748023623
600, 1.7663521732655694
650, 1.8547236990991407
700, 1.6492422502470643
750, 1.2649110640673518
800, 1.0954451150103321
850, 1.0954451150103321
900, 0.938083151964686
950, 0.848528137423857
1000, 0.938083151964686
1250, 0.4898979485566356
1500, 0.4
1750, 0.0
2000, 0.0
2250, 0.0
2500, 0.0
2750, 0.0
3000, 0.0
3250, 0.0
3500, 0.0
3750, 0.0
4000, 0.0
4250, 0.0
4500, 0.0
4750, 0.0
5000, 0.0
5250, 0.0
5500, 0.0
5750, 0.0
6000, 0.0
6250, 0.0
6500, 0.0
6750, 0.0
7000, 0.0
7250, 0.0
7500, 0.0
7750, 0.0
8000, 0.0
8250, 0.0
8500, 0.0
8750, 0.0
9000, 0.0
9250, 0.0
9500, 0.0
9750, 0.0
10000, 0.0
11000, 0.0
12000, 0.0
13000, 0.0
14000, 0.0
15000, 0.0
16000, 0.0
17000, 0.0
18000, 0.0
19000, 0.0
20000, 0.0
21000, 0.0
22000, 0.0
23000, 0.0
24000, 0.0
25000, 0.0
26000, 0.0
27000, 0.0
28000, 0.0
29000, 0.0
30000, 0.0
31000, 0.0
32000, 0.0
33000, 0.0
34000, 0.0
35000, 0.0
36000, 0.0
37000, 0.0
38000, 0.0
39000, 0.0
40000, 0.0
41000, 0.0
42000, 0.0
43000, 0.0
44000, 0.0
45000, 0.0
46000, 0.0
47000, 0.0
48000, 0.0
49000, 0.0
50000, 0.0
51000, 0.0
52000, 0.0
53000, 0.0
54000, 0.0
55000, 0.0
56000, 0.0
57000, 0.0
58000, 0.0
59000, 0.0
60000, 0.0
61000, 0.0
62000, 0.0
63000, 0.0
64000, 0.0
65000, 0.0
66000, 0.0
67000, 0.0
68000, 0.0
69000, 0.0
70000, 0.0
71000, 0.0
72000, 0.0
73000, 0.0
74000, 0.0
75000, 0.0
76000, 0.0
77000, 0.0
78000, 0.0
79000, 0.0
80000, 0.0
81000, 0.0
82000, 0.0
83000, 0.0
84000, 0.0
85000, 0.0
86000, 0.0
87000, 0.0
88000, 0.0
89000, 0.0
90000, 0.0
91000, 0.0
92000, 0.0
93000, 0.0
94000, 0.0
95000, 0.0
96000, 0.0
97000, 0.0
98000, 0.0
99000, 0.0
100000, 0.0
