17.65543218712829
13.522468075656265
11.542468168835097
10.37854930682924
9.929753269845127
9.204036381625494
9.149551120917666
7.859480171832522
8.368307560586635
8.398979529851061
7.683005364346132
6.957010852370434
6.870225614927067
6.857738069405351
6.349353172905546
5.801477644285364
5.464168999687222
5.3745431699554045
5.542047068934521
5.0426750270636544
5.096217084409628
4.884377427793931
4.99142121186799
5.0142653642240695
4.729844455310192
4.786886849956422
4.513471897711181
4.930951806120773
4.756949803032551
4.8225660033993165
4.665986344968079
4.887301329539063
4.678216998570533
4.423960733486292
4.516635916254486
4.269493111432718
4.411025148096852
4.58257569495584
4.33589667773576
4.352339272489812
4.28285618984074
3.924283374069717
3.924283374069717
4.014260294784796
3.8913824205360674
3.985688683993556
3.9749213828703582
4.021371478914697
4.060260371665133
4.242640687119285
4.157609203101499
3.996426975615665
4.0918036539962594
4.181592314623018
4.272837799067834
4.28285618984074
4.126568965687043
4.178174584330202
4.130029401486491
4.0743097574926725
4.133486940310116
4.378518992927697
4.246006527146588
4.164475614390981
4.126568965687043
4.060260371665133
3.7984959429452374
3.6606010435446255
3.847076812334269
3.63318042491699
3.8097618973218936
3.7568984168174833
3.492849839314596
3.3763886032268267
3.813509819425819
3.621365172733304
3.5335130232835263
3.565709706956767
