1, 56.91994378071714
2, 56.42074086716693
3, 55.661117487883764
4, 55.12549319507264
5, 54.41709290287382
6, 53.9588732276722
7, 53.12080571678107
8, 52.35608847116064
9, 51.63216052035785
10, 51.6141453479567
15, 49.05507109361886
20, 46.185279039971164
25, 43.842901363846806
30, 42.77452512886613
35, 42.72821082142336
40, 41.13101019911862
45, 41.07992210313939
50, 41.07140124222693
55, 40.75782133529711
60, 40.24326030529833
65, 37.8021163428716
70, 36.957272626642784
75, 35.31883350282113
80, 35.31770094442729
85, 35.27605420111495
90, 34.71195759388975
95, 34.65833233148993
100, 34.65054112131584
150, 30.047961661317395
200, 29.308360581922695
250, 29.284125392437453
300, 27.113834107333474
350, 26.99073915253156
400, 25.550342463458293
450, 25.625378045991827
500, 24.511221919765646
550, 24.16029801140706
600, 23.550371546962907
650, 22.30560467685196
700, 21.89337799427032
750, 21.827505583552142
800, 21.83804020510998
850, 21.761433776293327
900, 20.945166506857852
950, 20.560155641434235
1000, 19.987496091306685
1250, 18.517559234413156
1500, 17.26499348392579
1750, 16.743954132760877
2000, 16.77736570502056
2250, 15.540270267920054
2500, 15.462858726639134
2750, 15.416225218904918
3000, 13.982846634358829
3250, 14.023551618616448
3500, 14.030680667736688
3750, 13.110301293257908
4000, 13.215899515356494
4250, 12.966109670984586
4500, 12.964567096513482
4750, 11.713240371477058
5000, 11.734564329364767
5250, 11.70811684260112
5500, 11.53429668423697
5750, 11.631852818876277
6000, 11.631852818876277
6250, 11.349008767288886
6500, 11.310172412478954
6750, 11.248999955551605
7000, 11.236547512470189
7250, 11.062549434917793
7500, 10.985444915887568
7750, 10.613199329137279
8000, 10.806479537758817
8250, 10.912378292562991
8500, 10.834205093129814
8750, 10.452750834110608
9000, 10.44222198576529
9250, 10.513800454640558
9500, 10.475686135046239
9750, 10.458489374665922
10000, 10.016985574512923
11000, 9.634313675607618
12000, 9.606247966818263
13000, 9.601041610158765
14000, 9.371232576347682
15000, 8.919641248391104
16000, 8.95656184034923
17000, 8.714355971613736
18000, 8.259539938761723
19000, 8.372574275573792
20000, 8.482924024179399
21000, 8.414273587185052
22000, 7.867655305108378
23000, 7.908223567907018
24000, 8.232860985101109
25000, 8.061017305526642
26000, 7.9473265945222105
27000, 7.584194090343416
28000, 7.614459928320589
29000, 7.626270385975047
30000, 7.483314773547883
31000, 7.7291655435758395
32000, 7.718808198161164
33000, 7.6511437053554285
34000, 7.517978451685001
35000, 7.1442284397967
36000, 7.106335201775948
37000, 7.216647421067486
38000, 7.26636084983398
39000, 7.092249290598858
40000, 7.22357252334328
41000, 7.194442299441979
42000, 7.104927867332644
43000, 7.089428749906441
44000, 6.915200647848188
45000, 7.06257743320383
46000, 7.055494312945054
47000, 7.037044834303672
48000, 7.1860976892886725
49000, 7.126008700527947
50000, 7.219418259112018
51000, 7.114773362518303
52000, 7.162401831787993
53000, 7.096477999684069
54000, 7.14142842854285
55000, 7.807688518377254
56000, 7.83836717690617
57000, 7.791020472312982
58000, 7.592101158440923
59000, 7.397296803562772
60000, 7.2759879054324985
61000, 7.521967827636595
62000, 7.669419795525604
63000, 7.638062581571324
64000, 7.707139547199077
65000, 7.756287771866126
66000, 7.752418977325722
67000, 7.758865896508329
68000, 7.5960516059331775
69000, 7.649836599562111
70000, 7.703246069028303
71000, 7.701947805587882
72000, 7.51398695766768
73000, 7.472616676907762
74000, 7.255342858886822
75000, 7.102112361825881
76000, 7.0654086930622775
77000, 6.944062211702888
78000, 7.018546858146634
79000, 6.9699354372906495
80000, 6.926759704219571
81000, 6.916646586316233
82000, 6.8905732707808856
83000, 6.776429738438966
84000, 6.786751800382861
85000, 6.757218362610461
86000, 6.7424031324150295
87000, 6.791170738539858
88000, 6.752777206453653
89000, 6.685805860178712
90000, 6.878953408767935
91000, 6.8527366796047255
92000, 6.935416353759881
93000, 7.114773362518303
94000, 7.096477999684069
95000, 7.103520254071216
96000, 7.167984374982971
97000, 7.166589146867567
98000, 7.032780389006897
99000, 7.2
100000, 7.140028011149536
