3.5496478698597698
3.1304951684997055
3.0
3.3763886032268267
2.932575659723036
2.7202941017470885
2.7202941017470885
3.03315017762062
3.03315017762062
2.9664793948382653
2.898275349237888
3.03315017762062
2.6457513110645907
2.449489742783178
2.449489742783178
2.3664319132398464
2.280350850198276
2.1908902300206643
2.1908902300206643
2.1908902300206643
2.1908902300206643
2.280350850198276
2.280350850198276
2.1908902300206643
2.280350850198276
2.4083189157584592
2.4083189157584592
2.4083189157584592
2.0
2.1447610589527217
2.23606797749979
2.1908902300206643
2.04939015319192
1.7320508075688772
1.7320508075688772
1.6733200530681511
1.6733200530681511
1.6733200530681511
1.61245154965971
1.61245154965971
1.61245154965971
1.61245154965971
1.5491933384829668
1.6733200530681511
1.3416407864998738
1.3416407864998738
1.3416407864998738
1.3416407864998738
1.1832159566199232
1.3416407864998738
1.3416407864998738
1.3416407864998738
1.3416407864998738
1.3416407864998738
1.1832159566199232
1.3416407864998738
1.4832396974191326
1.3416407864998738
1.1832159566199232
1.1832159566199232
0.8944271909999159
0.8944271909999159
0.8944271909999159
0.8944271909999159
0.8944271909999159
1.1832159566199232
1.0954451150103321
1.0954451150103321
1.0954451150103321
1.0954451150103321
1.0
1.3416407864998738
0.7745966692414834
1.0954451150103321
1.0954451150103321
1.0
1.0954451150103321
1.0954451150103321
1.0
1.0
1.4832396974191326
1.3416407864998738
1.0
0.7745966692414834
1.0
1.0
1.4832396974191326
1.1832159566199232
0.8944271909999159
1.1832159566199232
1.1832159566199232
0.8944271909999159
0.8944271909999159
1.5491933384829668
1.4832396974191326
1.5491933384829668
1.5491933384829668
1.5491933384829668
1.5491933384829668
1.5491933384829668
1.5491933384829668
1.5491933384829668
1.5491933384829668
1.5491933384829668
1.5491933384829668
1.4832396974191326
1.5491933384829668
1.6733200530681511
1.5491933384829668
1.6733200530681511
1.6733200530681511
1.6733200530681511
1.6733200530681511
1.5491933384829668
1.5491933384829668
1.5491933384829668
1.6733200530681511
1.6733200530681511
1.6733200530681511
1.5491933384829668
1.6733200530681511
1.5491933384829668
1.5491933384829668
1.4832396974191326
1.4832396974191326
1.4832396974191326
1.4832396974191326
1.4832396974191326
1.1832159566199232
1.1832159566199232
1.1832159566199232
1.4832396974191326
1.4832396974191326
1.4832396974191326
1.4832396974191326
1.1832159566199232
1.1832159566199232
1.1832159566199232
1.2649110640673518
1.5491933384829668
1.1832159566199232
1.1832159566199232
1.2649110640673518
1.2649110640673518
1.2649110640673518
1.4142135623730951
1.4142135623730951
1.4142135623730951
1.6733200530681511
1.6733200530681511
1.6733200530681511
1.6733200530681511
1.6733200530681511
1.5491933384829668
1.5491933384829668
1.6733200530681511
1.6733200530681511
1.5491933384829668
1.6733200530681511
1.6733200530681511
1.6733200530681511
1.6733200530681511
1.6733200530681511
1.6733200530681511
1.5491933384829668
1.5491933384829668
1.6733200530681511
1.2649110640673518
1.2649110640673518
1.2649110640673518
1.2649110640673518
1.2649110640673518
1.2649110640673518
1.2649110640673518
1.2649110640673518
1.2649110640673518
1.2649110640673518
1.2649110640673518
1.2649110640673518
1.2649110640673518
1.3416407864998738
1.3416407864998738
1.4142135623730951
1.4832396974191326
1.4142135623730951
1.4142135623730951
1.2649110640673518
1.4142135623730951
1.3416407864998738
1.2649110640673518
1.2649110640673518
1.1832159566199232
1.1832159566199232
1.1832159566199232
1.1832159566199232
1.1832159566199232
1.1832159566199232
1.1832159566199232
1.3416407864998738
1.3416407864998738
1.4832396974191326
1.4832396974191326
1.4142135623730951
1.3416407864998738
1.3416407864998738
1.4142135623730951
1.4142135623730951
1.4142135623730951
1.3416407864998738
1.3416407864998738
1.3416407864998738
1.3416407864998738
1.3416407864998738
1.3416407864998738
1.0954451150103321
1.0954451150103321
1.0954451150103321
0.8944271909999159
0.8944271909999159
0.8944271909999159
0.8944271909999159
1.0
1.0
0.8944271909999159
0.8944271909999159
0.8944271909999159
1.0
1.1832159566199232
1.0
1.2649110640673518
1.1832159566199232
1.4142135623730951
1.1832159566199232
1.1832159566199232
1.3416407864998738
1.4142135623730951
1.3416407864998738
1.3416407864998738
1.3416407864998738
1.3416407864998738
1.0954451150103321
1.3416407864998738
1.3416407864998738
1.4142135623730951
1.3416407864998738
1.3416407864998738
1.3416407864998738
1.3416407864998738
1.3416407864998738
1.3416407864998738
1.4142135623730951
1.4142135623730951
1.4142135623730951
1.3416407864998738
1.4142135623730951
1.4142135623730951
1.4142135623730951
1.4142135623730951
1.2649110640673518
1.2649110640673518
1.6733200530681511
1.4142135623730951
1.4142135623730951
1.2649110640673518
1.2649110640673518
1.4142135623730951
1.6733200530681511
1.6733200530681511
1.4142135623730951
1.6733200530681511
1.5491933384829668
1.5491933384829668
1.5491933384829668
1.6733200530681511
1.5491933384829668
1.6733200530681511
1.6733200530681511
1.5491933384829668
1.5491933384829668
1.5491933384829668
1.6733200530681511
1.6733200530681511
1.6733200530681511
1.7320508075688772
1.61245154965971
1.5491933384829668
1.6733200530681511
1.6733200530681511
1.5491933384829668
1.61245154965971
1.61245154965971
1.61245154965971
1.61245154965971
1.61245154965971
1.61245154965971
1.61245154965971
1.61245154965971
1.61245154965971
1.61245154965971
1.61245154965971
1.61245154965971
1.61245154965971
1.61245154965971
1.4142135623730951
1.4142135623730951
1.4142135623730951
1.4142135623730951
1.4142135623730951
1.4142135623730951
1.4142135623730951
1.4142135623730951
1.4142135623730951
1.0954451150103321
1.4142135623730951
1.4142135623730951
1.4142135623730951
1.4142135623730951
1.4142135623730951
1.4142135623730951
1.4142135623730951
1.61245154965971
1.4142135623730951
1.61245154965971
1.4142135623730951
1.4142135623730951
1.0954451150103321
1.0954451150103321
1.0954451150103321
1.0954451150103321
1.2649110640673518
1.0954451150103321
1.2649110640673518
1.2649110640673518
1.1832159566199232
1.1832159566199232
1.1832159566199232
1.0954451150103321
1.0954451150103321
1.1832159566199232
1.0954451150103321
1.0954451150103321
1.0954451150103321
1.0954451150103321
1.1832159566199232
1.1832159566199232
1.3416407864998738
1.3416407864998738
1.3416407864998738
1.3416407864998738
1.61245154965971
1.61245154965971
1.61245154965971
1.5491933384829668
1.4832396974191326
1.4832396974191326
1.4832396974191326
1.4832396974191326
1.4832396974191326
1.4832396974191326
1.1832159566199232
1.1832159566199232
1.1832159566199232
1.1832159566199232
1.1832159566199232
0.8944271909999159
1.1832159566199232
1.1832159566199232
1.1832159566199232
1.1832159566199232
1.1832159566199232
1.4832396974191326
1.1832159566199232
1.4832396974191326
1.1832159566199232
1.1832159566199232
1.1832159566199232
1.5491933384829668
1.4832396974191326
1.1832159566199232
1.1832159566199232
1.3416407864998738
1.1832159566199232
1.3416407864998738
1.3416407864998738
1.6733200530681511
1.4832396974191326
1.0
1.3416407864998738
1.3416407864998738
1.3416407864998738
1.3416407864998738
1.3416407864998738
1.3416407864998738
1.3416407864998738
1.3416407864998738
1.3416407864998738
1.3416407864998738
1.3416407864998738
1.3416407864998738
1.3416407864998738
