1, 8.28808226867396
2, 12.222299922052944
3, 15.270887335056859
4, 17.982897858371306
5, 20.620378270051205
6, 22.88197140511751
7, 25.109605884846296
8, 26.241482134501943
9, 26.078874444800956
10, 25.93838853899756
15, 26.837688768996827
20, 26.98404086749169
25, 28.48508381592022
30, 29.77582912363651
35, 30.05303005330104
40, 30.75786328479522
45, 31.703918709498065
50, 33.5371206506829
55, 34.566991814112534
60, 34.618581048999594
65, 35.5584026637868
70, 34.7980989754856
75, 34.966577448494135
80, 34.502396795228364
85, 34.32760718990789
90, 35.064775224410916
95, 35.01076757447409
100, 34.77399558910033
150, 35.24311171104111
200, 34.67807997524129
250, 33.601053097049935
300, 33.665549613354464
350, 33.26629155535906
400, 31.588946460139162
450, 30.452485057115553
500, 29.62976673757451
550, 29.482198018465315
600, 29.119911242468284
650, 28.620595059125893
700, 27.251817158889395
750, 26.485990491346406
800, 26.61607380165949
850, 24.85001160810749
900, 24.326307380472496
950, 24.624565595543626
1000, 22.98762208734886
1250, 22.388183696556744
1500, 24.33231469592522
1750, 23.152670555384187
2000, 22.281416886309955
2250, 21.609114885942137
2500, 20.099368531986656
2750, 19.538128404186047
3000, 19.380402472601027
3250, 18.557602630313415
3500, 17.43603695268465
3750, 16.30620457655023
4000, 15.617051824602097
4250, 14.579754139533039
4500, 14.8872686961299
4750, 14.985634146382687
5000, 14.672318258439022
5250, 15.071623872491184
5500, 14.65710644127173
5750, 14.549649744660787
6000, 14.174733751399952
6250, 13.592984615941813
6500, 13.322046504832622
6750, 13.1224997618594
7000, 13.080813900812606
7250, 13.407231114359377
7500, 12.955545293277078
7750, 13.056681166242939
8000, 12.539169399556306
8250, 12.305720995974566
8500, 11.77219671024127
8750, 11.6308608055003
9000, 11.138291541414171
9250, 10.799572641117297
9500, 10.752459468204687
9750, 10.685720162189135
10000, 10.544411571283407
11000, 9.937496976293685
12000, 9.670733008571633
13000, 8.57007315290563
14000, 8.564685992717196
15000, 7.892547604690623
16000, 8.047933322861887
17000, 8.4234106010479
18000, 8.942551692287317
19000, 8.035498165591898
20000, 8.314028922434472
21000, 8.317728979993
22000, 8.317728979993
23000, 8.317728979993
24000, 7.801380548437466
25000, 7.889623175168371
26000, 7.483314773547883
27000, 7.5783091274221075
28000, 8.13822887554591
29000, 8.058440391196148
30000, 8.263916002253875
31000, 7.784600182411426
32000, 7.629900694988409
33000, 7.19508379167545
34000, 7.347422363292815
35000, 7.5099933422074345
36000, 7.400623674341965
