1, 63.26883478099984
2, 63.07124398790481
3, 62.44925212449778
4, 61.66552005486018
5, 61.017136192146125
6, 60.23152300611669
7, 59.49637116512386
8, 58.793320585373856
9, 58.387109411706156
10, 57.48280375271136
15, 56.33697316553797
20, 54.323776813405814
25, 52.75724853256918
30, 51.482212285586385
35, 50.29440597847113
40, 48.79493267282428
45, 48.03029347098653
50, 47.269248123720125
55, 45.3952340309781
60, 44.4076160544153
65, 44.08215470727768
70, 43.29854081102083
75, 43.19364431361296
80, 42.25636046798162
85, 40.938756920329396
90, 39.781219872515905
95, 39.122883329325305
100, 37.841775856849004
150, 33.27871282475822
200, 30.32700566701686
250, 28.262085106117958
300, 24.979264127744763
350, 22.425634682414028
400, 21.94662947822616
450, 19.801285541371023
500, 18.710716423774613
550, 18.2293469688053
600, 17.169211344200356
650, 16.815036560931247
700, 16.285520618579614
750, 16.36792872996125
800, 15.32496477824812
850, 14.772825174500769
900, 14.363463750401255
950, 13.479277024043578
1000, 13.333484847623977
1250, 12.589317260713907
1500, 12.767857369902822
1750, 11.662683302661605
2000, 10.99421335397523
2250, 10.320324166860793
2500, 9.804451679072763
2750, 9.990904954916838
3000, 9.557481600581534
3250, 8.960519465461202
3500, 8.403462489842019
3750, 8.214178429564777
4000, 7.934962908775085
4250, 7.4650701756428735
4500, 7.281358514603014
4750, 7.367002597578426
5000, 7.183313998427188
5250, 7.086478802492943
5500, 6.882124407741869
5750, 6.042275308945373
6000, 6.115553940568262
6250, 6.07378869330413
6500, 6.190902416229215
6750, 6.434283176858165
7000, 6.350375794177281
7250, 6.410219114110617
7500, 6.373239507360587
7750, 6.405963131049353
8000, 6.058802762022453
8250, 6.2216630340360695
8500, 6.0
8750, 5.911468053322673
9000, 5.917616227686771
9250, 5.760366149978505
9500, 5.7064556743776045
9750, 5.6019477132349405
10000, 5.276017782036337
11000, 5.4238530417206015
12000, 5.2414432432992415
13000, 5.356389557426634
14000, 4.959838707054898
15000, 4.66709954702256
16000, 4.55072421808781
17000, 4.5447272145361435
18000, 4.404543109109048
19000, 4.394211067881344
20000, 4.394211067881344
21000, 4.040702009214826
22000, 3.910359202286804
23000, 3.9450774851245147
24000, 3.875329897980534
25000, 3.6506537397119336
26000, 3.6531431049788545
27000, 3.884701930767545
28000, 3.7562069843248667
29000, 3.5470858717852014
30000, 3.58024884863913
31000, 3.513609902287752
32000, 3.3138826445452443
33000, 3.5161962919661303
34000, 3.3709993123162105
35000, 3.2305361221264244
36000, 3.4351128074635335
37000, 3.1130225008677805
38000, 3.006054496572482
39000, 2.9787123514578027
40000, 3.1246818019818217
41000, 2.9541957835039856
42000, 2.9603439603593977
43000, 2.821991559809555
44000, 2.9449494516421284
45000, 2.996968164965751
46000, 2.9232609437842774
47000, 3.0689056385268376
48000, 2.901410315377992
49000, 2.8316394223456167
50000, 2.8540242720507027
51000, 2.8155412849526336
52000, 2.8316394223456167
53000, 2.847646556209339
54000, 2.8155412849526336
55000, 2.736952518935813
56000, 2.8155412849526336
57000, 2.6934263410283665
58000, 2.7895910420379155
59000, 2.656039430156385
60000, 2.673098304487612
61000, 2.766684921443975
62000, 2.7136021011998723
63000, 2.73030134866931
64000, 2.7502066038093145
65000, 2.756809750418044
66000, 2.6866674186027972
67000, 2.6076809620810595
68000, 2.769968821616459
69000, 2.726969680132809
70000, 2.7601053998320095
71000, 2.8123105996832765
72000, 2.92947404525423
73000, 2.8058380695840723
74000, 2.743587565082027
75000, 2.7895910420379155
76000, 2.776524970010338
77000, 2.7169501618208205
78000, 2.706893556694228
79000, 2.8348480799442566
80000, 2.7169501618208205
81000, 2.597201290900369
82000, 2.6319712626228897
83000, 2.5831622621754278
84000, 2.7001683449201996
85000, 2.895136988437366
86000, 2.847646556209339
87000, 2.850837197609279
88000, 2.696799449852968
89000, 2.7993505740374207
90000, 2.554852779960663
91000, 2.47900273203854
92000, 2.5584085962673253
93000, 2.6628760937957834
94000, 2.6696952498876585
95000, 2.56195947736032
96000, 2.554852779960663
97000, 2.565505443731933
98000, 2.6285149626910838
99000, 2.6076809620810595
100000, 2.736952518935813
