1, 63.33030295780427
2, 62.67898009264785
3, 62.1280203216786
4, 61.50639286802929
5, 61.32832654135963
6, 61.218684016624145
7, 60.50589753374159
8, 59.9366332054112
9, 59.195976521750495
10, 59.21946854325404
15, 56.749529433371436
20, 54.68438367744322
25, 52.12938448967844
30, 50.51732376126036
35, 48.174116022460176
40, 45.48406314303946
45, 44.91709534849125
50, 43.66983564721243
55, 43.03613703516024
60, 42.08843503429848
65, 41.572062297128866
70, 39.959524976701566
75, 38.069792367559494
80, 35.51516961422644
85, 35.293573970857125
90, 33.9446072835784
95, 33.857186695132995
100, 34.3376284456677
150, 31.170207220707056
200, 28.781622924738247
250, 25.337360126536826
300, 23.026072179162473
350, 22.514641700659837
400, 21.079503185451372
450, 19.87323462714247
500, 19.700484534881138
550, 18.507983535368044
600, 17.3310021742436
650, 16.546353621925835
700, 15.828053346109014
750, 15.237513517034799
800, 15.3646583845111
850, 15.174140682573938
900, 15.32140511002351
950, 14.984840824828755
1000, 14.821973859473275
1250, 13.068351777550916
1500, 12.757172670519692
1750, 11.543593264427912
2000, 10.942826625029502
2250, 10.410658873568867
2500, 10.45335961654086
2750, 9.90408547473764
3000, 9.62005480989867
3250, 9.138330860123796
3500, 8.311000377374993
3750, 7.796269504180713
4000, 8.112840551753855
4250, 8.163109924309708
4500, 8.030623206881835
4750, 7.852040846464406
5000, 8.17312669668102
5250, 7.627700713964739
5500, 7.513623989430497
5750, 7.0620625367329675
6000, 6.976584212401315
6250, 7.106974807123697
6500, 6.962235795542067
6750, 6.89532120683689
7000, 6.814423206432342
7250, 6.503146091770436
7500, 6.564366617649345
7750, 6.357529537342459
8000, 6.310164959664828
8250, 6.446986611094858
8500, 6.149648918286459
8750, 5.993936329931502
9000, 5.6761062197761785
9250, 5.7255408636929825
9500, 5.816903268609822
9750, 5.830951894845301
10000, 5.619770296179212
11000, 5.422176684690384
12000, 5.175115281983405
13000, 4.945153734166962
14000, 5.05425113597005
15000, 4.639749209523369
16000, 4.4066066103274775
17000, 4.624047813530715
18000, 4.776838056516237
19000, 4.740540820700447
20000, 4.538722287164087
21000, 4.427188724235731
22000, 4.257613501396379
23000, 4.184386563056873
24000, 3.875329897980534
25000, 3.947381180202665
26000, 3.908033683673578
27000, 3.7995215009739893
28000, 3.9954519598709184
29000, 4.153859103838918
30000, 3.9404660545768855
31000, 4.083225106790865
32000, 4.022663070879561
33000, 4.029437136420376
34000, 4.036199832876104
35000, 3.635681754249376
36000, 3.9634695544548983
37000, 4.19306787231237
38000, 3.894051407420858
39000, 3.9312269655344823
40000, 4.08989886516436
41000, 4.09878030638384
42000, 3.8565175058240397
43000, 3.870635371850232
44000, 3.9312269655344823
45000, 3.875329897980534
46000, 3.6456699097572027
47000, 3.6131074512869743
48000, 3.6156226673599767
49000, 3.4902461491731755
50000, 3.4165373220158552
51000, 3.22490309931942
52000, 3.1766191290283907
53000, 3.3925051081893614
54000, 3.387141460395074
55000, 3.4351128074635335
56000, 3.006054496572482
57000, 2.6832815729997477
58000, 3.0
59000, 3.1333978072025612
60000, 3.0361458822299396
61000, 2.8793938756115134
62000, 2.8762349126466136
63000, 3.0090771765685
64000, 3.0211376544726867
65000, 2.9449494516421284
66000, 3.199431767730582
67000, 3.4876405152533088
68000, 3.368301433282738
69000, 3.3166247903554
70000, 3.2501748204729486
71000, 3.241772803435014
72000, 3.1565228279922772
73000, 3.207944683268259
74000, 3.50843140293364
75000, 3.513609902287752
76000, 3.300137738172316
77000, 3.238967287718277
78000, 3.511021607349167
79000, 3.368301433282738
80000, 3.185193015415949
81000, 3.272474737731509
82000, 2.926369143432927
83000, 2.9787123514578027
84000, 2.847646556209339
85000, 2.9480347845486987
86000, 2.9449494516421284
87000, 2.8793938756115134
88000, 2.8572077914699108
89000, 2.73030134866931
90000, 2.6423130363032654
91000, 2.656039430156385
92000, 2.572582713574399
93000, 2.8155412849526336
94000, 2.8572077914699108
95000, 2.7993505740374207
96000, 2.7001683449201996
97000, 2.6250541119963775
98000, 2.769968821616459
99000, 2.590191288127367
100000, 2.5334130768948473
