14.677485187475796
10.07401182676069
9.082164625556745
8.459989868281674
7.854025355555856
7.201190377787748
7.307530362578044
6.1248906695781695
5.639148871948674
5.593363414414826
5.138093031466052
4.529269887552045
4.11269810638779
3.9496835316262997
4.167904578013822
4.0918036539962594
3.9169959334746753
3.7416573867739413
3.794733192202055
3.80225497003329
3.6916895086899477
3.6449573777637356
3.676178139628943
3.5576878526850635
3.492849839314596
3.303677604471374
3.056608765095256
3.0189875313233268
2.8585710716070314
2.951996902824546
2.951996902824546
3.0237157840738176
2.9471535904520287
3.0472470011002204
2.951996902824546
2.8385106758902383
2.6939084723024385
2.6619005025947695
2.7723120830300267
2.756809750418044
2.9423023055326687
2.937443008565686
2.7979584393931636
2.767154288640743
2.9952343099378003
2.932575659723036
2.9760952365713798
2.65114530506561
2.5185029566901727
2.4842360136324753
2.53546276418555
2.32992949004287
2.5467065566559266
2.6076809620810595
2.9081167199998794
2.7774602993176543
2.7516228977511745
2.7619868624907378
2.7202941017470885
2.5801439605461662
2.613153540948451
2.3603873774083293
2.23606797749979
2.3724610489050035
2.437797600880176
2.449489742783178
2.3543273227945902
2.117950491799628
2.014235055087379
2.1111946516469904
2.2168188275738085
2.1111946516469904
2.0354009783964297
2.0770858707058104
2.1908902300206643
2.02837021134844
1.985662897587892
1.9712215212183246
1.985662897587892
1.9198214202665531
1.9346465162548798
1.9712215212183246
1.985662897587892
2.0354009783964297
2.0632844828435215
2.1580414400893364
2.0976176963403033
2.0701966780270626
2.1111946516469904
2.1111946516469904
2.1447610589527217
2.280350850198276
2.164651077128664
2.1447610589527217
2.2038926600773587
2.248809208701987
2.2551528297909846
2.2296700588716196
2.177810171446801
2.29906813420444
2.242447642325552
2.2614786566062732
2.0770858707058104
2.0701966780270626
2.2866069685390684
2.274077520980446
2.2296700588716196
2.1246848505803664
2.1908902300206643
2.1908902300206643
2.0354009783964297
2.083952289006911
2.1246848505803664
2.1580414400893364
2.1246848505803664
2.1514114968019085
2.1246848505803664
2.1580414400893364
2.104417123236605
2.0976176963403033
2.0701966780270626
2.0354009783964297
2.1111946516469904
1.9198214202665531
2.014235055087379
1.9346465162548798
1.8746428231227714
1.9048809486609468
1.9198214202665531
1.9048809486609468
1.9712215212183246
1.9639610121239315
1.8973665961010275
1.9346465162548798
1.889822365046136
1.9048809486609468
1.804755622554715
1.8361450300639575
1.8439088914585775
1.8593393604027366
1.8283482006601322
1.820517979665599
1.8126539343499315
1.8516401995451028
1.8746428231227714
1.8593393604027366
1.8361450300639575
1.9346465162548798
1.8439088914585775
1.867006771737662
1.9048809486609468
1.9048809486609468
1.942016624910449
1.9493588689617927
1.867006771737662
1.7888543819998317
1.780850519113991
1.9639610121239315
1.7968225924034427
1.8516401995451028
1.8361450300639575
1.7968225924034427
1.8746428231227714
1.9493588689617927
1.8746428231227714
1.8439088914585775
1.8593393604027366
1.9048809486609468
1.9198214202665531
1.9493588689617927
1.942016624910449
1.9784553859730358
1.9784553859730358
1.8973665961010275
1.7484687178050562
1.7484687178050562
1.740279123753264
1.5491933384829668
1.6388149028228556
1.5946338585572373
1.5856499343441837
1.6035674514745464
1.5675276256394517
1.6212869667555552
1.6903085094570331
1.647508942095828
1.647508942095828
1.647508942095828
1.6647608150808246
1.7154757774032086
1.7320508075688772
1.7154757774032086
1.7154757774032086
1.6035674514745464
1.6300744943538186
1.5306394555404428
1.4928400545843579
1.4442002235542986
1.3938641048743392
1.5118578920369088
1.5023790657297036
1.52127765851133
1.4928400545843579
1.4928400545843579
1.4638501094227998
1.4928400545843579
1.5491933384829668
1.6300744943538186
1.6647608150808246
1.7071279138616748
1.6733200530681511
1.7320508075688772
1.7154757774032086
1.8361450300639575
1.780850519113991
1.7566201313073597
1.7484687178050562
1.7968225924034427
1.8593393604027366
1.7968225924034427
1.820517979665599
1.7728105208558367
1.7728105208558367
1.7728105208558367
1.7237832147426693
1.7320508075688772
1.7320508075688772
1.7566201313073597
1.7320508075688772
1.740279123753264
1.7968225924034427
1.740279123753264
1.7888543819998317
1.8593393604027366
1.8283482006601322
1.7968225924034427
1.7968225924034427
1.804755622554715
1.7968225924034427
1.780850519113991
1.7968225924034427
1.780850519113991
1.8283482006601322
1.7968225924034427
1.7888543819998317
1.820517979665599
1.8822478962286404
1.867006771737662
1.8516401995451028
1.889822365046136
1.8822478962286404
1.8822478962286404
1.867006771737662
1.8439088914585775
1.7566201313073597
1.6987390281365427
1.6733200530681511
1.7237832147426693
1.7968225924034427
1.7968225924034427
1.804755622554715
1.8361450300639575
1.8126539343499315
1.7888543819998317
1.820517979665599
1.7888543819998317
1.740279123753264
1.6212869667555552
1.5946338585572373
1.5946338585572373
1.5946338585572373
1.6212869667555552
1.61245154965971
1.6035674514745464
1.61245154965971
1.6388149028228556
1.6733200530681511
1.6987390281365427
1.740279123753264
1.7154757774032086
1.780850519113991
1.7728105208558367
1.8126539343499315
1.804755622554715
1.7888543819998317
1.7888543819998317
1.6212869667555552
1.6647608150808246
1.6647608150808246
1.6647608150808246
1.65615734242165
1.65615734242165
1.6733200530681511
1.6818357317441643
1.6818357317441643
1.6987390281365427
1.7154757774032086
1.6903085094570331
1.6903085094570331
1.6733200530681511
1.6987390281365427
1.6987390281365427
1.6987390281365427
1.780850519113991
1.820517979665599
1.820517979665599
1.804755622554715
1.8126539343499315
1.7888543819998317
1.7968225924034427
1.7968225924034427
1.7888543819998317
1.7728105208558367
1.7968225924034427
1.8126539343499315
1.7888543819998317
1.7888543819998317
1.7484687178050562
1.7484687178050562
1.6300744943538186
1.6300744943538186
1.61245154965971
1.6035674514745464
1.558387444947959
1.5118578920369088
1.5306394555404428
1.5491933384829668
1.5491933384829668
1.558387444947959
1.558387444947959
1.5399443403670703
1.5399443403670703
1.558387444947959
1.5491933384829668
1.5306394555404428
1.5491933384829668
1.558387444947959
1.5491933384829668
1.4142135623730951
1.5399443403670703
1.5023790657297036
1.5399443403670703
1.5399443403670703
1.5023790657297036
1.5946338585572373
1.558387444947959
1.5118578920369088
1.4040757000349275
1.424279266355945
1.3732131246511903
1.3835771443203715
1.4342743312012722
1.4442002235542986
1.4638501094227998
1.4735767952260144
1.4832396974191326
1.52127765851133
1.4342743312012722
1.4142135623730951
1.4638501094227998
1.4638501094227998
1.4735767952260144
1.4832396974191326
1.4832396974191326
1.4735767952260144
1.4040757000349275
1.3627702877384937
1.3627702877384937
1.3201731488169053
1.2761549390929883
1.1464230084422218
1.1084094137869043
1.0954451150103321
1.0954451150103321
1.1464230084422218
1.1084094137869043
1.1338934190276817
1.1338934190276817
1.1952286093343936
1.1710800875382399
1.1952286093343936
1.1832159566199232
1.1832159566199232
1.1952286093343936
1.2071217242444348
1.3309502512973848
1.424279266355945
1.3309502512973848
1.2649110640673518
1.218898800440088
1.3522468075656264
1.2873006086935783
1.3201731488169053
1.3627702877384937
1.3938641048743392
1.3732131246511903
1.3938641048743392
1.3732131246511903
1.3835771443203715
1.4442002235542986
