1, 17.107503227141788
2, 17.11724276862369
3, 16.439789130845526
4, 16.520694093570444
5, 16.29723902997069
6, 16.13484841370793
7, 15.658863304850707
8, 15.658863304850707
9, 15.631165450257807
10, 14.953260514014994
15, 13.473430644543852
20, 12.84523257866513
25, 12.439185396694324
30, 11.346071273058941
35, 10.516653460107925
40, 9.919677414109795
45, 9.85900603509299
50, 9.462205521617744
55, 9.953223933312596
60, 8.985172971809353
65, 7.970779970199486
70, 7.384668803225594
75, 7.598245411496876
80, 7.5806771905065755
85, 7.211102550927978
90, 7.183313998427188
95, 7.252585745787498
100, 7.178672114906303
150, 5.3416601664027015
200, 4.851116709927038
250, 4.494441010848846
300, 4.281744192888376
350, 3.5308167138307627
400, 3.63318042491699
450, 3.7682887362833544
500, 3.296462750686964
550, 2.840187787218772
600, 2.6457513110645907
650, 2.695675549220764
700, 3.0659419433511785
750, 2.9211869733608857
800, 2.6832815729997477
850, 2.74469184669852
900, 2.943920288775949
950, 2.7325202042558927
1000, 2.4899799195977463
1250, 2.9211869733608857
1500, 2.943920288775949
1750, 2.3804761428476167
2000, 1.8073922282301278
2250, 1.8073922282301278
2500, 1.7701224063135672
2750, 1.7888543819998317
3000, 1.8439088914585775
3250, 1.9148542155126762
3500, 1.7126976771553504
3750, 1.570562531918633
4000, 1.570562531918633
4250, 1.4142135623730951
4500, 1.9148542155126762
4750, 1.879716290649558
5000, 1.6931233465600393
5250, 1.7511900715418263
5500, 1.570562531918633
5750, 1.8618986725025255
6000, 1.7888543819998317
6250, 1.6532795690182993
6500, 1.591644851508443
6750, 1.4605934866804429
7000, 1.2909944487358056
7250, 1.4832396974191326
7500, 1.6733200530681511
7750, 1.632993161855452
8000, 1.9493588689617927
8250, 1.632993161855452
8500, 1.6532795690182993
8750, 1.390443574307614
9000, 1.4605934866804429
9250, 1.3416407864998738
9500, 1.3416407864998738
9750, 1.390443574307614
10000, 1.6733200530681511
11000, 1.5491933384829668
12000, 1.2382783747337807
13000, 0.9309493362512627
14000, 1.0645812948447542
15000, 1.4832396974191326
16000, 1.4142135623730951
17000, 1.2110601416389966
18000, 1.0
19000, 1.0327955589886444
20000, 0.8563488385776752
21000, 0.9660917830792959
22000, 0.8563488385776752
23000, 1.0954451150103321
24000, 1.0954451150103321
25000, 0.8563488385776752
26000, 1.1254628677422756
27000, 1.0954451150103321
28000, 0.9309493362512627
29000, 0.9660917830792959
30000, 1.0
31000, 0.9660917830792959
32000, 1.1254628677422756
33000, 1.1254628677422756
34000, 1.0327955589886444
35000, 1.0327955589886444
36000, 1.0
37000, 1.0954451150103321
38000, 1.0
39000, 0.7745966692414834
40000, 0.8944271909999159
41000, 0.6831300510639732
42000, 0.6831300510639732
43000, 0.7745966692414834
44000, 0.7745966692414834
45000, 0.5163977794943222
46000, 0.7745966692414834
47000, 0.816496580927726
48000, 0.6324555320336759
49000, 0.9309493362512627
50000, 0.7302967433402214
51000, 0.5163977794943222
52000, 0.7302967433402214
53000, 0.6831300510639732
54000, 0.6831300510639732
55000, 0.7745966692414834
56000, 0.816496580927726
57000, 0.816496580927726
58000, 0.7745966692414834
59000, 0.7745966692414834
60000, 0.7745966692414834
61000, 0.816496580927726
62000, 0.6831300510639732
63000, 0.7302967433402214
64000, 0.6324555320336759
65000, 0.5773502691896257
66000, 0.5773502691896257
67000, 0.5773502691896257
68000, 0.5773502691896257
69000, 0.6831300510639732
70000, 0.6324555320336759
71000, 0.5773502691896257
72000, 0.6324555320336759
73000, 0.6324555320336759
74000, 0.4472135954999579
75000, 0.5163977794943222
76000, 0.6324555320336759
77000, 0.7745966692414834
78000, 0.7745966692414834
79000, 0.816496580927726
80000, 0.816496580927726
81000, 0.8563488385776752
82000, 0.8563488385776752
83000, 0.816496580927726
84000, 0.7745966692414834
85000, 0.7745966692414834
86000, 0.7745966692414834
87000, 0.7745966692414834
88000, 0.7745966692414834
89000, 0.816496580927726
90000, 0.816496580927726
91000, 0.816496580927726
92000, 0.8563488385776752
93000, 0.816496580927726
94000, 0.816496580927726
95000, 0.8563488385776752
96000, 0.9660917830792959
97000, 0.7745966692414834
98000, 0.7745966692414834
99000, 0.7745966692414834
100000, 0.7745966692414834
