1, 17.07825127659933
2, 16.6332999331662
3, 16.219330031375115
4, 15.6695032892984
5, 15.139352694220449
6, 14.27818849387648
7, 14.186848369763691
8, 13.718600511714014
9, 13.754999091239519
10, 13.754999091239519
15, 10.8842393701474
20, 10.623872489194637
25, 9.183318209303941
30, 7.857056276579247
35, 7.14142842854285
40, 6.521758454077652
45, 6.027713773341708
50, 5.89915248150105
55, 5.138093031466052
60, 4.509249752822894
65, 4.568004670166906
70, 4.711687595755898
75, 4.711687595755898
80, 4.795831523312719
85, 4.58257569495584
90, 4.604345773288535
95, 4.604345773288535
100, 4.381780460041329
150, 3.687817782917155
200, 3.3763886032268267
250, 2.6832815729997477
300, 2.6076809620810595
350, 2.3804761428476167
400, 2.8635642126552705
450, 2.898275349237888
500, 2.756809750418044
550, 2.943920288775949
600, 2.569046515733026
650, 2.54296414970142
700, 2.3804761428476167
750, 2.503331114069145
800, 2.6204325342711394
850, 2.463060426921489
900, 2.569046515733026
950, 2.250925735484551
1000, 2.1756225162774294
1250, 2.4899799195977463
1500, 2.6708300832013507
1750, 2.3523038352503134
2000, 2.0330600909302543
2250, 2.0976176963403033
2500, 1.6532795690182993
2750, 1.5275252316519468
3000, 1.505545305418162
3250, 1.5275252316519468
3500, 1.5491933384829668
3750, 1.570562531918633
4000, 1.3662601021279464
4250, 1.3662601021279464
4500, 1.3416407864998738
4750, 1.3165611772087666
5000, 1.1832159566199232
5250, 1.1547005383792515
5500, 1.4375905768565218
5750, 1.4142135623730951
6000, 1.505545305418162
6250, 1.5491933384829668
6500, 1.5491933384829668
6750, 1.4832396974191326
7000, 1.6532795690182993
7250, 1.4605934866804429
7500, 1.61245154965971
7750, 1.61245154965971
8000, 1.61245154965971
8250, 1.61245154965971
8500, 1.5275252316519468
8750, 1.505545305418162
9000, 1.5491933384829668
9250, 1.61245154965971
9500, 1.61245154965971
9750, 1.5275252316519468
10000, 1.3662601021279464
11000, 1.505545305418162
12000, 1.390443574307614
13000, 1.2909944487358056
14000, 1.1547005383792515
15000, 1.0645812948447542
16000, 1.0954451150103321
17000, 1.2909944487358056
18000, 1.1254628677422756
19000, 1.1254628677422756
20000, 0.9660917830792959
21000, 0.8944271909999159
22000, 1.1254628677422756
23000, 1.1547005383792515
24000, 0.9660917830792959
25000, 0.9660917830792959
26000, 1.0645812948447542
27000, 0.9660917830792959
28000, 0.9660917830792959
29000, 1.0
30000, 1.0
31000, 1.0
32000, 0.9660917830792959
33000, 1.0645812948447542
34000, 1.1547005383792515
35000, 1.1547005383792515
36000, 0.9660917830792959
37000, 0.8563488385776752
38000, 0.8563488385776752
39000, 0.9660917830792959
40000, 0.9660917830792959
41000, 0.9660917830792959
42000, 0.9660917830792959
43000, 0.9660917830792959
44000, 0.6831300510639732
45000, 0.6831300510639732
46000, 0.6831300510639732
47000, 0.6831300510639732
48000, 0.6831300510639732
49000, 0.6831300510639732
50000, 0.6831300510639732
51000, 0.6831300510639732
52000, 0.6831300510639732
53000, 0.6831300510639732
54000, 0.6831300510639732
55000, 0.6831300510639732
56000, 0.6831300510639732
57000, 0.6831300510639732
58000, 0.6831300510639732
59000, 0.6831300510639732
60000, 0.6831300510639732
61000, 0.6831300510639732
62000, 0.6831300510639732
63000, 0.6831300510639732
64000, 0.6831300510639732
65000, 0.6831300510639732
66000, 0.6831300510639732
67000, 0.6831300510639732
68000, 0.6831300510639732
69000, 0.6831300510639732
70000, 0.8563488385776752
71000, 0.8563488385776752
72000, 0.8563488385776752
73000, 0.7302967433402214
74000, 0.6324555320336759
75000, 0.6324555320336759
76000, 0.6324555320336759
77000, 0.6324555320336759
78000, 0.6324555320336759
79000, 0.7302967433402214
80000, 0.7302967433402214
81000, 0.6324555320336759
82000, 0.6324555320336759
83000, 0.7745966692414834
84000, 0.7745966692414834
85000, 0.7745966692414834
86000, 0.7745966692414834
87000, 0.7745966692414834
88000, 0.7745966692414834
89000, 0.7745966692414834
90000, 0.7745966692414834
91000, 0.7302967433402214
92000, 0.7302967433402214
93000, 0.7302967433402214
94000, 0.6324555320336759
95000, 0.6324555320336759
96000, 0.7302967433402214
97000, 0.6324555320336759
98000, 0.7302967433402214
99000, 0.6324555320336759
100000, 0.6324555320336759
