17.07127913861675
13.093073414159543
11.280830769812251
10.57490290397843
9.152673301906312
8.037412518964047
8.628855246041786
7.810249675906654
6.548718522406829
6.159777361468281
6.045068828628599
5.661902759421329
5.661902759421329
5.451081150953975
5.669467095138408
5.490251100164468
5.634079973061897
5.315744807375807
5.353236671131107
5.053994177168899
5.242681974496859
4.857983120596447
4.488079449258573
4.239272174728649
4.551294949163998
4.459340117743239
4.246006527146588
4.269493111432718
3.906039280030714
3.7454734585325027
3.5173041624841845
3.6839419880650364
3.553670135025398
3.9424430424366492
3.783422486887463
3.9388178066884123
4.11269810638779
4.167904578013822
4.024922359499621
4.105745103771404
3.7530939617486645
3.858200913082973
3.476451392686842
3.5091716564291513
3.525417908358019
3.418437404094784
3.541589635016618
3.8507884164897233
3.865599195837192
3.828464817278965
3.794733192202055
3.884033249820898
3.7301857479602427
3.734013543475324
3.6488745818794204
3.5936451848068853
3.5777087639996634
3.6839419880650364
3.7263540204487127
3.6174181795466067
3.737837419073838
3.734013543475324
3.6015869518072963
3.476451392686842
3.260148988707637
3.056608765095256
3.367915845572324
3.3423687066852112
3.028436654683167
2.8635642126552705
2.84855853271189
3.04255531702266
3.22490309931942
2.9856801091687157
2.715037489875337
2.7723120830300267
2.8635642126552705
2.585674822114004
2.704493615131253
2.6886002731107927
2.5801439605461662
2.501428163498376
2.4784787961282104
2.7202941017470885
2.5801439605461662
2.4899799195977463
2.2232537288526344
2.5128242505765725
2.4260491103261463
2.104417123236605
1.9784553859730358
1.9346465162548798
1.9566735620873066
2.090796157311509
2.117950491799628
2.1313979316066587
2.4842360136324753
2.32379000772445
2.4784787961282104
2.6021968740717085
2.495710605933995
2.3421601750764798
2.18435999126256
2.4727081741050063
2.3603873774083293
2.197401062294143
2.1447610589527217
2.1447610589527217
2.3421601750764798
2.4083189157584592
2.4142434484888695
2.501428163498376
2.4023797725231892
2.3421601750764798
2.3421601750764798
2.390457218668787
2.3964259101539405
2.501428163498376
2.4319304501333328
2.5410908793553326
2.437797600880176
2.5298221281347035
2.4727081741050063
2.596701204000403
2.6886002731107927
2.591193878173865
2.591193878173865
2.8685486624025445
2.7774602993176543
2.8233718443429607
2.7360033416855116
2.7516228977511745
2.524168887263404
2.6295029405356662
2.7360033416855116
2.524168887263404
2.5298221281347035
2.53546276418555
2.5746012173871566
2.5467065566559266
2.5634797778466227
2.3724610489050035
2.2866069685390684
2.3482516292522218
2.3421601750764798
2.5801439605461662
2.524168887263404
2.5746012173871566
2.7255405754769875
2.5579009251449016
2.449489742783178
2.280350850198276
2.280350850198276
2.3176342617912282
2.461126339126632
2.3482516292522218
2.2551528297909846
2.3543273227945902
2.3603873774083293
2.3664319132398464
2.3482516292522218
2.437797600880176
2.4899799195977463
2.6021968740717085
2.5185029566901727
2.3664319132398464
2.3603873774083293
2.336052836975837
2.32379000772445
2.5410908793553326
2.3964259101539405
2.280350850198276
2.2296700588716196
2.3603873774083293
2.1908902300206643
2.2677868380553634
2.3844735867092943
2.2551528297909846
2.305273457593635
2.248809208701987
2.3482516292522218
2.311462122306386
2.242447642325552
2.336052836975837
2.2232537288526344
2.2677868380553634
2.4142434484888695
2.461126339126632
2.3603873774083293
2.32992949004287
2.437797600880176
2.3603873774083293
2.3482516292522218
2.4319304501333328
2.524168887263404
2.4553149347021512
2.3844735867092943
2.3844735867092943
2.3664319132398464
2.4319304501333328
2.4553149347021512
2.3543273227945902
2.29906813420444
2.336052836975837
2.248809208701987
2.3421601750764798
2.3724610489050035
2.3844735867092943
2.210365192839022
2.197401062294143
2.0
1.9493588689617927
2.210365192839022
2.1908902300206643
2.2296700588716196
2.117950491799628
2.056349053193895
2.014235055087379
2.090796157311509
2.1447610589527217
1.8973665961010275
1.8516401995451028
1.8973665961010275
1.7728105208558367
1.7888543819998317
1.9123657749350298
1.927248223318863
1.8126539343499315
1.804755622554715
1.8973665961010275
1.8439088914585775
1.8439088914585775
1.7888543819998317
1.7320508075688772
2.02837021134844
2.007130147392398
1.985662897587892
1.9123657749350298
2.014235055087379
1.8973665961010275
1.9048809486609468
1.820517979665599
1.8516401995451028
1.8283482006601322
1.942016624910449
1.9639610121239315
1.9566735620873066
1.9566735620873066
2.0354009783964297
1.8593393604027366
1.8516401995451028
2.014235055087379
2.04939015319192
2.210365192839022
2.083952289006911
1.889822365046136
1.9123657749350298
1.9712215212183246
1.8593393604027366
2.0
1.9639610121239315
1.8439088914585775
1.9712215212183246
1.8516401995451028
1.804755622554715
1.558387444947959
1.6733200530681511
1.6733200530681511
1.740279123753264
1.6035674514745464
1.740279123753264
1.780850519113991
1.889822365046136
1.867006771737662
1.8516401995451028
1.889822365046136
1.9346465162548798
1.9346465162548798
1.927248223318863
1.9198214202665531
1.820517979665599
1.8593393604027366
