15.108181321957414
12.44760447406878
11.389217958854143
10.79814798935447
10.23020737117009
9.929753269845127
8.969790569302209
8.008923594519874
7.81573504449289
6.598701170901524
7.297749163758841
6.748544816688791
6.398660574124646
6.463081971585118
5.689589490589683
5.079370039680118
5.045507195232493
4.411025148096852
3.9641248358604595
3.6916895086899477
4.021371478914697
3.5496478698597698
3.641035959331198
3.8097618973218936
3.909694909544003
3.872983346207417
3.8321944477954513
3.6839419880650364
3.1577568892219317
3.1350552512789034
3.198213787189879
3.2337505867247796
3.3848401523768974
3.238165265349236
3.255764119219941
3.255764119219941
3.430951554806417
3.1441555759399513
3.1075943842694236
3.1892677171144745
3.389058023361991
3.4517076519145875
3.303677604471374
3.3551665915633544
3.116774889895918
2.898275349237888
3.22490309931942
3.056608765095256
2.808151400069855
2.9081167199998794
2.7516228977511745
3.0845235797908424
3.1532296368734616
3.148695875165735
3.2425739335111103
3.102993945945017
