1, 16.621271511730583
2, 15.95827893811443
3, 15.32536024590178
4, 14.785127662620976
5, 14.762565269401295
6, 13.837148068394248
7, 13.326664999166145
8, 13.36413109783049
9, 12.436505404118419
10, 12.358532814753268
15, 11.8911731969558
20, 8.929352346801718
25, 9.051703338782891
30, 7.54983443527075
35, 7.32575365861197
40, 7.316647684105975
45, 6.826419266350405
50, 6.668333125052067
55, 6.782329983125268
60, 5.9497899122574065
65, 5.994441870043727
70, 6.0553007081949835
75, 6.03876367037713
80, 6.0
85, 5.477225575051661
90, 5.513619500836088
95, 5.609515724790034
100, 5.215361924162119
150, 5.458937625582473
200, 4.211096452627668
250, 3.63318042491699
300, 3.696845502136472
350, 4.049691346263317
400, 3.855731664245668
450, 4.250490167812021
500, 3.872983346207417
550, 3.8901585229053754
600, 3.8987177379235853
650, 3.2761766334148303
700, 3.119829055146024
750, 3.0876096471758427
800, 3.0767948691238205
850, 2.8751811537130436
900, 2.898275349237888
950, 2.9211869733608857
1000, 2.70801280154532
1250, 2.1447610589527217
1500, 1.570562531918633
1750, 1.632993161855452
2000, 1.8257418583505538
2250, 1.9148542155126762
2500, 1.9148542155126762
2750, 1.7126976771553504
3000, 2.016597794967223
3250, 1.8618986725025255
3500, 1.6931233465600393
3750, 1.7126976771553504
4000, 1.6532795690182993
4250, 1.2909944487358056
4500, 1.2909944487358056
4750, 1.4375905768565218
5000, 1.632993161855452
5250, 1.5275252316519468
5500, 1.2909944487358056
5750, 1.3165611772087666
6000, 1.0645812948447542
6250, 1.2110601416389966
6500, 1.1254628677422756
6750, 1.390443574307614
7000, 1.3165611772087666
7250, 1.4605934866804429
7500, 1.2382783747337807
7750, 0.9660917830792959
8000, 0.8944271909999159
8250, 1.0327955589886444
8500, 0.9309493362512627
8750, 1.0327955589886444
9000, 1.0
9250, 1.0327955589886444
9500, 1.0954451150103321
9750, 1.0327955589886444
10000, 1.0
11000, 0.9309493362512627
12000, 0.8944271909999159
13000, 1.0645812948447542
14000, 0.8563488385776752
15000, 1.0645812948447542
16000, 1.1832159566199232
17000, 0.9660917830792959
18000, 0.9660917830792959
19000, 0.9660917830792959
20000, 0.9660917830792959
21000, 0.9660917830792959
22000, 1.0327955589886444
23000, 1.0645812948447542
24000, 1.0645812948447542
25000, 1.0327955589886444
26000, 1.0
27000, 1.0327955589886444
28000, 0.8944271909999159
29000, 0.816496580927726
30000, 0.8944271909999159
31000, 0.8944271909999159
32000, 0.5773502691896257
33000, 0.7745966692414834
34000, 0.7302967433402214
35000, 0.7302967433402214
36000, 0.7302967433402214
37000, 0.7302967433402214
38000, 0.6324555320336759
39000, 0.7745966692414834
40000, 0.816496580927726
41000, 0.7745966692414834
42000, 0.6324555320336759
43000, 0.7302967433402214
44000, 0.6831300510639732
45000, 0.7302967433402214
46000, 0.6831300510639732
47000, 0.6831300510639732
48000, 0.7745966692414834
49000, 0.6831300510639732
50000, 0.6324555320336759
51000, 0.6324555320336759
52000, 0.6324555320336759
53000, 0.6831300510639732
54000, 0.6831300510639732
55000, 0.6831300510639732
56000, 0.6831300510639732
57000, 0.6831300510639732
58000, 0.6831300510639732
59000, 0.6831300510639732
60000, 0.6831300510639732
61000, 0.6831300510639732
62000, 0.5163977794943222
63000, 0.6831300510639732
64000, 0.6831300510639732
65000, 0.6831300510639732
66000, 0.6831300510639732
67000, 0.6831300510639732
68000, 0.5163977794943222
69000, 0.5163977794943222
70000, 0.5163977794943222
71000, 0.5163977794943222
72000, 0.5163977794943222
73000, 0.7302967433402214
74000, 0.7302967433402214
75000, 0.7302967433402214
76000, 0.7302967433402214
77000, 0.7302967433402214
78000, 0.7302967433402214
79000, 0.7302967433402214
80000, 0.6831300510639732
81000, 0.6831300510639732
82000, 0.6831300510639732
83000, 0.6831300510639732
84000, 0.6831300510639732
85000, 0.6324555320336759
86000, 0.6324555320336759
87000, 0.6324555320336759
88000, 0.5163977794943222
89000, 0.5163977794943222
90000, 0.5163977794943222
91000, 0.6831300510639732
92000, 0.5163977794943222
93000, 0.5163977794943222
94000, 0.5163977794943222
95000, 0.5163977794943222
96000, 0.5163977794943222
97000, 0.5163977794943222
98000, 0.5163977794943222
99000, 0.5163977794943222
100000, 0.5163977794943222
