1, 28.0349781523011
2, 27.288825551862796
3, 26.451464987784703
4, 25.77052579983575
5, 25.278449319529077
6, 25.268953282635195
7, 24.413111231467404
8, 23.642334910071806
9, 23.61778990506944
10, 23.6
15, 22.34994407151839
20, 21.19811312357777
25, 19.165594172892213
30, 19.120669444347392
35, 16.900887550658396
40, 16.502121075789013
45, 15.497096502248413
50, 14.00428505850977
55, 13.921206844235885
60, 13.889564428015731
65, 13.340164916521834
70, 13.124023773218335
75, 12.489995996796797
80, 11.672189169131899
85, 10.764757312638311
90, 10.73871500692704
95, 10.65269918846862
100, 10.315037566582102
150, 9.47417542586161
200, 7.939773296511683
250, 6.971370023173351
300, 5.882176467941097
350, 5.617828762075256
400, 5.272570530585627
450, 4.894895300208167
500, 4.845616575834287
550, 4.812483766206386
600, 4.669047011971501
650, 4.147288270665544
700, 4.09878030638384
750, 4.019950248448356
800, 4.029888335921977
850, 3.8574603043971822
900, 3.736308338453881
950, 3.666060555964672
1000, 3.6496575181789317
1250, 3.3105890714493698
1500, 2.95296461204668
1750, 2.3832750575625967
2000, 2.3916521486202797
2250, 2.3832750575625967
2500, 2.513961017995307
2750, 2.4576411454889016
3000, 2.4657656011875906
3250, 2.1260291625469296
3500, 2.2
3750, 2.1908902300206643
4000, 2.1447610589527217
4250, 2.04939015319192
4500, 2.0199009876724157
4750, 1.9183326093250879
5000, 1.9078784028338913
5250, 1.7435595774162693
5500, 1.7888543819998317
5750, 1.6733200530681511
6000, 1.6492422502470643
6250, 1.6370705543744901
6500, 1.7663521732655694
6750, 1.7549928774784245
7000, 1.6492422502470643
7250, 1.624807680927192
7500, 1.6733200530681511
7750, 1.6492422502470643
8000, 1.5491933384829668
8250, 1.5362291495737217
8500, 1.5231546211727816
8750, 1.5099668870541498
9000, 1.4966629547095767
9250, 1.5231546211727816
9500, 1.4142135623730951
9750, 1.42828568570857
10000, 1.4142135623730951
11000, 1.2328828005937953
12000, 1.2328828005937953
13000, 1.2
14000, 1.1661903789690602
15000, 1.1661903789690602
16000, 1.131370849898476
17000, 1.019803902718557
18000, 0.938083151964686
19000, 0.848528137423857
20000, 0.8717797887081347
21000, 0.9797958971132712
22000, 0.916515138991168
23000, 0.938083151964686
24000, 0.916515138991168
25000, 0.848528137423857
26000, 0.7483314773547883
27000, 0.8246211251235321
28000, 0.7745966692414834
29000, 0.8246211251235321
30000, 0.9797958971132712
31000, 0.848528137423857
32000, 1.0
33000, 0.9591663046625439
34000, 0.9591663046625439
35000, 0.848528137423857
36000, 0.848528137423857
37000, 0.7211102550927979
38000, 0.7211102550927979
39000, 0.6324555320336759
40000, 0.8
41000, 0.5291502622129182
42000, 0.5291502622129182
43000, 0.565685424949238
44000, 0.5291502622129182
45000, 0.6
46000, 0.4898979485566356
47000, 0.4898979485566356
48000, 0.4472135954999579
49000, 0.5291502622129182
50000, 0.5291502622129182
51000, 0.6
52000, 0.6
53000, 0.6
54000, 0.565685424949238
55000, 0.6324555320336759
56000, 0.6324555320336759
57000, 0.6324555320336759
58000, 0.6324555320336759
59000, 0.6324555320336759
60000, 0.6324555320336759
61000, 0.6
62000, 0.6
63000, 0.6928203230275509
64000, 0.6928203230275509
65000, 0.916515138991168
66000, 0.916515138991168
67000, 0.916515138991168
68000, 0.916515138991168
69000, 0.8246211251235321
70000, 0.8246211251235321
71000, 0.8
72000, 0.8
73000, 0.8
74000, 0.8
75000, 0.6
76000, 0.4
77000, 0.4
78000, 0.4
79000, 0.4
80000, 0.4898979485566356
81000, 0.4898979485566356
82000, 0.4898979485566356
83000, 0.4898979485566356
84000, 0.4898979485566356
85000, 0.4898979485566356
86000, 0.4898979485566356
87000, 0.4898979485566356
88000, 0.4898979485566356
89000, 0.4898979485566356
90000, 0.4898979485566356
91000, 0.4898979485566356
92000, 0.4898979485566356
93000, 0.4898979485566356
94000, 0.4898979485566356
95000, 0.4898979485566356
96000, 0.4898979485566356
97000, 0.4898979485566356
98000, 0.4898979485566356
99000, 0.4898979485566356
100000, 0.4898979485566356
