1, 16.451950239004088
2, 16.451950239004088
3, 15.607690412101336
4, 15.607690412101336
5, 15.607690412101336
6, 15.607690412101336
7, 15.607690412101336
8, 15.607690412101336
9, 15.607690412101336
10, 15.607690412101336
15, 15.607690412101336
20, 15.607690412101336
25, 14.953260514014994
30, 14.953260514014994
35, 14.953260514014994
40, 14.953260514014994
45, 14.092551223962253
50, 14.085453489327207
55, 14.085453489327207
60, 14.085453489327207
65, 14.085453489327207
70, 14.085453489327207
75, 14.120906486483083
80, 14.120906486483083
85, 14.120906486483083
90, 14.120906486483083
95, 14.120906486483083
100, 14.120906486483083
150, 14.120906486483083
200, 13.218673660142054
250, 13.218673660142054
300, 13.183322798141598
350, 13.183322798141598
400, 13.183322798141598
450, 12.68857754044952
500, 12.68857754044952
550, 12.68857754044952
600, 12.68857754044952
650, 12.68857754044952
700, 12.68857754044952
750, 12.68857754044952
800, 12.709576441932805
850, 12.709576441932805
900, 12.827054741184094
950, 12.827054741184094
1000, 12.827054741184094
1250, 12.069244660154448
1500, 11.843422928641308
1750, 11.843422928641308
2000, 12.055427546683417
2250, 12.022201684106507
2500, 11.474609652039003
2750, 11.171392035015153
3000, 11.735984548955972
3250, 11.55854662143991
3500, 11.351945501396079
3750, 11.3754120804479
4000, 11.416362526362473
4250, 11.641878428043016
4500, 10.911767348448492
4750, 10.65520217233504
5000, 10.705138952858109
5250, 10.253454702359265
5500, 9.886017061149214
5750, 10.13903348450926
6000, 9.92639578766298
6250, 9.939818911831342
6500, 10.01332445627658
6750, 10.01332445627658
7000, 9.966610925150702
7250, 9.804760748398369
7500, 10.132456102380443
7750, 10.132456102380443
8000, 9.929753269845127
8250, 10.256705123966467
8500, 10.424330514074594
8750, 10.305338422390601
9000, 10.145606602531627
9250, 9.966610925150702
9500, 9.780933834080807
9750, 9.715966241192895
10000, 9.811557810392122
11000, 8.839306156782518
12000, 8.555699854482976
13000, 8.854377448471462
14000, 8.79772697916911
15000, 8.536197436017202
16000, 8.091147425839345
17000, 8.286535263104035
18000, 8.338664961091393
19000, 8.528383981349183
20000, 8.590692637965812
21000, 8.453795991545258
22000, 8.258329128825032
23000, 8.099382692526634
24000, 7.933053216343208
25000, 7.737355275975549
26000, 7.8230428862431785
27000, 7.724420150837645
28000, 8.414273587185052
29000, 8.34665601703261
30000, 7.9456487043748245
31000, 8.17312669668102
32000, 8.238122763510304
33000, 7.903585684147839
34000, 8.350648677398262
35000, 8.473488065725943
36000, 8.637129152675673
37000, 8.334666560017064
38000, 8.230026326405849
39000, 7.903585684147839
40000, 8.012490249604053
41000, 7.895146188218008
42000, 7.602631123499285
43000, 7.5806771905065755
44000, 7.689820110596433
45000, 7.831560082980487
46000, 7.958224257542215
47000, 7.886697661252142
48000, 8.23407554009556
49000, 7.827302643099133
50000, 7.3484692283495345
51000, 7.741662181555931
52000, 7.478859093025709
53000, 7.362064927722384
54000, 7.160074487508259
55000, 7.58946638440411
56000, 7.545418035691153
57000, 7.4922181851126926
58000, 7.563068160475615
59000, 7.284687135812126
60000, 7.127411872482185
61000, 7.24338778933357
62000, 7.206478566771245
63000, 7.334848328356899
64000, 7.407203700902701
65000, 7.429670248402684
66000, 7.234178138070235
67000, 7.178672114906303
68000, 7.32575365861197
69000, 7.4922181851126926
70000, 7.558659493146475
71000, 7.192588778272628
72000, 7.681145747868608
73000, 8.012490249604053
74000, 8.029113691228108
75000, 7.780317045810751
76000, 7.715784686817883
77000, 7.903585684147839
78000, 7.737355275975549
79000, 7.933053216343208
80000, 8.099382692526634
81000, 8.17720408615724
82000, 8.282511696339462
83000, 8.217866714259445
84000, 8.217866714259445
85000, 8.406346808612328
86000, 8.221921916437786
87000, 8.160882305241266
88000, 8.2138095100061
89000, 8.136338242723197
90000, 8.082903768654761
91000, 8.082903768654761
92000, 8.19756061276768
93000, 8.221921916437786
94000, 8.16496580927726
95000, 8.066391179868893
96000, 8.020806277010642
97000, 8.004165582161995
98000, 8.119934318289364
99000, 8.091147425839345
100000, 8.181279443542637
