1, 57.7285024922698
2, 57.53989920046784
3, 57.506869154910525
4, 57.51904032579125
5, 56.92661943238857
6, 56.35689842423907
7, 56.25851046730619
8, 56.26366500682301
9, 55.76522213709904
10, 55.827949989230305
15, 52.414120234913796
20, 51.02646372226866
25, 50.11167528630429
30, 49.25626863659081
35, 48.80368838520302
40, 48.320802973460616
45, 48.63270504506201
50, 48.852635548146225
55, 48.61028697714096
60, 48.121720667490685
65, 47.5583851702305
70, 47.375943262377376
75, 46.10292832348071
80, 46.96786135220551
85, 46.51107395018954
90, 45.768985131855395
95, 45.168351752084114
100, 44.63406770618156
150, 43.785385689748125
200, 41.278808122328336
250, 39.59797974644666
300, 36.99216133182813
350, 36.89498610922628
400, 35.56824426366868
450, 36.14083562952025
500, 35.674360540870246
550, 35.04111870360306
600, 34.064937986146404
650, 34.4261528492511
700, 33.26649966557949
750, 32.94783756181883
800, 32.07802986469088
850, 32.92111784250346
900, 33.25657829663178
950, 32.781092111154564
1000, 32.475529248959134
1250, 30.43550558147507
1500, 29.70488175367813
1750, 29.83186216111894
2000, 29.43229518742974
2250, 28.779854064953142
2500, 28.307596153682848
2750, 27.905913351832798
3000, 27.1794039669747
3250, 25.88513086696685
3500, 26.20534296665472
3750, 26.403030129134798
4000, 24.445449474288665
4250, 24.11016383187804
4500, 23.42178473131371
4750, 23.174555011909074
5000, 22.553491969094278
5250, 21.14804955545546
5500, 21.577766334817884
5750, 21.177346387118476
6000, 21.577766334817884
6250, 21.04281350010022
6500, 20.86911593719293
6750, 19.7651207939643
7000, 19.667740083700515
7250, 19.53919138552054
7500, 19.00841918729698
7750, 18.60698793464434
8000, 18.251027368342857
8250, 18.048822676285564
8500, 18.429867064089205
8750, 18.386408023319834
9000, 17.684456451924103
9250, 17.537388631150307
9500, 18.241162243672964
9750, 17.98388167220859
10000, 17.75499929597295
11000, 17.0
12000, 15.895911424010892
13000, 15.565346125287418
14000, 14.687409574189726
15000, 14.109571219565817
16000, 14.086163423728975
17000, 13.556548233234004
18000, 12.918204209564115
19000, 12.731064370271639
20000, 13.797101144805746
21000, 12.71770419533337
22000, 12.95839496234005
23000, 12.4683599563054
24000, 12.161414391426682
25000, 11.865917579353061
26000, 11.876868274086398
27000, 11.769451983843599
28000, 11.804236527620073
29000, 11.764352935882194
30000, 11.131936040060596
31000, 11.28716084761797
32000, 11.676472069936192
33000, 11.592238782909883
34000, 10.921538353180837
35000, 11.188386836358493
36000, 10.943491216243562
37000, 10.64048871058092
38000, 10.373041983911952
39000, 10.820351195779184
40000, 10.657391800998967
41000, 10.350845376103345
42000, 10.090589675534329
43000, 10.018981984213765
44000, 10.396153134693622
45000, 10.150862032359617
46000, 10.130153009703259
47000, 9.623928511787689
48000, 9.77547952787995
49000, 9.714936952960631
50000, 9.68813707582629
51000, 9.548821916864929
52000, 9.304837451562493
53000, 8.8656641037206
54000, 9.391485505499118
55000, 9.60832971957145
56000, 9.668505572217457
57000, 9.205433178292045
58000, 9.126883367283709
59000, 9.3305948363435
60000, 8.924124606929242
61000, 8.747571091451615
62000, 8.497058314499201
63000, 8.881441324469806
64000, 8.455767262643882
65000, 8.473488065725943
66000, 8.37615663654877
67000, 8.47938677028003
68000, 8.104319835741924
69000, 8.337865434270332
70000, 9.015542135667715
71000, 8.601162712098871
72000, 8.477027781009095
73000, 8.422588675698226
74000, 8.396427811873332
75000, 8.413085046521282
76000, 8.026207074328447
77000, 8.090735442467514
78000, 7.8204859184068605
79000, 8.142481194328912
80000, 8.36540495134575
81000, 8.259539938761723
82000, 8.37973746605465
83000, 8.559205570612264
84000, 8.740709353364863
85000, 8.758995376183275
86000, 8.434453153583817
87000, 8.35224520712844
88000, 8.455767262643882
89000, 7.927168473042566
90000, 8.158431221748456
91000, 7.865112840894274
92000, 8.130190649671137
93000, 8.321057625085889
94000, 8.176796438703851
95000, 8.064738061462382
96000, 7.699350621968063
97000, 7.445804187594514
98000, 7.428324171709256
99000, 7.705841939723395
100000, 7.644605941446557
