1, 10.765686229869418
2, 10.03493896344168
3, 9.348796714016196
4, 9.332738076256078
5, 8.28854631404084
6, 8.252272414311102
7, 8.264381404557755
8, 8.252272414311102
9, 8.246211251235321
10, 8.246211251235321
15, 8.246211251235321
20, 7.60920495189872
25, 7.58946638440411
30, 7.58946638440411
35, 7.58946638440411
40, 7.58946638440411
45, 7.58946638440411
50, 7.582875444051551
55, 7.582875444051551
60, 6.752777206453653
65, 6.752777206453653
70, 6.752777206453653
75, 6.752777206453653
80, 6.752777206453653
85, 6.752777206453653
90, 6.752777206453653
95, 6.752777206453653
100, 6.752777206453653
150, 6.473020933072903
200, 5.727128425310541
250, 5.727128425310541
300, 5.727128425310541
350, 5.856620185738529
400, 5.856620185738529
450, 5.059644256269407
500, 5.138093031466052
550, 5.138093031466052
600, 4.9899899799498595
650, 4.9899899799498595
700, 4.9899899799498595
750, 4.8373546489791295
800, 4.135214625627067
850, 4.135214625627067
900, 4.135214625627067
950, 3.9749213828703582
1000, 3.9749213828703582
1250, 3.8858718455450894
1500, 3.391164991562634
1750, 3.3763886032268267
2000, 3.0983866769659336
2250, 3.0983866769659336
2500, 2.588435821108957
2750, 2.7202941017470885
3000, 2.6267851073127395
3250, 2.6267851073127395
3500, 2.6832815729997477
3750, 2.6832815729997477
4000, 2.6832815729997477
4250, 2.4289915602982237
4500, 2.4289915602982237
4750, 2.4289915602982237
5000, 2.4289915602982237
5250, 2.1447610589527217
5500, 2.1447610589527217
5750, 2.258317958127243
6000, 2.4083189157584592
6250, 2.4083189157584592
6500, 2.4083189157584592
6750, 2.4083189157584592
7000, 2.4289915602982237
7250, 2.4289915602982237
7500, 2.4289915602982237
7750, 2.4289915602982237
8000, 2.4289915602982237
8250, 2.345207879911715
8500, 2.345207879911715
8750, 2.3664319132398464
9000, 2.3664319132398464
9250, 2.345207879911715
9500, 2.345207879911715
9750, 2.345207879911715
10000, 2.345207879911715
11000, 2.073644135332772
12000, 2.0
13000, 2.0
14000, 1.816590212458495
15000, 1.9493588689617927
16000, 1.9493588689617927
17000, 2.1213203435596424
18000, 2.1213203435596424
19000, 2.073644135332772
20000, 2.23606797749979
21000, 2.3664319132398464
22000, 2.280350850198276
23000, 2.280350850198276
24000, 2.280350850198276
25000, 2.280350850198276
26000, 2.1213203435596424
27000, 2.3874672772626644
28000, 2.6076809620810595
29000, 2.6076809620810595
30000, 2.3664319132398464
31000, 2.6076809620810595
32000, 2.3021728866442674
33000, 2.32379000772445
34000, 2.1908902300206643
35000, 2.16794833886788
36000, 2.23606797749979
37000, 2.2135943621178655
38000, 2.280350850198276
39000, 2.4899799195977463
40000, 2.258317958127243
41000, 2.569046515733026
42000, 2.4289915602982237
43000, 2.4899799195977463
44000, 2.4698178070456938
45000, 2.3021728866442674
46000, 2.4289915602982237
47000, 2.5298221281347035
48000, 2.5495097567963922
49000, 2.5495097567963922
50000, 2.6076809620810595
51000, 2.16794833886788
52000, 2.16794833886788
53000, 2.1447610589527217
54000, 2.2135943621178655
55000, 2.3021728866442674
56000, 2.32379000772445
57000, 2.32379000772445
58000, 2.32379000772445
59000, 2.258317958127243
60000, 2.2135943621178655
61000, 2.1447610589527217
62000, 2.1447610589527217
63000, 2.1908902300206643
64000, 2.1447610589527217
65000, 2.1213203435596424
66000, 2.04939015319192
67000, 2.1213203435596424
68000, 2.1213203435596424
69000, 2.1447610589527217
70000, 2.0976176963403033
71000, 2.1447610589527217
72000, 2.1447610589527217
73000, 2.258317958127243
74000, 2.258317958127243
75000, 2.258317958127243
76000, 2.1213203435596424
77000, 2.0976176963403033
78000, 2.1447610589527217
79000, 2.1908902300206643
80000, 2.1213203435596424
81000, 2.1213203435596424
82000, 2.1447610589527217
83000, 2.1213203435596424
84000, 2.04939015319192
85000, 2.1213203435596424
86000, 2.1447610589527217
87000, 2.073644135332772
88000, 2.1447610589527217
89000, 2.0248456731316584
90000, 2.0
91000, 2.04939015319192
92000, 2.073644135332772
93000, 2.04939015319192
94000, 2.1213203435596424
95000, 2.04939015319192
96000, 2.04939015319192
97000, 2.04939015319192
98000, 2.1213203435596424
99000, 2.1213203435596424
100000, 2.16794833886788
