1, 13.885243966167826
2, 13.54695537750088
3, 13.535139452550904
4, 12.796874618437112
5, 11.876026271442818
6, 11.838918869558993
7, 11.838918869558993
8, 11.838918869558993
9, 11.334901852243803
10, 11.299557513460428
15, 9.359487165438072
20, 9.346657156438338
25, 7.964923100695951
30, 7.657675887630659
35, 6.916646586316233
40, 6.916646586316233
45, 7.541883053985921
50, 7.488658090739622
55, 6.881860213634101
60, 6.099180272790763
65, 6.11228271597445
70, 6.196773353931867
75, 6.099180272790763
80, 5.628498911788116
85, 5.138093031466052
90, 4.824935232725927
95, 4.749736834815167
100, 4.7833042972405595
150, 4.1182520563948
200, 3.8987177379235853
250, 2.7712812921102037
300, 2.227105745132009
350, 2.1908902300206643
400, 1.8110770276274832
450, 1.6492422502470643
500, 1.3564659966250536
550, 1.2649110640673518
600, 1.296148139681572
650, 1.2328828005937953
700, 1.019803902718557
750, 1.019803902718557
800, 1.0954451150103321
850, 1.0583005244258363
900, 0.8944271909999159
950, 0.8944271909999159
1000, 0.7483314773547883
1250, 0.4898979485566356
1500, 0.282842712474619
1750, 0.282842712474619
2000, 0.0
2250, 0.0
2500, 0.0
2750, 0.0
3000, 0.0
3250, 0.0
3500, 0.0
3750, 0.0
4000, 0.0
4250, 0.0
4500, 0.0
4750, 0.0
5000, 0.0
5250, 0.0
5500, 0.0
5750, 0.0
6000, 0.0
6250, 0.0
6500, 0.0
6750, 0.0
7000, 0.0
7250, 0.0
7500, 0.0
7750, 0.0
8000, 0.0
8250, 0.0
8500, 0.0
8750, 0.0
9000, 0.0
9250, 0.0
9500, 0.0
9750, 0.0
10000, 0.0
11000, 0.0
12000, 0.0
13000, 0.0
14000, 0.0
15000, 0.0
16000, 0.0
17000, 0.0
18000, 0.0
19000, 0.0
20000, 0.0
21000, 0.0
22000, 0.0
23000, 0.0
24000, 0.0
25000, 0.0
26000, 0.0
27000, 0.0
28000, 0.0
29000, 0.0
30000, 0.0
31000, 0.0
32000, 0.0
33000, 0.0
34000, 0.0
35000, 0.0
36000, 0.0
37000, 0.0
38000, 0.0
39000, 0.0
40000, 0.0
41000, 0.0
42000, 0.0
43000, 0.0
44000, 0.0
45000, 0.0
46000, 0.0
47000, 0.0
48000, 0.0
49000, 0.0
50000, 0.0
51000, 0.0
52000, 0.0
53000, 0.0
54000, 0.0
55000, 0.0
56000, 0.0
57000, 0.0
58000, 0.0
59000, 0.0
60000, 0.0
61000, 0.0
62000, 0.0
63000, 0.0
64000, 0.0
65000, 0.0
66000, 0.0
67000, 0.0
68000, 0.0
69000, 0.0
70000, 0.0
71000, 0.0
72000, 0.0
73000, 0.0
74000, 0.0
75000, 0.0
76000, 0.0
77000, 0.0
78000, 0.0
79000, 0.0
80000, 0.0
81000, 0.0
82000, 0.0
83000, 0.0
84000, 0.0
85000, 0.0
86000, 0.0
87000, 0.0
88000, 0.0
89000, 0.0
90000, 0.0
91000, 0.0
92000, 0.0
93000, 0.0
94000, 0.0
95000, 0.0
96000, 0.0
97000, 0.0
98000, 0.0
99000, 0.0
100000, 0.0
