1, 3.24037034920393
2, 3.1543620591175006
3, 3.0983866769659336
4, 2.949576240750525
5, 2.7386127875258306
6, 3.1859064644147983
7, 3.492849839314596
8, 3.057776970284131
9, 3.057776970284131
10, 3.420526275297414
15, 3.478505426185217
20, 3.840572873934304
25, 5.196152422706632
30, 5.191338940966964
35, 5.152669211195301
40, 5.463515351859094
45, 5.58121850495033
50, 5.2345009313209605
55, 5.522680508593631
60, 5.200961449578338
65, 4.954795656734998
70, 4.55521678957215
75, 4.934571916590131
80, 5.06951674225463
85, 4.934571916590131
90, 4.878524367060187
95, 4.904079934095692
100, 4.857983120596447
150, 4.979959839195493
200, 4.012480529547776
250, 3.7483329627982624
300, 3.5
350, 3.2939338184001206
400, 3.2326459750489227
450, 2.598076211353316
500, 2.5592967784139455
550, 2.9664793948382653
600, 2.9664793948382653
650, 2.8284271247461903
700, 2.5199206336708304
750, 2.3874672772626644
800, 2.0976176963403033
850, 1.9874606914351791
900, 2.0124611797498106
950, 1.746424919657298
1000, 1.746424919657298
1250, 1.9364916731037085
1500, 1.8841443681416772
1750, 1.9364916731037085
2000, 1.8841443681416772
2250, 1.8027756377319946
2500, 1.6733200530681511
2750, 1.5652475842498528
3000, 1.6431676725154984
3250, 1.6583123951777
3500, 1.51657508881031
3750, 1.4142135623730951
4000, 1.378404875209022
4250, 1.5491933384829668
4500, 1.5811388300841898
4750, 1.4142135623730951
5000, 1.378404875209022
5250, 1.4142135623730951
5500, 1.449137674618944
5750, 1.3038404810405297
6000, 1.3601470508735443
6250, 1.4142135623730951
6500, 1.3228756555322954
6750, 1.284523257866513
7000, 1.3416407864998738
7250, 1.161895003862225
7500, 1.140175425099138
7750, 1.3038404810405297
8000, 1.224744871391589
8250, 1.224744871391589
8500, 1.161895003862225
8750, 0.7745966692414834
9000, 0.8660254037844386
9250, 1.0
9500, 1.02469507659596
9750, 0.9219544457292888
10000, 0.9486832980505138
11000, 1.02469507659596
12000, 0.9486832980505138
13000, 0.9219544457292888
14000, 1.0723805294763609
15000, 1.0
16000, 0.9219544457292888
17000, 1.0723805294763609
18000, 1.224744871391589
19000, 1.0488088481701516
20000, 1.0488088481701516
21000, 0.8366600265340756
22000, 0.7416198487095663
23000, 0.7071067811865476
24000, 0.5916079783099616
25000, 0.6708203932499369
26000, 0.5477225575051661
27000, 0.6324555320336759
28000, 0.5916079783099616
29000, 0.7416198487095663
30000, 0.7071067811865476
31000, 0.806225774829855
32000, 0.9486832980505138
33000, 0.8944271909999159
34000, 0.6324555320336759
35000, 0.6324555320336759
36000, 0.6324555320336759
37000, 0.5916079783099616
38000, 0.7071067811865476
39000, 0.5916079783099616
40000, 0.5916079783099616
41000, 0.7071067811865476
42000, 0.806225774829855
43000, 0.5916079783099616
44000, 0.5
45000, 0.5
46000, 0.5
47000, 0.5
48000, 0.5916079783099616
49000, 0.5916079783099616
50000, 0.6324555320336759
51000, 0.5916079783099616
52000, 0.7416198487095663
53000, 0.6708203932499369
54000, 0.5916079783099616
55000, 0.7071067811865476
56000, 0.7071067811865476
57000, 0.5916079783099616
58000, 0.7071067811865476
59000, 0.5916079783099616
60000, 0.6324555320336759
61000, 0.6708203932499369
62000, 0.5
63000, 0.5
64000, 0.4472135954999579
65000, 0.3872983346207417
66000, 0.4472135954999579
67000, 0.5
68000, 0.5
69000, 0.3872983346207417
70000, 0.3872983346207417
71000, 0.4472135954999579
72000, 0.3872983346207417
73000, 0.3872983346207417
74000, 0.5477225575051661
75000, 0.5477225575051661
76000, 0.7071067811865476
77000, 0.7745966692414834
78000, 0.7416198487095663
79000, 0.7416198487095663
80000, 0.7416198487095663
81000, 0.7416198487095663
82000, 0.7416198487095663
83000, 0.7416198487095663
84000, 0.7745966692414834
85000, 0.7745966692414834
86000, 0.7745966692414834
87000, 0.6324555320336759
88000, 0.5916079783099616
89000, 0.5477225575051661
90000, 0.6324555320336759
91000, 0.6324555320336759
92000, 0.6324555320336759
93000, 0.6324555320336759
94000, 0.6324555320336759
95000, 0.6324555320336759
96000, 0.5916079783099616
97000, 0.5
98000, 0.5477225575051661
99000, 0.5916079783099616
100000, 0.5
