1, 1.6219646206897458
2, 2.229177150706235
3, 2.8010986855435576
4, 8.463496276998605
5, 8.63534775033587
6, 8.822174858319757
7, 9.041783350304637
8, 12.448663814612022
9, 14.817349498268783
10, 17.192574425740183
15, 19.996153476260226
20, 24.390414258316888
25, 25.200732590084026
30, 26.297703906790623
35, 29.15792543005444
40, 29.625612619436634
45, 31.482107250358528
50, 33.282242897793
55, 33.0375078218216
60, 33.34758669621444
65, 34.874941411585745
70, 36.039294793749356
75, 34.84868389524588
80, 35.27518194904828
85, 35.324648182689224
90, 36.307447847938434
95, 37.52824577260748
100, 38.030959048567865
150, 38.40372578079051
200, 39.5942886324239
250, 38.93090526324021
300, 40.322736476125684
350, 39.86805160101931
400, 39.607885772717225
450, 38.479565006337104
500, 39.748052685731565
550, 39.28789204753115
600, 39.15334743524001
650, 38.72784726583901
700, 38.1355880631606
750, 37.2265414001272
800, 37.057543610735166
850, 37.12328732128206
900, 36.056792809293334
950, 34.62169173309615
1000, 34.438127350142246
1250, 32.50633074435714
1500, 31.643932460085637
1750, 30.641851721511166
2000, 30.69302100578466
2250, 28.09489414329723
2500, 26.443262919809158
2750, 27.819472980685255
3000, 26.720490552843813
3250, 24.117660302391243
3500, 22.81969459783504
3750, 22.938043642687713
4000, 21.68019301645558
4250, 22.010487011003153
4500, 21.137280226760854
4750, 20.785719950152167
5000, 19.276929216034386
5250, 18.879374174764617
5500, 18.748128111689116
5750, 19.392306166661523
6000, 18.481175453792062
6250, 18.55635905932146
6500, 18.602729328287783
6750, 18.11714020563867
7000, 17.99743571478149
7250, 17.37593384319464
7500, 16.57105910918189
7750, 16.292046195330077
8000, 16.156922783938587
8250, 15.462609989659175
8500, 15.323185047502363
8750, 14.944512756810157
9000, 14.516303831315907
9250, 14.83291558040376
9500, 14.825653442597396
9750, 14.589247884868975
10000, 14.238085437413167
11000, 13.358373922231472
12000, 13.12953218453024
13000, 13.063749020152617
14000, 12.464102300360269
15000, 12.030729883862472
16000, 12.045426837281761
17000, 11.130692147944247
18000, 11.104399682454352
19000, 10.481485508339858
20000, 10.095695960312836
21000, 9.824615866438592
22000, 9.425823775466728
23000, 9.398035801329815
24000, 8.917571245752788
25000, 8.903758929627593
26000, 8.716915474215371
27000, 8.712502069307778
28000, 8.358321509821122
29000, 8.378544026261364
30000, 8.347270396777803
31000, 8.156168029355264
32000, 8.338049947264464
33000, 7.966275068156915
34000, 8.112668156370296
35000, 8.030710285666373
36000, 7.909098947025897
37000, 7.784600182411426
38000, 7.617792936984388
39000, 7.499743585360359
40000, 7.43587975241045
41000, 7.260006357276301
42000, 7.37563556583431
43000, 7.466849814603623
44000, 7.408934315561698
45000, 7.280109889280518
46000, 7.2917234430024
47000, 7.072155584783512
48000, 6.9879016328773
49000, 7.138196281543829
50000, 6.830925154145554
51000, 6.915979267664792
52000, 6.905961749988751
53000, 6.688681599423128
54000, 6.941513911576882
55000, 6.755055087175029
56000, 6.334277932256914
57000, 6.285514482338921
58000, 6.437868734771923
59000, 6.774386148744969
60000, 6.559784236601782
61000, 6.65293457517346
62000, 6.6760190809516695
63000, 6.084027006464108
64000, 6.224022938458818
65000, 6.216603079347583
66000, 6.141911504008904
67000, 6.072637242329158
68000, 6.04979338490167
69000, 6.161917783387796
70000, 5.976878526712495
71000, 5.773946790407887
72000, 5.996152612621375
73000, 6.017921951586329
74000, 5.799204189435756
75000, 5.509432471121336
76000, 5.589825922705809
77000, 5.71637324506746
78000, 5.768615351791371
79000, 5.538675209553552
80000, 5.488449409721923
81000, 5.620019162299661
82000, 5.614541559475442
83000, 5.465978693420152
84000, 5.141086386238732
85000, 5.17092463090128
86000, 5.178357327897006
87000, 5.231561026044785
88000, 5.0990195135927845
89000, 5.0337323665905735
90000, 5.193190808090029
