6.06217782649107
4.701063709417263
4.03732584763727
2.898275349237888
2.7477263328068173
2.5199206336708304
2.2693611435820435
2.04939015319192
2.258317958127243
2.3979157616563596
2.479919353527449
2.0615528128088303
2.1447610589527217
2.1563858652847827
2.224859546128699
2.3769728648009427
2.3769728648009427
2.3130067012440754
2.202271554554524
2.32379000772445
1.9874606914351791
1.9493588689617927
1.7320508075688772
1.5968719422671311
1.760681686165901
1.5
1.449137674618944
1.5811388300841898
1.6733200530681511
1.5329709716755893
1.5811388300841898
1.6881943016134133
1.5652475842498528
1.51657508881031
1.3038404810405297
1.4317821063276353
1.449137674618944
1.449137674618944
1.6881943016134133
1.7175564037317668
1.4142135623730951
1.4142135623730951
1.3228756555322954
1.449137674618944
1.5968719422671311
1.746424919657298
1.5491933384829668
1.5491933384829668
1.449137674618944
1.4832396974191326
1.3228756555322954
1.2449899597988732
1.284523257866513
1.3416407864998738
1.5
1.3038404810405297
1.02469507659596
0.9746794344808963
0.9486832980505138
1.140175425099138
1.02469507659596
1.02469507659596
1.140175425099138
1.02469507659596
1.02469507659596
1.02469507659596
0.8366600265340756
0.8366600265340756
0.8660254037844386
0.9219544457292888
0.806225774829855
1.1832159566199232
1.2449899597988732
1.2449899597988732
1.3416407864998738
1.3416407864998738
1.2449899597988732
1.284523257866513
1.3228756555322954
1.2449899597988732
1.2449899597988732
1.224744871391589
1.224744871391589
1.0723805294763609
1.161895003862225
1.140175425099138
1.140175425099138
1.224744871391589
1.224744871391589
1.0723805294763609
1.224744871391589
1.2449899597988732
1.224744871391589
1.3038404810405297
1.2649110640673518
1.2649110640673518
1.284523257866513
1.2649110640673518
1.284523257866513
1.161895003862225
1.161895003862225
1.1832159566199232
1.140175425099138
1.3416407864998738
1.3416407864998738
1.224744871391589
1.2041594578792296
1.224744871391589
1.140175425099138
1.0954451150103321
1.118033988749895
1.2041594578792296
1.2041594578792296
1.0723805294763609
1.0954451150103321
1.0723805294763609
1.0723805294763609
1.118033988749895
0.9746794344808963
0.9746794344808963
0.9746794344808963
0.8660254037844386
0.8660254037844386
0.8660254037844386
0.8660254037844386
0.7745966692414834
0.8366600265340756
0.7745966692414834
0.8660254037844386
0.8660254037844386
0.8660254037844386
0.8660254037844386
0.8366600265340756
0.7745966692414834
0.7745966692414834
0.7745966692414834
0.806225774829855
0.7745966692414834
0.8366600265340756
0.8366600265340756
0.8366600265340756
0.806225774829855
0.7071067811865476
0.7416198487095663
0.7416198487095663
0.7416198487095663
0.7416198487095663
0.6708203932499369
0.6708203932499369
0.7416198487095663
0.7416198487095663
0.7416198487095663
0.7416198487095663
0.7416198487095663
0.7745966692414834
0.7745966692414834
0.7745966692414834
0.7416198487095663
0.7416198487095663
0.7745966692414834
0.7745966692414834
0.7416198487095663
0.7745966692414834
0.7745966692414834
0.7745966692414834
0.7745966692414834
0.7071067811865476
0.7745966692414834
0.7745966692414834
0.7745966692414834
0.6708203932499369
0.7745966692414834
0.8366600265340756
0.9219544457292888
0.8366600265340756
0.8366600265340756
0.8366600265340756
0.8660254037844386
0.8366600265340756
0.7745966692414834
0.806225774829855
0.806225774829855
0.806225774829855
0.806225774829855
0.8366600265340756
0.8660254037844386
0.7745966692414834
0.7745966692414834
0.7745966692414834
0.806225774829855
0.806225774829855
0.7745966692414834
0.7745966692414834
0.7745966692414834
0.7745966692414834
0.8366600265340756
0.8660254037844386
0.8660254037844386
0.8660254037844386
0.8366600265340756
0.8366600265340756
0.8366600265340756
0.8366600265340756
0.8366600265340756
0.806225774829855
0.7745966692414834
0.7745966692414834
0.8366600265340756
0.8366600265340756
0.8366600265340756
0.806225774829855
0.806225774829855
0.806225774829855
0.806225774829855
0.7745966692414834
0.806225774829855
0.806225774829855
0.7745966692414834
0.7745966692414834
0.7745966692414834
0.7745966692414834
0.7745966692414834
0.7416198487095663
0.7071067811865476
0.7071067811865476
0.7071067811865476
0.5916079783099616
0.6708203932499369
0.6708203932499369
0.6708203932499369
0.6708203932499369
0.6708203932499369
0.7071067811865476
0.7071067811865476
0.7071067811865476
0.7071067811865476
0.7071067811865476
0.6708203932499369
0.6708203932499369
0.6708203932499369
0.6708203932499369
0.6708203932499369
0.6708203932499369
0.6708203932499369
0.6708203932499369
0.7071067811865476
0.7071067811865476
0.7416198487095663
0.7416198487095663
0.7416198487095663
0.7071067811865476
0.7071067811865476
0.7071067811865476
0.7071067811865476
0.6708203932499369
0.6708203932499369
0.6708203932499369
0.6708203932499369
0.7416198487095663
0.7071067811865476
0.7071067811865476
0.7071067811865476
0.7071067811865476
0.7071067811865476
0.7416198487095663
0.7416198487095663
0.7416198487095663
0.7416198487095663
0.7416198487095663
0.7745966692414834
0.7745966692414834
0.7745966692414834
0.7745966692414834
0.7745966692414834
0.7745966692414834
0.7416198487095663
0.7416198487095663
0.7416198487095663
0.7416198487095663
0.7416198487095663
0.7416198487095663
0.7416198487095663
0.7416198487095663
0.7416198487095663
0.7416198487095663
0.7416198487095663
0.7416198487095663
0.7416198487095663
0.6324555320336759
0.6708203932499369
0.7071067811865476
0.7071067811865476
0.7071067811865476
0.6708203932499369
0.6708203932499369
0.6708203932499369
0.7071067811865476
0.7071067811865476
0.7071067811865476
0.7071067811865476
0.7416198487095663
0.6708203932499369
0.5477225575051661
0.5477225575051661
0.6324555320336759
0.5916079783099616
0.5916079783099616
0.5916079783099616
0.5916079783099616
0.6324555320336759
0.6324555320336759
0.5916079783099616
0.5916079783099616
0.5916079783099616
0.6324555320336759
0.5916079783099616
0.5916079783099616
0.5916079783099616
0.5916079783099616
0.5916079783099616
0.6708203932499369
0.7071067811865476
0.7071067811865476
0.7071067811865476
0.6324555320336759
0.6324555320336759
0.5477225575051661
0.5477225575051661
0.5477225575051661
0.5477225575051661
0.5477225575051661
0.5916079783099616
0.5916079783099616
0.5916079783099616
0.5477225575051661
0.5477225575051661
0.5477225575051661
0.7416198487095663
0.7745966692414834
0.6324555320336759
0.7071067811865476
0.7071067811865476
0.7416198487095663
0.7416198487095663
0.7071067811865476
0.7071067811865476
0.6708203932499369
0.6708203932499369
0.5916079783099616
0.5916079783099616
0.5916079783099616
0.5916079783099616
0.5916079783099616
0.5916079783099616
0.5916079783099616
0.5916079783099616
0.5916079783099616
0.5916079783099616
0.5916079783099616
0.5916079783099616
0.5916079783099616
0.5916079783099616
0.5916079783099616
0.5916079783099616
0.5916079783099616
0.6708203932499369
0.6708203932499369
0.6708203932499369
0.5916079783099616
0.5916079783099616
0.5916079783099616
0.5916079783099616
0.5477225575051661
0.5
0.5477225575051661
0.5916079783099616
0.5916079783099616
0.5916079783099616
0.5916079783099616
0.5916079783099616
0.7071067811865476
0.7071067811865476
0.6324555320336759
0.6324555320336759
0.6324555320336759
0.6324555320336759
0.5477225575051661
0.5477225575051661
0.5477225575051661
0.5477225575051661
0.5477225575051661
0.5477225575051661
0.5916079783099616
0.5916079783099616
0.5916079783099616
0.5477225575051661
0.5477225575051661
0.5477225575051661
0.5477225575051661
0.5916079783099616
