1, 57.39285669837319
2, 56.564830062504385
3, 55.89024959686618
4, 55.8821975230037
5, 55.28923945941018
6, 54.83137787799975
7, 53.95646393158099
8, 53.949606115336934
9, 53.04262436946347
10, 52.174323186793714
15, 50.30188863253546
20, 47.95539594247971
25, 46.642469917447556
30, 46.03694168817038
35, 43.597935730949466
40, 42.2120835780467
45, 39.95522493992494
50, 39.338276525541886
55, 39.25710126843295
60, 38.74609657759088
65, 36.3392349946996
70, 36.497123174299645
75, 35.8850943986497
80, 34.87893346993282
85, 33.98352542041511
90, 33.896017465183135
95, 33.239434411553994
100, 33.298648621227855
150, 26.661207774592658
200, 22.89847156471366
250, 21.440149253211835
300, 20.197524600801952
350, 17.582946283259812
400, 17.201162751395614
450, 17.176146249959565
500, 16.89852064531094
550, 16.27083279982927
600, 16.077935190813527
650, 14.589036979869508
700, 13.934130758680285
750, 13.586022228746721
800, 12.786711852544421
850, 11.918053532351665
900, 11.667047612828192
950, 10.950799057603056
1000, 10.9288608738514
1250, 10.870142593360953
1500, 10.4
1750, 10.176443386566842
2000, 9.21737489744233
2250, 8.885943956609225
2500, 8.280096617793781
2750, 8.20121942152507
3000, 8.258329128825032
3250, 8.052328855678958
3500, 7.717512552629895
3750, 7.712327793863536
4000, 7.722693830523129
4250, 7.5405570086035425
4500, 7.44983221287567
4750, 7.149825172687791
5000, 6.835202996254025
5250, 6.4296189622714035
5500, 6.496152707564686
5750, 6.2
6000, 6.248199740725323
6250, 6.105735008989499
6500, 5.834380858325929
6750, 5.96322060635023
7000, 5.871967302361279
7250, 5.815496539419485
7500, 5.789645930452052
7750, 5.688585061331157
8000, 5.922837157984339
8250, 5.94306318324145
8500, 5.909314681077663
8750, 5.540758070878027
9000, 5.385164807134504
9250, 5.457105459856901
9500, 5.469917732470938
9750, 5.2345009313209605
10000, 5.134199061197374
11000, 5.0931326312987375
12000, 5.1146847410177685
13000, 4.679743582719036
14000, 4.898979485566356
15000, 4.953786430600334
16000, 4.814561246884289
17000, 4.54972526643093
18000, 4.71380949975707
19000, 4.532107677449864
20000, 4.431703961232068
21000, 4.06201920231798
22000, 3.9319206502675
23000, 4.009987531152684
24000, 4.004996878900157
25000, 3.8522720568516444
26000, 3.5749125863438955
27000, 3.509985754956849
28000, 3.7202150475476548
29000, 3.558089374931439
30000, 3.6606010435446255
31000, 3.666060555964672
32000, 3.605551275463989
33000, 3.518522417151836
34000, 3.7682887362833544
35000, 3.652396473549935
36000, 3.605551275463989
37000, 3.5972211497209896
38000, 3.4292856398964493
39000, 3.358571124749333
40000, 3.280243893371345
41000, 3.438022687534217
42000, 3.3763886032268267
43000, 3.4756294393965534
44000, 3.181194744117373
45000, 3.0724582991474434
46000, 2.821347195933177
47000, 2.831960451701259
48000, 2.8635642126552705
49000, 2.6907248094147422
50000, 2.7422618401604177
51000, 2.6832815729997477
52000, 2.7422618401604177
53000, 2.5806975801127883
54000, 2.5179356624028344
55000, 2.6870057685088806
56000, 2.6832815729997477
57000, 2.4576411454889016
58000, 2.6907248094147422
59000, 2.5258661880630178
60000, 2.4698178070456938
61000, 2.541653005427767
62000, 2.545584412271571
63000, 2.6608269391300143
64000, 2.6832815729997477
65000, 2.705549851693737
66000, 2.7964262908219126
67000, 2.760434748368452
68000, 2.5729360660537215
69000, 2.565151067676132
70000, 2.4979991993593593
71000, 2.493992782667985
72000, 2.4859605789312105
73000, 2.3664319132398464
74000, 2.4331050121192876
75000, 2.3706539182259396
76000, 2.3706539182259396
77000, 2.227105745132009
78000, 2.258317958127243
79000, 2.328089345364563
80000, 2.345207879911715
81000, 2.4041630560342617
82000, 2.453568829277059
83000, 2.5258661880630178
84000, 2.545584412271571
85000, 2.4331050121192876
86000, 2.5258661880630178
87000, 2.5612496949731396
88000, 2.4819347291981715
89000, 2.5099800796022267
90000, 2.513961017995307
91000, 2.6
92000, 2.619160170741759
93000, 2.6076809620810595
94000, 2.5377155080899043
95000, 2.4372115213907883
96000, 2.420743687382041
97000, 2.32379000772445
98000, 2.3874672772626644
99000, 2.3366642891095846
100000, 2.3664319132398464
