11.949895397031725
8.452810183601665
8.32165848854662
6.48074069840786
5.995831885568507
4.588027898781785
3.8275318418009276
4.129164564412516
4.663689526544408
4.2895221179054435
4.08656334834051
3.8600518131237567
3.7282703764614498
3.681032463861192
3.591656999213594
3.248076353782343
3.170173496829472
3.3763886032268267
3.3241540277189325
2.701851217221259
2.8284271247461903
2.949576240750525
2.6832815729997477
2.924038303442689
2.6832815729997477
2.7477263328068173
2.756809750418044
2.949576240750525
2.7477263328068173
2.7386127875258306
2.7202941017470885
2.8372521918222215
2.7202941017470885
2.6739483914241875
2.7658633371878665
2.8106938645110393
2.598076211353316
2.598076211353316
2.479919353527449
2.2135943621178655
2.3021728866442674
2.5099800796022267
2.5099800796022267
2.4596747752497685
2.569046515733026
2.3874672772626644
2.258317958127243
2.29128784747792
2.224859546128699
2.202271554554524
2.085665361461421
2.258317958127243
2.085665361461421
2.3130067012440754
2.3345235059857505
1.8708286933869707
1.8439088914585775
2.0976176963403033
2.0124611797498106
1.9874606914351791
1.8027756377319946
2.04939015319192
1.8841443681416772
2.0248456731316584
1.9235384061671346
2.1447610589527217
2.1447610589527217
2.1447610589527217
2.1095023109728985
2.202271554554524
2.16794833886788
2.2135943621178655
2.16794833886788
2.0976176963403033
1.8303005217723127
2.085665361461421
2.1095023109728985
2.2693611435820435
2.224859546128699
2.29128784747792
2.2135943621178655
2.16794833886788
2.2135943621178655
2.224859546128699
2.1908902300206643
2.1330729007701543
2.1095023109728985
2.0976176963403033
2.1563858652847827
2.1330729007701543
2.1095023109728985
2.1908902300206643
2.1213203435596424
2.16794833886788
2.1213203435596424
2.179449471770337
2.179449471770337
2.1447610589527217
2.1330729007701543
1.9874606914351791
1.9874606914351791
2.0
1.8973665961010275
2.0
1.91049731745428
1.8027756377319946
1.6431676725154984
1.8708286933869707
1.70293863659264
1.6733200530681511
1.6278820596099706
1.6583123951777
1.7175564037317668
1.7748239349298849
1.70293863659264
1.6278820596099706
1.70293863659264
