1, 51.40881895809966
2, 51.36968409913034
3, 51.114903240966164
4, 50.47771785649585
5, 49.991110320847156
6, 49.406927089674824
7, 49.38893263340145
8, 49.28037698268506
9, 49.31508671570778
10, 49.11483143274205
15, 48.013192631470226
20, 46.084463518389555
25, 44.48695189478471
30, 43.304349281182674
35, 41.32795663954365
40, 41.34032198982275
45, 40.89145523347281
50, 40.01694085703648
55, 38.97976683129624
60, 37.50022222156379
65, 36.680300495558164
70, 35.98363825716102
75, 35.31540425618511
80, 34.19194187069358
85, 33.17797127278547
90, 33.15351498039922
95, 32.82783371876169
100, 31.36771163686209
150, 25.278888864469938
200, 22.20310288625844
250, 20.655373258414976
300, 19.41591557917828
350, 19.223249811968145
400, 18.19706936111783
450, 17.033300717516067
500, 17.11269833908272
550, 16.082426572020918
600, 15.094517032500391
650, 14.624940645653536
700, 13.772758942524511
750, 13.588393740411133
800, 13.65283853270081
850, 13.654466098842695
900, 11.922900467401192
950, 12.138094304022083
1000, 11.312726363603858
1250, 9.865765724632494
1500, 9.633275663033837
1750, 9.639040985031192
2000, 8.913161304747291
2250, 8.494442627715815
2500, 7.955431408094026
2750, 7.824463062870334
3000, 7.599707596714202
3250, 7.477373276165308
3500, 7.2372493240027165
3750, 6.995236474439826
4000, 6.441186916158301
4250, 6.110100926607787
4500, 6.077280093375105
4750, 6.719788356455548
5000, 6.559132733999383
5250, 6.674994798166929
5500, 6.57605082435077
5750, 6.523461930260309
6000, 6.559132733999383
6250, 6.482454953350793
6500, 6.250333324444918
6750, 6.268084945889685
7000, 6.253887679764573
7250, 6.384007797266193
7500, 6.380525927469546
7750, 6.223610956135781
8000, 6.0129489899346025
8250, 6.289320754704403
8500, 6.616477747093069
8750, 6.523461930260309
9000, 6.570979970885452
9250, 6.5979794887020775
9500, 6.202150164795002
9750, 5.834761729877617
10000, 5.7018515511289065
11000, 5.527707983925667
12000, 5.736820644844243
13000, 5.378971401051816
14000, 5.185449728701348
15000, 5.259911279353167
16000, 5.2345009313209605
17000, 5.37277085558901
18000, 5.347896782848375
19000, 4.43471156521669
20000, 4.524010020619612
21000, 4.396968652757639
22000, 4.04694672287365
23000, 4.0743097574926725
24000, 4.284338403482567
25000, 3.9553058597843536
26000, 4.00277681394082
27000, 3.958114029012639
28000, 3.702851753866351
29000, 3.8499639247949093
30000, 4.176654695380556
31000, 3.8758511609996353
32000, 3.415650255319866
33000, 3.476907949441413
34000, 3.708848278853633
35000, 3.7446257786622983
36000, 3.6727222722238184
37000, 3.5465162875387697
38000, 3.596294389136314
39000, 3.5023801430836525
40000, 3.457680661303984
41000, 3.3166247903554
42000, 3.3862466931200785
43000, 3.476907949441413
44000, 3.5901098714230026
45000, 3.353273690655811
46000, 3.269386622730461
47000, 3.4544657088084305
48000, 3.5276684147527875
49000, 3.559026084010437
50000, 3.5496478698597698
51000, 3.611709352155077
52000, 3.5621466686380123
53000, 3.415650255319866
54000, 3.3065591380365986
55000, 3.3862466931200785
56000, 3.1728010758108782
57000, 3.238655413730965
58000, 3.0840089349921005
59000, 3.0840089349921005
60000, 3.183289703016886
61000, 3.025814858109391
62000, 3.0695638488590236
63000, 3.0477678535099897
64000, 3.025814858109391
65000, 2.996294007232564
66000, 3.2041639575194445
67000, 3.0947985035827092
68000, 3.0
69000, 3.1126980079810003
70000, 3.1091263510296048
71000, 2.943920288775949
72000, 3.022140521771503
73000, 2.840187787218772
74000, 3.0659419433511785
75000, 3.0840089349921005
76000, 3.0
77000, 3.0586852658545234
78000, 3.003701420285016
79000, 2.9211869733608857
80000, 2.6832815729997477
81000, 2.7768887466211374
82000, 2.792848008753788
83000, 2.8087165910587863
84000, 2.6708300832013507
85000, 2.6997942308422114
86000, 2.64154836748786
87000, 2.521022720158538
88000, 2.556038601690775
89000, 2.4765567494675613
90000, 2.3617319445224467
91000, 2.309401076758503
92000, 2.2949219304078006
93000, 2.2010098692292237
94000, 2.3475755815545347
95000, 2.3990738953928776
96000, 2.3711225658371653
97000, 2.3617319445224467
98000, 2.342837785440744
99000, 2.265686062395524
100000, 2.2997584414213788
