5.205766033928148
3.1937438845342623
3.442382895611701
3.0903074280724887
2.4392621835300936
2.1330729007701543
1.857417562100671
1.8841443681416772
2.0124611797498106
1.8303005217723127
1.8439088914585775
2.0
2.1213203435596424
1.7888543819998317
1.8708286933869707
1.6881943016134133
1.5968719422671311
1.449137674618944
1.4142135623730951
1.5968719422671311
1.7175564037317668
1.4832396974191326
1.6733200530681511
1.6431676725154984
1.7175564037317668
1.7175564037317668
1.70293863659264
1.7320508075688772
1.91049731745428
1.8841443681416772
1.9621416870348585
1.7748239349298849
1.396424004376894
1.0954451150103321
1.1832159566199232
1.140175425099138
1.02469507659596
1.0
0.9486832980505138
1.0488088481701516
1.118033988749895
0.9486832980505138
0.9486832980505138
0.806225774829855
0.9746794344808963
0.9746794344808963
1.118033988749895
1.140175425099138
1.2649110640673518
1.3416407864998738
1.3416407864998738
1.2649110640673518
1.224744871391589
1.118033988749895
1.0
0.9746794344808963
1.0
1.0
1.0
0.9746794344808963
0.8944271909999159
1.02469507659596
1.118033988749895
1.0
0.8944271909999159
0.6708203932499369
0.6708203932499369
0.9746794344808963
0.9746794344808963
1.0488088481701516
1.0
0.8660254037844386
0.8660254037844386
0.8366600265340756
0.8366600265340756
0.8660254037844386
0.8660254037844386
0.806225774829855
0.8366600265340756
0.7745966692414834
0.7745966692414834
0.7416198487095663
0.7416198487095663
0.7416198487095663
0.806225774829855
0.9219544457292888
0.8660254037844386
0.7745966692414834
1.02469507659596
1.0723805294763609
1.0488088481701516
1.118033988749895
1.0954451150103321
1.118033988749895
0.8366600265340756
0.8944271909999159
0.8660254037844386
0.806225774829855
0.7745966692414834
0.7416198487095663
0.7416198487095663
0.8366600265340756
0.806225774829855
0.8366600265340756
0.8366600265340756
0.8660254037844386
0.9219544457292888
0.9486832980505138
0.9219544457292888
0.9486832980505138
0.8660254037844386
0.8944271909999159
0.8366600265340756
0.8366600265340756
0.8660254037844386
0.8366600265340756
0.8366600265340756
0.8660254037844386
0.8660254037844386
0.8660254037844386
0.8366600265340756
0.806225774829855
0.806225774829855
0.806225774829855
0.806225774829855
0.806225774829855
0.7416198487095663
0.7745966692414834
0.806225774829855
0.806225774829855
0.7416198487095663
0.7071067811865476
0.7071067811865476
0.7416198487095663
0.8366600265340756
0.7416198487095663
0.7416198487095663
0.7416198487095663
0.8366600265340756
0.8366600265340756
0.8366600265340756
0.9219544457292888
0.7416198487095663
0.7416198487095663
0.7416198487095663
0.7416198487095663
0.7071067811865476
0.6708203932499369
0.7745966692414834
0.7416198487095663
0.6708203932499369
0.8366600265340756
0.7745966692414834
0.8660254037844386
0.806225774829855
0.7745966692414834
0.7745966692414834
0.806225774829855
0.806225774829855
0.7745966692414834
0.806225774829855
0.7416198487095663
0.8660254037844386
0.8366600265340756
0.806225774829855
0.7745966692414834
0.806225774829855
0.7071067811865476
0.7416198487095663
0.7071067811865476
0.7071067811865476
0.6324555320336759
0.6324555320336759
0.6708203932499369
0.6708203932499369
0.7416198487095663
0.7416198487095663
0.7416198487095663
0.7071067811865476
0.806225774829855
0.806225774829855
0.806225774829855
0.806225774829855
0.7071067811865476
0.7071067811865476
0.9219544457292888
0.9219544457292888
0.8366600265340756
0.8944271909999159
0.8944271909999159
0.7745966692414834
0.7745966692414834
0.7745966692414834
0.7745966692414834
0.806225774829855
0.6708203932499369
0.7416198487095663
0.7416198487095663
0.7071067811865476
0.7071067811865476
0.6708203932499369
0.6708203932499369
0.7416198487095663
0.7416198487095663
0.6708203932499369
0.7745966692414834
0.806225774829855
0.806225774829855
0.6708203932499369
0.6708203932499369
0.7071067811865476
0.7416198487095663
0.7745966692414834
0.7416198487095663
0.7416198487095663
0.8366600265340756
0.7745966692414834
0.7745966692414834
0.7745966692414834
0.806225774829855
0.806225774829855
0.806225774829855
0.806225774829855
0.7071067811865476
0.7071067811865476
0.6708203932499369
0.7416198487095663
0.5916079783099616
0.5916079783099616
0.6324555320336759
0.6324555320336759
0.806225774829855
0.8366600265340756
1.0723805294763609
1.0723805294763609
1.0723805294763609
1.0954451150103321
1.0723805294763609
1.0723805294763609
1.0723805294763609
1.0954451150103321
1.0954451150103321
1.118033988749895
1.0954451150103321
1.118033988749895
1.02469507659596
1.02469507659596
0.8660254037844386
0.9486832980505138
1.0
1.0
0.9486832980505138
0.9219544457292888
1.0
0.9219544457292888
0.9219544457292888
0.9219544457292888
0.9219544457292888
0.9219544457292888
0.8660254037844386
0.8660254037844386
0.8366600265340756
0.6708203932499369
0.6708203932499369
0.6708203932499369
0.6708203932499369
0.6324555320336759
0.6324555320336759
0.6324555320336759
0.6708203932499369
0.6708203932499369
0.6324555320336759
0.6324555320336759
0.6708203932499369
0.6708203932499369
0.5477225575051661
0.5477225575051661
0.6708203932499369
0.6708203932499369
0.7071067811865476
0.6708203932499369
0.6324555320336759
0.6324555320336759
0.6324555320336759
0.6324555320336759
0.6708203932499369
0.5477225575051661
0.5477225575051661
0.5477225575051661
0.5477225575051661
0.806225774829855
0.806225774829855
0.8366600265340756
0.8366600265340756
0.8366600265340756
0.8366600265340756
0.806225774829855
0.806225774829855
0.806225774829855
0.806225774829855
0.9219544457292888
0.9219544457292888
0.9219544457292888
0.9219544457292888
0.9219544457292888
0.9219544457292888
0.6708203932499369
0.7071067811865476
0.7071067811865476
0.7071067811865476
0.7071067811865476
0.7071067811865476
0.7071067811865476
0.7416198487095663
0.7416198487095663
0.7416198487095663
0.7745966692414834
0.7745966692414834
0.7745966692414834
0.7071067811865476
0.6708203932499369
0.6708203932499369
0.6708203932499369
0.6708203932499369
0.6708203932499369
0.6708203932499369
0.6708203932499369
0.6324555320336759
0.5916079783099616
0.5916079783099616
0.5477225575051661
0.5477225575051661
0.5916079783099616
0.5916079783099616
0.5916079783099616
0.6324555320336759
0.5916079783099616
0.5916079783099616
0.5477225575051661
0.7416198487095663
0.7416198487095663
0.7071067811865476
0.7416198487095663
0.7416198487095663
0.7416198487095663
0.5477225575051661
0.5477225575051661
0.5916079783099616
0.5916079783099616
0.5916079783099616
0.5916079783099616
0.5916079783099616
0.5477225575051661
0.5477225575051661
0.5477225575051661
0.5477225575051661
0.5477225575051661
0.5477225575051661
0.5477225575051661
0.5477225575051661
0.5916079783099616
0.5477225575051661
0.5916079783099616
0.6708203932499369
0.6708203932499369
0.6708203932499369
0.7071067811865476
0.7071067811865476
0.7071067811865476
0.7071067811865476
0.7071067811865476
0.7416198487095663
0.7416198487095663
0.7416198487095663
0.7416198487095663
0.6708203932499369
0.6324555320336759
0.6324555320336759
0.6324555320336759
0.6324555320336759
0.806225774829855
0.806225774829855
0.7745966692414834
0.8660254037844386
0.8660254037844386
0.8660254037844386
0.8944271909999159
0.8660254037844386
0.9219544457292888
0.9219544457292888
0.8944271909999159
0.8366600265340756
0.8366600265340756
0.8366600265340756
0.8366600265340756
0.8366600265340756
0.8366600265340756
0.8366600265340756
0.8366600265340756
0.8366600265340756
