1, 56.9699921011053
2, 56.84945030517006
3, 56.10169337907725
4, 55.47305652296437
5, 55.17354438496769
6, 54.37738500516552
7, 54.29180416969029
8, 53.62574008813305
9, 53.602238759216014
10, 52.99132004394682
15, 51.24568274498838
20, 48.94323242287947
25, 45.815936092150295
30, 44.77767300787302
35, 42.57745882506376
40, 41.16527662970334
45, 39.8692864245148
50, 38.02341383937008
55, 36.56227564033727
60, 36.63959606764245
65, 35.62302626111375
70, 35.021993090056995
75, 34.766363053963524
80, 34.41801853680714
85, 33.11736704510188
90, 31.89200526777832
95, 31.05028180226389
100, 29.990665214362952
150, 25.946483384073456
200, 23.41580662714825
250, 20.33027299374015
300, 18.964704057801693
350, 18.243354954612926
400, 16.58553586713435
450, 16.04805284138858
500, 15.465445354078879
550, 15.31926891205974
600, 14.90771612286738
650, 13.965672200076872
700, 13.971399357258385
750, 13.77679207943562
800, 13.561710806531748
850, 13.583813897429543
900, 13.104197800704933
950, 12.63487237766967
1000, 12.557866060760482
1250, 11.264102272262978
1500, 9.802040603874277
1750, 9.403190947758107
2000, 8.394045508573324
2250, 7.675936424958196
2500, 6.99571297295708
2750, 6.694774081326419
3000, 6.65432190384565
3250, 6.4513564465157245
3500, 6.3655321851358195
3750, 5.877074101966046
4000, 5.61426753904728
4250, 5.5533773507659285
4500, 5.331041174104736
4750, 5.293392107146419
5000, 5.045790324617146
5250, 4.967896939349688
5500, 4.8373546489791295
5750, 4.715930449020639
6000, 4.849742261192857
6250, 4.5563142999578075
6500, 4.2
6750, 4.230839160261236
7000, 4.135214625627067
7250, 4.022437072223753
7500, 3.5972211497209896
7750, 3.4351128074635335
8000, 3.402939905434711
8250, 3.3734255586866
8500, 3.095157508108432
8750, 3.056141357987225
9000, 3.0528675044947495
9250, 3.0397368307141326
9500, 2.9899832775452104
9750, 2.95296461204668
10000, 2.9189039038652846
11000, 2.8460498941515415
12000, 2.792848008753788
13000, 2.5258661880630178
14000, 2.4
15000, 2.172556098240043
16000, 2.181742422927143
17000, 2.0591260281974
18000, 2.0
19000, 2.0199009876724157
20000, 1.8055470085267789
21000, 1.8601075237738274
22000, 1.8814887722226779
23000, 1.760681686165901
24000, 1.7378147196982767
25000, 1.7146428199482247
26000, 1.6186414056238645
27000, 1.5811388300841898
28000, 1.8439088914585775
29000, 1.8601075237738274
30000, 1.9595917942265424
31000, 1.9390719429665315
32000, 1.9287301521985911
33000, 1.6673332000533065
34000, 1.6792855623746665
35000, 1.624807680927192
36000, 1.5491933384829668
37000, 1.5811388300841898
38000, 1.6552945357246849
39000, 1.6552945357246849
40000, 1.624807680927192
41000, 1.624807680927192
42000, 1.6186414056238645
43000, 1.3114877048604001
44000, 1.3490737563232043
45000, 1.4560219778561037
46000, 1.3341664064126333
47000, 1.3114877048604001
48000, 1.3038404810405297
49000, 1.3114877048604001
50000, 1.2727922061357855
51000, 1.1489125293076057
52000, 1.140175425099138
53000, 1.131370849898476
54000, 1.1916375287812984
55000, 1.1916375287812984
56000, 1.2083045973594573
57000, 1.2083045973594573
58000, 1.2727922061357855
59000, 1.2727922061357855
60000, 1.2649110640673518
61000, 1.2489995996796797
62000, 1.1916375287812984
63000, 1.2328828005937953
64000, 1.2328828005937953
65000, 1.2328828005937953
66000, 1.2328828005937953
67000, 1.224744871391589
68000, 1.2489995996796797
69000, 1.224744871391589
70000, 1.2409673645990857
71000, 1.2328828005937953
72000, 1.2328828005937953
73000, 1.2328828005937953
74000, 1.1916375287812984
75000, 1.1916375287812984
76000, 1.1832159566199232
77000, 1.104536101718726
78000, 1.2
79000, 1.2
80000, 1.2
81000, 1.2
82000, 1.2
83000, 1.3114877048604001
84000, 1.3416407864998738
85000, 1.3638181696985856
86000, 1.3416407864998738
87000, 1.449137674618944
88000, 1.4212670403551895
89000, 1.4212670403551895
90000, 1.4212670403551895
91000, 1.4212670403551895
92000, 1.4212670403551895
93000, 1.4212670403551895
94000, 1.4212670403551895
95000, 1.4212670403551895
96000, 1.4212670403551895
97000, 1.4212670403551895
98000, 1.378404875209022
99000, 1.378404875209022
100000, 1.378404875209022
