1, 45.364358256234596
2, 44.572693434433596
3, 43.67922847303968
4, 42.78989366661244
5, 42.78872515044121
6, 42.18826851151869
7, 41.386592031719644
8, 40.49938271134512
9, 39.75959003812791
10, 39.098593325080124
15, 38.2056932930159
20, 38.16411927452276
25, 38.164446805895146
30, 38.15593007646387
35, 38.15396440738498
40, 37.42759677029772
45, 36.56671984195465
50, 35.70539174970637
55, 34.91740253798956
60, 34.813790371058424
65, 33.892108225957266
70, 33.89100175562829
75, 33.18998342873946
80, 33.185087012090236
85, 33.18697033475638
90, 33.18734698646459
95, 33.18697033475638
100, 33.18659367877336
150, 32.314470442821744
200, 31.426501555216102
250, 30.44749579193665
300, 29.63907893305728
350, 29.63907893305728
400, 29.537264599146617
450, 29.46777901369562
500, 29.441891922904684
550, 29.437221336260663
600, 29.282247181526216
650, 29.276270254251994
700, 29.097680319915536
750, 28.223217392777883
800, 28.09759776208635
850, 28.098042636454235
900, 28.098042636454235
950, 28.09893236405967
1000, 28.078016311698374
1250, 27.829390938358678
1500, 25.524498036200438
1750, 25.420955922230778
2000, 25.009498195685573
2250, 22.86482013924448
2500, 21.699078321440293
2750, 21.69735006861437
3000, 21.716928880483998
3250, 21.848913016440886
3500, 21.85463337601434
3750, 21.57660770371469
4000, 20.77678993492498
4250, 21.04697127854742
4500, 21.18313008032571
4750, 21.37171027316251
5000, 21.533114033971028
5250, 21.577187027043166
5500, 21.45751616567025
5750, 21.76120401080786
6000, 21.54007892278949
6250, 20.585796073992377
6500, 20.402818432755804
6750, 20.28607897056501
7000, 20.134547424762246
7250, 19.580602646496864
7500, 19.737654369250667
7750, 19.72561786104557
8000, 19.060430215501434
8250, 18.635986692418516
8500, 18.87127446676562
8750, 19.414556394623084
9000, 19.68882932020083
9250, 19.479476378999514
9500, 19.485250832360357
9750, 19.632880583347927
10000, 19.6742217126879
11000, 19.2067696398952
12000, 19.31126614181473
13000, 18.75633226406485
14000, 18.102486017119308
15000, 17.88854381999832
16000, 17.82343962314794
17000, 17.938784797192923
18000, 17.507141400011598
19000, 17.58195097251724
20000, 17.061652909375457
21000, 16.50075755836683
22000, 15.89339485446706
23000, 15.508062419270823
24000, 15.464475419489663
25000, 15.59887816479121
26000, 15.350895739337167
27000, 15.280706789936126
28000, 15.344380078712858
29000, 15.507256365972673
30000, 15.329709716755891
31000, 15.430489298787643
32000, 15.81534065393471
33000, 16.0312195418814
34000, 15.64688467395347
35000, 15.55313473226539
36000, 15.90440190639057
37000, 15.908331150689566
38000, 15.830350596243912
39000, 15.71861953226173
40000, 15.751190431202335
41000, 15.717824276915684
42000, 15.343565426588437
43000, 15.613295616236824
44000, 15.729748885471757
45000, 15.44263578538327
46000, 15.270887335056859
47000, 15.462858726639134
48000, 15.985149358076077
49000, 16.065490966665166
50000, 16.36306817195357
51000, 16.397408331806584
52000, 16.170961628796228
53000, 16.194906606708173
54000, 16.224980739587952
55000, 16.217274740226856
56000, 16.171734600839823
57000, 16.138463371709214
58000, 16.207251463465358
59000, 16.08803903525846
60000, 16.158589047314745
61000, 16.121414330014595
62000, 16.3263590552211
63000, 16.465873800075112
64000, 16.430915981770465
65000, 16.97203582367183
66000, 17.11286066091815
67000, 16.50605949341029
68000, 16.22883236711748
69000, 16.174053295324583
70000, 16.196450228367944
71000, 15.957756734578956
72000, 15.990622251807464
73000, 16.055372932448503
74000, 15.778149447891536
75000, 15.873720420871724
76000, 16.148529344804125
77000, 16.193362837903685
78000, 16.241921068642096
79000, 16.13304063095361
80000, 16.07404740567851
81000, 15.932670836994028
82000, 15.759917512474486
83000, 15.709869509324385
84000, 15.62289985886103
85000, 15.777357193142329
86000, 15.792403236999744
87000, 15.94129856692986
88000, 15.88159311907971
89000, 15.912259424732868
90000, 15.871357849913158
91000, 15.951488958714794
92000, 15.927962832703999
93000, 15.894967757123636
94000, 15.905973720586866
95000, 15.998437423698602
96000, 15.719414747375298
97000, 15.569200364822851
98000, 15.432919360898637
99000, 15.416711711645904
100000, 15.499193527406515
