1, 85.89101621628811
2, 85.89101621628811
3, 85.12187341296791
4, 84.33472989620982
5, 84.33465084609844
6, 83.52899696113519
7, 82.66986552950638
8, 82.66954296071397
9, 81.7904639918371
10, 80.94854332640377
15, 79.27160063141571
20, 79.27160063141571
25, 78.44811448764506
30, 76.69411102990024
35, 75.73268779067595
40, 75.73348004680625
45, 74.54314187099978
50, 74.53902780870345
55, 73.68672426789871
60, 73.68509573403114
65, 72.74292634568212
70, 71.94090167167307
75, 71.93812155827626
80, 71.92913178956076
85, 71.9294098404818
90, 71.92792688981567
95, 71.92598047066627
100, 71.92672196988636
150, 70.34799215329461
200, 67.86958081497188
250, 67.0768713243743
300, 65.49198424234831
350, 65.47742613552653
400, 64.12747721011121
450, 63.32824540966429
500, 62.558452666286435
550, 62.55866579992469
600, 62.549926725243516
650, 62.53308457661965
700, 62.53404406134843
750, 61.70197187556759
800, 60.84702129110348
850, 59.8284213396944
900, 59.82864419880052
950, 59.3548650070068
1000, 59.17848708215962
1250, 59.160910518122805
1500, 59.18265511673726
1750, 57.72590406394689
2000, 57.153127648449825
2250, 55.86626889277643
2500, 53.92698767778523
2750, 52.89990548195715
3000, 52.81691648200098
3250, 52.6825714381268
3500, 52.18773802340929
3750, 52.2049806053024
4000, 52.03434763051549
4250, 51.96652768850349
4500, 51.350040571227076
4750, 51.23462370962304
5000, 51.141633398500936
5250, 51.28599548934712
5500, 51.37106838159653
5750, 50.58418725253971
6000, 50.55465689066966
6250, 49.82021008921313
6500, 49.36179359248068
6750, 49.035633302052226
7000, 48.544412654805086
7250, 48.601920401015704
7500, 47.651372837866205
7750, 47.441894284833666
8000, 47.20790894189941
8250, 47.17951532886563
8500, 47.2465871783349
8750, 47.41251592846204
9000, 47.093523970924075
9250, 47.13059869483236
9500, 46.79601122602937
9750, 46.980563356917436
10000, 46.98638100556373
11000, 47.134559154262455
12000, 46.235051638340366
13000, 46.20937855746025
14000, 44.97258424121671
15000, 44.63630809105968
16000, 43.825411197918804
17000, 42.10399822661343
18000, 41.89844865863174
19000, 42.00841185603982
20000, 41.554462255374375
21000, 40.88862922622865
22000, 41.148187485396406
23000, 40.157357150755495
24000, 39.88082245892128
25000, 39.380536647773944
26000, 38.967678914710845
27000, 39.59478080084125
28000, 39.186732448623474
29000, 39.50375509577117
30000, 39.913740324187444
31000, 40.28150940568141
32000, 40.64890322423636
33000, 40.363845208304916
34000, 39.95230489804896
35000, 39.31021919721808
36000, 39.58467717017112
37000, 39.18928424965171
38000, 39.587034914645145
39000, 39.14111223083302
40000, 39.48501825587354
41000, 39.14775429915063
42000, 39.09765551368351
43000, 39.18196864205098
44000, 38.8037798846109
45000, 38.725013449535
46000, 38.83194561182842
47000, 38.47596652457219
48000, 38.54036844660414
49000, 38.71468283050588
50000, 38.74170879039798
51000, 38.60708052503668
52000, 38.507315322329774
53000, 38.7463546672458
54000, 38.54607632431607
55000, 38.00842011975767
56000, 38.21308676356831
57000, 38.960492810024874
58000, 38.48376280978771
59000, 38.57926904439741
60000, 38.36404566778639
61000, 37.975781756271985
62000, 37.90127526438479
63000, 37.936965262568556
64000, 37.947683284578346
65000, 38.27200891861658
66000, 38.25057733769082
67000, 38.132226091151125
68000, 38.018065881016796
69000, 37.91727838334392
70000, 37.94698055620939
71000, 37.69686105411608
72000, 37.72815040965212
73000, 38.03717479869748
74000, 38.037700596469634
75000, 37.67616399440545
76000, 37.311839050539085
77000, 37.559907703116984
78000, 37.45308176016138
79000, 37.5339846006256
80000, 37.48439675384946
81000, 37.475503109809395
82000, 37.452547754903584
83000, 37.80881731377836
84000, 37.35237609577201
85000, 37.281273225754155
86000, 37.40124775102207
87000, 37.38805513351379
88000, 37.508932269527484
89000, 37.18566031864075
90000, 37.31201772440974
91000, 37.051495696305345
92000, 37.06049109226698
93000, 37.046997179258675
94000, 36.5454967586067
95000, 36.88956492017763
96000, 37.08458799375647
97000, 37.0755984442598
98000, 37.01495193386946
99000, 36.979634034605226
100000, 36.971700889554256
