1, 5.079370039680118
2, 4.123105625617661
3, 4.09878030638384
4, 4.09878030638384
5, 4.09878030638384
6, 4.123105625617661
7, 4.09878030638384
8, 4.09878030638384
9, 4.09878030638384
10, 3.5496478698597698
15, 2.4899799195977463
20, 2.4899799195977463
25, 1.4832396974191326
30, 1.4832396974191326
35, 1.0954451150103321
40, 1.0954451150103321
45, 1.0954451150103321
50, 1.0954451150103321
55, 1.0954451150103321
60, 1.0954451150103321
65, 1.0
70, 1.0
75, 1.0
80, 1.0
85, 1.0
90, 1.0
95, 0.8944271909999159
100, 0.8944271909999159
150, 0.8944271909999159
200, 0.8944271909999159
250, 0.8944271909999159
300, 0.8944271909999159
350, 0.8944271909999159
400, 0.8944271909999159
450, 0.8944271909999159
500, 0.8944271909999159
550, 0.8944271909999159
600, 0.8944271909999159
650, 0.7745966692414834
700, 0.7745966692414834
750, 0.7745966692414834
800, 0.7745966692414834
850, 0.7745966692414834
900, 0.7745966692414834
950, 0.7745966692414834
1000, 0.7745966692414834
1250, 0.7745966692414834
1500, 0.7745966692414834
1750, 0.7745966692414834
2000, 0.7745966692414834
2250, 0.7745966692414834
2500, 0.7745966692414834
2750, 0.7745966692414834
3000, 0.7745966692414834
3250, 0.8944271909999159
3500, 0.8944271909999159
3750, 0.8944271909999159
4000, 0.8944271909999159
4250, 0.8944271909999159
4500, 0.8944271909999159
4750, 0.8944271909999159
5000, 0.8944271909999159
5250, 0.8944271909999159
5500, 0.8944271909999159
5750, 0.8944271909999159
6000, 0.8944271909999159
6250, 0.8944271909999159
6500, 0.8944271909999159
6750, 0.8944271909999159
7000, 0.8944271909999159
7250, 0.8944271909999159
7500, 0.8944271909999159
7750, 0.8944271909999159
8000, 0.8944271909999159
8250, 0.8944271909999159
8500, 0.8944271909999159
8750, 0.8944271909999159
9000, 0.8944271909999159
9250, 0.8944271909999159
9500, 0.8944271909999159
9750, 0.8944271909999159
10000, 0.8944271909999159
11000, 0.8944271909999159
12000, 0.8944271909999159
13000, 0.8944271909999159
14000, 0.8944271909999159
15000, 0.8944271909999159
16000, 0.8944271909999159
17000, 0.8944271909999159
18000, 0.8944271909999159
19000, 0.8944271909999159
20000, 0.8944271909999159
21000, 0.8944271909999159
22000, 0.8944271909999159
23000, 0.8944271909999159
24000, 0.8944271909999159
25000, 0.8944271909999159
26000, 0.7745966692414834
27000, 0.8944271909999159
28000, 0.8944271909999159
29000, 0.8944271909999159
30000, 0.8944271909999159
31000, 0.8944271909999159
32000, 0.8944271909999159
33000, 0.8944271909999159
34000, 0.8944271909999159
35000, 0.8944271909999159
36000, 0.8944271909999159
37000, 0.8944271909999159
38000, 0.7745966692414834
39000, 0.8944271909999159
40000, 0.8944271909999159
41000, 0.8944271909999159
42000, 0.8944271909999159
43000, 0.8944271909999159
44000, 0.8944271909999159
45000, 0.8944271909999159
46000, 0.8944271909999159
47000, 0.8944271909999159
48000, 0.8944271909999159
49000, 0.8944271909999159
50000, 0.8944271909999159
51000, 0.8944271909999159
52000, 0.8944271909999159
53000, 0.8944271909999159
54000, 0.8944271909999159
55000, 0.8944271909999159
56000, 0.7745966692414834
57000, 0.7745966692414834
58000, 0.7745966692414834
59000, 0.7745966692414834
60000, 0.7745966692414834
61000, 0.7745966692414834
62000, 0.7745966692414834
63000, 0.7745966692414834
64000, 0.7745966692414834
65000, 0.7745966692414834
66000, 0.7745966692414834
67000, 0.8944271909999159
68000, 0.8944271909999159
69000, 0.8944271909999159
70000, 0.7745966692414834
71000, 0.8944271909999159
72000, 0.8944271909999159
73000, 0.7745966692414834
74000, 0.7745966692414834
75000, 0.7745966692414834
76000, 0.7745966692414834
77000, 0.7745966692414834
78000, 0.7745966692414834
79000, 0.7745966692414834
80000, 0.7745966692414834
81000, 0.7745966692414834
82000, 0.7745966692414834
83000, 0.7745966692414834
84000, 0.7745966692414834
85000, 0.7745966692414834
86000, 0.7745966692414834
87000, 0.7745966692414834
88000, 0.7745966692414834
89000, 0.7745966692414834
90000, 0.7745966692414834
91000, 0.7745966692414834
92000, 0.7745966692414834
93000, 0.7745966692414834
94000, 0.7745966692414834
95000, 0.7745966692414834
96000, 0.7745966692414834
97000, 0.7745966692414834
98000, 0.7745966692414834
99000, 0.7745966692414834
100000, 0.7745966692414834
