1, 13.635248439247448
2, 13.013838787997953
3, 13.013838787997953
4, 12.66491215919005
5, 11.943198901466893
6, 11.394735626595292
7, 11.278297743897348
8, 11.18212859879549
9, 10.969047360641671
10, 10.007996802557443
15, 8.8
20, 8.694826047713663
25, 7.9548727205405365
30, 7.0654086930622775
35, 6.144916598294887
40, 5.374011537017761
45, 5.43323108288245
50, 4.715930449020639
55, 4.613025037868319
60, 4.68187996428785
65, 4.48998886412873
70, 4.498888751680797
75, 4.507771067833858
80, 4.507771067833858
85, 4.47213595499958
90, 4.4362146025637665
95, 4.354308211415448
100, 3.4292856398964493
150, 3.0854497241083023
200, 2.4166091947189146
250, 2.545584412271571
300, 1.876166303929372
350, 1.6492422502470643
400, 1.4142135623730951
450, 1.3856406460551018
500, 1.3266499161421599
550, 1.3266499161421599
600, 1.3266499161421599
650, 1.3266499161421599
700, 1.3856406460551018
750, 1.3856406460551018
800, 1.3856406460551018
850, 1.3856406460551018
900, 1.4142135623730951
950, 1.5491933384829668
1000, 1.5491933384829668
1250, 1.469693845669907
1500, 1.4422205101855958
1750, 1.4422205101855958
2000, 1.1661903789690602
2250, 1.1661903789690602
2500, 0.9797958971132712
2750, 0.9797958971132712
3000, 0.8944271909999159
3250, 1.1661903789690602
3500, 1.1661903789690602
3750, 1.1661903789690602
4000, 0.9797958971132712
4250, 0.9797958971132712
4500, 1.1661903789690602
4750, 1.1661903789690602
5000, 1.1661903789690602
5250, 1.0583005244258363
5500, 0.8944271909999159
5750, 0.8944271909999159
6000, 0.8944271909999159
6250, 0.8944271909999159
6500, 0.8944271909999159
6750, 0.8944271909999159
7000, 0.8944271909999159
7250, 0.8944271909999159
7500, 0.8944271909999159
7750, 0.848528137423857
8000, 0.848528137423857
8250, 0.848528137423857
8500, 0.848528137423857
8750, 0.848528137423857
9000, 0.848528137423857
9250, 0.848528137423857
9500, 0.848528137423857
9750, 0.848528137423857
10000, 0.848528137423857
11000, 0.848528137423857
12000, 0.8
13000, 0.6324555320336759
14000, 0.4898979485566356
15000, 0.4898979485566356
16000, 0.4898979485566356
17000, 0.4898979485566356
18000, 0.4898979485566356
19000, 0.4898979485566356
20000, 0.565685424949238
21000, 0.565685424949238
22000, 0.282842712474619
23000, 0.282842712474619
24000, 0.282842712474619
25000, 0.282842712474619
26000, 0.282842712474619
27000, 0.565685424949238
28000, 0.0
29000, 0.0
30000, 0.0
31000, 0.0
32000, 0.0
33000, 0.0
34000, 0.0
35000, 0.0
36000, 0.0
37000, 0.0
38000, 0.0
39000, 0.0
40000, 0.282842712474619
41000, 0.282842712474619
42000, 0.282842712474619
43000, 0.282842712474619
44000, 0.282842712474619
45000, 0.282842712474619
46000, 0.282842712474619
47000, 0.282842712474619
48000, 0.282842712474619
49000, 0.282842712474619
50000, 0.282842712474619
51000, 0.282842712474619
52000, 0.282842712474619
53000, 0.282842712474619
54000, 0.0
55000, 0.0
56000, 0.0
57000, 0.0
58000, 0.0
59000, 0.0
60000, 0.0
61000, 0.0
62000, 0.0
63000, 0.0
64000, 0.282842712474619
65000, 0.282842712474619
66000, 0.282842712474619
67000, 0.282842712474619
68000, 0.282842712474619
69000, 0.282842712474619
70000, 0.282842712474619
71000, 0.282842712474619
72000, 0.282842712474619
73000, 0.282842712474619
74000, 0.282842712474619
75000, 0.282842712474619
76000, 0.282842712474619
77000, 0.282842712474619
78000, 0.282842712474619
79000, 0.282842712474619
80000, 0.282842712474619
81000, 0.282842712474619
82000, 0.282842712474619
83000, 0.282842712474619
84000, 0.282842712474619
85000, 0.282842712474619
86000, 0.282842712474619
87000, 0.282842712474619
88000, 0.282842712474619
89000, 0.282842712474619
90000, 0.282842712474619
91000, 0.282842712474619
92000, 0.282842712474619
93000, 0.0
94000, 0.0
95000, 0.0
96000, 0.0
97000, 0.0
98000, 0.0
99000, 0.0
100000, 0.0
