1, 57.08046951453711
2, 56.58091551044398
3, 56.21796865771655
4, 55.46097727231283
5, 55.1782565871739
6, 55.05270202269821
7, 54.91848504829681
8, 54.80985312879428
9, 54.87895771604996
10, 54.169179428896655
15, 52.971879332340094
20, 51.41731225958821
25, 49.141632044530226
30, 48.016038986988505
35, 45.138010589745754
40, 44.28137305910918
45, 43.319510615887616
50, 42.685360488111144
55, 41.84973118193234
60, 41.248030256001314
65, 41.24584827591742
70, 40.91332301341459
75, 39.653499215075584
80, 38.92582690194262
85, 37.84891015604016
90, 37.52199355044985
95, 37.10875907383592
100, 36.22816583819832
150, 29.262262386903718
200, 26.920252599112068
250, 25.722363810505442
300, 25.6896866465903
350, 23.47977853387889
400, 22.43256561341123
450, 22.7574163735693
500, 22.36425719759098
550, 21.965882636488796
600, 20.06090725764914
650, 19.71547615453403
700, 18.77817882543459
750, 18.440715821247288
800, 18.08590611498357
850, 17.655594014362702
900, 17.618172436436193
950, 16.743954132760877
1000, 16.893785839769603
1250, 14.518264359075433
1500, 13.790576492663387
1750, 12.779671357276758
2000, 13.262729734108284
2250, 11.863389060466659
2500, 11.040833301884419
2750, 11.066164647247934
3000, 10.670520137275409
3250, 10.098514742277699
3500, 9.682974749528164
3750, 9.148770409186143
4000, 8.814760348415605
4250, 8.351047838445185
4500, 7.340299721401028
4750, 7.408103670980854
5000, 7.176350047203662
5250, 7.2180329730474355
5500, 7.149825172687791
5750, 7.069653456853454
6000, 6.81175454637056
6250, 6.6588287258345975
6500, 6.690291473471092
6750, 6.1692787260748725
7000, 5.973273809227232
7250, 5.871967302361279
7500, 5.758472019555187
7750, 5.60357029044876
8000, 5.9715994507334464
8250, 5.517245689653489
8500, 5.316013544000805
8750, 5.174939613174245
9000, 5.128352561983234
9250, 5.319774431308154
9500, 5.0517323761260355
9750, 5.10881590977792
10000, 5.278257288158659
11000, 4.937610758251403
12000, 4.864154602806124
13000, 4.898979485566356
14000, 4.818713521262703
15000, 4.551922670696417
16000, 4.374928570845472
17000, 4.296510211788167
18000, 4.079215610874228
19000, 3.9698866482558417
20000, 3.9496835316262997
21000, 3.8832975677895196
22000, 4.0
23000, 3.994996871087636
24000, 4.029888335921977
25000, 3.8755644750152203
26000, 4.071854614300467
27000, 3.81051177665153
28000, 3.515679166249389
29000, 3.4351128074635335
30000, 3.4467375879228173
31000, 3.023243291566195
32000, 3.271085446759225
33000, 3.340658617698013
34000, 3.3674916480965473
35000, 3.243454948045371
36000, 3.40587727318528
37000, 3.1685959035509716
38000, 3.0854497241083023
39000, 3.046309242345563
40000, 2.9899832775452104
41000, 2.817800560721074
42000, 2.8809720581775866
43000, 2.756809750418044
44000, 2.835489375751565
45000, 2.9359836511806394
46000, 3.0099833886584824
47000, 2.842534080710379
48000, 2.8284271247461903
49000, 2.7640549922170505
50000, 2.8530685235374214
51000, 2.701851217221259
52000, 2.694438717061496
53000, 2.8774989139876315
54000, 2.792848008753788
55000, 2.9086079144497976
56000, 2.756809750418044
57000, 2.7712812921102037
58000, 2.7386127875258306
59000, 2.705549851693737
60000, 2.7129319932501073
61000, 2.6645825188948455
62000, 2.749545416973504
63000, 2.80713376952364
64000, 2.86705423736629
65000, 2.734958866235469
66000, 2.6870057685088806
67000, 2.6570660511172846
68000, 2.6381811916545836
69000, 2.4617067250182343
70000, 2.4
71000, 2.4248711305964283
72000, 2.3151673805580453
73000, 2.353720459187964
74000, 2.3790754506740637
75000, 2.149418526020468
76000, 2.23606797749979
77000, 2.177154105707724
78000, 2.06881608655772
79000, 2.262741699796952
80000, 2.1260291625469296
81000, 2.078460969082653
82000, 2.16794833886788
83000, 2.23606797749979
84000, 2.2891046284519194
85000, 2.258317958127243
86000, 2.195449840010015
87000, 2.209072203437452
88000, 2.258317958127243
89000, 2.32379000772445
90000, 2.186321110907545
91000, 2.092844953645635
92000, 1.944222209522358
93000, 2.1118712081942874
94000, 2.04939015319192
95000, 2.029778313018444
96000, 2.1023796041628637
97000, 2.16794833886788
98000, 2.2847319317591723
99000, 2.130727575266252
100000, 2.2181073012818833
