1, 8.115828156551041
2, 7.229568912920511
3, 6.97614984548545
4, 6.131883886702357
5, 6.0553007081949835
6, 5.501514942874069
7, 5.3416601664027015
8, 5.329165037789691
9, 5.3416601664027015
10, 5.3416601664027015
15, 4.575295983139597
20, 3.366501646120693
25, 3.4253953543107007
30, 3.3862466931200785
35, 3.265986323710904
40, 3.1622776601683795
45, 3.183289703016886
50, 2.6331223544175333
55, 2.503331114069145
60, 2.309401076758503
65, 2.309401076758503
70, 2.309401076758503
75, 2.280350850198276
80, 2.280350850198276
85, 2.280350850198276
90, 2.250925735484551
95, 2.280350850198276
100, 2.280350850198276
150, 2.1908902300206643
200, 1.6733200530681511
250, 1.6733200530681511
300, 1.6733200530681511
350, 1.632993161855452
400, 1.632993161855452
450, 1.632993161855452
500, 1.632993161855452
550, 1.632993161855452
600, 1.632993161855452
650, 1.632993161855452
700, 1.632993161855452
750, 1.632993161855452
800, 1.632993161855452
850, 1.632993161855452
900, 1.632993161855452
950, 1.632993161855452
1000, 1.632993161855452
1250, 1.1547005383792515
1500, 1.1547005383792515
1750, 0.7302967433402214
2000, 0.7302967433402214
2250, 0.7302967433402214
2500, 0.7302967433402214
2750, 0.7302967433402214
3000, 0.7302967433402214
3250, 0.7302967433402214
3500, 0.7302967433402214
3750, 0.7302967433402214
4000, 0.7302967433402214
4250, 0.7302967433402214
4500, 0.7302967433402214
4750, 0.7302967433402214
5000, 0.7302967433402214
5250, 0.7302967433402214
5500, 0.7302967433402214
5750, 0.7302967433402214
6000, 0.7302967433402214
6250, 0.6324555320336759
6500, 0.6324555320336759
6750, 0.6324555320336759
7000, 0.6324555320336759
7250, 0.6324555320336759
7500, 0.6324555320336759
7750, 0.6324555320336759
8000, 0.6324555320336759
8250, 0.6324555320336759
8500, 0.6324555320336759
8750, 0.6324555320336759
9000, 0.6324555320336759
9250, 0.6324555320336759
9500, 0.6324555320336759
9750, 0.6324555320336759
10000, 0.6324555320336759
11000, 0.6324555320336759
12000, 0.6324555320336759
13000, 0.6324555320336759
14000, 0.7302967433402214
15000, 0.7302967433402214
16000, 0.7302967433402214
17000, 0.7302967433402214
18000, 0.7302967433402214
19000, 0.7302967433402214
20000, 0.7302967433402214
21000, 0.7302967433402214
22000, 0.7302967433402214
23000, 0.7302967433402214
24000, 0.7302967433402214
25000, 0.7302967433402214
26000, 0.7302967433402214
27000, 0.7302967433402214
28000, 0.7302967433402214
29000, 0.7302967433402214
30000, 0.7302967433402214
31000, 0.7302967433402214
32000, 0.7302967433402214
33000, 0.7302967433402214
34000, 0.7302967433402214
35000, 0.7302967433402214
36000, 0.7302967433402214
37000, 0.7302967433402214
38000, 0.7302967433402214
39000, 0.6324555320336759
40000, 0.6324555320336759
41000, 0.6324555320336759
42000, 0.6324555320336759
43000, 0.6324555320336759
44000, 0.6324555320336759
45000, 0.6324555320336759
46000, 0.6324555320336759
47000, 0.6324555320336759
48000, 0.6324555320336759
49000, 0.6324555320336759
50000, 0.6324555320336759
51000, 0.6324555320336759
52000, 0.6324555320336759
53000, 0.6324555320336759
54000, 0.6324555320336759
55000, 0.3651483716701107
56000, 0.3651483716701107
57000, 0.3651483716701107
58000, 0.3651483716701107
59000, 0.6324555320336759
60000, 0.6324555320336759
61000, 0.6324555320336759
62000, 0.6324555320336759
63000, 0.6324555320336759
64000, 0.6324555320336759
65000, 0.6324555320336759
66000, 0.6324555320336759
67000, 0.7302967433402214
68000, 0.7302967433402214
69000, 0.7302967433402214
70000, 0.7302967433402214
71000, 0.7302967433402214
72000, 0.7302967433402214
73000, 0.6324555320336759
74000, 0.6324555320336759
75000, 0.6324555320336759
76000, 0.6324555320336759
77000, 0.7302967433402214
78000, 0.7302967433402214
79000, 0.7302967433402214
80000, 0.7302967433402214
81000, 0.7302967433402214
82000, 0.7302967433402214
83000, 0.7302967433402214
84000, 0.6324555320336759
85000, 0.6324555320336759
86000, 0.6324555320336759
87000, 0.6324555320336759
88000, 0.6324555320336759
89000, 0.6324555320336759
90000, 0.6324555320336759
91000, 0.3651483716701107
92000, 0.3651483716701107
93000, 0.3651483716701107
94000, 0.3651483716701107
95000, 0.3651483716701107
96000, 0.6324555320336759
97000, 0.6324555320336759
98000, 0.3651483716701107
99000, 0.3651483716701107
100000, 0.3651483716701107
