1, 51.11403373286484
2, 50.27524241612366
3, 49.4422221722824
4, 48.53521058640486
5, 48.534523794923544
6, 48.534523794923544
7, 47.73189010853576
8, 47.73165732625582
9, 46.975643807308394
10, 46.1872998416953
15, 45.29998773607879
20, 45.28993020283624
25, 44.40820744962455
30, 43.89862058070719
35, 42.20531825361454
40, 41.41014368485094
45, 40.801143774817554
50, 40.8008714503883
55, 40.800599124141414
60, 40.7035352000017
65, 40.70571895392041
70, 40.67076482082813
75, 40.667213111082766
80, 40.1084640554695
85, 40.1084640554695
90, 40.1084640554695
95, 40.1084640554695
100, 40.10818702792071
150, 40.11843577320642
200, 37.82532954986058
250, 37.00630576897222
300, 36.99189100329963
350, 36.984080659416456
400, 36.984080659416456
450, 35.1178966720199
500, 35.14636064611337
550, 34.38604368053993
600, 34.36826701737778
650, 33.369979855486214
700, 33.36465195382682
750, 33.36465195382682
800, 33.35099532081297
850, 32.51324516425746
900, 32.50982757396429
950, 31.06266068592465
1000, 31.06266068592465
1250, 30.918890306377065
1500, 29.619438062041475
1750, 29.337499704114
2000, 28.840943119114534
2250, 28.52756951130296
2500, 28.717396972721758
2750, 28.98965332666122
3000, 29.192084162967497
3250, 29.199315060459895
3500, 28.817432995401315
3750, 28.819360776317637
4000, 28.932872500170305
4250, 28.937864468547087
4500, 28.4991227935177
4750, 28.62710448353293
5000, 28.62710448353293
5250, 28.50847827109215
5500, 28.515882514057942
5750, 28.548204847240395
6000, 28.402269079932484
6250, 27.709605233965753
6500, 27.518074868065252
6750, 27.541080427447124
7000, 27.540273540156907
7250, 27.59428282170864
7500, 26.761082854689487
7750, 26.566060218925116
8000, 26.217042802980913
8250, 26.334177201668727
8500, 26.055069884125558
8750, 26.087885651730723
9000, 25.97263517199935
9250, 26.09810550808451
9500, 26.09810550808451
9750, 26.09810550808451
10000, 25.974346318370873
11000, 24.711221022937018
12000, 23.92674003889558
13000, 23.920702330826327
14000, 24.041168394605485
15000, 24.394443811837334
16000, 24.400819658363936
17000, 23.65304772469431
18000, 23.93881088664737
19000, 23.765988770135827
20000, 23.089199014065237
21000, 22.904148095923585
22000, 22.843428425309153
23000, 22.561028345356956
24000, 22.334825820776942
25000, 22.614154859291116
26000, 22.56989144856483
27000, 22.382532872259514
28000, 23.21876635635733
29000, 23.183806609115962
30000, 23.20679976979927
31000, 23.260362087560985
32000, 22.998550678973952
33000, 22.96422338237363
34000, 23.293775992741065
35000, 23.043437243605826
36000, 23.394206310300184
37000, 23.22450812778987
38000, 23.014970973018603
39000, 22.69703847543894
40000, 22.75326594384004
41000, 22.949219304078007
42000, 22.74203157151973
43000, 22.403868713535466
44000, 21.887591614123895
45000, 22.307447685071956
46000, 22.174058917773465
47000, 22.177566242589478
48000, 22.29449359022188
49000, 22.629381098229107
50000, 22.82347719150417
51000, 22.786448214283467
52000, 22.775718064055265
53000, 22.613172169237018
54000, 22.189086406509745
55000, 22.541320083595615
56000, 22.334825820776942
57000, 22.281531964087808
58000, 21.98787544686086
59000, 21.09396964906216
60000, 20.896570691543307
61000, 20.676879197145137
62000, 20.488479147505746
63000, 20.617144968852177
64000, 20.746619537221534
65000, 20.399891067247285
66000, 20.533982673715403
67000, 20.588022407862944
68000, 20.483055327649623
69000, 20.307634032550418
70000, 20.108594072076635
71000, 19.637266159580925
72000, 20.382999452157836
73000, 20.6801031589948
74000, 20.610676844781203
75000, 20.64568827732426
76000, 20.674192178226026
77000, 20.716606328686602
78000, 20.332786877902947
79000, 20.609598626745633
80000, 20.67956586692391
81000, 20.82092964089527
82000, 20.572905590714317
83000, 20.3431670210035
84000, 20.41187018488126
85000, 20.307634032550418
86000, 20.142823370454632
87000, 20.227593914144993
88000, 20.249554178905875
89000, 19.874047845815852
90000, 19.952165017583653
91000, 19.82534853273567
92000, 19.59705193248322
93000, 19.684737460501953
94000, 19.545388771324614
95000, 19.748417658131498
96000, 20.163222846448818
97000, 20.14778730613695
98000, 20.491732750334002
99000, 20.218253578827667
100000, 19.92039714017324
