1, 57.110419364595806
2, 56.52645398395339
3, 55.98035369663182
4, 55.280195368685156
5, 55.27965267618819
6, 54.64778129073494
7, 53.883949372702816
8, 53.30009380854784
9, 52.433577028465265
10, 51.86925871843553
15, 49.8738408386601
20, 48.75387164113226
25, 46.899253725405906
30, 45.951278545868554
35, 45.26013698609407
40, 44.58497504765479
45, 44.43489619657055
50, 42.550675670311044
55, 40.327410033375564
60, 40.04472499593423
65, 40.02074462075887
70, 37.894326752167004
75, 36.043862168197236
80, 34.25930530527436
85, 33.78017169879395
90, 32.11759642314474
95, 30.52343362074457
100, 30.005999400119972
150, 24.781848195806543
200, 23.50616940294611
250, 20.98952119511067
300, 19.887684631449684
350, 17.923727290940352
400, 16.20493751916372
450, 16.287418457201866
500, 15.736581585592214
550, 15.693310676845725
600, 15.685662242952956
650, 15.542844012599497
700, 15.35057002198941
750, 13.818104066766901
800, 13.196211577570283
850, 12.922847983320086
900, 12.766362050325847
950, 12.061509026651681
1000, 12.336125809993995
1250, 11.22675376054895
1500, 10.44222198576529
1750, 10.556514576317317
2000, 9.912618221237011
2250, 9.426558226627574
2500, 9.439279633531363
2750, 9.006664199358163
3000, 9.117017056033186
3250, 8.713208364316786
3500, 8.455767262643882
3750, 8.62206471791995
4000, 8.432081593533118
4250, 7.952358140828418
4500, 7.5960516059331775
4750, 7.212489168102785
5000, 7.421590126111789
5250, 7.57495874576225
5500, 7.416198487095663
5750, 7.520638270785266
6000, 7.652450587883597
6250, 7.216647421067486
6500, 6.6588287258345975
6750, 6.604543890383347
7000, 6.322973983814895
7250, 6.212889826803627
7500, 6.1400325732035
7750, 5.849786320883866
8000, 5.716642371182581
8250, 5.407402333838309
8500, 5.299056519796708
8750, 5.372150407425317
9000, 5.2115256883181535
9250, 5.2554733373883655
9500, 5.405552700695831
9750, 5.217278984298233
10000, 5.081338406365
11000, 4.802082881417188
12000, 4.623851208678757
13000, 4.6303347611160905
14000, 4.995998398718719
15000, 4.884669896727925
16000, 4.9396356140913875
17000, 4.610856753359402
18000, 4.565084884205331
19000, 4.613025037868319
20000, 4.46318272088428
21000, 4.460941604639093
22000, 3.9140771581561853
23000, 4.004996878900157
24000, 3.7416573867739413
25000, 3.6633318168028404
26000, 3.7175260590882213
27000, 3.518522417151836
28000, 3.608323710533743
29000, 3.518522417151836
30000, 3.4176014981270124
31000, 3.304542328371661
32000, 3.237282811247729
33000, 3.40587727318528
34000, 3.271085446759225
35000, 3.2649655434629015
36000, 3.3015148038438356
37000, 3.0495901363953815
38000, 2.8284271247461903
39000, 2.831960451701259
40000, 3.03315017762062
41000, 2.9899832775452104
42000, 2.9359836511806394
43000, 3.069201850644561
44000, 3.3674916480965473
45000, 3.2031234756093934
46000, 3.1368774282716245
47000, 3.2619012860600183
48000, 3.1304951684997055
49000, 3.023243291566195
50000, 2.9427877939124323
51000, 2.8774989139876315
52000, 2.831960451701259
53000, 3.056141357987225
54000, 3.127299154222378
55000, 3.184336665618132
56000, 2.8809720581775866
57000, 2.939387691339814
58000, 3.1685959035509716
59000, 3.0886890422961
60000, 3.22490309931942
61000, 3.2741411087489802
62000, 3.0983866769659336
63000, 3.0133038346638727
64000, 3.023243291566195
65000, 2.9832867780352594
66000, 3.0166206257996713
67000, 3.003331483536241
68000, 2.9765752132274432
69000, 3.0983866769659336
70000, 3.1368774282716245
71000, 3.0133038346638727
72000, 2.874021572639983
73000, 2.814249455894058
74000, 2.814249455894058
75000, 2.8635642126552705
76000, 2.85657137141714
77000, 2.824889378365107
78000, 2.8879058156387303
79000, 2.778488797889961
80000, 2.8495613697550013
81000, 2.817800560721074
82000, 2.749545416973504
83000, 2.778488797889961
84000, 2.6832815729997477
85000, 2.6267851073127395
86000, 2.6076809620810595
87000, 2.4248711305964283
88000, 2.4899799195977463
89000, 2.493992782667985
90000, 2.4248711305964283
91000, 2.1400934559032696
92000, 2.1540659228538015
93000, 2.092844953645635
94000, 2.039607805437114
95000, 2.0
96000, 1.96468827043885
97000, 2.04939015319192
98000, 2.0
99000, 1.9798989873223332
100000, 2.004993765576342
