1, 45.97281805589037
2, 45.20121679778101
3, 44.81378136243359
4, 44.36158247853654
5, 43.80468011525709
6, 43.847177788313815
7, 43.73842704076131
8, 43.476142883195145
9, 42.885312170951956
10, 42.3219801049053
15, 39.99406205926075
20, 37.600864351767235
25, 35.57492094158468
30, 32.94920332876047
35, 31.57332735078772
40, 30.830990902012864
45, 28.541636253025157
50, 28.048618504304272
55, 27.98437063791144
60, 27.26169473822198
65, 26.853770684952234
70, 25.899324315510626
75, 25.354486782421766
80, 25.638837727166962
85, 25.260146476218225
90, 24.817332652805376
95, 24.29660470106883
100, 23.194827009486403
150, 23.290556025994743
200, 20.503658210182884
250, 20.122748321240813
300, 18.720309826495928
350, 19.23733349505591
400, 18.470923095503377
450, 18.080376102282827
500, 17.43989678868542
550, 15.876869968605273
600, 15.455581516073732
650, 15.350081433008752
700, 15.724185193516387
750, 14.823967080373594
800, 14.284607099952032
850, 13.921206844235885
900, 13.90773166264003
950, 13.852797551397336
1000, 13.347284367990367
1250, 12.220883765096533
1500, 10.880027573494472
1750, 9.48024261292927
2000, 8.442452250383178
2250, 7.837410286567879
2500, 7.314369419163897
2750, 7.360366838684061
3000, 7.481644204317658
3250, 6.90108687092113
3500, 6.422616289332565
3750, 6.40117176773128
4000, 6.391400472509918
4250, 6.172519744804386
4500, 6.322578587886433
4750, 6.024948132556827
5000, 6.142068055630775
5250, 5.790077719685635
5500, 5.4795072771189925
5750, 5.303300858899107
6000, 5.298584716695582
6250, 5.274940757961174
6500, 5.167204273105526
6750, 4.959838707054898
7000, 5.244044240850758
7250, 4.772315999596003
7500, 5.0571731233961135
7750, 5.0
8000, 4.959838707054898
8250, 4.893873721296862
8500, 4.845100618150257
8750, 4.703721930556695
9000, 4.612483062299525
9250, 4.474930167052889
9500, 4.452527372178637
9750, 4.295346318982906
10000, 4.47213595499958
11000, 4.568916720624267
12000, 4.2130748865881795
13000, 4.58530260724415
14000, 4.3903302837030385
15000, 3.978064856183217
16000, 4.031128874149275
17000, 4.021815510438041
18000, 3.908324449172561
19000, 3.721558813185679
20000, 3.6503424496887957
21000, 3.1898275815473163
22000, 3.3391615714128
23000, 3.1064449134018135
24000, 3.22490309931942
25000, 3.2596012026013246
26000, 2.9197602641312868
27000, 2.8151376520518494
28000, 3.0041637771599605
29000, 3.1741140496207754
30000, 2.9748949561287032
31000, 2.8635642126552705
32000, 3.082207001484488
33000, 2.8416544476765644
34000, 2.8679260799399975
35000, 2.6315394733881536
36000, 2.8240042492885875
37000, 2.9706901555025893
38000, 3.122498999199199
39000, 3.146426544510455
40000, 2.80178514522438
41000, 2.6457513110645907
42000, 2.6457513110645907
43000, 2.6739483914241875
44000, 2.7431733448690405
45000, 2.924038303442689
46000, 2.876629972728505
47000, 3.1344856037314957
48000, 3.09434968935316
49000, 3.0618621784789726
50000, 3.0041637771599605
51000, 3.0495901363953815
52000, 2.979093821953246
53000, 2.979093821953246
54000, 2.7613402542968153
55000, 2.9368350311176825
56000, 2.9068883707497264
57000, 2.9958304357890486
58000, 2.9283100928692645
59000, 2.9283100928692645
60000, 2.792848008753788
61000, 2.8460498941515415
62000, 2.9154759474226504
63000, 2.8548204847240397
64000, 2.6504716561397146
65000, 2.6879360111431225
66000, 2.6362852652928135
67000, 2.4647515087732477
68000, 2.6124700955226263
69000, 2.5787593916455256
70000, 2.3874672772626644
71000, 2.55440795488896
72000, 2.622022120425379
73000, 2.55440795488896
74000, 2.55440795488896
75000, 2.6410225292488514
76000, 2.5592967784139455
77000, 2.6410225292488514
78000, 2.602883016964074
79000, 2.593260495977988
80000, 2.659887215654077
81000, 2.6645825188948455
82000, 2.6879360111431225
83000, 2.602883016964074
84000, 2.6457513110645907
85000, 2.318404623873926
86000, 2.5099800796022267
87000, 2.382225849914319
88000, 2.339871791359518
89000, 2.4083189157584592
90000, 2.4031229681395834
91000, 2.4083189157584592
92000, 2.361143790623519
93000, 2.4899799195977463
94000, 2.583602136552763
95000, 2.593260495977988
96000, 2.6879360111431225
97000, 2.5248762345905194
98000, 2.6504716561397146
99000, 2.669269563007828
100000, 2.544602129999894
