1, 28.135386970859315
2, 27.288825551862796
3, 27.288825551862796
4, 27.288825551862796
5, 26.48546771344618
6, 25.5499510762741
7, 25.5507338446472
8, 25.546819762937226
9, 25.544471026036142
10, 25.544471026036142
15, 25.54212207315594
20, 24.64386333349542
25, 23.830232898568156
30, 23.026072179162473
35, 23.01999131190105
40, 23.01999131190105
45, 23.018253626198494
50, 22.219810980294138
55, 22.219810980294138
60, 22.219810980294138
65, 22.219810980294138
70, 22.219810980294138
75, 22.218910864396573
80, 22.218910864396573
85, 22.218910864396573
90, 22.218910864396573
95, 22.218910864396573
100, 22.218910864396573
150, 22.218910864396573
200, 21.823840175367852
250, 21.502557987365133
300, 20.839385787493832
350, 20.839385787493832
400, 20.452872658871172
450, 20.452872658871172
500, 20.352886773133683
550, 20.352886773133683
600, 20.352886773133683
650, 19.540726700918775
700, 19.6509541753066
750, 19.20208322031753
800, 19.20208322031753
850, 19.20208322031753
900, 19.20208322031753
950, 19.20208322031753
1000, 18.348841925309618
1250, 18.263625050903777
1500, 18.285513391753593
1750, 18.467268341582088
2000, 18.3597385602301
2250, 18.208789086592223
2500, 18.212083900531535
2750, 18.212083900531535
3000, 17.504285189632853
3250, 17.29392957080605
3500, 16.672132437093943
3750, 16.672132437093943
4000, 16.02872421623131
4250, 16.112107248898266
4500, 16.113348503647526
4750, 15.661417560361514
5000, 15.569200364822851
5250, 15.289211882893113
5500, 15.289211882893113
5750, 15.289211882893113
6000, 15.23023309079674
6250, 15.070500987027605
6500, 15.041276541570532
6750, 14.947909552843836
7000, 14.947909552843836
7250, 15.122169156572744
7500, 14.190137420053409
7750, 14.211263138792413
8000, 14.137892346456738
8250, 14.423591785682234
8500, 14.423591785682234
8750, 14.316424134538625
9000, 14.352700094407323
9250, 14.296852800529214
9500, 14.267445461609446
9750, 14.605478424207815
10000, 14.626004239025777
11000, 13.4
12000, 13.567608484917304
13000, 13.68064325973015
14000, 13.63964808930201
15000, 13.530705820466277
16000, 14.159096016342286
17000, 13.92264342716569
18000, 13.849187701811251
19000, 13.785499628232557
20000, 13.695254652615994
21000, 13.461054936371072
22000, 13.661625086350451
23000, 13.979985693841035
24000, 14.316424134538625
25000, 14.384714109081209
26000, 14.725488107359974
27000, 14.506550244630871
28000, 14.7770091696527
29000, 14.478950238190611
30000, 14.313629868066311
31000, 13.507035203922436
32000, 13.620572675185137
33000, 13.63964808930201
34000, 13.272528018429647
35000, 13.169662106523463
36000, 12.956851469396414
37000, 12.93986089569745
38000, 12.873228033403278
39000, 13.049137902558927
40000, 13.305637902783918
41000, 13.225732493892352
42000, 13.281566172707194
43000, 13.221195104830729
44000, 13.134686901483416
45000, 12.8
46000, 12.814054783713077
47000, 12.915107432770352
48000, 13.056798995159571
49000, 13.127071265137552
50000, 13.21060180309739
51000, 13.177253128023306
52000, 13.269513932318697
53000, 13.269513932318697
54000, 13.36413109783049
55000, 13.592645070036957
56000, 13.736083866954221
57000, 13.75790681753587
58000, 13.419388957773004
59000, 13.30413469565007
60000, 13.142298124757328
61000, 12.98614646459834
62000, 13.018448448259877
63000, 13.114877048604
64000, 12.83744522870497
65000, 13.477388471065156
66000, 13.487772240069893
67000, 13.0843417870369
68000, 12.863902984708801
69000, 12.798437404620925
70000, 13.09503722789668
71000, 13.352153384379616
72000, 13.340164916521834
73000, 13.268006632497588
74000, 13.289093272304171
75000, 13.140776232780162
76000, 13.326664999166145
77000, 13.268006632497588
78000, 13.200000000000001
79000, 13.131641176943573
80000, 13.200000000000001
81000, 13.443213901444848
82000, 13.465511501610326
83000, 13.242356285797479
84000, 13.420879255846094
85000, 13.3086438076913
86000, 13.580868897091968
87000, 13.498148021117563
88000, 13.222707740852476
89000, 13.346160496562298
90000, 13.561710806531748
91000, 13.423859355639868
92000, 13.200000000000001
93000, 13.478872356395398
94000, 13.614697940094008
95000, 13.328165665236908
96000, 13.438749941865872
97000, 13.209087780766694
98000, 13.085870242364471
99000, 13.19090595827292
100000, 13.287588193498472
