20.82443619542058
17.950726208946854
16.081933074993547
14.840100115180201
13.424923516674925
11.957066051980668
11.583239122604203
11.221153493036521
9.873485417303977
9.944129639426182
9.69093832991861
9.241212041718338
9.531901324349873
8.73907481209702
8.412575620547406
8.904252595569956
8.817191000701818
8.771707766612904
8.18011526289732
7.9606173486375145
7.532785483661216
7.26046043404175
6.919950453992737
6.572670690061994
6.967270422687578
6.559616713541382
7.006119773863011
6.8535704980271825
5.874886017131372
5.661902759421329
6.110880226518692
5.608666762889631
5.732115042211108
5.560061664611798
5.342551557341974
5.437961803049794
5.529143565818179
5.776800894217194
5.69711706542378
5.31843156256751
5.606119105813881
5.440588203494177
5.315744807375807
5.495452665613635
5.526559249918265
5.275279274936203
5.034168962485977
5.079370039680118
4.6934604961128015
4.6934604961128015
4.922252678253264
4.741910404648562
4.6352685235824564
4.332600670662895
4.488079449258573
4.1952353926806065
4.306141793166725
4.342481186734475
4.459340117743239
4.8638609002666655
4.913538149119954
4.807731867969107
4.675162334843877
4.702582876918355
4.404543109109048
4.401298509693312
4.6352685235824564
4.965595921653599
4.875595201760352
4.699544050832409
5.121383741585025
4.942526826287484
4.58257569495584
4.786886849956422
4.994282445242474
4.750939756661683
4.591918366621328
4.846206174495085
4.579457235462361
4.365448757818932
4.616739727804212
4.801785382245114
4.5071371971891105
4.58257569495584
4.312771730569565
4.3850395013695636
4.27617987059879
4.484895284651104
4.570089089472358
4.729844455310192
4.849153092477667
4.69041575982343
4.516635916254486
4.535573676110727
4.576336650953156
4.595028369257987
4.6012420683363935
4.644505202002531
4.513471897711181
4.355620342893602
4.488079449258573
4.269493111432718
4.222389303293981
4.279519332154689
4.198639235344165
4.339190181194116
4.269493111432718
3.971325795175784
4.063777271736939
4.225771273642583
4.164475614390981
4.246006527146588
4.077814540727843
4.130029401486491
4.202040320742158
4.252730215486786
4.381780460041329
4.4077853201547175
4.09878030638384
4.365448757818932
4.319391491534757
4.2895221179054435
4.269493111432718
4.007136490954963
4.049691346263317
4.147288270665544
4.232527107330291
4.266145801540309
4.286190449738388
4.38829612231705
4.378518992927697
4.452928410447605
4.433637655147617
4.27617987059879
4.18500725379129
3.9424430424366492
4.21561722306812
4.362175079999819
4.181592314623018
4.20883424647321
4.2594432902501635
3.843361623816912
3.924283374069717
3.775863193647627
3.8877095717511763
3.8097618973218936
3.996426975615665
4.225771273642583
4.181592314623018
4.0743097574926725
3.9388178066884123
3.909694909544003
3.843361623816912
3.8247315498700596
3.858200913082973
3.764495792457281
3.6916895086899477
3.6645015252516173
3.714835124201342
3.5496478698597698
3.488757453797637
3.492849839314596
3.7454734585325027
3.60951124510943
3.3932706514932924
3.1532296368734616
3.1396087108337016
3.116774889895918
3.1259284335103663
3.1712998686883673
3.277629805645711
2.8535691936340255
2.6726124191242437
2.7774602993176543
2.8685486624025445
2.8585710716070314
2.951996902824546
3.2293298729878046
3.1532296368734616
3.3166247903554
3.3509060608395793
3.3763886032268267
3.3509060608395793
3.430951554806417
3.320929301953209
3.521363372331802
3.401680257083045
3.2906794782493525
3.0659419433511785
3.1847852585154217
3.3466401061363023
3.251373336211726
3.0845235797908424
2.9568322818274866
2.932575659723036
3.22490309931942
3.2071349029490928
3.1892677171144745
3.4517076519145875
3.1937438845342623
3.4641016151377544
3.484660262185848
3.295017884191656
3.286335345030997
3.3423687066852112
3.3423687066852112
3.389058023361991
3.4100691237233636
3.3848401523768974
3.521363372331802
3.3763886032268267
3.175801361186541
3.2732683535398857
3.1121880222303866
3.148695875165735
3.180296482135858
3.2293298729878046
3.1396087108337016
3.255764119219941
3.1892677171144745
3.1712998686883673
3.268901082277389
3.372154885444702
3.268901082277389
3.3252282413607124
3.6839419880650364
3.5496478698597698
3.3380918415851206
3.1622776601683795
3.2293298729878046
3.3848401523768974
3.4142558277233497
3.40587727318528
3.307998963551401
3.3636714634883287
3.56971387408811
3.4558439118191004
3.4100691237233636
3.4434202266268428
3.56971387408811
3.5173041624841845
3.488757453797637
3.2293298729878046
3.4100691237233636
3.5010202594590707
3.3166247903554
3.4599752269963684
3.260148988707637
3.401680257083045
3.3252282413607124
3.320929301953209
3.367915845572324
3.3166247903554
3.4226138716316967
3.439269025326665
3.3763886032268267
3.277629805645711
3.102993945945017
3.202677451312083
3.251373336211726
3.1622776601683795
3.22490309931942
3.2906794782493525
3.295017884191656
3.1577568892219317
3.03315017762062
3.116774889895918
3.2425739335111103
3.04255531702266
3.1622776601683795
3.22490309931942
3.075246796135695
3.0189875313233268
2.937443008565686
2.8735244660769563
2.9856801091687157
3.102993945945017
3.0189875313233268
2.9471535904520287
3.0612789110808856
3.1259284335103663
3.2071349029490928
2.8385106758902383
2.9277002188455996
2.7723120830300267
2.9081167199998794
3.102993945945017
2.961659766318301
3.075246796135695
2.898275349237888
3.004758131459407
3.0378563870880115
3.089151524748688
2.9423023055326687
3.0659419433511785
3.0659419433511785
3.1304951684997055
3.320929301953209
3.3166247903554
3.359421718944242
3.3423687066852112
3.3123146848433
3.238165265349236
3.3974780562730853
3.5936451848068853
3.5294677866702306
3.4351128074635335
3.484660262185848
3.625307868699863
3.525417908358019
3.6488745818794204
3.492849839314596
3.5777087639996634
3.4267852490135913
3.492849839314596
3.4142558277233497
3.5091716564291513
3.5173041624841845
3.5936451848068853
3.553670135025398
3.5496478698597698
3.625307868699863
3.585685828003181
3.5976182597459037
3.6527875852363962
3.5050983275386565
3.3636714634883287
3.2732683535398857
3.260148988707637
3.4100691237233636
3.4969374356101124
3.6371103129505746
3.687817782917155
3.5456210417116734
3.5091716564291513
3.4434202266268428
3.4641016151377544
3.295017884191656
3.260148988707637
3.286335345030997
3.1892677171144745
3.40587727318528
3.418437404094784
3.2469766156929962
3.1259284335103663
3.0189875313233268
2.971291205616075
3.0798886807341406
3.251373336211726
3.056608765095256
2.9423023055326687
3.102993945945017
3.303677604471374
3.3636714634883287
3.2071349029490928
3.175801361186541
3.0659419433511785
3.028436654683167
3.116774889895918
2.937443008565686
2.792848008753788
2.741219749360805
2.878491668515698
2.971291205616075
2.8685486624025445
2.7619868624907378
2.8385106758902383
2.9952343099378003
2.7516228977511745
2.9277002188455996
2.917924898671265
2.8635642126552705
2.961659766318301
3.028436654683167
2.893342111024649
2.8284271247461903
2.917924898671265
3.0659419433511785
3.04255531702266
2.8685486624025445
2.990461025135948
3.180296482135858
2.990461025135948
2.7825989906663056
2.7360033416855116
2.6295029405356662
2.6349301969610397
2.7202941017470885
2.8284271247461903
2.7202941017470885
2.65114530506561
2.843539042410757
2.6886002731107927
2.7202941017470885
2.7516228977511745
2.8635642126552705
2.767154288640743
2.7619868624907378
2.741219749360805
2.7723120830300267
