1, 33.88706734630976
2, 33.065087327875
3, 33.06407919984062
4, 32.16260768863951
5, 32.16260768863951
6, 31.386302744987344
7, 30.469110040607795
8, 30.469110040607795
9, 30.470204025134674
10, 29.588849251026982
15, 28.771513689759182
20, 28.758766779308647
25, 28.758187240042325
30, 28.758187240042325
35, 28.758187240042325
40, 28.758187240042325
45, 28.75702812647139
50, 28.755868966178017
55, 28.75644855216536
60, 28.754709759156558
65, 28.754709759156558
70, 28.755289368508652
75, 28.754709759156558
80, 28.754709759156558
85, 28.754709759156558
90, 28.754709759156558
95, 28.754709759156558
100, 28.754709759156558
150, 27.748873851023216
200, 26.908486889207776
250, 26.908486889207776
300, 26.908486889207776
350, 26.722025871304496
400, 26.721402158818936
450, 26.753815927203107
500, 25.94738265541761
550, 25.94738265541761
600, 25.78888649528449
650, 25.78888649528449
700, 25.78888649528449
750, 25.720938292890224
800, 25.73130389234094
850, 25.73130389234094
900, 25.706030420895406
950, 25.706030420895406
1000, 25.482673852377946
1250, 22.869193252058544
1500, 22.687735306401414
1750, 22.609732417700126
2000, 22.540334218166922
2250, 20.816659994661325
2500, 20.478443951303202
2750, 19.77961914024973
3000, 19.745885647395003
3250, 18.952572384771415
3500, 18.952572384771415
3750, 19.028049470890775
4000, 19.028049470890775
4250, 17.336858615870025
4500, 17.179445082229325
4750, 16.705288583758936
5000, 16.705288583758936
5250, 16.624279433006013
5500, 16.656330128012392
5750, 16.734196524880822
6000, 16.724233913695418
6250, 16.676330531624757
6500, 16.70828137980285
6750, 16.70828137980285
7000, 16.663332999933317
7250, 16.663332999933317
7500, 16.419500601419035
7750, 16.718253497300488
8000, 16.67932852365466
8250, 16.66933312003413
8500, 16.731208364410904
8750, 16.731208364410904
9000, 17.0909332688417
9250, 17.243356208503418
9500, 17.115295303713967
9750, 17.115295303713967
10000, 17.074347230079788
11000, 17.048949136725895
12000, 17.86896751354146
13000, 17.91740308564088
14000, 17.516658737708322
15000, 17.7557502422924
16000, 17.620064320730123
17000, 17.217239422547777
18000, 17.37047303136369
19000, 16.877006053602436
20000, 16.78987790307005
21000, 16.878981011897608
22000, 16.940090515303236
23000, 17.289688641885178
24000, 17.326280616450838
25000, 17.504285189632853
26000, 17.759504497592268
27000, 17.28293956478469
28000, 17.257848456088997
29000, 17.218207417343613
30000, 17.312808360671394
31000, 17.14253967960018
32000, 17.049926686059386
33000, 17.18429515575195
34000, 16.369687433383284
35000, 16.640312497065672
36000, 16.609234379304382
37000, 16.047845130525573
38000, 16.35236985883086
39000, 16.492422502470642
40000, 17.03917055884274
41000, 16.959756287557123
42000, 17.23272081438873
43000, 16.952875862224673
44000, 16.822603841260722
45000, 17.08995806509386
46000, 17.378147196982766
47000, 17.332051234634633
48000, 17.36471518146305
49000, 17.26267650163207
50000, 17.06555985994404
51000, 16.739175606940744
52000, 16.56703554250629
53000, 16.69131510696506
54000, 16.605220062779456
55000, 16.278820596099706
56000, 16.81170227351571
57000, 16.56602949814268
58000, 16.441816606851365
59000, 16.611241173775465
60000, 16.42356031234803
61000, 16.19053221278823
62000, 16.303373883954205
63000, 16.28803241647069
64000, 15.850341741846872
65000, 15.800843859321775
66000, 16.310528297186863
67000, 16.36663272230017
68000, 16.2234398325386
69000, 16.460052652811697
70000, 16.69131510696506
71000, 16.95680787569799
72000, 16.76305461424021
73000, 16.743157806499145
74000, 16.703293088490067
75000, 16.87404318275064
76000, 16.93221781102523
77000, 16.818640452386948
78000, 16.81467612930244
79000, 16.806744677856763
80000, 16.777961735562517
81000, 16.728219670166137
82000, 16.639310883166605
83000, 16.79980158612992
84000, 16.772994167212165
85000, 16.7441532084088
86000, 16.69231360037707
87000, 16.65132627350346
88000, 16.547910240671882
89000, 16.607227342335023
90000, 16.51161207554651
91000, 16.203908993408554
92000, 16.11934655416693
93000, 16.203908993408554
94000, 16.005207485898666
95000, 16.252179341040183
96000, 16.432690994883746
97000, 16.52977112162577
98000, 16.482313753434823
99000, 16.49444350885069
100000, 16.272676485446393
