1, 46.10965191800953
2, 45.63715591489023
3, 44.928832613367554
4, 44.16559747133508
5, 43.36790287758909
6, 42.486762644381365
7, 41.9350688565072
8, 41.84823771677847
9, 41.57854013791249
10, 41.04814246710806
15, 40.33701773805297
20, 39.07460812343484
25, 37.6234634237732
30, 36.39883239885587
35, 34.97927958091761
40, 33.227624049877534
45, 32.0089831141197
50, 29.394727418365356
55, 29.042210659658814
60, 28.979302959181055
65, 27.99419582699242
70, 27.510452558982013
75, 26.511318337645903
80, 26.457040650836216
85, 26.402177940465442
90, 24.93441396945194
95, 23.947860029656095
100, 22.462190454183226
150, 19.773087771008353
200, 17.5527775579821
250, 16.09192344003662
300, 14.566228063572257
350, 12.81990639591413
400, 12.326800071389167
450, 11.786644984897102
500, 11.54664453423591
550, 10.969275272323145
600, 10.607780163634615
650, 10.100742546961586
700, 9.481561052906848
750, 9.229030284921595
800, 9.241212041718338
850, 9.219544457292887
900, 9.250675650999769
950, 8.869892896760366
1000, 9.229030284921595
1250, 9.406115032254283
1500, 8.896628574915331
1750, 8.23407554009556
2000, 7.784600182411426
2250, 8.060707165007297
2500, 7.493330367733695
2750, 7.739509028355739
3000, 7.548178588242332
3250, 7.179832867135557
3500, 6.002082971769051
3750, 5.87154153523587
4000, 5.5113519212621505
4250, 5.4198708471697
4500, 5.2129646075913465
4750, 5.113707070218238
5000, 5.205766033928148
5250, 4.8425200051213
5500, 4.9899899799498595
5750, 4.929503017546495
6000, 4.466542286825459
6250, 4.524930938699507
6500, 4.682413907377263
6750, 4.398863489584555
7000, 4.513867521316947
7250, 4.494441010848846
7500, 4.596194077712559
7750, 4.48051336344397
8000, 4.424364361125788
8250, 4.298255460067491
8500, 3.895510236156491
8750, 3.640054944640259
9000, 3.5355339059327378
9250, 3.4677081768799405
9500, 3.456877203488721
9750, 3.5672117963473937
10000, 3.255764119219941
11000, 3.0083217912982647
12000, 2.7748873851023217
13000, 2.7838821814150108
14000, 3.09434968935316
15000, 3.2171415884290826
16000, 3.082207001484488
17000, 2.8722813232690143
18000, 2.734044622898463
19000, 2.715695122800054
20000, 2.8591956910991594
21000, 2.7294688127912363
22000, 2.7386127875258306
23000, 2.4849547279578355
24000, 2.4596747752497685
25000, 2.5298221281347035
26000, 2.4748737341529163
27000, 2.361143790623519
28000, 2.2304708023195463
29000, 2.280350850198276
30000, 2.280350850198276
31000, 2.2416511771459895
32000, 2.361143790623519
33000, 2.32379000772445
34000, 2.4238399287081647
35000, 2.4392621835300936
36000, 2.1908902300206643
37000, 2.382225849914319
38000, 2.185177338341216
39000, 2.3874672772626644
40000, 2.043281674170255
41000, 2.1447610589527217
42000, 2.1447610589527217
43000, 2.1908902300206643
44000, 2.0615528128088303
45000, 2.0676073128135335
46000, 2.173706511928416
47000, 2.202271554554524
48000, 2.115419580130618
49000, 2.043281674170255
50000, 1.9170289512680814
51000, 2.0
52000, 1.9429359227725447
53000, 1.981161275615895
54000, 2.043281674170255
55000, 1.9621416870348585
56000, 1.8841443681416772
57000, 1.7677669529663689
58000, 1.7677669529663689
59000, 1.710263137648707
60000, 1.7888543819998317
61000, 1.8371173070873836
62000, 1.8708286933869707
63000, 1.857417562100671
64000, 1.9300259065618783
65000, 1.9493588689617927
66000, 1.9039432764659772
67000, 1.8439088914585775
68000, 1.8708286933869707
69000, 1.9235384061671346
70000, 1.9235384061671346
71000, 1.8641351882307249
72000, 1.8303005217723127
73000, 1.7677669529663689
74000, 1.8027756377319946
75000, 1.7677669529663689
76000, 1.8027756377319946
77000, 1.7748239349298849
78000, 1.7677669529663689
79000, 1.6583123951777
80000, 1.4577379737113252
81000, 1.5811388300841898
82000, 1.5
83000, 1.760681686165901
84000, 1.680773631397161
85000, 1.6507574019219178
86000, 1.5329709716755893
87000, 1.61245154965971
88000, 1.5329709716755893
89000, 1.5811388300841898
90000, 1.710263137648707
91000, 1.6431676725154984
92000, 1.665833124895768
93000, 1.70293863659264
94000, 1.746424919657298
95000, 1.7535677916750183
96000, 1.7748239349298849
97000, 1.724818831066034
98000, 1.6881943016134133
99000, 1.746424919657298
100000, 1.7535677916750183
