1, 51.24321093244125
2, 50.55382170408968
3, 50.101674400939714
4, 49.381958018873426
5, 49.20907775333057
6, 49.196657519704644
7, 48.4187750544949
8, 47.553945974837646
9, 47.15082183801253
10, 46.230100824270565
15, 44.12910352338667
20, 43.414539295289345
25, 43.00800958994602
30, 42.05181988399023
35, 40.947934420839026
40, 39.96053608805123
45, 39.74865476409932
50, 39.50668016649561
55, 37.95172372018606
60, 37.797413197789666
65, 37.28866375246563
70, 36.21877965917681
75, 34.54240550074325
80, 34.28119017770533
85, 34.42802476019919
90, 33.38995191504308
95, 32.62003474349263
100, 31.97950732717577
150, 28.005158255023108
200, 23.472915834590676
250, 22.77376658448146
300, 20.1544039852336
350, 19.473058311420935
400, 18.8691400027782
450, 18.138969712258252
500, 15.73460446842493
550, 15.330434508591797
600, 14.977761292440647
650, 15.042901611354402
700, 14.181364924121764
750, 14.192329696784183
800, 14.088608479508858
850, 13.047775459611668
900, 13.047775459611668
950, 13.024762740428113
1000, 12.38996009320091
1250, 11.429007928172167
1500, 10.155458302476227
1750, 9.622889378975527
2000, 9.123839347798954
2250, 8.660254037844387
2500, 8.270429251254134
2750, 7.164728420068226
3000, 7.235713893981406
3250, 6.651649753590792
3500, 6.489307444643929
3750, 6.559132733999383
4000, 6.8084914302329524
4250, 6.559132733999383
4500, 6.285786435372356
4750, 6.4635731432217725
5000, 6.37529955723215
5250, 5.93108571661022
5500, 6.146362971528592
5750, 6.082762530298219
6000, 5.96843549200477
6250, 5.959119994689746
6500, 6.106462878695726
6750, 5.678419185340622
7000, 5.727128425310541
7250, 5.855671514770009
7500, 5.648992043817296
7750, 5.761944116355173
8000, 5.573747990954262
8250, 5.561774297230456
8500, 5.174724898753341
8750, 5.046450898073483
9000, 4.402019738458447
9250, 4.469650744496462
9500, 4.38684903369656
9750, 4.060651288757616
10000, 4.437216344611663
11000, 4.714045207910317
12000, 3.9916579679793878
13000, 4.292111627418632
14000, 4.066120181860509
15000, 4.10690475500305
16000, 4.197883064381644
17000, 4.221637386396684
18000, 4.253103442063088
19000, 4.237399621885521
20000, 3.977715704047013
21000, 4.063386655378874
22000, 3.9468693641641823
23000, 4.242640687119285
24000, 4.049691346263317
25000, 4.038701661562922
26000, 3.9916579679793878
27000, 3.8297084310253524
28000, 3.73571352696584
29000, 3.832608627147949
30000, 3.861490788686555
31000, 3.7918040268159663
32000, 3.809345233909774
33000, 3.783002922429629
34000, 3.4286375654996775
35000, 3.4608926273113094
36000, 3.753516869402466
37000, 3.7653389990514503
38000, 3.7446257786622983
39000, 3.611709352155077
40000, 3.5496478698597698
41000, 3.537104905301949
42000, 3.6514837167011076
43000, 3.3928028399998595
44000, 3.412395704551927
45000, 3.4189017079888226
46000, 3.5901098714230026
47000, 3.654525352977532
48000, 3.3099177566150426
49000, 3.3333333333333335
50000, 3.2998316455372216
51000, 3.141125063837266
52000, 3.245509718570156
53000, 3.4608926273113094
54000, 3.343318378165289
55000, 3.228346670080867
56000, 2.9514591494904874
57000, 2.851899951494325
58000, 2.796823595120404
59000, 2.7688746209726918
60000, 2.886751345948129
61000, 2.8635642126552705
62000, 2.796823595120404
63000, 2.886751345948129
64000, 2.6246692913372702
65000, 2.5991451586157237
66000, 2.6076809620810595
67000, 2.7527763762750106
68000, 2.8635642126552705
69000, 2.7202941017470885
70000, 2.7527763762750106
71000, 2.9097537123726926
72000, 2.8284271247461903
73000, 2.788866755113585
74000, 2.6624967396954475
75000, 2.74469184669852
76000, 2.7284509239574835
77000, 2.716206504995115
78000, 2.6749870196985173
79000, 2.4899799195977463
80000, 2.5298221281347035
81000, 2.3617319445224467
82000, 2.54296414970142
83000, 2.649947588580239
84000, 2.4988886418655083
85000, 2.5385910352879693
86000, 2.463060426921489
87000, 2.422120283277993
88000, 2.449489742783178
89000, 2.440400695696417
90000, 2.6119384032212976
91000, 2.6204325342711394
92000, 2.6915505650915135
93000, 2.6457513110645907
94000, 2.503331114069145
95000, 2.4765567494675613
96000, 2.4267032964268394
97000, 2.3804761428476167
98000, 2.4083189157584592
99000, 2.494438257849294
100000, 2.4988886418655083
