1, 13.635248439247448
2, 12.874781551544865
3, 11.916375287812984
4, 11.916375287812984
5, 11.906300852909773
6, 11.906300852909773
7, 11.906300852909773
8, 11.906300852909773
9, 11.906300852909773
10, 11.906300852909773
15, 11.906300852909773
20, 11.902940813093208
25, 11.902940813093208
30, 11.902940813093208
35, 11.902940813093208
40, 11.902940813093208
45, 11.902940813093208
50, 11.24633273560764
55, 11.24633273560764
60, 11.24633273560764
65, 11.24633273560764
70, 10.4
75, 10.4
80, 10.4
85, 10.4
90, 10.4
95, 10.392304845413264
100, 10.392304845413264
150, 9.919677414109795
200, 9.919677414109795
250, 9.919677414109795
300, 9.919677414109795
350, 9.919677414109795
400, 9.919677414109795
450, 9.037698822156003
500, 9.033271832508971
550, 9.033271832508971
600, 9.09945053286186
650, 9.09945053286186
700, 9.09945053286186
750, 9.09945053286186
800, 9.09945053286186
850, 9.09945053286186
900, 9.143303560529969
950, 8.957678270623477
1000, 8.957678270623477
1250, 8.957678270623477
1500, 8.903931715820827
1750, 8.676404785393544
2000, 8.42852300228219
2250, 8.49470423263812
2500, 8.337865434270332
2750, 8.357032966310472
3000, 7.4565407529228995
3250, 7.4565407529228995
3500, 7.277362159464101
3750, 6.675327707311455
4000, 6.870225614927067
4250, 7.161005515987263
4500, 7.578918128598566
4750, 7.615773105863909
5000, 7.610519036176179
5250, 7.520638270785266
5500, 7.879086241436884
5750, 7.424284477308234
6000, 7.493997598078078
6250, 7.504665215717488
6500, 7.610519036176179
6750, 7.6733304373003515
7000, 7.751128950030441
7250, 7.683749084919419
7500, 7.573638491504595
7750, 7.504665215717488
8000, 7.504665215717488
8250, 7.678541528180987
8500, 7.488658090739622
8750, 7.62102355330306
9000, 7.62102355330306
9250, 7.310266752998826
9500, 7.0654086930622775
9750, 7.0654086930622775
10000, 7.288346863315439
11000, 7.310266752998826
12000, 7.019971509913698
13000, 6.443601477434805
14000, 6.711184694225007
15000, 6.979971346646059
16000, 7.188880302244572
17000, 7.28285658241325
18000, 6.729041536504289
19000, 7.025667228100119
20000, 7.255342858886822
21000, 7.104927867332644
22000, 6.723094525588644
23000, 6.590902821313632
24000, 6.770524351924303
25000, 6.4124878167525585
26000, 6.170899448216605
27000, 6.203224967708329
28000, 6.105735008989499
29000, 6.105735008989499
30000, 6.125357132445422
31000, 5.919459434779497
32000, 6.1773780845922
33000, 6.305553108173778
34000, 6.2801273872430325
35000, 6.254598308444756
36000, 6.260990336999411
37000, 6.216108107168021
38000, 6.019966777316965
39000, 5.4845236803208355
40000, 5.513619500836088
41000, 5.513619500836088
42000, 5.3814496188294845
43000, 5.535341001239219
44000, 5.663920903402518
45000, 5.761944116355173
46000, 5.720139858430037
47000, 5.67097875150313
48000, 5.499090833947008
49000, 5.592852581643825
50000, 5.4258639865002145
51000, 5.607138307550475
52000, 5.542562584220407
53000, 5.3516352641038605
54000, 5.462600113499065
55000, 5.513619500836088
56000, 5.5641710972974225
57000, 5.775811631277461
58000, 5.73410847473258
59000, 6.20966987850401
60000, 6.170899448216605
61000, 6.418722614352485
62000, 6.424951361683604
63000, 6.059702963017247
64000, 6.437390775772433
65000, 6.44980619863884
66000, 6.105735008989499
67000, 6.437390775772433
68000, 6.393746945258313
69000, 6.4124878167525585
70000, 6.596969000988257
71000, 6.6513156593263565
72000, 6.596969000988257
73000, 6.572670690061994
74000, 6.468384651518492
75000, 6.49307323229917
76000, 6.7468511173732
77000, 6.8934751758456345
78000, 6.910861017268398
79000, 6.566582063752802
80000, 6.5787536813594105
81000, 6.876045375068434
82000, 6.876045375068434
83000, 6.729041536504289
84000, 6.752777206453653
85000, 6.456004956627589
86000, 6.596969000988257
87000, 6.846897107449476
88000, 6.7468511173732
89000, 6.615134163416491
90000, 6.5482822174979605
91000, 6.979971346646059
92000, 6.9914233171794145
93000, 6.627216610312357
94000, 6.841052550594828
95000, 6.910861017268398
96000, 6.858571279792899
97000, 6.81175454637056
98000, 6.887670143089026
99000, 6.705221845696084
100000, 6.6392770690791325
