14.145165756742276
11.934344197674685
12.761549390929883
10.326111147405467
9.250482612892615
9.20869154657707
9.02219485491197
8.339236004746306
8.032078542586952
8.058713119528274
7.628892449104261
6.942621983083913
6.603029607687671
6.391959234627741
6.187545093630776
6.115553940568262
6.141195788629908
5.860277906623298
5.135311925426592
5.464168999687222
5.416904756672129
5.4850446019803965
5.406345478099918
5.132529312420646
5.045507195232493
5.149202434774313
4.875595201760352
4.956957592256421
4.7086546455891805
4.738896797477537
4.5197977198732495
4.365448757818932
4.6012420683363935
4.573213937078137
4.535573676110727
4.414262598182655
4.167904578013822
3.7454734585325027
3.5816995167896803
3.5737135547534544
3.5496478698597698
3.5050983275386565
3.828464817278965
3.687817782917155
3.9496835316262997
3.8950518060006045
4.229150539495406
3.978513721048531
3.760699023168052
3.63318042491699
3.4723396805529925
3.492849839314596
3.783422486887463
3.8950518060006045
3.687817782917155
3.541589635016618
3.7301857479602427
3.5132402626147194
3.303677604471374
3.307998963551401
3.687817782917155
3.6955571781725767
3.760699023168052
3.835920452027872
3.9749213828703582
3.9169959334746753
3.9496835316262997
3.8913824205360674
3.9388178066884123
3.9569107719460717
3.8060102844992794
3.835920452027872
3.946064947695181
3.7871964753438845
3.6134668750581977
3.9351892312459746
3.865599195837192
3.641035959331198
3.5050983275386565
3.5091716564291513
3.521363372331802
3.5294677866702306
3.488757453797637
3.4267852490135913
3.4641016151377544
3.492849839314596
3.3806170189140663
3.3380918415851206
3.4142558277233497
3.1847852585154217
3.2732683535398857
3.175801361186541
3.116774889895918
3.1304951684997055
3.056608765095256
3.0189875313233268
3.102993945945017
3.009508740167215
2.9856801091687157
2.8535691936340255
3.03315017762062
3.0612789110808856
3.1532296368734616
3.0189875313233268
3.0983866769659336
3.1259284335103663
3.1622776601683795
3.070597894314954
3.1121880222303866
3.389058023361991
3.389058023361991
3.22490309931942
3.1259284335103663
3.0659419433511785
3.102993945945017
2.9664793948382653
3.0612789110808856
3.04255531702266
3.180296482135858
3.051931472737505
3.04255531702266
3.0659419433511785
3.116774889895918
3.0472470011002204
3.089151524748688
2.9952343099378003
3.0237157840738176
2.878491668515698
2.932575659723036
3.04255531702266
2.9664793948382653
2.9471535904520287
3.0
2.903200204700225
2.8535691936340255
2.893342111024649
2.8635642126552705
2.7307769694983985
2.8385106758902383
2.8834503141697647
2.81830749615033
2.6240644591385873
2.5801439605461662
2.7202941017470885
2.937443008565686
2.81830749615033
2.8535691936340255
2.7516228977511745
2.7202941017470885
2.7360033416855116
2.741219749360805
2.591193878173865
2.53546276418555
2.5467065566559266
2.5523098781859765
2.591193878173865
2.53546276418555
2.5185029566901727
2.5410908793553326
2.6186146828319083
2.4669240534954224
2.3543273227945902
2.4260491103261463
2.449489742783178
2.6076809620810595
2.6726124191242437
2.6403462976338106
2.569046515733026
2.569046515733026
2.5634797778466227
2.6021968740717085
2.6619005025947695
2.6349301969610397
2.6619005025947695
2.6349301969610397
2.833473385894321
2.7877282097486784
2.843539042410757
2.7774602993176543
2.84855853271189
2.893342111024649
2.7877282097486784
2.8735244660769563
2.9081167199998794
2.917924898671265
2.903200204700225
2.833473385894321
2.7877282097486784
2.6726124191242437
2.6779523094014523
2.6832815729997477
2.667261838343906
2.591193878173865
2.5579009251449016
2.6076809620810595
2.461126339126632
2.4319304501333328
2.4319304501333328
2.437797600880176
2.524168887263404
2.4842360136324753
2.4553149347021512
2.495710605933995
2.5746012173871566
2.495710605933995
2.5579009251449016
2.4899799195977463
2.4842360136324753
2.4727081741050063
2.4669240534954224
2.449489742783178
2.390457218668787
2.1447610589527217
2.18435999126256
2.164651077128664
2.1246848505803664
2.210365192839022
2.2614786566062732
2.3482516292522218
2.3603873774083293
2.4669240534954224
2.449489742783178
2.5185029566901727
2.5579009251449016
2.5185029566901727
2.5746012173871566
2.3784749015162756
2.3543273227945902
2.3844735867092943
2.495710605933995
2.4553149347021512
2.6295029405356662
2.6295029405356662
2.704493615131253
2.6886002731107927
2.667261838343906
2.6295029405356662
2.4899799195977463
2.4553149347021512
2.336052836975837
2.3176342617912282
2.3844735867092943
2.4899799195977463
2.501428163498376
2.3844735867092943
2.390457218668787
2.495710605933995
2.4842360136324753
2.5298221281347035
2.3964259101539405
2.449489742783178
2.280350850198276
2.3664319132398464
2.2677868380553634
2.2677868380553634
2.1580414400893364
2.18435999126256
2.014235055087379
1.992844341996778
1.9048809486609468
2.090796157311509
2.0354009783964297
2.0213149892370277
1.942016624910449
1.992844341996778
1.9566735620873066
2.02837021134844
2.090796157311509
1.985662897587892
2.02837021134844
1.9712215212183246
1.740279123753264
1.7566201313073597
1.8126539343499315
1.7237832147426693
1.6388149028228556
1.5856499343441837
1.740279123753264
1.8516401995451028
1.9123657749350298
2.090796157311509
2.104417123236605
2.138089935299395
2.056349053193895
1.8822478962286404
1.8593393604027366
1.740279123753264
1.7320508075688772
1.7484687178050562
1.804755622554715
1.7968225924034427
1.7888543819998317
1.8746428231227714
1.8973665961010275
1.8516401995451028
1.9123657749350298
1.942016624910449
1.942016624910449
1.7320508075688772
1.5675276256394517
1.558387444947959
1.867006771737662
1.8516401995451028
1.9784553859730358
1.9346465162548798
1.9048809486609468
1.9493588689617927
1.7968225924034427
1.7888543819998317
1.867006771737662
1.8973665961010275
1.9048809486609468
1.8746428231227714
1.8516401995451028
1.8439088914585775
1.9639610121239315
2.042407542932745
1.9048809486609468
2.0
2.02837021134844
2.042407542932745
2.02837021134844
1.9123657749350298
1.8746428231227714
1.867006771737662
1.942016624910449
1.8283482006601322
1.9198214202665531
2.007130147392398
2.2038926600773587
2.2168188275738085
2.090796157311509
2.083952289006911
2.0701966780270626
2.1313979316066587
2.090796157311509
1.985662897587892
2.0632844828435215
2.04939015319192
2.042407542932745
2.1111946516469904
2.1111946516469904
1.9346465162548798
2.0976176963403033
1.867006771737662
1.867006771737662
1.9566735620873066
1.9639610121239315
1.867006771737662
1.867006771737662
1.9048809486609468
1.889822365046136
1.8283482006601322
1.7566201313073597
1.7154757774032086
1.6300744943538186
1.5946338585572373
1.6300744943538186
1.7647338933351153
1.780850519113991
1.8361450300639575
1.8126539343499315
1.7968225924034427
1.740279123753264
1.7237832147426693
1.7566201313073597
1.6987390281365427
1.6300744943538186
1.61245154965971
1.6388149028228556
1.5491933384829668
1.647508942095828
1.6212869667555552
1.6388149028228556
1.558387444947959
1.5856499343441837
1.5856499343441837
1.5023790657297036
1.4540583599999397
1.65615734242165
1.5491933384829668
1.5118578920369088
1.5023790657297036
1.4040757000349275
1.4142135623730951
1.4832396974191326
1.5118578920369088
1.4928400545843579
1.4928400545843579
1.5118578920369088
1.5856499343441837
1.6987390281365427
1.780850519113991
1.3732131246511903
1.4442002235542986
1.4040757000349275
1.4540583599999397
1.5675276256394517
1.6733200530681511
1.6818357317441643
