15.118578920369089
12.282391577259816
10.497618777608569
8.579044235810887
7.662524761087935
6.859820905617205
6.447590912226719
5.8578396798039565
5.518799041199349
5.601020315212986
5.264435935053794
5.11021386189323
5.138093031466052
5.176871642217914
5.154748157905347
4.738896797477537
4.699544050832409
4.774934554525329
4.7629522657396315
4.777925431457824
4.513471897711181
4.3490557267395085
4.322697570466188
4.05674042269688
4.239272174728649
4.157609203101499
4.171330722922842
4.05674042269688
4.049691346263317
4.222389303293981
4.123105625617661
3.9315573068623655
3.9677269491305904
3.790966706715923
3.6645015252516173
3.6527875852363962
3.5294677866702306
3.4641016151377544
3.4434202266268428
3.418437404094784
3.4434202266268428
3.303677604471374
3.1622776601683795
3.148695875165735
3.1396087108337016
3.1532296368734616
2.937443008565686
2.741219749360805
3.04255531702266
2.9568322818274866
2.8535691936340255
2.9568322818274866
3.0142518616920992
2.8585710716070314
2.917924898671265
2.878491668515698
3.0798886807341406
3.0612789110808856
3.093772546815388
3.0472470011002204
2.951996902824546
2.7723120830300267
2.6886002731107927
2.7979584393931636
2.704493615131253
2.8132340311971404
2.980891525318271
2.9664793948382653
2.7360033416855116
3.0659419433511785
2.7360033416855116
2.961659766318301
2.9277002188455996
2.932575659723036
2.9664793948382653
2.8385106758902383
2.961659766318301
2.7723120830300267
