1, 0.15491933384829668
2, 0.34641016151377546
3, 0.5796550698475775
4, 0.8899438184514796
5, 1.2585706178041818
6, 1.6395121225535358
7, 2.0707486568871656
8, 2.513961017995307
9, 3.031831129861952
10, 3.645270908999769
15, 6.944926205511474
20, 15.709360267050979
25, 20.370174275150422
30, 21.11037659540919
35, 23.580161152969247
40, 24.269322199023193
45, 25.245356008581062
50, 27.835229476330888
55, 29.612699978218807
60, 30.360368904214585
65, 30.73916069120951
70, 32.23190965487462
75, 34.06440957950101
80, 33.92191032356521
85, 34.94258147303945
90, 34.90306576792359
95, 37.70421727075102
100, 37.00432407165411
150, 41.812247009698005
200, 45.27763244693786
250, 46.06517122512408
300, 51.63611139503051
350, 53.87689671835229
400, 52.90126652548122
450, 52.98248767281506
500, 51.56432875544876
550, 51.58216746124575
600, 50.37824927486067
650, 50.464006975269015
700, 51.40700341393184
750, 51.21749701029913
800, 50.97269857482533
850, 49.63998388396193
900, 49.108207053404016
950, 50.11985634456667
1000, 49.034436878585645
1250, 47.078742549052855
1500, 43.567051770804966
1750, 41.66389324103066
2000, 41.10211673381311
2250, 38.993948248414135
2500, 37.85297874672481
2750, 36.09664804382812
3000, 35.41909089742423
3250, 34.583464256780296
3500, 34.02375640636995
3750, 31.79282938022346
4000, 31.76853789521954
4250, 30.724322612549166
4500, 29.926576817270632
4750, 29.285491288349593
5000, 28.841220501220125
5250, 28.517924188131225
5500, 28.20638225650358
5750, 27.512324511025962
6000, 27.11943952223202
6250, 26.77595936656612
6500, 26.70191004403992
6750, 26.500264149626886
7000, 26.503131890401182
7250, 26.67808089049885
7500, 26.412724206336613
7750, 26.297832610312206
8000, 25.867663211044015
8250, 25.13754164591279
8500, 24.1770138768211
8750, 24.096306770955586
9000, 23.330323615415196
9250, 22.702598970161986
9500, 22.405892082218017
9750, 22.51879215233357
10000, 22.230249661216135
11000, 21.734028618735184
12000, 20.745698349296415
13000, 20.486678598543005
14000, 19.338665931237344
15000, 18.43757033884888
16000, 18.396956269992057
17000, 17.768286355189122
