1, 8.551203244168445
2, 8.709852952922825
3, 8.906350370554536
4, 9.118873074774434
5, 12.305720995974566
6, 12.48198702130394
7, 15.419767532917959
8, 15.583028243277019
9, 17.90573608136188
10, 18.059729957943617
15, 21.739011370911406
20, 23.273292716032984
25, 23.61811560254934
30, 23.96664348631239
35, 28.56113550856236
40, 29.484807039454168
45, 29.504367342949287
50, 29.834930482960353
55, 30.571228303749916
60, 30.931935202709436
65, 30.49817144581723
70, 31.13988291070324
75, 31.175680857409944
80, 32.31836819947633
85, 31.74998485765841
90, 31.816783186043374
95, 32.76231418519197
100, 31.7398075705475
150, 34.419359489861336
200, 35.58197469333206
250, 35.13030688078972
300, 34.05764344347796
350, 34.67430882234991
400, 32.47910570955283
450, 30.865963330304343
500, 31.456685726933742
550, 30.20163011392699
600, 29.06914832972209
650, 29.634698996537566
700, 29.259843839953444
750, 29.130739777767403
800, 28.05818131065409
850, 28.881188980425943
900, 28.05022967134823
950, 27.816707762947626
1000, 28.577828953444097
1250, 27.19191056178289
1500, 26.873779042032776
1750, 24.38379032819202
2000, 23.394608188804792
2250, 22.638292950050534
2500, 22.04715226683308
2750, 21.1907091397658
3000, 21.419258049349313
3250, 21.676644645261014
3500, 20.312557692225763
3750, 20.20548288117704
4000, 19.450133477888844
4250, 19.315995762778897
4500, 19.2497752234629
4750, 18.013670022855077
5000, 17.7698967574162
5250, 17.05331007796975
5500, 17.726555481276367
5750, 17.438683789428957
6000, 17.369292089555856
6250, 17.131617194307946
6500, 16.956505445494273
6750, 17.016733845518967
7000, 15.80749578766109
7250, 15.700073493213582
7500, 15.329709716755891
7750, 14.898115523577005
8000, 13.945498308663018
8250, 13.328396521943436
8500, 13.463911878682328
8750, 12.940098679923343
9000, 13.594682218256688
9250, 13.438749941865872
9500, 12.939504211165483
9750, 12.18826674116735
10000, 12.284449206524984
11000, 12.577146551766637
12000, 11.418608294560917
13000, 11.618287971324147
14000, 10.969187614544522
15000, 11.085680299030264
16000, 11.094697278083242
17000, 9.922778767136677
18000, 9.507082380237135
19000, 8.778470166352362
20000, 9.425823775466728
21000, 9.495748036317664
22000, 8.8064661558338
23000, 9.482777911723806
24000, 9.426639828779843
25000, 9.661979411789602
26000, 9.247868777349565
27000, 9.139096067066859
28000, 8.734546793755683
29000, 8.990593374787297
30000, 8.614835147313304
31000, 8.44256614288115
32000, 8.464405108816203
33000, 8.128771314099264
34000, 8.063211805191813
35000, 8.167477720060969
36000, 8.324200123273569
37000, 7.979782144703142
38000, 7.702147552668472
39000, 7.654058752362395
40000, 7.580338941072388
41000, 7.737023876241979
42000, 7.530451002940813
43000, 7.309635369207498
44000, 7.10795870296648
45000, 7.002197457282194
46000, 6.654090702486935
47000, 6.692130855311736
48000, 6.797058187186572
49000, 7.0032959273583355
50000, 6.6575578798142585
51000, 6.522151603455836
52000, 6.573840933228048
53000, 6.622804425735254
54000, 6.827546017082903
55000, 6.903733660964802
56000, 6.83767841842874
57000, 6.49852054169018
58000, 6.7047629453878645
59000, 6.748219138295787
60000, 6.365773866787676
61000, 6.387487769068525
62000, 6.287961636211018
63000, 6.4593402854375865
64000, 6.496152707564686
65000, 6.467671082450717
66000, 6.468860320501119
67000, 6.224022938458818
68000, 6.153173040110156
69000, 6.224022938458818
70000, 6.184347487500508
71000, 6.22649425995325
72000, 6.39350632102003
