1, 56.88567482240146
2, 56.061573292229326
3, 55.27784366271897
4, 55.2773009471338
5, 54.44703848695538
6, 54.44703848695538
7, 53.760766363585255
8, 53.760766363585255
9, 52.83710817219277
10, 52.0255706359863
15, 51.097358053034405
20, 51.09422667973359
25, 49.39068738132726
30, 49.38744779799823
35, 48.662511238118405
40, 47.901565736414085
45, 47.021909786821716
50, 47.021909786821716
55, 47.02169711952132
60, 47.10796111062333
65, 47.10796111062333
70, 47.10796111062333
75, 46.24889187861694
80, 45.54843575799283
85, 45.54843575799283
90, 45.54777711370775
95, 45.52559719542403
100, 45.52537753824783
150, 44.16672955970365
200, 44.1662767278384
250, 42.557490527520535
300, 42.38985727741956
350, 42.38985727741956
400, 42.26487903685518
450, 42.26606203563327
500, 42.26464243312606
550, 42.26464243312606
600, 41.3456164544683
650, 41.29213000076407
700, 41.29091909851366
750, 40.29044551751693
800, 40.28920450939681
850, 40.28970091723194
900, 40.28970091723194
950, 40.27877853162879
1000, 40.27877853162879
1250, 39.04023565502647
1500, 39.02640132013199
1750, 38.51700922968968
2000, 36.9859432757906
2250, 36.46642291204335
2500, 35.5192905334552
2750, 35.3117544169077
3000, 33.689761055846034
3250, 33.73099464883892
3500, 33.469388999502215
3750, 30.89854365500096
4000, 30.888832933602394
4250, 30.393420340593455
4500, 30.63853782411948
4750, 30.61143577161973
5000, 30.180788591420203
5250, 30.230779017418655
5500, 30.411839799656974
5750, 29.799664427640792
6000, 29.798993271585534
6250, 28.70435507026765
6500, 28.48824318907714
6750, 28.051024936711315
7000, 27.87507847522586
7250, 28.22552036721378
7500, 28.38732111348304
7750, 28.313954156917045
8000, 27.57245001808871
8250, 27.45723948251171
8500, 26.824988350416856
8750, 26.749579435946277
9000, 26.63569034209551
9250, 26.39166535101565
9500, 26.12087287974887
9750, 26.28117196777952
10000, 25.965361541869584
11000, 25.670216204777084
12000, 25.129663746258124
13000, 24.664549458686654
14000, 24.869660230891775
15000, 23.712443990445184
16000, 23.453784342830478
17000, 23.06078923194087
18000, 23.321234958723778
19000, 23.077261535979524
20000, 23.369210512980537
21000, 22.72179570368504
22000, 22.69581459212249
23000, 22.99347733597509
24000, 23.063390904201402
25000, 22.901091677035836
26000, 23.166354913969524
27000, 23.717504084536383
28000, 23.591947778850308
29000, 23.495531490051462
30000, 23.452931586477625
31000, 23.64656423246303
32000, 23.472963170422265
33000, 23.759208741033444
34000, 23.33452377915607
35000, 23.13568671987067
36000, 23.27015255644019
37000, 23.375200533899168
38000, 23.802100747623097
39000, 23.729306774535157
40000, 23.765521244020714
41000, 23.64656423246303
42000, 23.292917378465066
43000, 23.420503837449782
44000, 23.637681781426874
45000, 23.6
46000, 23.83610706470333
47000, 24.148291865057452
48000, 23.550796164885806
49000, 23.102380829689395
50000, 23.102813681454474
51000, 23.097618924902193
52000, 23.04256930118688
53000, 22.625649161957764
54000, 22.782888315575793
55000, 22.67421442961145
56000, 22.44638055455712
57000, 22.412050330123748
58000, 22.44014260204244
59000, 22.106560112328648
60000, 22.01226930600296
61000, 21.629609335353237
62000, 21.69792616818483
63000, 21.754999425419435
64000, 21.34432008755491
65000, 21.414014102918678
66000, 21.255117030964566
67000, 21.505348172024558
68000, 21.13764414498456
69000, 21.2160316741845
70000, 21.34338304955426
71000, 21.227340860315028
72000, 21.134332258200164
73000, 21.552726045676913
74000, 21.6041662648666
75000, 21.540659228538015
76000, 21.349941451910354
77000, 21.603240497666086
78000, 21.907076482269378
79000, 21.988633427296023
80000, 22.08121373475652
81000, 22.338307903688676
82000, 21.991816659839632
83000, 21.991816659839632
84000, 22.125098869835586
85000, 21.823840175367852
86000, 21.996363335788033
87000, 22.17746604100658
88000, 22.06218484194165
89000, 22.027255843613386
90000, 22.07351353998724
91000, 22.42498606465565
92000, 22.108369455932294
93000, 21.807796770879904
94000, 21.80275211985863
95000, 21.60462913359079
96000, 21.484878403193257
97000, 21.574985515638243
98000, 22.055838229366845
99000, 21.73338445801758
100000, 21.93171219946131
