1, 33.94063444702628
2, 33.092295175765614
3, 32.86639621254512
4, 32.65629086919293
5, 31.971341333554754
6, 31.807231882073612
7, 31.149638842208105
8, 31.15124395590006
9, 30.77715603062332
10, 30.77769755304426
15, 28.516077336594993
20, 26.09916984631248
25, 23.88723508487326
30, 23.344521127379476
35, 22.075627586397932
40, 21.279880952047954
45, 20.52721770398187
50, 19.158114033832593
55, 18.71452199051136
60, 17.496666349145865
65, 16.029140130815918
70, 15.982281856272381
75, 14.98888477061141
80, 14.953260514014994
85, 14.543039572248986
90, 14.41295713354249
95, 14.2524851634139
100, 14.030918240324354
150, 10.957493630692499
200, 10.680199748444158
250, 9.731392500562292
300, 9.705668446840743
350, 9.400354603240595
400, 7.954034615631659
450, 8.927485648266257
500, 8.612007121842542
550, 8.28854631404084
600, 7.314369419163897
650, 6.971370023173351
700, 6.945022198188666
750, 6.925797186365384
800, 6.5903970543005475
850, 6.51664535375884
900, 6.23431364840322
950, 5.890670590009257
1000, 5.813776741499453
1250, 6.648308055437865
1500, 5.9076221950967716
1750, 5.876506898943736
2000, 5.335416259924493
2250, 5.62435181450568
2500, 5.131601439446884
2750, 4.959838707054898
3000, 4.729341039369721
3250, 4.442221666388715
3500, 4.509249752822894
3750, 4.339738855430512
4000, 4.171330722922842
4250, 3.803507153492243
4500, 3.6606010435446255
4750, 3.559026084010437
5000, 3.5166271719741156
5250, 3.296462750686964
5500, 3.265986323710904
5750, 2.7628487713469467
6000, 3.0495901363953815
6250, 3.082207001484488
6500, 2.9040202019499337
6750, 3.1144823004794873
7000, 3.13581462037113
7250, 3.1989581637360205
7500, 3.271085446759225
7750, 3.2145502536643185
8000, 3.157002798013753
8250, 3.0767948691238205
8500, 2.886751345948129
8750, 2.9944392908634274
9000, 2.8925190866555517
9250, 3.0166206257996713
9500, 2.9832867780352594
9750, 2.972092416687835
10000, 2.840187787218772
11000, 3.146426544510455
12000, 2.8925190866555517
13000, 2.972092416687835
14000, 2.6708300832013507
15000, 2.503331114069145
16000, 2.536401650632907
17000, 2.3021728866442674
18000, 2.463060426921489
19000, 2.4899799195977463
20000, 2.250925735484551
21000, 1.96638416050035
22000, 2.1984843263788196
23000, 2.265686062395524
24000, 2.1447610589527217
25000, 2.250925735484551
26000, 2.1908902300206643
27000, 2.1984843263788196
28000, 2.016597794967223
29000, 1.8708286933869707
30000, 1.9235384061671346
31000, 2.0976176963403033
32000, 1.96638416050035
33000, 1.8708286933869707
34000, 1.8973665961010275
35000, 1.8618986725025255
36000, 1.61245154965971
37000, 1.4375905768565218
38000, 1.570562531918633
39000, 1.505545305418162
40000, 1.4375905768565218
41000, 1.7416467303484175
42000, 1.5811388300841898
43000, 1.66332999331662
44000, 1.6431676725154984
45000, 1.4719601443879744
46000, 1.35400640077266
47000, 1.4605934866804429
48000, 1.5491933384829668
49000, 1.6733200530681511
50000, 1.622754859285078
51000, 1.4259499757471625
52000, 1.5811388300841898
53000, 1.3416407864998738
54000, 1.4832396974191326
55000, 1.4944341180973264
56000, 1.5811388300841898
57000, 1.632993161855452
58000, 1.570562531918633
59000, 1.5491933384829668
60000, 1.591644851508443
61000, 1.4944341180973264
62000, 1.5811388300841898
63000, 1.570562531918633
64000, 1.4605934866804429
65000, 1.570562531918633
66000, 1.2780193008453875
67000, 1.2382783747337807
68000, 1.2516655570345725
69000, 1.224744871391589
70000, 1.3165611772087666
71000, 1.2516655570345725
72000, 1.2780193008453875
73000, 1.2780193008453875
74000, 1.3291601358251257
75000, 1.3291601358251257
76000, 1.51657508881031
77000, 1.4605934866804429
78000, 1.559914527573012
79000, 1.5811388300841898
80000, 1.6020819787597222
81000, 1.622754859285078
82000, 1.4605934866804429
83000, 1.5275252316519468
84000, 1.4375905768565218
85000, 1.4375905768565218
86000, 1.378404875209022
87000, 1.5275252316519468
88000, 1.505545305418162
89000, 1.4259499757471625
90000, 1.4944341180973264
91000, 1.4832396974191326
92000, 1.449137674618944
93000, 1.4023789311975086
94000, 1.3038404810405297
95000, 1.3038404810405297
96000, 1.3038404810405297
97000, 1.4142135623730951
98000, 1.2909944487358056
99000, 1.3662601021279464
100000, 1.3165611772087666
