1, 16.56703554250629
2, 15.84718692176417
3, 14.975535605335345
4, 14.968856558423782
5, 14.968856558423782
6, 14.296852800529214
7, 13.271523399117877
8, 13.246383154154445
9, 13.24889932535278
10, 13.24889932535278
15, 13.24889932535278
20, 13.233795122085475
25, 12.398924684557661
30, 11.641878428043016
35, 10.911767348448492
40, 10.472185381603339
45, 10.459445491994305
50, 9.78434123144391
55, 9.71253485622231
60, 9.11774826003292
65, 9.125057077447059
70, 9.121403400793104
75, 9.121403400793104
80, 9.11774826003292
85, 9.11774826003292
90, 9.11774826003292
95, 9.114091653404998
100, 9.114091653404998
150, 9.106774035482232
200, 7.737355275975549
250, 7.711463328491336
300, 7.724420150837645
350, 6.870225614927067
400, 6.870225614927067
450, 6.879922480183431
500, 6.742897497861485
550, 6.742897497861485
600, 6.742897497861485
650, 6.7379522111692065
700, 6.7379522111692065
750, 6.371812928829597
800, 6.287553843374491
850, 6.287553843374491
900, 5.304086474910956
950, 5.310367218940701
1000, 5.329165037789691
1250, 5.266244708835067
1500, 5.285199460127624
1750, 5.354126134736337
2000, 5.501514942874069
2250, 5.176871642217914
2500, 4.8373546489791295
2750, 4.795831523312719
3000, 4.69041575982343
3250, 4.69041575982343
3500, 4.697517074654084
3750, 4.312771730569565
4000, 4.219004621945797
4250, 3.750555514409388
4500, 3.794733192202055
4750, 3.7416573867739413
5000, 3.7416573867739413
5250, 3.5870136139505613
5500, 3.5870136139505613
5750, 3.5777087639996634
6000, 3.5118845842842465
6250, 3.40587727318528
6500, 3.3960761671866746
6750, 3.4351128074635335
7000, 3.4351128074635335
7250, 3.687817782917155
7500, 3.687817782917155
7750, 3.696845502136472
8000, 3.696845502136472
8250, 3.696845502136472
8500, 3.696845502136472
8750, 3.803507153492243
9000, 3.9072582032246945
9250, 3.847076812334269
9500, 3.8643671323171835
9750, 3.723797345005051
10000, 3.6239941133138354
11000, 3.5870136139505613
12000, 3.803507153492243
13000, 4.131182235954578
14000, 4.123105625617661
15000, 3.941235001028654
16000, 3.7859388972001824
17000, 3.777124126457412
18000, 3.7859388972001824
19000, 3.9157800414902435
20000, 4.0
21000, 4.066120181860509
22000, 4.131182235954578
23000, 3.4544657088084305
24000, 3.5118845842842465
25000, 3.6606010435446255
26000, 3.40587727318528
27000, 3.669695718539436
28000, 3.5496478698597698
29000, 3.669695718539436
30000, 3.750555514409388
31000, 3.642343567906063
32000, 3.642343567906063
33000, 3.777124126457412
34000, 3.642343567906063
35000, 3.40587727318528
36000, 3.415650255319866
37000, 3.011090610836324
38000, 3.1091263510296048
39000, 3.265986323710904
40000, 3.255764119219941
41000, 3.265986323710904
42000, 3.245509718570156
43000, 3.0659419433511785
44000, 3.6239941133138354
45000, 3.8901585229053754
46000, 3.8901585229053754
47000, 3.8384024454626084
48000, 4.226897995772629
49000, 3.714835124201342
50000, 3.6147844564602556
51000, 3.6514837167011076
52000, 3.6514837167011076
53000, 3.7859388972001824
54000, 4.041451884327381
55000, 4.266145801540309
56000, 4.10690475500305
57000, 4.273952113286562
58000, 4.328202090167848
59000, 4.494441010848846
60000, 3.9832984656772417
61000, 3.4641016151377544
62000, 3.6514837167011076
63000, 3.723797345005051
64000, 3.7682887362833544
65000, 3.7327380477785117
66000, 3.8987177379235853
67000, 3.7682887362833544
68000, 3.9496835316262997
69000, 3.958114029012639
70000, 4.0743097574926725
71000, 4.090639721771319
72000, 3.9072582032246945
73000, 3.9496835316262997
74000, 3.8987177379235853
75000, 4.08248290463863
76000, 3.7327380477785117
77000, 3.678767909685705
78000, 3.7058512292499457
79000, 3.7327380477785117
80000, 3.7327380477785117
81000, 3.7416573867739413
82000, 3.3862466931200785
83000, 3.32665998663324
84000, 3.296462750686964
85000, 3.40587727318528
86000, 3.0876096471758427
87000, 3.2041639575194445
88000, 3.235222815613581
89000, 3.0441200151549
90000, 2.988868236194653
91000, 2.9097537123726926
92000, 3.0
93000, 3.1622776601683795
94000, 3.286335345030997
95000, 3.265986323710904
96000, 3.119829055146024
97000, 3.1728010758108782
98000, 3.1304951684997055
99000, 3.32665998663324
100000, 3.2145502536643185
