1, 17.046993869888027
2, 16.41747036949765
3, 15.711991174471384
4, 14.919785521246611
5, 14.026166024018584
6, 14.028542333400146
7, 13.945130571875858
8, 13.89724193260423
9, 13.890044396377332
10, 13.822686666009133
15, 11.764352935882194
20, 10.945318634009702
25, 8.4813520934656
30, 8.225975119502044
35, 7.261772051870902
40, 6.698258480132479
45, 6.418722614352485
50, 6.413527370592047
55, 6.005552985917839
60, 5.773502691896258
65, 4.83045891539648
70, 4.676180777800049
75, 4.568004670166906
80, 4.531372124791048
85, 4.358898943540674
90, 4.10690475500305
95, 3.941235001028654
100, 4.139243087006769
150, 3.7416573867739413
200, 3.812260921465546
250, 3.3565855667130946
300, 3.0550504633038935
350, 2.8635642126552705
400, 2.54296414970142
450, 2.4765567494675613
500, 2.3380903889000244
550, 1.983263304085802
600, 1.8973665961010275
650, 1.8073922282301278
700, 1.7320508075688772
750, 1.7511900715418263
800, 1.7126976771553504
850, 1.7126976771553504
900, 1.4605934866804429
950, 1.4375905768565218
1000, 1.4605934866804429
1250, 1.0645812948447542
1500, 0.5773502691896257
1750, 0.6324555320336759
2000, 0.6324555320336759
2250, 0.6324555320336759
2500, 0.6324555320336759
2750, 0.5773502691896257
3000, 0.5773502691896257
3250, 0.5773502691896257
3500, 0.5773502691896257
3750, 0.5773502691896257
4000, 0.5773502691896257
4250, 0.5773502691896257
4500, 0.5773502691896257
4750, 0.5773502691896257
5000, 0.5163977794943222
5250, 0.4472135954999579
5500, 0.4472135954999579
5750, 0.4472135954999579
6000, 0.4472135954999579
6250, 0.4472135954999579
6500, 0.4472135954999579
6750, 0.4472135954999579
7000, 0.4472135954999579
7250, 0.4472135954999579
7500, 0.4472135954999579
7750, 0.4472135954999579
8000, 0.4472135954999579
8250, 0.4472135954999579
8500, 0.4472135954999579
8750, 0.4472135954999579
9000, 0.4472135954999579
9250, 0.4472135954999579
9500, 0.4472135954999579
9750, 0.4472135954999579
10000, 0.4472135954999579
11000, 0.4472135954999579
12000, 0.2581988897471611
13000, 0.2581988897471611
14000, 0.2581988897471611
15000, 0.2581988897471611
16000, 0.2581988897471611
17000, 0.2581988897471611
18000, 0.2581988897471611
19000, 0.2581988897471611
20000, 0.2581988897471611
21000, 0.2581988897471611
22000, 0.2581988897471611
23000, 0.2581988897471611
24000, 0.2581988897471611
25000, 0.2581988897471611
26000, 0.2581988897471611
27000, 0.2581988897471611
28000, 0.2581988897471611
29000, 0.2581988897471611
30000, 0.2581988897471611
31000, 0.2581988897471611
32000, 0.2581988897471611
33000, 0.2581988897471611
34000, 0.2581988897471611
35000, 0.2581988897471611
36000, 0.2581988897471611
37000, 0.2581988897471611
38000, 0.2581988897471611
39000, 0.2581988897471611
40000, 0.2581988897471611
41000, 0.2581988897471611
42000, 0.2581988897471611
43000, 0.2581988897471611
44000, 0.2581988897471611
45000, 0.2581988897471611
46000, 0.2581988897471611
47000, 0.2581988897471611
48000, 0.2581988897471611
49000, 0.2581988897471611
50000, 0.2581988897471611
51000, 0.2581988897471611
52000, 0.2581988897471611
53000, 0.2581988897471611
54000, 0.2581988897471611
55000, 0.2581988897471611
56000, 0.2581988897471611
57000, 0.2581988897471611
58000, 0.2581988897471611
59000, 0.2581988897471611
60000, 0.2581988897471611
61000, 0.2581988897471611
62000, 0.2581988897471611
63000, 0.2581988897471611
64000, 0.2581988897471611
65000, 0.2581988897471611
66000, 0.2581988897471611
67000, 0.2581988897471611
68000, 0.2581988897471611
69000, 0.2581988897471611
70000, 0.2581988897471611
71000, 0.2581988897471611
72000, 0.2581988897471611
73000, 0.2581988897471611
74000, 0.2581988897471611
75000, 0.2581988897471611
76000, 0.2581988897471611
77000, 0.2581988897471611
78000, 0.2581988897471611
79000, 0.2581988897471611
80000, 0.2581988897471611
81000, 0.2581988897471611
82000, 0.2581988897471611
83000, 0.2581988897471611
84000, 0.2581988897471611
85000, 0.2581988897471611
86000, 0.2581988897471611
87000, 0.2581988897471611
88000, 0.2581988897471611
89000, 0.2581988897471611
90000, 0.2581988897471611
91000, 0.2581988897471611
92000, 0.2581988897471611
93000, 0.2581988897471611
94000, 0.2581988897471611
95000, 0.2581988897471611
96000, 0.2581988897471611
97000, 0.2581988897471611
98000, 0.2581988897471611
99000, 0.2581988897471611
100000, 0.2581988897471611
