1, 16.860209567697154
2, 16.30950643030009
3, 15.425087790133752
4, 14.671968738607191
5, 13.983323400870528
6, 14.094916341243982
7, 13.253930234714028
8, 13.183322798141598
9, 13.063945294843617
10, 12.022201684106507
15, 11.93873248436924
20, 11.003029885748138
25, 10.93008081702357
30, 10.16857905510893
35, 9.787747442593725
40, 9.05906544112949
45, 9.025888691240695
50, 8.160882305241266
55, 7.987490219086343
60, 8.0083289975708
65, 7.681145747868608
70, 7.694153624668538
75, 7.737355275975549
80, 7.0379921379135775
85, 6.126445407684078
90, 5.790797296861058
95, 5.761944116355173
100, 5.790797296861058
150, 4.732863826479693
200, 4.419653078391259
250, 3.7859388972001824
300, 3.3565855667130946
350, 3.296462750686964
400, 2.9211869733608857
450, 2.6076809620810595
500, 2.6457513110645907
550, 2.3664319132398464
600, 2.0976176963403033
650, 2.3380903889000244
700, 2.1291625896895083
750, 2.016597794967223
800, 2.160246899469287
850, 2.280350850198276
900, 2.32379000772445
950, 2.206052281036573
1000, 2.32379000772445
1250, 2.2211108331943574
1500, 2.1447610589527217
1750, 1.7320508075688772
2000, 1.4605934866804429
2250, 1.5275252316519468
2500, 1.390443574307614
2750, 1.3416407864998738
3000, 1.0327955589886444
3250, 1.0327955589886444
3500, 1.2382783747337807
3750, 1.3662601021279464
4000, 1.3662601021279464
4250, 1.3416407864998738
4500, 1.390443574307614
4750, 1.3165611772087666
5000, 1.5491933384829668
5250, 1.4142135623730951
5500, 1.3662601021279464
5750, 1.2649110640673518
6000, 1.3416407864998738
6250, 1.3165611772087666
6500, 1.2909944487358056
6750, 1.1832159566199232
7000, 1.2649110640673518
7250, 1.2649110640673518
7500, 1.0327955589886444
7750, 1.0327955589886444
8000, 1.0327955589886444
8250, 0.9660917830792959
8500, 0.9660917830792959
8750, 0.9309493362512627
9000, 0.8563488385776752
9250, 0.7745966692414834
9500, 0.7745966692414834
9750, 0.7745966692414834
10000, 0.7745966692414834
11000, 0.8563488385776752
12000, 0.7745966692414834
13000, 0.7302967433402214
14000, 0.7745966692414834
15000, 0.816496580927726
16000, 0.816496580927726
17000, 0.9660917830792959
18000, 0.7745966692414834
19000, 0.8944271909999159
20000, 0.7302967433402214
21000, 0.816496580927726
22000, 0.7302967433402214
23000, 0.7302967433402214
24000, 0.6324555320336759
25000, 0.6324555320336759
26000, 0.6324555320336759
27000, 0.6324555320336759
28000, 0.6324555320336759
29000, 0.6324555320336759
30000, 0.6324555320336759
31000, 0.6831300510639732
32000, 0.6831300510639732
33000, 0.5773502691896257
34000, 0.6831300510639732
35000, 0.6831300510639732
36000, 0.5773502691896257
37000, 0.5773502691896257
38000, 0.5773502691896257
39000, 0.5773502691896257
40000, 0.5773502691896257
41000, 0.5773502691896257
42000, 0.5163977794943222
43000, 0.5773502691896257
44000, 0.5163977794943222
45000, 0.5163977794943222
46000, 0.5773502691896257
47000, 0.5773502691896257
48000, 0.5773502691896257
49000, 0.5773502691896257
50000, 0.5773502691896257
51000, 0.5163977794943222
52000, 0.5163977794943222
53000, 0.5163977794943222
54000, 0.5163977794943222
55000, 0.5163977794943222
56000, 0.5773502691896257
57000, 0.5163977794943222
58000, 0.5163977794943222
59000, 0.5163977794943222
60000, 0.5163977794943222
61000, 0.5163977794943222
62000, 0.5163977794943222
63000, 0.5163977794943222
64000, 0.4472135954999579
65000, 0.5163977794943222
66000, 0.5163977794943222
67000, 0.4472135954999579
68000, 0.4472135954999579
69000, 0.3651483716701107
70000, 0.3651483716701107
71000, 0.3651483716701107
72000, 0.3651483716701107
73000, 0.3651483716701107
74000, 0.3651483716701107
75000, 0.3651483716701107
76000, 0.2581988897471611
77000, 0.4472135954999579
78000, 0.4472135954999579
79000, 0.4472135954999579
80000, 0.4472135954999579
81000, 0.4472135954999579
82000, 0.4472135954999579
83000, 0.2581988897471611
84000, 0.3651483716701107
85000, 0.2581988897471611
86000, 0.2581988897471611
87000, 0.4472135954999579
88000, 0.4472135954999579
89000, 0.2581988897471611
90000, 0.3651483716701107
91000, 0.3651483716701107
92000, 0.3651483716701107
93000, 0.3651483716701107
94000, 0.3651483716701107
95000, 0.3651483716701107
96000, 0.3651483716701107
97000, 0.3651483716701107
98000, 0.3651483716701107
99000, 0.3651483716701107
100000, 0.3651483716701107
