3.8987177379235853
2.7202941017470885
3.3166247903554
2.569046515733026
2.1447610589527217
2.0
2.0
1.1832159566199232
0.8944271909999159
1.0
1.1832159566199232
1.1832159566199232
1.5491933384829668
1.6733200530681511
1.4142135623730951
1.4142135623730951
1.4142135623730951
1.4832396974191326
1.4832396974191326
1.4832396974191326
1.3416407864998738
1.1832159566199232
1.1832159566199232
1.1832159566199232
1.3416407864998738
1.3416407864998738
1.3416407864998738
1.4832396974191326
1.3416407864998738
1.3416407864998738
1.3416407864998738
1.0954451150103321
1.3416407864998738
1.0954451150103321
1.0954451150103321
1.0
1.0954451150103321
1.0
1.0
1.0
1.1832159566199232
1.1832159566199232
1.1832159566199232
1.1832159566199232
1.1832159566199232
1.1832159566199232
1.1832159566199232
1.1832159566199232
1.2649110640673518
1.2649110640673518
1.2649110640673518
1.2649110640673518
1.2649110640673518
1.2649110640673518
1.2649110640673518
1.2649110640673518
1.2649110640673518
1.2649110640673518
1.2649110640673518
1.2649110640673518
1.2649110640673518
1.2649110640673518
1.2649110640673518
1.2649110640673518
1.2649110640673518
1.2649110640673518
1.2649110640673518
1.2649110640673518
1.2649110640673518
1.2649110640673518
1.2649110640673518
1.2649110640673518
1.2649110640673518
1.2649110640673518
1.2649110640673518
1.2649110640673518
1.2649110640673518
1.5491933384829668
1.5491933384829668
1.5491933384829668
1.5491933384829668
1.5491933384829668
1.5491933384829668
1.5491933384829668
1.5491933384829668
1.5491933384829668
1.5491933384829668
1.5491933384829668
1.5491933384829668
1.5491933384829668
1.5491933384829668
1.2649110640673518
1.5491933384829668
1.2649110640673518
1.2649110640673518
1.2649110640673518
1.2649110640673518
1.2649110640673518
1.2649110640673518
1.2649110640673518
1.2649110640673518
1.2649110640673518
1.2649110640673518
1.2649110640673518
1.2649110640673518
1.2649110640673518
1.2649110640673518
1.2649110640673518
1.2649110640673518
1.2649110640673518
1.2649110640673518
1.2649110640673518
1.2649110640673518
1.2649110640673518
1.2649110640673518
1.2649110640673518
1.2649110640673518
1.2649110640673518
1.2649110640673518
1.2649110640673518
1.2649110640673518
1.0954451150103321
1.0954451150103321
1.0954451150103321
1.0954451150103321
1.0954451150103321
1.0954451150103321
1.0954451150103321
1.2649110640673518
1.2649110640673518
1.2649110640673518
1.2649110640673518
1.2649110640673518
1.2649110640673518
1.5491933384829668
1.5491933384829668
1.5491933384829668
1.5491933384829668
1.5491933384829668
1.5491933384829668
1.5491933384829668
1.5491933384829668
1.2649110640673518
1.2649110640673518
1.2649110640673518
1.2649110640673518
1.2649110640673518
1.2649110640673518
1.2649110640673518
1.2649110640673518
1.2649110640673518
1.2649110640673518
1.2649110640673518
1.2649110640673518
1.2649110640673518
1.2649110640673518
1.2649110640673518
1.2649110640673518
1.2649110640673518
1.2649110640673518
1.2649110640673518
1.2649110640673518
1.2649110640673518
1.2649110640673518
1.2649110640673518
1.2649110640673518
1.2649110640673518
1.2649110640673518
1.2649110640673518
1.2649110640673518
1.2649110640673518
1.2649110640673518
1.2649110640673518
1.0954451150103321
1.0954451150103321
1.0954451150103321
1.0954451150103321
1.0954451150103321
1.0954451150103321
1.0954451150103321
1.0954451150103321
1.0954451150103321
1.0954451150103321
1.0954451150103321
1.0954451150103321
1.0
1.1832159566199232
1.0
1.0
1.0
1.0
1.0
1.0954451150103321
1.2649110640673518
1.2649110640673518
1.2649110640673518
1.2649110640673518
1.2649110640673518
1.2649110640673518
1.2649110640673518
1.0954451150103321
1.2649110640673518
1.1832159566199232
1.2649110640673518
1.2649110640673518
1.2649110640673518
1.0954451150103321
1.0954451150103321
1.2649110640673518
1.2649110640673518
1.2649110640673518
1.2649110640673518
1.2649110640673518
1.2649110640673518
1.2649110640673518
1.2649110640673518
1.2649110640673518
1.2649110640673518
1.2649110640673518
1.2649110640673518
1.2649110640673518
1.2649110640673518
1.2649110640673518
1.2649110640673518
1.2649110640673518
1.2649110640673518
1.2649110640673518
1.2649110640673518
1.2649110640673518
1.2649110640673518
1.2649110640673518
1.2649110640673518
1.2649110640673518
1.2649110640673518
1.2649110640673518
1.2649110640673518
1.2649110640673518
1.2649110640673518
1.2649110640673518
1.2649110640673518
1.2649110640673518
1.2649110640673518
1.2649110640673518
1.2649110640673518
1.2649110640673518
1.2649110640673518
1.2649110640673518
1.2649110640673518
1.2649110640673518
1.2649110640673518
1.2649110640673518
1.2649110640673518
1.2649110640673518
1.2649110640673518
1.0954451150103321
1.2649110640673518
1.0954451150103321
1.0954451150103321
1.0954451150103321
1.0954451150103321
1.2649110640673518
1.2649110640673518
1.0954451150103321
1.0954451150103321
1.0954451150103321
1.2649110640673518
1.2649110640673518
1.2649110640673518
1.0954451150103321
1.0954451150103321
1.0954451150103321
1.0954451150103321
1.0954451150103321
1.0954451150103321
1.0954451150103321
1.0954451150103321
1.2649110640673518
1.0954451150103321
1.0954451150103321
1.2649110640673518
1.2649110640673518
1.2649110640673518
1.0954451150103321
1.0954451150103321
1.0954451150103321
1.0954451150103321
1.0954451150103321
1.0954451150103321
1.0954451150103321
1.0954451150103321
1.0954451150103321
1.0954451150103321
1.0954451150103321
1.0954451150103321
1.0954451150103321
1.0954451150103321
1.2649110640673518
1.0954451150103321
1.0954451150103321
1.0954451150103321
1.0954451150103321
1.0954451150103321
1.0954451150103321
1.0954451150103321
1.0954451150103321
1.0954451150103321
1.0954451150103321
1.0954451150103321
1.0954451150103321
1.0954451150103321
1.0954451150103321
1.0954451150103321
1.0954451150103321
1.0954451150103321
1.0954451150103321
1.0954451150103321
1.0954451150103321
1.0954451150103321
1.0954451150103321
1.0954451150103321
1.0954451150103321
1.0
1.0
1.0
1.0
1.0
1.0
1.0
1.0
1.0954451150103321
1.0954451150103321
1.0954451150103321
1.0954451150103321
1.0954451150103321
1.0954451150103321
1.0954451150103321
1.0954451150103321
1.0954451150103321
1.0954451150103321
1.0954451150103321
1.0954451150103321
1.0954451150103321
1.0
1.0
1.0
1.0954451150103321
1.0954451150103321
1.0954451150103321
1.0954451150103321
1.0954451150103321
1.0954451150103321
1.0954451150103321
1.0954451150103321
1.0954451150103321
1.0954451150103321
1.0954451150103321
1.0954451150103321
1.0954451150103321
1.0954451150103321
1.0954451150103321
1.0954451150103321
1.0954451150103321
1.0954451150103321
1.0954451150103321
1.0954451150103321
1.0954451150103321
1.0954451150103321
1.0954451150103321
1.0954451150103321
1.0954451150103321
1.0954451150103321
1.0954451150103321
1.0954451150103321
1.0954451150103321
1.0954451150103321
1.0954451150103321
1.0954451150103321
1.0954451150103321
1.0954451150103321
1.0954451150103321
1.0954451150103321
1.0954451150103321
1.0954451150103321
1.0954451150103321
1.0954451150103321
1.0954451150103321
1.0954451150103321
1.0954451150103321
1.0954451150103321
1.0954451150103321
1.0954451150103321
1.0954451150103321
1.0954451150103321
1.0954451150103321
1.0954451150103321
1.0954451150103321
1.0954451150103321
1.0954451150103321
1.0954451150103321
1.0954451150103321
