1, 80.43977338889725
2, 80.11527409213016
3, 80.039097588973
4, 79.84162895561259
5, 79.83688728544325
6, 79.75632532013638
7, 79.7406510418082
8, 79.07663552348625
9, 79.09153828679418
10, 78.66411416359341
15, 75.6946874905083
20, 73.81289086022073
25, 72.18982912136188
30, 70.7596535564482
35, 70.07271733196676
40, 69.3855686930441
45, 66.94870104362423
50, 64.81523189586137
55, 62.00552970732299
60, 61.07372593840988
65, 60.78498404798907
70, 59.53090433907897
75, 57.700458032348905
80, 56.97881811941798
85, 56.670097935330936
90, 55.326175670162804
95, 55.71034784618435
100, 54.711059211095524
150, 49.440729305762815
200, 45.710580206962405
250, 42.43566559258514
300, 40.93793211331376
350, 39.190013305141186
400, 36.603668824703504
450, 35.679125549822544
500, 32.495054568788944
550, 31.48037937691167
600, 30.019755400164644
650, 27.752734742981378
700, 26.45319316399116
750, 25.79728667902886
800, 24.542674205205454
850, 24.209502266672068
900, 23.632906840130474
950, 23.37153335638403
1000, 22.37696519701837
1250, 20.679872892673757
1500, 18.952195500408767
1750, 17.543008375336964
2000, 16.96130048922294
2250, 16.3300774208645
2500, 15.525094892739672
2750, 14.567576521655402
3000, 14.23275899365364
3250, 14.04686035077895
3500, 13.10070881397535
3750, 12.372781186366883
4000, 12.203629436711498
4250, 12.126711955725792
4500, 11.614030923228777
4750, 11.290957190854737
5000, 11.367874534343324
5250, 11.419907430197748
5500, 10.82325538564332
5750, 10.200840301521383
6000, 10.25809784650992
6250, 9.927595018791957
6500, 9.896608365640075
6750, 9.792125115914027
7000, 9.895164764382942
7250, 9.680613912055666
7500, 9.34726850857664
7750, 9.1104335791443
8000, 8.83256959860978
8250, 8.830143179554257
8500, 8.732533587518736
8750, 8.465897977853771
9000, 8.345229603962801
9250, 8.416819894880556
9500, 8.62388709176022
9750, 8.46758525200662
10000, 8.295437644530017
11000, 7.586642396814473
12000, 7.232861516321581
13000, 7.782764841072135
14000, 7.31827458197237
15000, 6.988766496518333
16000, 6.841052550594828
17000, 6.567234686576339
18000, 6.598701170901524
19000, 6.627863262664026
20000, 6.680461917305676
21000, 6.412042242085255
22000, 6.00476001661539
23000, 6.216337920581308
24000, 6.106202935189288
25000, 6.1667310163952695
26000, 6.185235877243717
27000, 5.688333926304156
28000, 5.7433191001122585
29000, 5.754501343668773
30000, 5.862715119415967
31000, 5.687078084821514
32000, 5.629006509652861
33000, 5.601020315212986
34000, 5.521386989309324
35000, 5.565197981332611
36000, 5.261721608534063
37000, 5.38914252389535
38000, 5.23859304993785
39000, 5.632812035615197
40000, 5.416904756672129
41000, 5.21125156340997
42000, 4.8373546489791295
43000, 4.484895284651104
44000, 4.247688447009402
45000, 4.254409477236529
46000, 4.330951726484937
47000, 4.340835995848858
48000, 4.20883424647321
49000, 4.244323940780878
50000, 4.367084676466507
51000, 4.142118160693012
52000, 4.159326868617084
53000, 4.299501632249287
54000, 4.235900983599256
55000, 4.262795863213317
56000, 4.399675312695569
57000, 4.08656334834051
58000, 4.220697301902343
59000, 4.277849927241488
60000, 4.138667832596792
61000, 4.147288270665544
62000, 4.279519332154689
63000, 4.630643275275816
64000, 4.705619740571601
65000, 4.5934736311423405
66000, 4.465742619414731
67000, 4.530846656925329
68000, 4.776430227092793
69000, 4.894603442276285
70000, 4.599689430509723
71000, 4.347413023856832
72000, 4.446507457705269
73000, 4.332600670662895
74000, 4.394802124588286
75000, 4.332600670662895
76000, 4.312771730569565
77000, 4.291186981976632
78000, 4.138667832596792
79000, 4.0918036539962594
80000, 4.220697301902343
81000, 4.065534580909555
82000, 4.20883424647321
83000, 4.157609203101499
84000, 4.123105625617661
85000, 4.220697301902343
86000, 4.157609203101499
87000, 4.183300132670378
88000, 4.210531015034972
89000, 4.254409477236529
90000, 4.219004621945797
91000, 4.147288270665544
92000, 4.36871998252512
93000, 4.095293465849373
94000, 4.123105625617661
95000, 4.176464670371
96000, 4.157609203101499
97000, 4.27617987059879
98000, 4.126568965687043
99000, 4.12829954616391
100000, 4.140393356054125
