1, 16.901676445449624
2, 16.639310883166605
3, 16.004166124273183
4, 15.412116445619445
5, 15.401298646542765
6, 15.401298646542765
7, 14.521248798456236
8, 14.59223537821856
9, 14.52583904633395
10, 14.375905768565216
15, 12.328828005937952
20, 11.156462999834073
25, 10.788883167408942
30, 9.622889378975527
35, 8.914407813571616
40, 8.254291812949997
45, 8.262364471909155
50, 7.814516406449389
55, 7.2571803523590805
60, 7.146094504459528
65, 6.904105059069326
70, 6.7379522111692065
75, 6.718134661744533
80, 6.836178269569434
85, 5.994441870043727
90, 6.131883886702357
95, 6.434283176858165
100, 6.382267099811268
150, 4.781910357447813
200, 4.131182235954578
250, 3.794733192202055
300, 2.943920288775949
350, 3.3763886032268267
400, 3.3565855667130946
450, 3.32665998663324
500, 3.2041639575194445
550, 3.2761766334148303
600, 3.22490309931942
650, 3.2145502536643185
700, 2.898275349237888
750, 3.0983866769659336
800, 2.5298221281347035
850, 2.4083189157584592
900, 2.3380903889000244
950, 2.32379000772445
1000, 2.065591117977289
1250, 1.9148542155126762
1500, 1.6931233465600393
1750, 1.591644851508443
2000, 1.7126976771553504
2250, 1.8073922282301278
2500, 1.570562531918633
2750, 1.591644851508443
3000, 1.61245154965971
3250, 1.4832396974191326
3500, 1.4605934866804429
3750, 1.390443574307614
4000, 1.5275252316519468
4250, 1.2909944487358056
4500, 1.3662601021279464
4750, 1.3416407864998738
5000, 1.3165611772087666
5250, 1.3416407864998738
5500, 1.3165611772087666
5750, 1.3416407864998738
6000, 1.2909944487358056
6250, 1.2649110640673518
6500, 1.2382783747337807
6750, 1.2649110640673518
7000, 1.2649110640673518
7250, 1.2110601416389966
7500, 1.3165611772087666
7750, 1.3165611772087666
8000, 1.0327955589886444
8250, 1.0645812948447542
8500, 1.0645812948447542
8750, 1.0
9000, 1.1254628677422756
9250, 1.1254628677422756
9500, 1.1254628677422756
9750, 1.1254628677422756
10000, 1.2909944487358056
11000, 1.1832159566199232
12000, 1.2909944487358056
13000, 1.2382783747337807
14000, 1.0327955589886444
15000, 1.0
16000, 1.1254628677422756
17000, 1.1832159566199232
18000, 1.0954451150103321
19000, 1.0327955589886444
20000, 0.7302967433402214
21000, 0.7745966692414834
22000, 0.7745966692414834
23000, 0.7745966692414834
24000, 0.7745966692414834
25000, 0.7745966692414834
26000, 0.8563488385776752
27000, 0.8563488385776752
28000, 0.8563488385776752
29000, 0.8563488385776752
30000, 0.8563488385776752
31000, 0.7745966692414834
32000, 0.7302967433402214
33000, 0.7302967433402214
34000, 0.7745966692414834
35000, 0.8563488385776752
36000, 0.8563488385776752
37000, 0.8563488385776752
38000, 0.8563488385776752
39000, 0.816496580927726
40000, 0.8563488385776752
41000, 0.816496580927726
42000, 0.816496580927726
43000, 0.816496580927726
44000, 0.7302967433402214
45000, 0.7302967433402214
46000, 0.7302967433402214
47000, 0.7302967433402214
48000, 0.7302967433402214
49000, 0.7302967433402214
50000, 0.7302967433402214
51000, 0.7302967433402214
52000, 0.7302967433402214
53000, 0.7302967433402214
54000, 0.7302967433402214
55000, 0.7302967433402214
56000, 0.7302967433402214
57000, 0.7302967433402214
58000, 0.7302967433402214
59000, 0.7302967433402214
60000, 0.5773502691896257
61000, 0.7302967433402214
62000, 0.7302967433402214
63000, 0.7302967433402214
64000, 0.7302967433402214
65000, 0.7302967433402214
66000, 0.5773502691896257
67000, 0.5773502691896257
68000, 0.7302967433402214
69000, 0.5773502691896257
70000, 0.6324555320336759
71000, 0.5773502691896257
72000, 0.5773502691896257
73000, 0.5163977794943222
74000, 0.5163977794943222
75000, 0.5163977794943222
76000, 0.5163977794943222
77000, 0.5163977794943222
78000, 0.3651483716701107
79000, 0.3651483716701107
80000, 0.3651483716701107
81000, 0.3651483716701107
82000, 0.3651483716701107
83000, 0.3651483716701107
84000, 0.3651483716701107
85000, 0.3651483716701107
86000, 0.3651483716701107
87000, 0.2581988897471611
88000, 0.2581988897471611
89000, 0.2581988897471611
90000, 0.2581988897471611
91000, 0.2581988897471611
92000, 0.2581988897471611
93000, 0.2581988897471611
94000, 0.5773502691896257
95000, 0.5773502691896257
96000, 0.5773502691896257
97000, 0.5773502691896257
98000, 0.5773502691896257
99000, 0.5773502691896257
100000, 0.5773502691896257
