19.217551501538527
15.260593510270636
13.795444382631743
12.246282234679574
12.138486608422697
12.738019581439763
12.946041866145807
12.789504625724508
12.847456668817484
13.32988050530515
13.437686875776969
13.25464878017197
13.168143377105217
13.085433559059915
12.748109103482198
12.299825782738319
12.274247140136247
12.507140817491878
12.283554627456756
11.930752580740963
12.02140947286489
12.298664271259009
12.371626524315339
12.201873392463728
11.92835756865606
12.016655108639842
12.219422478754293
12.36007397111476
12.640072332523598
12.574350309828565
12.520839771014904
12.257942031888668
12.499142827753086
12.634420106541157
13.133381677455137
12.974700657158035
12.608387231181812
12.643462455243139
12.517416438135879
12.641202474448386
12.319554722936562
12.779447785968129
12.640072332523598
12.77721185772322
12.798437404620925
12.726799620149151
12.854126630330487
