1, 68.44425955963486
2, 67.75162974669564
3, 66.98407771005485
4, 66.1509637118009
5, 66.1509637118009
6, 65.26344050589631
7, 64.34891866483332
8, 63.46692051769961
9, 63.46429442345252
10, 63.46232478145334
15, 62.605111612391525
20, 60.86953260868692
25, 60.867205181991615
30, 60.86775281980873
35, 60.073011133675216
40, 60.072456250764375
45, 59.29502508642694
50, 58.52093642449683
55, 57.53868264046371
60, 56.67980239909098
65, 56.68156666853873
70, 56.68053751803465
75, 56.680390495008645
80, 56.259517713301925
85, 56.257443951889606
90, 55.363796835116
95, 53.81170876305639
100, 53.81279277891704
150, 52.15841255253078
200, 52.15665505634604
250, 52.18077551487074
300, 51.38320088641163
350, 51.38093031466052
400, 51.36487126431838
450, 50.526065880229915
500, 49.510604924601765
550, 49.5102682952402
600, 48.8627329021481
650, 48.86119796593885
700, 48.86119796593885
750, 48.17554704757729
800, 47.73939672848831
850, 46.22282985711715
900, 46.17899955607527
950, 46.20064934608604
1000, 46.25076575942644
1250, 44.551281313410804
1500, 43.216123534316836
1750, 43.256213426512495
2000, 43.39085925245854
2250, 43.17425930652044
2500, 42.40754649823543
2750, 41.63952449296221
3000, 41.59627387158614
3250, 41.52067757957072
3500, 41.061742128977755
3750, 40.989226226737514
4000, 40.7974672416479
4250, 40.769678275241105
4500, 40.69643719049618
4750, 40.46068050177439
5000, 40.45759096469619
5250, 39.38146772277539
5500, 39.262365355812854
5750, 39.11798392896375
6000, 39.07236875337865
6250, 39.06852953465231
6500, 38.119330179494675
6750, 38.16630276391292
7000, 38.18005587563573
7250, 38.179837610969486
7500, 37.425926842230645
7750, 37.42503618346058
8000, 37.34367416310291
8250, 37.03984341219601
8500, 36.74438732650199
8750, 36.71965867669978
9000, 36.71920478441765
9250, 35.86456003726613
9500, 35.91355361605606
9750, 35.48685202531589
10000, 35.37466136469248
11000, 34.57238782612506
12000, 35.1729062395096
13000, 34.921101548108894
14000, 35.17503849796519
15000, 34.58491964233352
16000, 35.20890038991088
17000, 34.94948735913972
18000, 34.47728720960124
19000, 34.32953053373534
20000, 33.19588327890473
21000, 33.0252428706689
22000, 33.08801394261473
23000, 32.98080249680613
24000, 32.498461502046524
25000, 32.24748052173999
26000, 32.15146445601921
27000, 31.730637140362205
28000, 31.425838625776297
29000, 31.935090417908636
30000, 31.634106067133725
31000, 31.42477790958381
32000, 31.522743112447134
33000, 31.685696036750294
34000, 31.24019846287792
35000, 31.12930023841418
36000, 31.13572439069522
37000, 30.61481123029614
38000, 30.56795707926848
39000, 30.639843341636066
40000, 30.786089932522014
41000, 30.287786317259965
42000, 30.695005022533117
43000, 30.344411896316814
44000, 30.21561406513747
45000, 30.608550003770734
46000, 30.389417017551796
47000, 30.512019489593495
48000, 31.276455468397735
49000, 31.354425524955804
50000, 31.58295954044417
51000, 31.74009031703176
52000, 31.866387725417933
53000, 31.426368970446884
54000, 31.530672896932177
55000, 31.621986022386388
56000, 31.772105165800184
57000, 31.329964357890145
58000, 31.24686650956647
59000, 30.85206638136253
60000, 30.96960875869546
61000, 30.99220332062028
62000, 30.67382162909169
63000, 30.463092423455635
64000, 30.086818819321305
65000, 30.200441497876596
66000, 30.147139167755206
67000, 30.044411571316665
68000, 30.22526536966494
69000, 30.119207603565314
70000, 29.836498900954627
71000, 30.192438346932718
72000, 30.428878826974
73000, 30.39106228262952
74000, 30.624608841039368
75000, 30.5824023473195
76000, 30.513931244597114
77000, 30.43901005836644
78000, 30.306214984168953
79000, 30.521304035050665
80000, 30.404769362716767
81000, 30.42394889994832
82000, 30.224162519414826
83000, 30.024989592004857
84000, 30.09512695880625
85000, 30.048017128145634
86000, 29.938548172325703
87000, 29.467213418758597
88000, 28.862316839320666
89000, 28.907899727698425
90000, 28.902710368867947
91000, 28.392487269229044
92000, 28.313424377845926
93000, 28.31725033732383
94000, 27.889663557191458
95000, 28.132424945840224
96000, 28.06658748999125
97000, 28.293697767052883
98000, 28.57300590884107
99000, 28.528056365620145
100000, 28.342547521350298
