1, 33.88706734630976
2, 33.331666624997915
3, 33.01211898682058
4, 32.650165900548394
5, 31.958827679792428
6, 31.306016461163928
7, 30.448316866454213
8, 30.41984001711164
9, 29.76239237695787
10, 29.751190452372377
15, 28.937864468547087
20, 26.751323954775273
25, 25.80891318905157
30, 24.720436889343198
35, 23.91512770890704
40, 21.64024029441448
45, 20.419761670173006
50, 19.352002480363627
55, 18.452642087245934
60, 18.48603076199251
65, 18.04993074778959
70, 17.400191569826656
75, 15.713051899615174
80, 15.287249589118376
85, 14.386336109887974
90, 13.990472948879653
95, 13.790093062291735
100, 13.05628839550761
150, 12.561846997953765
200, 11.54411827151241
250, 10.85664159243855
300, 10.264826674945207
350, 9.513148795220223
400, 8.495096624916439
450, 8.115828156551041
500, 7.416198487095663
550, 6.95940610492974
600, 6.875075757158365
650, 6.080021929785013
700, 5.916079783099616
750, 5.882176467941097
800, 5.329165037789691
850, 5.105552532945545
900, 5.138093031466052
950, 5.06951674225463
1000, 5.056349144063003
1250, 4.281744192888376
1500, 4.347413023856832
1750, 4.404543109109048
2000, 3.7549966711037173
2250, 3.391164991562634
2500, 3.3714487489307423
2750, 3.6514837167011076
3000, 3.3813212407775355
3250, 2.9097537123726926
3500, 3.0605010483034745
3750, 3.0876096471758427
4000, 2.840187787218772
4250, 3.183289703016886
4500, 3.03315017762062
4750, 3.0166206257996713
5000, 3.005550421026627
5250, 2.840187787218772
5500, 2.695675549220764
5750, 2.503331114069145
6000, 2.74469184669852
6250, 2.932575659723036
6500, 2.960855732160327
6750, 3.13581462037113
7000, 3.005550421026627
7250, 3.13581462037113
7500, 3.1144823004794873
7750, 2.8106938645110393
8000, 2.70801280154532
8250, 2.5298221281347035
8500, 2.6012817353502227
8750, 2.6832815729997477
9000, 2.6394443859772205
9250, 2.503331114069145
9500, 2.516611478423583
9750, 2.401388487243717
10000, 2.3166067138525404
11000, 2.536401650632907
12000, 2.54296414970142
13000, 2.2876479915697985
14000, 2.2211108331943574
15000, 2.2135943621178655
16000, 2.160246899469287
17000, 1.9235384061671346
18000, 1.9321835661585918
19000, 1.9493588689617927
20000, 1.8973665961010275
21000, 2.16794833886788
22000, 2.016597794967223
23000, 1.9916492328386208
24000, 1.816590212458495
25000, 1.7224014243685084
26000, 1.7416467303484175
27000, 1.7701224063135672
28000, 1.8257418583505538
29000, 1.7224014243685084
30000, 1.7126976771553504
31000, 1.70293863659264
32000, 1.7416467303484175
33000, 1.6733200530681511
34000, 1.559914527573012
35000, 1.5383974345619102
36000, 1.7701224063135672
37000, 1.7224014243685084
38000, 1.8973665961010275
39000, 1.8529256146249728
40000, 1.6832508230603465
41000, 1.61245154965971
42000, 1.622754859285078
43000, 1.834847859269718
44000, 1.570562531918633
45000, 1.7320508075688772
46000, 1.7511900715418263
47000, 1.7511900715418263
48000, 1.7416467303484175
49000, 1.834847859269718
50000, 1.9148542155126762
51000, 1.906130460732773
52000, 1.6832508230603465
53000, 1.591644851508443
54000, 1.5275252316519468
55000, 1.505545305418162
56000, 1.5275252316519468
57000, 1.6733200530681511
58000, 1.6532795690182993
59000, 1.70293863659264
60000, 1.6733200530681511
61000, 1.559914527573012
62000, 1.505545305418162
63000, 1.622754859285078
64000, 1.6532795690182993
65000, 1.7126976771553504
66000, 1.6832508230603465
67000, 1.632993161855452
68000, 1.6733200530681511
69000, 1.591644851508443
70000, 1.66332999331662
71000, 1.559914527573012
72000, 1.390443574307614
73000, 1.378404875209022
74000, 1.3662601021279464
75000, 1.4719601443879744
76000, 1.390443574307614
77000, 1.4719601443879744
78000, 1.4605934866804429
79000, 1.4142135623730951
80000, 1.449137674618944
81000, 1.5811388300841898
82000, 1.559914527573012
83000, 1.5811388300841898
84000, 1.570562531918633
85000, 1.5811388300841898
86000, 1.5275252316519468
87000, 1.5811388300841898
88000, 1.559914527573012
89000, 1.51657508881031
90000, 1.378404875209022
91000, 1.3662601021279464
92000, 1.2649110640673518
93000, 1.3662601021279464
94000, 1.378404875209022
95000, 1.4142135623730951
96000, 1.632993161855452
97000, 1.570562531918633
98000, 1.378404875209022
99000, 1.390443574307614
100000, 1.2382783747337807
