1, 13.70255450636851
2, 13.013838787997953
3, 12.361229712289955
4, 11.454256850621082
5, 10.392304845413264
6, 10.380751417888785
7, 10.380751417888785
8, 10.36532681587995
9, 10.357605900979241
10, 9.867117106835208
15, 9.397872099576585
20, 8.508818954473059
25, 7.740800992145451
30, 6.910861017268398
35, 6.6452990903344595
40, 6.554387843269576
45, 6.49307323229917
50, 6.584831053261731
55, 6.44980619863884
60, 6.374950980203691
65, 6.079473661428265
70, 6.118823416311342
75, 6.059702963017247
80, 6.013318551349163
85, 5.499090833947008
90, 5.499090833947008
95, 4.326661530556787
100, 4.298837052040936
150, 3.9597979746446663
200, 3.8262252939417984
250, 3.059411708155671
300, 2.9664793948382653
350, 2.9664793948382653
400, 2.7712812921102037
450, 2.6832815729997477
500, 2.6076809620810595
550, 2.4979991993593593
600, 2.5298221281347035
650, 1.697056274847714
700, 1.4422205101855958
750, 1.4422205101855958
800, 1.4422205101855958
850, 1.4422205101855958
900, 1.4422205101855958
950, 1.5231546211727816
1000, 1.6
1250, 1.2649110640673518
1500, 1.0954451150103321
1750, 1.131370849898476
2000, 1.0583005244258363
2250, 1.1661903789690602
2500, 1.2
2750, 1.0954451150103321
3000, 1.0583005244258363
3250, 0.9797958971132712
3500, 0.9797958971132712
3750, 1.019803902718557
4000, 0.9797958971132712
4250, 0.9797958971132712
4500, 0.9797958971132712
4750, 0.9797958971132712
5000, 0.9797958971132712
5250, 0.9797958971132712
5500, 0.9797958971132712
5750, 0.9797958971132712
6000, 0.9797958971132712
6250, 0.9797958971132712
6500, 0.9797958971132712
6750, 1.0583005244258363
7000, 1.0583005244258363
7250, 1.0583005244258363
7500, 1.0583005244258363
7750, 1.0583005244258363
8000, 1.0583005244258363
8250, 0.565685424949238
8500, 0.8944271909999159
8750, 0.8944271909999159
9000, 0.8944271909999159
9250, 0.8944271909999159
9500, 0.8944271909999159
9750, 0.8944271909999159
10000, 0.8944271909999159
11000, 0.8944271909999159
12000, 0.8944271909999159
13000, 0.8944271909999159
14000, 0.8944271909999159
15000, 0.8944271909999159
16000, 0.6324555320336759
17000, 0.6324555320336759
18000, 0.6324555320336759
19000, 0.6324555320336759
20000, 0.6324555320336759
21000, 0.6324555320336759
22000, 0.4898979485566356
23000, 0.4898979485566356
24000, 0.4898979485566356
25000, 0.4898979485566356
26000, 0.4898979485566356
27000, 0.4898979485566356
28000, 0.4898979485566356
29000, 0.4898979485566356
30000, 0.4898979485566356
31000, 0.4898979485566356
32000, 0.4898979485566356
33000, 0.4898979485566356
34000, 0.4898979485566356
35000, 0.4898979485566356
36000, 0.4898979485566356
37000, 0.4898979485566356
38000, 0.4898979485566356
39000, 0.4898979485566356
40000, 0.4898979485566356
41000, 0.4898979485566356
42000, 0.4898979485566356
43000, 0.4898979485566356
44000, 0.4898979485566356
45000, 0.4898979485566356
46000, 0.565685424949238
47000, 0.565685424949238
48000, 0.565685424949238
49000, 0.565685424949238
50000, 0.565685424949238
51000, 0.565685424949238
52000, 0.4898979485566356
53000, 0.4898979485566356
54000, 0.4898979485566356
55000, 0.4898979485566356
56000, 0.4898979485566356
57000, 0.565685424949238
58000, 0.565685424949238
59000, 0.565685424949238
60000, 0.565685424949238
61000, 0.565685424949238
62000, 0.565685424949238
63000, 0.565685424949238
64000, 0.565685424949238
65000, 0.565685424949238
66000, 0.565685424949238
67000, 0.565685424949238
68000, 0.4898979485566356
69000, 0.4898979485566356
70000, 0.4898979485566356
71000, 0.4898979485566356
72000, 0.4898979485566356
73000, 0.4898979485566356
74000, 0.4898979485566356
75000, 0.565685424949238
76000, 0.565685424949238
77000, 0.565685424949238
78000, 0.565685424949238
79000, 0.565685424949238
80000, 0.565685424949238
81000, 0.565685424949238
82000, 0.565685424949238
83000, 0.565685424949238
84000, 0.565685424949238
85000, 0.565685424949238
86000, 0.565685424949238
87000, 0.565685424949238
88000, 0.565685424949238
89000, 0.565685424949238
90000, 0.565685424949238
91000, 0.565685424949238
92000, 0.565685424949238
93000, 0.565685424949238
94000, 0.565685424949238
95000, 0.565685424949238
96000, 0.565685424949238
97000, 0.565685424949238
98000, 0.565685424949238
99000, 0.565685424949238
100000, 0.565685424949238
