1, 39.621062219841754
2, 39.04502895010177
3, 38.18226963245787
4, 37.544259595461845
5, 37.009651250914075
6, 36.082841193168655
7, 35.2902252755632
8, 34.37316228853967
9, 34.35445489930777
10, 34.341145666886035
15, 34.31825836406704
20, 34.295772334210525
25, 32.74577399124526
30, 31.067208251972506
35, 30.120235248559588
40, 30.097935382443
45, 29.224744896845795
50, 29.21056560317076
55, 29.21203274581995
60, 28.982753492378876
65, 28.980781809428713
70, 28.007141946296482
75, 28.006631867674283
80, 27.19873946658978
85, 27.218166202530462
90, 27.216066683381815
95, 27.216066683381815
100, 27.215541778287538
150, 26.391557091507234
200, 26.208504617503728
250, 26.200872395508405
300, 24.766336599736114
350, 24.76691341285789
400, 24.76691341285789
450, 24.183819856613695
500, 24.18441056312339
550, 23.476431950849285
600, 22.762751528382
650, 22.7621239280144
700, 21.962955825012
750, 21.96230536949291
800, 21.92584906321434
850, 21.89389999846663
900, 21.87039747499541
950, 21.854061407436376
1000, 21.844253902832858
1250, 20.948235520648783
1500, 20.331537781767235
1750, 20.159365069366643
2000, 20.162199426508153
2250, 20.189813556062656
2500, 19.531659281425995
2750, 19.034555043769362
3000, 18.987213742787162
3250, 18.199686025549216
3500, 18.227138322528074
3750, 17.977764043395386
4000, 17.953909244029756
4250, 17.686960491519493
4500, 17.47978424188517
4750, 17.376503018238655
5000, 17.37568087052377
5250, 17.28665876994659
5500, 16.78179285501318
5750, 15.861904047118681
6000, 16.128944700223173
6250, 15.879906440890279
6500, 15.670718827527619
6750, 15.5728701822845
7000, 15.573787501531449
7250, 15.446682491719702
7500, 15.198684153570664
7750, 15.37437571322584
8000, 15.57011790027845
8250, 15.57011790027845
8500, 15.308261075081557
8750, 15.36136154679749
9000, 15.275564053181707
9250, 15.292388396098984
9500, 15.111963094562816
9750, 15.11385362601383
10000, 15.120468624634999
11000, 14.671644177021976
12000, 14.887194881124229
13000, 14.007141035914502
14000, 13.514013890349952
15000, 14.044826195334098
16000, 13.9304394351773
17000, 13.95400608120427
18000, 14.324803663575986
19000, 14.230751410740254
20000, 14.51895313030523
21000, 14.711511527663342
22000, 14.477568856683085
23000, 14.256827938119436
24000, 14.089509775513331
25000, 14.093564894254804
26000, 14.259833699691493
27000, 14.569047424493576
28000, 14.45584409750702
29000, 15.18269691834378
30000, 15.582040944625964
31000, 15.44760730432294
32000, 14.984754156904181
33000, 15.093044755780724
34000, 14.579829511054943
35000, 14.447936085920961
36000, 14.429137188342205
37000, 14.084439235249253
38000, 13.783012318482072
39000, 13.756037635473794
40000, 13.575187449376685
41000, 13.909914244369528
42000, 14.261837188805655
43000, 13.744609332908874
44000, 13.500264547672495
45000, 13.696714934611146
46000, 13.639229136156173
47000, 13.521411591567333
48000, 13.168143377105217
49000, 13.173566606764364
50000, 13.580448130624093
51000, 13.713392828076604
52000, 13.54568987854492
53000, 12.998901052451648
54000, 13.04278673115089
55000, 12.590245657424072
56000, 12.590245657424072
57000, 12.752590773194733
58000, 12.752590773194733
59000, 12.259107401671391
60000, 12.372781186366883
61000, 12.041594578792296
62000, 11.953481262197815
63000, 11.820079767678632
64000, 11.853872182299154
65000, 11.841814532772055
66000, 11.66802713156158
67000, 11.652099749462694
68000, 11.29475225808112
69000, 11.411773369138183
70000, 11.093112406224993
71000, 11.268159946123793
72000, 11.071198154284321
73000, 11.120123329223595
74000, 11.48415056874971
75000, 11.247856938736629
76000, 11.309919792566422
77000, 11.399248095504245
78000, 11.230061696815637
79000, 11.303602459898729
80000, 11.167555046396043
81000, 11.099549540409287
82000, 11.020759631583608
83000, 11.210964021247873
84000, 11.226244760763567
85000, 11.527606615673276
86000, 11.697374552803351
87000, 11.626324809303608
88000, 11.952286093343936
89000, 11.64474130240771
90000, 11.306129816545157
91000, 11.380434337681743
92000, 11.127828693351251
93000, 11.569664768572288
94000, 11.521408644035551
95000, 11.561018244823543
96000, 11.759494644146672
97000, 12.1420167776433
98000, 12.318395071715193
99000, 12.256776551303014
100000, 12.33577839341436
