11.213830746002902
10.65598423422257
7.893034904268446
6.618156843109719
5.594640292279746
5.004997502496879
4.5661800227323495
4.544227107000705
5.310367218940701
4.6475800154489
4.2895221179054435
4.201190307520001
4.080441152620633
4.254409477236529
3.968626966596886
3.7815340802378077
3.5142566781611158
3.872983346207417
3.591656999213594
3.5142566781611158
3.3241540277189325
3.03315017762062
3.146426544510455
2.6267851073127395
2.6172504656604803
2.7386127875258306
2.7202941017470885
2.692582403567252
2.6832815729997477
2.6362852652928135
2.3130067012440754
2.4083189157584592
2.4289915602982237
2.3874672772626644
2.588435821108957
2.4698178070456938
2.355843797877949
2.4899799195977463
2.4392621835300936
2.179449471770337
2.4289915602982237
2.32379000772445
2.4083189157584592
2.345207879911715
2.5495097567963922
2.449489742783178
2.6076809620810595
2.6551836094703507
2.6832815729997477
2.711088342345192
2.3664319132398464
2.5
2.5
2.479919353527449
2.3769728648009427
2.345207879911715
2.479919353527449
2.569046515733026
2.6267851073127395
2.6551836094703507
2.6457513110645907
2.5787593916455256
2.692582403567252
2.6457513110645907
2.7202941017470885
2.792848008753788
2.819574435974337
2.7477263328068173
2.7838821814150108
2.7838821814150108
2.7748873851023217
2.819574435974337
2.8460498941515415
2.7658633371878665
2.6362852652928135
2.711088342345192
2.6362852652928135
2.6362852652928135
2.701851217221259
2.7386127875258306
2.6645825188948455
2.5592967784139455
2.598076211353316
2.6076809620810595
2.5099800796022267
2.6362852652928135
2.5298221281347035
2.4596747752497685
2.3979157616563596
2.4392621835300936
2.4899799195977463
2.479919353527449
2.4289915602982237
2.4186773244895647
2.3021728866442674
2.247220505424423
2.29128784747792
2.539685019840059
2.29128784747792
2.345207879911715
2.4596747752497685
2.29128784747792
2.32379000772445
2.3874672772626644
2.4392621835300936
2.4899799195977463
2.4899799195977463
2.4698178070456938
2.449489742783178
2.4698178070456938
2.539685019840059
2.5199206336708304
2.3345235059857505
2.202271554554524
2.5592967784139455
2.5787593916455256
