18.218514915170385
15.93648105986477
13.201731488169052
12.557297252423162
10.238582491173835
10.153113526683049
11.583239122604203
11.184172489983972
10.366153715681765
10.048454038877253
9.20869154657707
9.262828941527529
8.852763894481122
8.296298658351892
8.181861471746949
7.4277472070223665
7.276184243328171
7.020378500174637
6.81594768591594
6.9405639951972615
6.007138610496206
5.761944116355173
5.7644229050765725
5.923319532636602
5.6593790674040765
5.385164807134504
5.408987230262506
5.477225575051661
5.644213218610974
5.840743592581831
5.575456419497357
5.503245795502349
5.656854249492381
5.656854249492381
5.5805785670356025
5.220837371259792
5.393117306874966
5.239956379316802
5.129745189995865
4.83440053899432
4.65985898008574
4.813671007809796
4.641428351580701
4.510305659581969
4.3094580368566735
4.28285618984074
4.229150539495406
4.028470110174758
4.235900983599256
4.147288270665544
4.1196393739535715
4.161043825085926
4.279519332154689
4.198639235344165
4.1507314329611145
4.36871998252512
4.235900983599256
4.130029401486491
4.342481186734475
4.232527107330291
4.306141793166725
4.33589667773576
4.404543109109048
4.286190449738388
4.252730215486786
4.246006527146588
4.286190449738388
4.239272174728649
4.232527107330291
4.191828786034631
4.1196393739535715
4.063777271736939
4.1438422474110395
3.9351892312459746
4.046162202807565
3.946064947695181
4.042629978474055
3.9641248358604595
