1, 45.32107677449864
2, 44.50758362346804
3, 43.65690094360799
4, 42.76680956068619
5, 41.92851058647326
6, 41.28074611728814
7, 41.27802078588556
8, 40.723150663965086
9, 40.71547617307208
10, 40.70626487409524
15, 38.022361841421684
20, 35.93674999217375
25, 34.09618747015566
30, 32.4291535504706
35, 31.89553260254483
40, 31.08576844795702
45, 30.281182275466062
50, 29.750630245425054
55, 29.70732232968835
60, 28.578838324886476
65, 27.5671906439521
70, 26.87796495272661
75, 26.86680107493261
80, 26.79178978717174
85, 26.752102721094655
90, 26.75350444334349
95, 26.775455178203785
100, 26.766116640259938
150, 25.064915718988566
200, 22.740382582533655
250, 21.57313143704455
300, 20.627651344736268
350, 20.58761763779384
400, 20.525593779474445
450, 19.476267609580642
500, 18.843433869653374
550, 18.351430461955818
600, 18.359602392208824
650, 17.519988584471168
700, 16.330952207388275
750, 16.280356261458163
800, 16.250384610833063
850, 16.288799833014096
900, 16.280356261458163
950, 16.215733100911596
1000, 16.18486947738535
1250, 16.151625305213095
1500, 15.44182631685773
1750, 15.428058853919374
2000, 13.785862323409443
2250, 13.228756555322953
2500, 12.167579874403948
2750, 12.218837915284743
3000, 12.200409829181968
3250, 10.822430410956681
3500, 10.758717395675006
3750, 10.74476616776745
4000, 10.734290847559516
4250, 10.786565718522276
4500, 10.738947806931552
4750, 10.666536457538596
5000, 10.380269746013347
5250, 10.380269746013347
5500, 10.401922899156675
5750, 10.485704554296769
6000, 10.4546640309481
6250, 10.442700800080408
6500, 10.430723848324238
6750, 10.434318377354604
7000, 10.088359628799918
7250, 9.883066325791809
7500, 10.187001521546957
7750, 9.531526635329726
8000, 8.773539764542017
8250, 8.8656641037206
8500, 8.864254057730973
8750, 8.885381252371786
9000, 8.885381252371786
9250, 8.913472948295743
9500, 9.052623929005335
9750, 8.958236433584458
10000, 8.913472948295743
11000, 8.668909966079934
12000, 8.64002314811714
13000, 8.474963126763443
14000, 8.486754385511578
15000, 8.048291744215042
16000, 7.79903840226473
17000, 7.733045971672482
18000, 7.835815209663893
19000, 7.705517503711221
20000, 8.096295449154509
21000, 8.059156283383516
22000, 7.850159234053791
23000, 7.648529270389178
24000, 7.42630459919333
25000, 7.58781918603758
26000, 7.8278349497163005
27000, 7.506663706334526
28000, 7.541551564499178
29000, 7.619055059520177
30000, 7.749193506423749
31000, 7.633806389999683
32000, 7.664854858377946
33000, 7.800640999302558
34000, 7.6599608354090165
35000, 7.5547997988034075
36000, 7.715244649393822
37000, 7.692528842974851
38000, 7.684399781375251
39000, 7.866066361276137
40000, 7.79903840226473
41000, 7.762087348130012
42000, 7.7168646482881895
43000, 7.742738533619742
44000, 7.69577806332797
45000, 7.73789377027108
46000, 7.6892782496148495
47000, 7.61084752179414
48000, 7.4565407529228995
49000, 7.431352501395692
50000, 7.223226425912453
51000, 7.067531393633848
52000, 7.139677863881535
53000, 7.0940115590545805
54000, 7.314369419163897
55000, 7.2680809021364094
56000, 7.198958257970385
57000, 7.2886898685566255
58000, 7.162401831787993
59000, 7.176350047203662
60000, 7.360366838684061
61000, 7.531600095597216
62000, 7.508328708840604
63000, 7.503332592921628
64000, 7.501666481522622
65000, 7.498333148106984
66000, 7.5547997988034075
67000, 7.37733014036921
68000, 7.360366838684061
69000, 7.358668357794092
70000, 7.179832867135557
71000, 7.302396866782852
72000, 7.3246160308919945
73000, 7.692528842974851
74000, 7.655063683601855
75000, 7.58946638440411
76000, 7.619055059520177
77000, 7.424621202458749
78000, 7.556454194925025
79000, 7.760476789476275
80000, 7.501666481522622
81000, 7.563068160475615
82000, 7.454864183873506
83000, 7.433034373659253
84000, 7.4682661977195215
85000, 7.4682661977195215
86000, 7.471612945007256
87000, 7.34336435157619
88000, 7.286974680894672
89000, 7.252585745787498
90000, 7.115124735378854
91000, 7.108093977994382
92000, 7.235329985563893
93000, 7.146677549742957
94000, 7.2680809021364094
95000, 7.197221686178632
96000, 7.134423592694787
97000, 7.276675064890558
98000, 7.368853370776216
99000, 7.416198487095663
100000, 7.708761249383716
