17.305655557814454
16.45339739124676
15.306394555404427
14.635573101180562
14.60528280158538
14.263840396511132
14.243795641812412
14.43804498043772
14.843950186620042
14.373586887064759
14.840100115180201
14.45584409750702
13.519298375708281
13.780939217422219
13.528805247639994
13.674794331177344
13.38549321360362
13.341664064126334
13.416407864998739
13.65283853270081
13.572030061858838
13.419601867630584
13.438749941865872
13.297690454683153
13.292317867313972
13.674794331177344
13.424923516674925
13.849187701811251
13.722765235705438
13.63189537183188
13.94683783924821
13.699843586176971
13.75707610130666
13.760191028574319
13.604621063657536
13.615117648093555
13.530916978745909
13.654931082108869
13.707140996054365
13.706098746804026
13.950934428509491
14.017336205061014
13.906832852953976
14.033633069980743
13.614068353833733
13.243866504914644
13.388694591226692
