17.977764043395386
16.15814699418576
14.485460690933216
12.129067800712704
11.582005747833884
10.817974460525011
10.53158514727416
10.055559940365614
9.041175650481366
8.352929340742
7.515697857532213
7.129415924784542
6.946736129805339
6.832694511370627
6.491753010001008
6.440940481460319
6.740072064048828
6.5748438330177414
6.496152707564686
5.60357029044876
5.3718844791323335
5.093413113311853
5.037005913380345
5.104619756371953
4.714718594844387
4.579457235462361
4.462542516804262
4.783901575671711
4.7086546455891805
4.545012965563779
4.452928410447605
4.548155041960892
4.381780460041329
4.541868715470696
4.269493111432718
4.08481508586549
4.021371478914697
4.548155041960892
4.414262598182655
4.302822993603817
4.249369701160733
4.27617987059879
4.178174584330202
4.279519332154689
4.5071371971891105
4.381780460041329
4.18500725379129
4.38829612231705
4.391550328268399
4.535573676110727
4.548155041960892
4.61054691518727
4.7207747548166585
4.398051516621553
4.252730215486786
4.249369701160733
4.0813163142720095
4.0743097574926725
4.1196393739535715
3.971325795175784
3.9388178066884123
3.8396428405331062
3.9749213828703582
3.6839419880650364
3.541589635016618
3.6292462814513664
3.541589635016618
3.749285646245543
3.760699023168052
3.760699023168052
4.05674042269688
3.7186787208054732
3.5456210417116734
3.585685828003181
3.3974780562730853
3.430951554806417
3.7301857479602427
3.734013543475324
3.4599752269963684
3.676178139628943
3.737837419073838
3.861901826080735
3.6566964013202643
3.6645015252516173
3.7568984168174833
3.722518348798681
3.5173041624841845
3.5173041624841845
3.553670135025398
3.4599752269963684
3.277629805645711
3.2160312720583337
3.4641016151377544
3.2425739335111103
3.2732683535398857
3.3806170189140663
3.4226138716316967
3.2293298729878046
3.4434202266268428
3.4100691237233636
3.4641016151377544
3.4969374356101124
3.60951124510943
3.418437404094784
3.3932706514932924
3.3763886032268267
3.1532296368734616
3.4100691237233636
3.295017884191656
3.2293298729878046
3.2732683535398857
3.3295216301616493
3.2071349029490928
3.268901082277389
3.03315017762062
3.166791977470486
3.1532296368734616
3.116774889895918
2.9856801091687157
3.0798886807341406
3.004758131459407
3.359421718944242
3.303677604471374
3.1847852585154217
3.166791977470486
3.202677451312083
2.9568322818274866
3.1259284335103663
3.093772546815388
3.175801361186541
3.1577568892219317
3.166791977470486
3.0612789110808856
2.8685486624025445
3.0612789110808856
3.056608765095256
3.1350552512789034
3.1259284335103663
2.8585710716070314
2.767154288640743
2.7877282097486784
2.81830749615033
2.6832815729997477
2.715037489875337
2.6832815729997477
2.6186146828319083
2.501428163498376
2.5128242505765725
2.501428163498376
2.5634797778466227
2.5746012173871566
2.6349301969610397
2.715037489875337
2.6779523094014523
2.5185029566901727
2.32992949004287
2.4899799195977463
2.5128242505765725
2.5467065566559266
2.6779523094014523
2.6295029405356662
2.5634797778466227
2.5071326821120348
2.585674822114004
2.4784787961282104
2.6457513110645907
2.756809750418044
3.0472470011002204
3.009508740167215
2.8834503141697647
2.7979584393931636
2.6939084723024385
2.741219749360805
2.7619868624907378
2.501428163498376
2.5298221281347035
2.3784749015162756
2.2168188275738085
2.3964259101539405
2.585674822114004
2.5579009251449016
2.715037489875337
2.4899799195977463
2.7360033416855116
2.5801439605461662
2.5410908793553326
2.4899799195977463
2.2866069685390684
2.3176342617912282
2.3482516292522218
2.311462122306386
2.18435999126256
2.248809208701987
2.3724610489050035
2.4260491103261463
2.3844735867092943
2.210365192839022
2.29906813420444
2.18435999126256
2.197401062294143
2.3844735867092943
2.569046515733026
2.5467065566559266
2.6295029405356662
2.613153540948451
2.6295029405356662
2.6021968740717085
2.5298221281347035
2.5746012173871566
2.585674822114004
2.5071326821120348
2.5071326821120348
2.596701204000403
2.3603873774083293
2.311462122306386
2.2551528297909846
2.164651077128664
2.177810171446801
2.248809208701987
2.280350850198276
2.336052836975837
2.274077520980446
2.248809208701987
2.248809208701987
2.248809208701987
2.23606797749979
2.138089935299395
2.280350850198276
2.524168887263404
2.495710605933995
2.437797600880176
2.4727081741050063
2.3482516292522218
2.3784749015162756
2.32379000772445
2.495710605933995
2.5071326821120348
2.4260491103261463
2.461126339126632
2.449489742783178
2.3964259101539405
2.5298221281347035
2.6457513110645907
2.524168887263404
2.501428163498376
2.4083189157584592
2.4436506647695313
2.4260491103261463
2.3603873774083293
2.2866069685390684
2.280350850198276
2.29906813420444
2.2232537288526344
2.177810171446801
2.2551528297909846
2.3844735867092943
2.501428163498376
2.5298221281347035
2.5410908793553326
2.4023797725231892
2.3724610489050035
2.2866069685390684
2.311462122306386
2.32992949004287
2.29906813420444
2.23606797749979
2.177810171446801
2.1111946516469904
2.2296700588716196
2.0770858707058104
2.090796157311509
2.104417123236605
2.0770858707058104
2.0354009783964297
2.014235055087379
2.0632844828435215
2.0632844828435215
2.014235055087379
1.9198214202665531
1.8746428231227714
1.9048809486609468
1.9198214202665531
2.014235055087379
2.042407542932745
2.090796157311509
2.0354009783964297
1.9712215212183246
1.9639610121239315
2.0354009783964297
2.0
2.1514114968019085
2.1313979316066587
2.042407542932745
2.0354009783964297
2.164651077128664
2.1246848505803664
2.1313979316066587
2.18435999126256
2.1313979316066587
2.2866069685390684
2.04939015319192
1.9784553859730358
2.197401062294143
2.0701966780270626
2.2232537288526344
2.311462122306386
2.390457218668787
2.248809208701987
2.18435999126256
2.138089935299395
2.2038926600773587
2.3543273227945902
2.4553149347021512
2.449489742783178
2.4842360136324753
2.5579009251449016
2.4669240534954224
2.461126339126632
2.390457218668787
2.461126339126632
2.5410908793553326
2.5523098781859765
2.53546276418555
2.5128242505765725
2.5128242505765725
2.5298221281347035
2.4083189157584592
2.461126339126632
2.4083189157584592
2.4083189157584592
2.4669240534954224
2.4899799195977463
2.4083189157584592
2.4260491103261463
2.569046515733026
2.4669240534954224
2.53546276418555
2.5801439605461662
2.6076809620810595
2.5071326821120348
2.4260491103261463
2.4201534780139164
2.5128242505765725
2.4784787961282104
2.495710605933995
2.390457218668787
2.3784749015162756
2.4083189157584592
2.4023797725231892
2.437797600880176
2.4023797725231892
2.4899799195977463
2.5298221281347035
2.4142434484888695
2.4842360136324753
2.3421601750764798
2.311462122306386
2.274077520980446
2.2866069685390684
2.23606797749979
2.2677868380553634
2.4319304501333328
2.4260491103261463
2.4669240534954224
2.390457218668787
2.449489742783178
2.3664319132398464
2.3482516292522218
2.4201534780139164
2.4319304501333328
2.197401062294143
2.32992949004287
2.4201534780139164
2.4260491103261463
2.3964259101539405
2.32379000772445
2.3603873774083293
2.305273457593635
2.2677868380553634
2.2928460168844436
2.242447642325552
2.2928460168844436
2.164651077128664
2.2038926600773587
2.3844735867092943
2.4142434484888695
2.495710605933995
2.4201534780139164
2.4553149347021512
2.4201534780139164
2.4319304501333328
2.4436506647695313
2.4727081741050063
2.4319304501333328
2.495710605933995
2.5467065566559266
2.4553149347021512
2.4436506647695313
2.5634797778466227
2.524168887263404
