1, 0.22360679774997896
2, 0.6324555320336759
3, 1.0488088481701516
4, 1.70293863659264
5, 2.5298221281347035
6, 3.3090784215548594
7, 4.159326868617084
8, 4.929503017546495
9, 6.156297588648554
10, 7.893034904268446
15, 8.958236433584458
20, 9.583840566286565
25, 9.423375191511797
30, 10.312613635737547
35, 9.909591313469996
40, 9.534149149242422
45, 8.916277250063503
50, 8.772114910328067
55, 9.197825830053535
60, 8.54107721543366
65, 9.019423484901903
70, 9.396807968666806
75, 9.364827814754525
80, 9.5
85, 9.335416434203673
90, 9.473647660748208
95, 9.856469956328178
100, 9.20326029187483
150, 9.002777349240622
200, 8.52936105461599
250, 7.010706098532443
300, 7.459892760623306
350, 7.0
400, 6.160357132504576
450, 7.648529270389178
500, 8.32165848854662
550, 8.258329128825032
600, 8.737848705488096
650, 9.338094023943002
700, 9.279008567729637
750, 8.114801291467339
800, 8.052949770115296
850, 8.351646544245034
900, 8.570297544426332
950, 7.372245248226622
1000, 7.293833011524188
1250, 7.334848328356899
1500, 6.272957835024878
1750, 5.630275304103699
2000, 5.034878350069642
2250, 5.472659317004851
2500, 4.421538193886829
2750, 3.8535697735995385
3000, 3.263433774416144
3250, 3.640054944640259
3500, 3.170173496829472
3750, 3.1144823004794873
4000, 3.057776970284131
4250, 3.22490309931942
4500, 3.0903074280724887
4750, 2.7202941017470885
5000, 2.8635642126552705
5250, 2.924038303442689
5500, 3.146426544510455
5750, 2.80178514522438
6000, 2.8372521918222215
6250, 2.932575659723036
6500, 2.8106938645110393
6750, 2.692582403567252
7000, 2.4289915602982237
7250, 2.4083189157584592
7500, 2.32379000772445
7750, 2.2135943621178655
8000, 2.1095023109728985
8250, 2.3664319132398464
8500, 2.3979157616563596
8750, 2.4186773244895647
9000, 2.4698178070456938
9250, 2.2693611435820435
9500, 2.224859546128699
9750, 2.0248456731316584
10000, 2.3130067012440754
11000, 2.16794833886788
12000, 2.3130067012440754
13000, 2.32379000772445
14000, 2.345207879911715
15000, 2.3130067012440754
16000, 1.7888543819998317
17000, 1.7888543819998317
18000, 1.9874606914351791
19000, 2.0615528128088303
20000, 2.202271554554524
21000, 1.9493588689617927
22000, 1.8841443681416772
23000, 1.7320508075688772
24000, 1.6583123951777
25000, 1.4832396974191326
26000, 1.5329709716755893
27000, 1.8439088914585775
28000, 1.5652475842498528
29000, 1.760681686165901
30000, 1.8303005217723127
31000, 1.8708286933869707
32000, 1.5491933384829668
33000, 1.6431676725154984
34000, 1.5491933384829668
35000, 1.61245154965971
36000, 1.4142135623730951
37000, 1.7175564037317668
38000, 1.466287829861518
39000, 1.7888543819998317
40000, 1.8841443681416772
41000, 1.8027756377319946
42000, 1.6431676725154984
43000, 1.61245154965971
44000, 1.5811388300841898
45000, 1.7748239349298849
46000, 1.7320508075688772
47000, 1.857417562100671
48000, 1.7320508075688772
49000, 1.6278820596099706
50000, 1.2649110640673518
51000, 1.3416407864998738
52000, 1.3416407864998738
53000, 1.2649110640673518
54000, 1.396424004376894
55000, 1.396424004376894
56000, 1.3601470508735443
57000, 1.161895003862225
58000, 1.2041594578792296
59000, 1.0
60000, 1.140175425099138
61000, 1.0723805294763609
62000, 1.118033988749895
63000, 1.0723805294763609
64000, 1.02469507659596
65000, 1.0
66000, 1.161895003862225
67000, 0.9746794344808963
68000, 0.9746794344808963
69000, 1.161895003862225
70000, 1.02469507659596
71000, 1.02469507659596
72000, 0.9486832980505138
73000, 1.02469507659596
74000, 1.02469507659596
75000, 0.9219544457292888
76000, 0.9219544457292888
77000, 1.1832159566199232
78000, 0.9746794344808963
79000, 0.9219544457292888
80000, 0.9746794344808963
81000, 0.8944271909999159
82000, 1.0
83000, 1.118033988749895
84000, 0.9486832980505138
85000, 1.0
86000, 1.0723805294763609
87000, 1.2649110640673518
88000, 1.161895003862225
89000, 0.8944271909999159
90000, 0.9486832980505138
91000, 1.0
92000, 0.9746794344808963
93000, 0.7745966692414834
94000, 0.8944271909999159
95000, 0.8660254037844386
96000, 0.9219544457292888
97000, 1.0954451150103321
98000, 0.806225774829855
99000, 1.0488088481701516
100000, 1.02469507659596
