1, 16.510602654052335
2, 16.004166124273183
3, 15.716233645501712
4, 15.506987672229144
5, 15.255600064675702
6, 14.922019523732928
7, 14.165686240583852
8, 14.436065946094871
9, 14.596803303006677
10, 14.21032488486218
15, 12.657013865837392
20, 11.492026221109429
25, 10.79197232514366
30, 9.636735270135144
35, 9.412757300600074
40, 8.736894948054104
45, 8.97032143608392
50, 9.150591966279194
55, 8.873180564675405
60, 7.9833159359587755
65, 7.27094675174194
70, 7.420691791650336
75, 7.24338778933357
80, 7.201851613763412
85, 7.052186422190875
90, 6.942621983083913
95, 6.728050733062784
100, 6.762642481555071
150, 6.005552985917839
200, 4.524010020619612
250, 4.242640687119285
300, 3.750555514409388
350, 3.63318042491699
400, 3.3466401061363023
450, 2.5298221281347035
500, 2.3380903889000244
550, 2.2211108331943574
600, 2.32379000772445
650, 1.879716290649558
700, 1.632993161855452
750, 1.505545305418162
800, 1.505545305418162
850, 1.7701224063135672
900, 1.591644851508443
950, 1.4375905768565218
1000, 1.3416407864998738
1250, 1.1547005383792515
1500, 0.7302967433402214
1750, 0.6831300510639732
2000, 0.5773502691896257
2250, 0.3651483716701107
2500, 0.2581988897471611
2750, 0.0
3000, 0.0
3250, 0.0
3500, 0.0
3750, 0.0
4000, 0.0
4250, 0.0
4500, 0.0
4750, 0.0
5000, 0.0
5250, 0.0
5500, 0.0
5750, 0.0
6000, 0.0
6250, 0.0
6500, 0.0
6750, 0.0
7000, 0.0
7250, 0.0
7500, 0.0
7750, 0.0
8000, 0.0
8250, 0.0
8500, 0.0
8750, 0.0
9000, 0.0
9250, 0.0
9500, 0.0
9750, 0.0
10000, 0.0
11000, 0.0
12000, 0.0
13000, 0.0
14000, 0.0
15000, 0.0
16000, 0.0
17000, 0.0
18000, 0.0
19000, 0.0
20000, 0.0
21000, 0.0
22000, 0.0
23000, 0.0
24000, 0.0
25000, 0.0
26000, 0.0
27000, 0.0
28000, 0.0
29000, 0.0
30000, 0.0
31000, 0.0
32000, 0.0
33000, 0.0
34000, 0.0
35000, 0.0
36000, 0.0
37000, 0.0
38000, 0.0
39000, 0.0
40000, 0.0
41000, 0.0
42000, 0.0
43000, 0.0
44000, 0.0
45000, 0.0
46000, 0.0
47000, 0.0
48000, 0.0
49000, 0.0
50000, 0.0
51000, 0.0
52000, 0.0
53000, 0.0
54000, 0.0
55000, 0.0
56000, 0.0
57000, 0.0
58000, 0.0
59000, 0.0
60000, 0.0
61000, 0.0
62000, 0.0
63000, 0.0
64000, 0.0
65000, 0.0
66000, 0.0
67000, 0.0
68000, 0.0
69000, 0.0
70000, 0.0
71000, 0.0
72000, 0.0
73000, 0.0
74000, 0.0
75000, 0.0
76000, 0.0
77000, 0.0
78000, 0.0
79000, 0.0
80000, 0.0
81000, 0.0
82000, 0.0
83000, 0.0
84000, 0.0
85000, 0.0
86000, 0.0
87000, 0.0
88000, 0.0
89000, 0.0
90000, 0.0
91000, 0.0
92000, 0.0
93000, 0.0
94000, 0.0
95000, 0.0
96000, 0.0
97000, 0.0
98000, 0.0
99000, 0.0
100000, 0.0
