1, 13.629380029920656
2, 14.147791347061915
3, 14.682506597989322
4, 15.249655733819042
5, 15.762740878413247
6, 16.340379432559086
7, 16.914136099724395
8, 16.76830343236906
9, 16.62287580414412
10, 16.477863939236784
15, 15.759441614473529
20, 17.257809826278653
25, 18.93800411870269
30, 23.764847990256534
35, 26.214347216743736
40, 28.231188426986208
45, 27.69230940170935
50, 27.44172006270744
55, 29.625799567269066
60, 30.50219664220923
65, 32.08912588401248
70, 34.425920466996956
75, 36.5583369424814
80, 36.67500511247408
85, 38.086953146714166
90, 38.94282989203533
95, 40.19900496280972
100, 44.0611393406934
150, 47.656940732699155
200, 47.901398726968296
250, 51.54539746669919
300, 54.25827125885969
350, 55.01585226096202
400, 55.86906120564404
450, 55.821716204359035
500, 54.253036781363676
550, 53.57387422988933
600, 54.04213171221136
650, 52.34806586684937
700, 50.968931713348674
750, 51.21531021091251
800, 50.425311104642674
850, 50.18206851057457
900, 49.9904790935234
950, 49.09118047063036
1000, 49.57362201816607
1250, 46.832296548429056
1500, 46.87173988663105
1750, 47.34570730277456
2000, 43.13764017653261
2250, 40.66103786181558
2500, 39.237736937800065
2750, 37.9379493383604
3000, 36.74691823813257
3250, 34.95059370025064
3500, 34.71933179080496
3750, 33.95938750919987
4000, 33.948195828349995
4250, 33.55187029064103
4500, 32.646347422031766
4750, 31.190767864866682
5000, 29.789796911023075
5250, 29.87266308851623
5500, 29.09996563571854
5750, 28.4475658009609
6000, 27.733445512593633
6250, 27.146712508147278
6500, 27.176901957360776
6750, 26.563433513008064
7000, 25.995845821977017
7250, 25.656032429040934
7500, 25.14629197317171
7750, 24.31345306615249
8000, 24.606665763569026
8250, 24.778861959339455
8500, 24.02898250030575
8750, 23.96664348631239
9000, 23.096320053203282
9250, 22.657802188208812
9500, 22.43479440511992
9750, 22.559787233039234
10000, 22.897161396120698
11000, 21.979808916366856
12000, 21.349473061413015
13000, 20.52003898631774
14000, 20.28556136763289
15000, 19.83169180881954
16000, 19.434608305803337
17000, 18.696951623192483
18000, 18.392824687904792
19000, 18.031527944131636
20000, 17.654234619490023
21000, 17.558359832285017
22000, 17.4339897900624
23000, 17.15016034910461
24000, 16.834963617424304
25000, 16.437274713285046
26000, 15.702229141112417
27000, 15.019720370233262
28000, 14.331782861877304
29000, 14.1047509726333
30000, 13.700510939377407
31000, 13.429221868745783
32000, 13.155379127946103
33000, 12.71408667580963
34000, 12.886271764944274
35000, 12.844921175312832
