1, 57.40365841999968
2, 57.04068723288667
3, 57.02262708784996
4, 56.5089373462287
5, 56.31589473674373
6, 55.64692264627038
7, 54.87640658789531
8, 54.2965928949506
9, 53.651281438563984
10, 52.77253073332754
15, 50.60256910474013
20, 49.07300683675293
25, 46.542883451715795
30, 46.128516126144795
35, 46.164921748011224
40, 45.823574718696925
45, 45.59517518334588
50, 45.23759498470271
55, 44.17827520399591
60, 43.32204981299938
65, 42.25801699086222
70, 42.542684447505195
75, 41.520597298208514
80, 41.068235900754246
85, 39.76933492026237
90, 39.77235220602372
95, 39.232639472765534
100, 38.678676295861
150, 32.08675739304301
200, 27.561930266220468
250, 25.716920499935448
300, 24.540171148547437
350, 23.741103596926575
400, 22.382135733660448
450, 20.47242047243071
500, 20.448471825542367
550, 20.139513400278567
600, 19.38762491900439
650, 17.76063061943466
700, 17.070442290696512
750, 16.505756571572235
800, 15.813285553609662
850, 14.77768588108436
900, 14.500344823486095
950, 14.549914089093447
1000, 13.982846634358829
1250, 12.884098726725126
1500, 10.912378292562991
1750, 10.821275340735028
2000, 10.386529738079028
2250, 9.186947262284681
2500, 8.21462111116514
2750, 8.434453153583817
3000, 7.927168473042566
3250, 7.401351227985334
3500, 6.935416353759881
3750, 6.603029607687671
4000, 6.4093681435848255
4250, 6.612110101926616
4500, 6.3118935352238
4750, 5.966573556070519
5000, 5.582114294781145
5250, 5.596427431853289
5500, 5.336665625650533
5750, 5.0774009099144415
6000, 4.878524367060187
6250, 4.628174586162454
6500, 4.496665431183423
6750, 4.669047011971501
7000, 4.368065933568311
7250, 4.161730409336962
7500, 4.017461885320134
7750, 3.9471508711981103
8000, 4.0
8250, 3.9089640571384128
8500, 3.646916505762094
8750, 3.5383612025908264
9000, 3.3496268448888453
9250, 3.3496268448888453
9500, 3.2186953878862163
9750, 2.973213749463701
10000, 2.929163703175362
11000, 2.5258661880630178
12000, 2.181742422927143
13000, 2.029778313018444
14000, 1.7435595774162693
15000, 1.70293863659264
16000, 1.70293863659264
17000, 1.5297058540778354
18000, 1.3856406460551018
19000, 1.449137674618944
20000, 1.1916375287812984
21000, 1.0770329614269007
22000, 0.9899494936611666
23000, 0.8717797887081347
24000, 0.7615773105863908
25000, 0.7071067811865476
26000, 0.5830951894845301
27000, 0.5291502622129182
28000, 0.5099019513592785
29000, 0.5099019513592785
30000, 0.469041575982343
31000, 0.4472135954999579
32000, 0.4242640687119285
33000, 0.37416573867739417
34000, 0.31622776601683794
35000, 0.282842712474619
36000, 0.282842712474619
37000, 0.2449489742783178
38000, 0.2449489742783178
39000, 0.2
40000, 0.2
41000, 0.2
42000, 0.2
43000, 0.2
44000, 0.2
45000, 0.1414213562373095
46000, 0.1414213562373095
47000, 0.1414213562373095
48000, 0.1414213562373095
49000, 0.1414213562373095
50000, 0.1414213562373095
51000, 0.1414213562373095
52000, 0.1414213562373095
53000, 0.1414213562373095
54000, 0.1414213562373095
55000, 0.1414213562373095
56000, 0.1414213562373095
57000, 0.1414213562373095
58000, 0.1414213562373095
59000, 0.0
60000, 0.0
61000, 0.0
62000, 0.0
63000, 0.0
64000, 0.0
65000, 0.0
66000, 0.0
67000, 0.0
68000, 0.0
69000, 0.0
70000, 0.0
71000, 0.0
72000, 0.0
73000, 0.0
74000, 0.0
75000, 0.0
76000, 0.0
77000, 0.0
78000, 0.0
79000, 0.0
80000, 0.0
81000, 0.0
82000, 0.0
83000, 0.0
84000, 0.0
85000, 0.0
86000, 0.0
87000, 0.0
88000, 0.0
89000, 0.0
90000, 0.0
91000, 0.0
92000, 0.0
93000, 0.0
94000, 0.0
95000, 0.0
96000, 0.0
97000, 0.0
98000, 0.0
99000, 0.0
100000, 0.0
