15.684387141358123
12.28588039754812
12.134955412243709
10.386804816001613
9.504885961591393
9.242757782641036
9.082164625556745
9.939818911831342
10.007140307942981
10.959666314002709
11.223699415586136
10.994803967589158
11.102123349032961
11.242775458044157
10.93225894837319
10.80872663307623
11.24023385623525
11.429285691965681
11.434284286428126
11.549891774384728
11.210964021247873
11.357816691600547
11.438031798721816
10.690449676496975
10.824575214364238
11.24150472896883
10.996103205876421
10.903472579215958
11.141941354308823
11.259281885245993
11.130395962665222
10.980502200328935
10.967484410096706
10.889050857234002
10.861465304986643
11.094400131855453
11.126544836560898
10.975296937082971
11.22878952896145
11.024647710600876
10.856202966836188
10.972693379476162
10.96487899744322
11.126544836560898
10.988305471857666
10.815333030999488
10.761040841851685
10.554619841567009
10.462176774321053
10.739779194325047
11.047947449962951
10.667708282475669
10.493535424931185
10.577604373662039
10.576253725074057
10.161552187394545
10.237187113655782
10.404669281488136
10.382677881933928
10.463542148131019
10.238582491173835
10.455347230689458
10.486726303829455
10.551912487452555
10.508499960915993
10.561385190535242
10.512577500988314
10.60862183051395
10.730463976122241
10.729132570449753
10.707807565376903
10.560032467482555
10.569497893196521
10.538365283911109
10.827214389147905
10.640891477154131
10.710475512986607
11.138094220159159
11.064744526132152
10.979201115876197
11.032419757890183
11.049240439311395
11.044067573653676
11.031124796942255
10.9661817811462
11.041480232028933
11.219880315124323
11.104696561108085
11.317495937075227
11.532562594670797
11.470458952083328
11.428035701729321
11.033714566856311
11.318758134808153
11.35152601446796
11.431785262403869
11.37038760490223
11.292222354978922
11.163716738997431
11.400501242113373
11.338934190276817
11.755849607748475
11.791037758762858
11.829744593306195
11.905580924207651
12.097225183605419
12.18312650466092
12.158477348277268
11.966620241321273
12.023785950000464
11.910379626911263
11.542468168835097
11.858691809325826
11.894776764854155
11.894776764854155
11.864713589945126
11.760709405230864
11.573368444098596
11.575836902790225
11.948699869501644
11.92835756865606
12.015466223639788
12.121998892214814
12.176088980339411
12.058192235986288
11.833366867826394
12.05463751899184
12.144369653700199
12.058192235986288
12.12317732986813
12.319554722936562
12.146722073994166
12.116104984688768
12.00952003323078
12.096044217606256
12.263767773404714
12.261437808954428
12.434973720461633
12.606120962226473
12.69758132199087
12.640072332523598
12.491139716958234
12.749229668605752
12.928374110570019
12.9018271131318
12.886316108847511
12.67956736530977
12.421180068162375
12.518557653111868
12.407371081049247
12.361229712289955
12.536802964529217
12.536802964529217
12.523121473042231
12.572077905308369
12.417729261020309
12.485420068452413
12.519698764062062
12.76378806288657
12.946041866145807
12.970295734044441
13.072326276746395
13.03073290340954
13.028540100212961
12.96919426949878
13.073419052194637
13.013180131807028
13.070140451753815
13.020862380919981
12.897397301116888
12.802901456868506
12.895181824453438
12.825198411163637
12.851903694450428
12.693080229569405
12.71556975859573
12.927269074104002
12.875225379442046
12.83744522870497
12.796204794502827
12.717816524185947
12.79173840525874
12.59931970952627
12.677313820927749
12.566395096219349
12.60385428577873
12.623108061917918
12.543638114313453
12.66152777962777
12.727922061357855
12.68182050923965
12.731288791230615
12.69082908470297
12.751470503436064
12.758190646460358
12.786153224708137
12.752590773194733
12.787270455976353
12.651369208790914
12.849680374012644
12.724554440697942
12.723431702403023
12.662656006654258
12.668295634603508
12.822970460410934
12.799553563643203
12.761549390929883
12.866345912606933
12.667167909881943
12.943834715526043
12.981305239238685
12.922847983320086
12.840783242688675
12.731288791230615
12.854126630330487
12.873006086935783
12.853015210447703
