1, 9.603685190111618
2, 13.892443989449804
3, 17.08845764296429
4, 19.050136280554327
5, 20.975810243816934
6, 22.704116875071865
7, 22.48931370160572
8, 22.282797780419695
9, 22.077485921530663
10, 21.880795935459723
15, 22.07051635797614
20, 23.431733906097385
25, 24.060500666189228
30, 26.088016700865083
35, 26.225061413728778
40, 27.87002801466948
45, 27.946927724363
50, 28.787817936385203
55, 28.294603997663856
60, 28.86093980025332
65, 28.666517590548573
70, 28.09379893253204
75, 27.49405530152067
80, 28.29270087985456
85, 27.52509344635853
90, 28.254339353587657
95, 28.30873743890065
100, 27.96233730739095
150, 28.504520559162057
200, 28.598547569359585
250, 26.635430423519605
300, 26.62474268564718
350, 26.158687334744513
400, 25.13808021554305
450, 24.522517125161645
500, 24.09213085699912
550, 24.110642399634997
600, 23.4510947751666
650, 23.146024745913966
700, 22.849339327260815
750, 22.21884162320176
800, 21.37899760188813
850, 20.33715811021786
900, 19.832762327483824
950, 19.63395802410476
1000, 19.20977315366802
1250, 17.55606404110513
1500, 17.41396433458372
1750, 16.09395490907641
2000, 14.453639413922444
2250, 13.891336536461521
2500, 14.181244385021094
2750, 13.321469080455746
3000, 12.579592753589198
3250, 12.009611535381534
3500, 11.765006783482304
3750, 11.278297743897348
4000, 11.198901044985826
4250, 10.681400081089917
4500, 10.829447034679244
4750, 9.956057298101339
5000, 9.697739625611415
5250, 9.753894685635146
5500, 9.004272490152832
5750, 8.713384929123523
6000, 9.011957868043138
6250, 8.947711353275677
6500, 8.45076236888629
6750, 7.992303990522575
7000, 7.873030889347214
7250, 8.090830517415284
7500, 7.7380180328636525
7750, 7.483314773547883
8000, 7.575263387144726
8250, 7.6821471357547315
8500, 7.973031466715202
8750, 7.816156836470702
9000, 7.621830993423279
9250, 7.708137558151425
9500, 7.3818905229153655
9750, 7.444151033891281
10000, 7.4234555503277795
11000, 7.274824872330393
12000, 6.6471509223587955
13000, 6.313599485360032
14000, 6.2659028448850425
15000, 6.35367852265369
16000, 5.963994531287799
17000, 5.562235300529953
18000, 5.541452184012085
19000, 5.4320983337649835
20000, 5.339259528033106
21000, 5.136595699937399
22000, 4.919349550499537
23000, 4.922475924854202
24000, 4.755563543407303
25000, 4.8373546489791295
26000, 4.55563894024166
27000, 4.312771730569565
28000, 4.435867792994182
29000, 4.21170530052395
30000, 4.251696493980147
31000, 4.19340140990764
32000, 4.296689244236597
33000, 4.453175185277268
34000, 4.307417573656652
35000, 4.46007933699701
36000, 4.3216805847867885
37000, 4.009603855360661
38000, 4.296689244236597
