1, 16.56703554250629
2, 15.671630419327785
3, 15.037730325196463
4, 15.031078914480268
5, 14.24312699749134
6, 14.224392195567912
7, 14.219704638282751
8, 14.219704638282751
9, 13.613718571108091
10, 12.598941754501976
15, 11.687600266949584
20, 11.687600266949584
25, 11.693302926604327
30, 11.684747893443543
35, 11.681894823472204
40, 11.681894823472204
45, 11.696153213770756
50, 11.699002806507343
55, 11.687600266949584
60, 11.687600266949584
65, 11.69045194450012
70, 11.69045194450012
75, 11.69045194450012
80, 11.18630114619365
85, 10.350523336205438
90, 10.353743284435827
95, 10.344080432788601
100, 10.344080432788601
150, 9.54637802170715
200, 8.79014599802908
250, 8.79014599802908
300, 8.262364471909155
350, 8.254291812949997
400, 8.250252521387855
450, 8.250252521387855
500, 8.250252521387855
550, 8.242167999581987
600, 8.024961059095553
650, 8.024961059095553
700, 8.024961059095553
750, 7.962411694957753
800, 7.962411694957753
850, 7.962411694957753
900, 7.962411694957753
950, 7.1507575356274895
1000, 7.1507575356274895
1250, 6.397916327472041
1500, 6.491019437140312
1750, 6.5370737592085755
2000, 6.506407098647712
2250, 6.5370737592085755
2500, 6.148170459575759
2750, 6.159004248523728
3000, 6.159004248523728
3250, 6.159004248523728
3500, 5.927337794772062
3750, 5.7561561248226525
4000, 5.721305212391079
4250, 5.686240703077327
4500, 4.932882862316247
4750, 4.553387017741116
5000, 4.553387017741116
5250, 4.704607670500627
5500, 4.926120853842978
5750, 5.196152422706632
6000, 5.059644256269407
6250, 5.079370039680118
6500, 5.079370039680118
6750, 5.072803301265814
7000, 5.0
7250, 5.079370039680118
7500, 4.626013402488151
7750, 4.575295983139597
8000, 4.575295983139597
8250, 4.531372124791048
8500, 4.47213595499958
8750, 4.33589667773576
9000, 4.179314138308661
9250, 4.179314138308661
9500, 4.211096452627668
9750, 4.09878030638384
10000, 4.09878030638384
11000, 4.024922359499621
12000, 4.494441010848846
13000, 4.795831523312719
14000, 4.374166587286466
15000, 4.33589667773576
16000, 4.618802153517006
17000, 4.553387017741116
18000, 3.794733192202055
19000, 4.155317877932646
20000, 3.777124126457412
21000, 3.5496478698597698
22000, 3.812260921465546
23000, 3.966526608171604
24000, 4.281744192888376
25000, 4.626013402488151
26000, 4.016632088371218
27000, 4.273952113286562
28000, 4.155317877932646
29000, 4.404543109109048
30000, 4.676180777800049
31000, 4.802776974487434
32000, 4.611579628139003
33000, 4.611579628139003
34000, 4.419653078391259
35000, 4.374166587286466
36000, 4.139243087006769
37000, 4.457203906785808
38000, 4.494441010848846
39000, 4.524010020619612
40000, 4.211096452627668
41000, 4.211096452627668
42000, 4.226897995772629
43000, 4.0
44000, 4.041451884327381
45000, 4.187282332651255
46000, 4.139243087006769
47000, 4.123105625617661
48000, 4.041451884327381
49000, 3.9832984656772417
50000, 4.00832467081531
51000, 4.016632088371218
52000, 3.6606010435446255
53000, 4.090639721771319
54000, 3.847076812334269
55000, 3.847076812334269
56000, 4.0579140782755205
57000, 3.7058512292499457
58000, 3.366501646120693
59000, 3.245509718570156
60000, 3.2041639575194445
61000, 3.2041639575194445
62000, 3.3166247903554
63000, 3.5118845842842465
64000, 3.444802848737017
65000, 3.3763886032268267
66000, 4.00832467081531
67000, 3.7416573867739413
68000, 3.794733192202055
69000, 3.5402448126271344
70000, 3.794733192202055
71000, 3.9072582032246945
72000, 3.8815804341359033
73000, 3.605551275463989
74000, 3.958114029012639
75000, 4.0743097574926725
76000, 4.041451884327381
77000, 4.1952353926806065
78000, 4.163331998932265
79000, 4.033195589934446
80000, 3.8643671323171835
81000, 3.8643671323171835
82000, 3.7859388972001824
83000, 3.6514837167011076
84000, 3.777124126457412
85000, 3.812260921465546
86000, 3.8297084310253524
87000, 3.9072582032246945
88000, 3.8815804341359033
89000, 3.812260921465546
90000, 3.812260921465546
91000, 3.9496835316262997
92000, 4.066120181860509
93000, 3.9072582032246945
94000, 3.82099463490856
95000, 3.8815804341359033
96000, 3.6514837167011076
97000, 3.63318042491699
98000, 3.7058512292499457
99000, 3.7058512292499457
100000, 3.803507153492243
