1, 0.7071067811865476
2, 1.7175564037317668
3, 1.61245154965971
4, 3.0413812651491097
5, 4.381780460041329
6, 4.242640687119285
7, 3.866522985836241
8, 3.7080992435478315
9, 3.943348830626071
10, 3.774917217635375
15, 4.449719092257398
20, 5.431390245600108
25, 5.674504383644443
30, 5.9833101206606365
35, 5.572252686302013
40, 5.319774431308154
45, 5.73149195236284
50, 4.78539444560216
55, 5.272570530585627
60, 5.0
65, 4.868264577855234
70, 5.07444578254611
75, 5.113707070218238
80, 5.123475382979799
85, 5.094114250780011
90, 4.78539444560216
95, 4.318564576337836
100, 4.177319714841085
150, 2.898275349237888
200, 2.202271554554524
250, 2.179449471770337
300, 2.539685019840059
350, 2.479919353527449
400, 2.4899799195977463
450, 2.6832815729997477
500, 2.1447610589527217
550, 2.073644135332772
600, 2.224859546128699
650, 2.1908902300206643
700, 2.0248456731316584
750, 2.224859546128699
800, 2.5298221281347035
850, 2.3021728866442674
900, 2.0248456731316584
950, 2.258317958127243
1000, 2.1563858652847827
1250, 2.3664319132398464
1500, 1.8841443681416772
1750, 1.9874606914351791
2000, 2.0124611797498106
2250, 1.816590212458495
2500, 1.5968719422671311
2750, 1.5329709716755893
3000, 1.4832396974191326
3250, 1.6431676725154984
3500, 1.8973665961010275
3750, 1.8303005217723127
4000, 1.5329709716755893
4250, 1.3038404810405297
4500, 1.449137674618944
4750, 1.4317821063276353
5000, 1.4142135623730951
5250, 1.396424004376894
5500, 1.449137674618944
5750, 1.4142135623730951
6000, 1.4317821063276353
6250, 1.3601470508735443
6500, 1.161895003862225
6750, 0.9746794344808963
7000, 1.1832159566199232
7250, 1.224744871391589
7500, 1.224744871391589
7750, 1.284523257866513
8000, 1.0954451150103321
8250, 1.0954451150103321
8500, 1.161895003862225
8750, 1.161895003862225
9000, 1.0954451150103321
9250, 1.118033988749895
9500, 1.0488088481701516
9750, 1.0954451150103321
10000, 0.7071067811865476
11000, 1.5329709716755893
12000, 0.8660254037844386
13000, 1.0
14000, 0.9746794344808963
15000, 0.9219544457292888
16000, 0.8944271909999159
17000, 1.0488088481701516
18000, 1.0954451150103321
19000, 1.0488088481701516
20000, 1.0723805294763609
21000, 0.806225774829855
22000, 0.8366600265340756
23000, 0.8660254037844386
24000, 0.9219544457292888
25000, 1.02469507659596
26000, 0.9486832980505138
27000, 0.5477225575051661
28000, 0.6708203932499369
29000, 0.5477225575051661
30000, 0.8660254037844386
31000, 0.8660254037844386
32000, 0.5
33000, 0.3872983346207417
34000, 0.31622776601683794
35000, 0.3872983346207417
36000, 0.5916079783099616
37000, 0.5
38000, 0.5
39000, 0.4472135954999579
40000, 0.4472135954999579
41000, 0.4472135954999579
42000, 0.7071067811865476
43000, 0.6324555320336759
44000, 0.7071067811865476
45000, 0.7745966692414834
46000, 0.806225774829855
47000, 0.7745966692414834
48000, 0.6324555320336759
49000, 0.6324555320336759
50000, 0.5
51000, 0.5
52000, 0.5
53000, 0.4472135954999579
54000, 0.4472135954999579
55000, 0.4472135954999579
56000, 0.5477225575051661
57000, 0.4472135954999579
58000, 0.5477225575051661
59000, 0.5916079783099616
60000, 0.4472135954999579
61000, 0.6324555320336759
62000, 0.5916079783099616
63000, 0.5
64000, 0.5
65000, 0.5
66000, 0.5916079783099616
67000, 0.6324555320336759
68000, 0.6324555320336759
69000, 0.5916079783099616
70000, 0.5916079783099616
71000, 0.6324555320336759
72000, 0.6324555320336759
73000, 0.6324555320336759
74000, 0.6324555320336759
75000, 0.7071067811865476
76000, 0.6324555320336759
77000, 0.6324555320336759
78000, 0.6324555320336759
79000, 0.6324555320336759
80000, 0.6708203932499369
81000, 0.6708203932499369
82000, 0.6708203932499369
83000, 0.7071067811865476
84000, 0.6708203932499369
85000, 0.7071067811865476
86000, 0.7416198487095663
87000, 0.7416198487095663
88000, 0.7071067811865476
89000, 0.7416198487095663
90000, 0.7071067811865476
91000, 0.7071067811865476
92000, 0.7071067811865476
93000, 0.7071067811865476
94000, 0.7416198487095663
95000, 0.6324555320336759
96000, 0.5916079783099616
97000, 0.5916079783099616
98000, 0.5477225575051661
99000, 0.5477225575051661
100000, 0.5477225575051661
