1, 33.77375707064091
2, 33.35515952092969
3, 32.557129275577516
4, 32.546377166539855
5, 31.697528820608923
6, 31.68964078896025
7, 31.35123602029113
8, 31.352830813181765
9, 30.45269555666077
10, 30.433534135883725
15, 27.578373169327207
20, 26.777478098830244
25, 26.296387584609413
30, 25.52057993071474
35, 23.61708421178759
40, 22.73030282830976
45, 22.606783642673864
50, 22.589082908933392
55, 21.700998440932004
60, 21.686401268998043
65, 20.704266871026046
70, 20.688160865577203
75, 20.682520800585856
80, 20.621186516137556
85, 20.615528128088304
90, 20.614719660152225
95, 20.621186516137556
100, 20.617144968852177
150, 17.22207885244984
200, 14.818906842274163
250, 13.437509689918986
300, 12.727922061357855
350, 12.641202474448386
400, 12.571130948857917
450, 11.78558441486887
500, 11.77285012220915
550, 11.052903087726168
600, 11.040833301884419
650, 11.114555021832109
700, 11.110055505411903
750, 11.384199576606166
800, 11.372481406154654
850, 11.369549976435597
900, 11.30044246921332
950, 11.29601699715435
1000, 11.331372379372237
1250, 11.326958991715296
1500, 10.72846680565308
1750, 10.400320507881796
2000, 9.17423929634859
2250, 9.163332727052241
2500, 8.356634091147782
2750, 8.553751613570894
3000, 8.612007121842542
3250, 8.602325267042627
3500, 7.897256907728574
3750, 7.613584350794747
4000, 7.771743691090179
4250, 7.771743691090179
4500, 7.974960814950754
4750, 7.977050415619381
5000, 7.933053216343208
5250, 7.452069063913279
5500, 7.52994023880668
5750, 7.516648189186454
6000, 7.476630257007497
6250, 7.496665925596525
6500, 7.496665925596525
6750, 7.496665925596525
7000, 7.366591251499344
7250, 6.957010852370434
7500, 6.95940610492974
7750, 6.901690614141823
8000, 6.882344561751226
8250, 6.889605697474034
8500, 6.875075757158365
8750, 6.488451279003334
9000, 6.58027355054484
9250, 6.6907896893167
9500, 6.680818313150967
9750, 6.628222486710395
10000, 6.638272867747052
11000, 6.575205953681857
12000, 6.531972647421808
13000, 6.475595210738032
14000, 6.387487769068525
15000, 6.483311910847212
16000, 6.5903970543005475
17000, 6.332456079595025
18000, 6.3377177806105145
19000, 6.3796551630946325
20000, 6.316644678941502
21000, 6.282250127674532
22000, 6.148170459575759
23000, 6.164414002968976
24000, 6.134601318205881
25000, 6.077280093375105
26000, 6.207522318391883
27000, 6.231639698613306
28000, 6.169819014093255
29000, 6.074537019394976
30000, 6.04979338490167
31000, 6.231639698613306
32000, 6.231639698613306
33000, 6.416125518306719
34000, 6.421318660005383
35000, 6.434283176858165
36000, 6.410928169929843
37000, 6.421318660005383
38000, 6.605553219324883
39000, 6.539622822966678
40000, 6.572670690061994
41000, 6.514087298565573
42000, 6.3744280789207535
43000, 6.321919539717875
44000, 6.4031242374328485
45000, 6.390096504226938
46000, 6.4031242374328485
47000, 6.242328625334192
48000, 6.07179270616732
49000, 6.080021929785013
50000, 6.07179270616732
51000, 5.935767291036041
52000, 5.770615218501403
53000, 5.253570214625479
54000, 5.253570214625479
55000, 5.253570214625479
56000, 5.285199460127624
57000, 5.144576432192126
58000, 5.029910535983717
59000, 4.973261840415537
60000, 5.240865068542279
61000, 5.409867527644892
62000, 5.727128425310541
63000, 5.7242175593408975
64000, 5.369667897862337
65000, 5.406785859763019
66000, 5.4436507357960915
67000, 5.382068994974578
68000, 5.486346689738081
69000, 5.49241901776136
70000, 5.440588203494177
71000, 5.48938369339704
72000, 5.582711408148075
73000, 5.4436507357960915
74000, 5.41602560309064
75000, 5.606543795720616
76000, 5.709640969448079
77000, 5.819507424745385
78000, 5.885009204184249
79000, 5.738757124441958
80000, 5.5377492419453835
81000, 5.5677643628300215
82000, 5.540758070878027
83000, 5.879342366852493
84000, 5.830951894845301
85000, 5.773502691896258
86000, 5.7067211835402185
87000, 5.692099788303083
88000, 5.558776843874918
89000, 5.375872022286245
90000, 5.186520991955976
91000, 5.347896782848375
92000, 5.23131595936115
93000, 5.360348247393385
94000, 5.455883674224246
95000, 5.449770637375485
96000, 5.449770637375485
97000, 5.347896782848375
98000, 5.347896782848375
99000, 5.366563145999495
100000, 5.357238094391549
