15.253102728859556
13.715476138810702
12.922847983320086
11.577070934764606
12.508282969982046
12.225266576117793
12.395851840722479
12.71669319101022
13.036213297689523
12.595917706032493
13.095255411243963
12.71669319101022
12.825198411163637
12.550469541586311
12.45563555756418
12.29053061739577
12.357762164497492
12.205385228309206
12.221760453037383
12.18312650466092
11.674147261608201
11.963038314503793
12.172568692409527
12.212405870378577
12.332303689323998
12.314915462850033
12.121998892214814
12.33809431916337
12.362385345416612
12.17374223482656
11.92116964539494
11.852666969324426
12.484275824297654
12.57889388732457
12.778329870750492
12.523121473042231
12.277738274733549
12.086592335547447
12.05463751899184
12.353137253345807
12.472827609304499
12.776093746860635
12.628765350805846
12.478553029669975
12.430377537077694
12.397004246418337
12.376244526164978
12.489995996796797
12.40506808871738
12.733532783279632
12.731288791230615
12.71556975859573
12.781683323077152
12.814054783713077
12.911788633426653
12.827425974951371
12.876334882255899
12.931688653403755
12.707702950797767
12.731288791230615
12.762668775993298
12.704329970525798
12.736898030076688
12.935002346899118
13.071233409940428
13.03073290340954
12.96478747553211
12.918425379500176
12.888533109484792
12.917319491951218
13.083249923907614
12.94052328374486
12.92505871774449
12.730166646872414
12.885207465484266
12.758190646460358
12.732410836690974
12.776093746860635
12.947145300357583
12.95045503888901
12.81962780828122
12.786153224708137
12.75371094455033
12.87744428947652
12.816284284344775
12.811824895105971
12.693080229569405
12.795088343356044
12.810709805248331
12.84523257866513
12.700956094494844
12.730166646872414
12.859682288899231
12.888533109484792
13.08870832871929
12.827425974951371
12.74250479974124
12.750350135248388
12.839670667783611
12.859682288899231
12.83633236448124
12.77162032454323
12.702080819411329
12.508282969982046
12.556159558445522
12.667167909881943
12.570941549007832
12.687451618486218
12.67393275303966
12.595917706032493
12.66491215919005
12.561846997953765
12.694205652298892
12.695330975261282
12.623108061917918
12.773857231526764
12.83744522870497
12.751470503436064
12.979104085303533
12.959276875769618
12.708827078620816
12.77497553813705
12.713322595945225
12.804017226747906
12.637811745483699
12.627634095789395
12.718939758149206
12.62084443631702
12.589110941036079
12.638942089544408
12.705454396776663
12.65588513583418
12.505998560690786
12.420029905646075
12.392393980641053
12.4590758657523
12.49685674765573
12.497999839974394
12.566395096219349
12.682946931101732
12.582300493720762
12.526543246813374
12.519698764062062
12.379706897061128
12.438419743451567
12.39008820445947
12.242782130125255
12.30098718454278
12.353137253345807
12.220591521806837
12.313755374725107
12.353137253345807
12.465953633797938
12.44301295621649
12.619712471254758
12.62084443631702
12.632158508007592
12.523121473042231
12.501428489805246
12.383168299868057
12.42692928396116
12.543638114313453
12.4590758657523
12.361229712289955
12.332303689323998
12.256776551303014
12.423480073749753
12.513992168768526
12.425779653607254
12.238113766893514
12.234611325486163
12.242782130125255
12.19484668678888
12.100767390069583
12.159652250666664
12.100767390069583
12.13966344555847
12.399308736492415
12.380860805522138
12.55502176137387
12.660399452059728
12.60498767495289
12.580029525288996
12.592514783450865
12.587976122361484
12.607254147626959
12.680693987317888
12.68970336251291
12.480842462407278
12.493426843172944
12.698706345811091
12.602720794676499
12.702080819411329
12.698706345811091
12.807363953154898
12.696456198483101
12.814054783713077
12.758190646460358
12.77162032454323
12.768264229274527
12.900719802730832
12.769383025704212
12.811824895105971
12.905148474266275
12.916213509716052
12.888533109484792
12.900719802730832
12.86856635371633
12.721185928543433
12.820742122491527
12.798437404620925
12.855237954123714
12.785035895809713
12.75371094455033
12.767145334803704
12.83744522870497
12.848568569522222
