1, 34.2777867819185
2, 33.4165627596057
3, 32.75922261999919
4, 31.891482666484272
5, 31.28897569432403
6, 30.8566578445128
7, 30.66702898336692
8, 30.372136353352996
9, 29.83901249483077
10, 29.832867780352597
15, 27.926689742968104
20, 26.815418450336864
25, 25.899806949087477
30, 25.832795693330084
35, 24.06241883103193
40, 23.235748320206948
45, 22.63109954612605
50, 22.54698797326744
55, 22.30769672855836
60, 21.32604042010612
65, 19.76866206904251
70, 19.097120201747696
75, 18.648503067717435
80, 17.505237311540032
85, 17.714400921284355
90, 18.05639314296555
95, 17.362795473847715
100, 16.93221781102523
150, 13.683323183106264
200, 13.410195126594294
250, 12.654380005884656
300, 12.488661524225352
350, 11.519548602267365
400, 10.845890158642275
450, 9.38793552030122
500, 9.43221430347438
550, 9.053544425619542
600, 7.958224257542215
650, 7.954034615631659
700, 7.115710318255889
750, 6.882344561751226
800, 7.328028384224504
850, 7.366591251499344
900, 6.978538528947161
950, 6.465291950097845
1000, 6.685805860178712
1250, 6.199462342278831
1500, 5.483308003994183
1750, 4.636809247747852
2000, 4.538722287164087
2250, 4.281744192888376
2500, 3.6514837167011076
2750, 4.191260749066641
3000, 3.872983346207417
3250, 3.669695718539436
3500, 3.449637662132068
3750, 3.6101708177499487
4000, 3.32665998663324
4250, 3.521363372331802
4500, 3.444802848737017
4750, 4.066120181860509
5000, 4.31663449151458
5250, 4.457203906785808
5500, 4.151305015694864
5750, 4.254409477236529
6000, 4.0743097574926725
6250, 3.759432581299116
6500, 3.953901027255656
6750, 4.02077936060494
7000, 3.8987177379235853
7250, 3.692334401612797
7500, 3.8686776379877745
7750, 3.7327380477785117
8000, 3.449637662132068
8250, 3.4737107920301407
8500, 3.573047252229764
8750, 3.5023801430836525
9000, 3.483293460696835
9250, 3.3862466931200785
9500, 3.157002798013753
9750, 3.5308167138307627
10000, 3.22490309931942
11000, 2.943920288775949
12000, 3.1885210782848317
13000, 3.235222815613581
14000, 3.0386400466875525
15000, 2.689485700525908
16000, 2.8925190866555517
17000, 2.8343135559308417
18000, 2.6645825188948455
19000, 2.6076809620810595
20000, 2.7386127875258306
21000, 2.756809750418044
22000, 2.562550812504343
23000, 2.932575659723036
24000, 2.6457513110645907
25000, 2.588435821108957
26000, 2.7628487713469467
27000, 2.7386127875258306
28000, 2.695675549220764
29000, 2.6708300832013507
30000, 2.536401650632907
31000, 2.556038601690775
32000, 2.442676128074835
33000, 2.6012817353502227
34000, 2.5755258362775812
35000, 2.536401650632907
36000, 2.4698178070456938
37000, 2.359378449224852
38000, 2.37346441585572
39000, 2.265686062395524
40000, 2.073644135332772
41000, 2.206052281036573
42000, 2.258317958127243
43000, 2.3664319132398464
44000, 2.330951164939612
45000, 2.330951164939612
46000, 2.243509156061845
47000, 2.273030282830976
48000, 2.345207879911715
49000, 2.265686062395524
50000, 2.1756225162774294
51000, 2.2135943621178655
52000, 2.206052281036573
53000, 2.206052281036573
54000, 2.0976176963403033
55000, 2.3664319132398464
56000, 2.2135943621178655
57000, 2.16794833886788
58000, 2.0896570691543306
59000, 2.345207879911715
60000, 2.32379000772445
61000, 2.1447610589527217
62000, 2.359378449224852
63000, 2.3380903889000244
64000, 2.280350850198276
65000, 2.2949219304078006
66000, 2.3874672772626644
67000, 2.4083189157584592
68000, 2.37346441585572
69000, 2.280350850198276
70000, 2.206052281036573
71000, 2.228601953392904
72000, 2.2949219304078006
73000, 2.228601953392904
74000, 2.1984843263788196
75000, 2.1213203435596424
76000, 2.0816659994661326
77000, 2.105548226313834
78000, 2.1134489978863145
79000, 2.105548226313834
80000, 1.8973665961010275
81000, 1.8708286933869707
82000, 1.9235384061671346
83000, 1.9321835661585918
84000, 1.8439088914585775
85000, 1.906130460732773
86000, 1.8073922282301278
87000, 2.016597794967223
88000, 1.9916492328386208
89000, 1.9321835661585918
90000, 1.9148542155126762
91000, 2.008316044185609
92000, 1.879716290649558
93000, 1.9321835661585918
94000, 1.7701224063135672
95000, 1.8973665961010275
96000, 1.7888543819998317
97000, 1.7701224063135672
98000, 1.7888543819998317
99000, 1.8529256146249728
100000, 1.8618986725025255
