1, 17.291616465790582
2, 16.482313753434823
3, 16.482313753434823
4, 16.502525059315417
5, 15.874507866387544
6, 15.876607530157903
7, 15.207454312496443
8, 15.207454312496443
9, 14.62418088874268
10, 14.583095236151571
15, 13.63084736911099
20, 12.748856157841507
25, 12.236557250032924
30, 11.713240371477058
35, 11.419281938896159
40, 10.85664159243855
45, 10.13903348450926
50, 9.923037169469168
55, 9.395034149308168
60, 9.205071066175064
65, 8.648699324175862
70, 8.648699324175862
75, 8.690991504617488
80, 8.508818954473059
85, 7.962411694957753
90, 7.075780286771677
95, 7.289261508090743
100, 6.918574034197124
150, 4.892170615721955
200, 4.760952285695233
250, 4.2972859651955515
300, 3.872983346207417
350, 3.0441200151549
400, 2.7202941017470885
450, 2.3664319132398464
500, 2.54296414970142
550, 2.3523038352503134
600, 2.250925735484551
650, 2.581988897471611
700, 2.70801280154532
750, 1.8973665961010275
800, 2.1291625896895083
850, 1.9148542155126762
900, 2.23606797749979
950, 1.9321835661585918
1000, 1.7511900715418263
1250, 1.1547005383792515
1500, 0.9660917830792959
1750, 0.816496580927726
2000, 0.6831300510639732
2250, 0.4472135954999579
2500, 0.3651483716701107
2750, 0.3651483716701107
3000, 0.0
3250, 0.0
3500, 0.0
3750, 0.0
4000, 0.0
4250, 0.0
4500, 0.0
4750, 0.0
5000, 0.0
5250, 0.0
5500, 0.0
5750, 0.0
6000, 0.0
6250, 0.0
6500, 0.0
6750, 0.0
7000, 0.0
7250, 0.0
7500, 0.0
7750, 0.0
8000, 0.0
8250, 0.0
8500, 0.0
8750, 0.0
9000, 0.0
9250, 0.0
9500, 0.0
9750, 0.0
10000, 0.0
11000, 0.0
12000, 0.0
13000, 0.0
14000, 0.0
15000, 0.0
16000, 0.0
17000, 0.0
18000, 0.0
19000, 0.0
20000, 0.0
21000, 0.0
22000, 0.0
23000, 0.0
24000, 0.0
25000, 0.0
26000, 0.0
27000, 0.0
28000, 0.0
29000, 0.0
30000, 0.0
31000, 0.0
32000, 0.0
33000, 0.0
34000, 0.0
35000, 0.0
36000, 0.0
37000, 0.0
38000, 0.0
39000, 0.0
40000, 0.0
41000, 0.0
42000, 0.0
43000, 0.0
44000, 0.0
45000, 0.0
46000, 0.0
47000, 0.0
48000, 0.0
49000, 0.0
50000, 0.0
51000, 0.0
52000, 0.0
53000, 0.0
54000, 0.0
55000, 0.0
56000, 0.0
57000, 0.0
58000, 0.0
59000, 0.0
60000, 0.0
61000, 0.0
62000, 0.0
63000, 0.0
64000, 0.0
65000, 0.0
66000, 0.0
67000, 0.0
68000, 0.0
69000, 0.0
70000, 0.0
71000, 0.0
72000, 0.0
73000, 0.0
74000, 0.0
75000, 0.0
76000, 0.0
77000, 0.0
78000, 0.0
79000, 0.0
80000, 0.0
81000, 0.0
82000, 0.0
83000, 0.0
84000, 0.0
85000, 0.0
86000, 0.0
87000, 0.0
88000, 0.0
89000, 0.0
90000, 0.0
91000, 0.0
92000, 0.0
93000, 0.0
94000, 0.0
95000, 0.0
96000, 0.0
97000, 0.0
98000, 0.0
99000, 0.0
100000, 0.0
