1, 68.98006958535197
2, 68.45278177936477
3, 68.16120597524665
4, 68.17367527132448
5, 67.49901233845327
6, 67.48333127521195
7, 67.46282927163175
8, 67.00186564566691
9, 66.26613011184521
10, 65.58772751056405
15, 63.13754825775229
20, 61.316528494906386
25, 58.851224852730695
30, 57.17021368976447
35, 53.93391017408868
40, 52.34962591397701
45, 50.26761714397583
50, 48.87313508803516
55, 47.974124970307344
60, 47.12324267280425
65, 46.058115462967
70, 43.83548790648965
75, 43.800684926151554
80, 43.51742945839824
85, 43.23077607445881
90, 41.314041196668235
95, 40.5972084426175
100, 40.53804797142227
150, 33.4858178935501
200, 29.309839076096388
250, 25.714133597433662
300, 24.06761309311748
350, 23.61108496730579
400, 21.722492183602384
450, 20.50650303359075
500, 18.94685549988001
550, 18.65252440466616
600, 17.93274472392147
650, 17.8736304836669
700, 17.569386253746412
750, 17.567488911812827
800, 16.621271511730583
850, 16.51161207554651
900, 15.91278312133571
950, 15.763882770434446
1000, 15.382890928994241
1250, 14.233177204452046
1500, 13.784048752090222
1750, 12.149759942758815
2000, 10.552250944703694
2250, 9.998333194421292
2500, 9.942333730065592
2750, 9.238506372785592
3000, 8.649662806529898
3250, 8.445906306213285
3500, 8.310635755865292
3750, 8.17720408615724
4000, 7.917280677943237
4250, 7.604823031033223
4500, 7.581776396949024
4750, 7.350736924508544
5000, 6.836178269569434
5250, 6.5306967469022785
5500, 6.3796551630946325
5750, 6.2915286960589585
6000, 6.298147875897061
6250, 5.882176467941097
6500, 5.65538091849995
6750, 5.513619500836088
7000, 5.465040408511785
7250, 5.388258840602717
7500, 5.056349144063003
7750, 4.9749371855331
8000, 4.904079934095692
8250, 4.833908011812665
8500, 4.716990566028302
8750, 4.488875137492688
9000, 4.4628092796652945
9250, 4.4907311951024935
9500, 4.429070632386288
9750, 4.356986726320535
10000, 4.404543109109048
11000, 4.273952113286562
12000, 4.129164564412516
13000, 4.041451884327381
14000, 4.047633053197058
15000, 3.851406669430448
16000, 3.687817782917155
17000, 3.730504880933232
18000, 3.7969285832981723
19000, 3.6945906403822333
20000, 3.6492008257516693
21000, 3.559026084010437
22000, 3.4083231458690455
23000, 3.415650255319866
24000, 3.5355339059327378
25000, 3.566043559277798
26000, 3.551994744740857
27000, 3.427827300200522
28000, 3.0386400466875525
29000, 3.230067078766838
30000, 3.1675437381878933
31000, 2.969287232092353
32000, 2.816617356570348
33000, 2.8460498941515415
34000, 2.7386127875258306
35000, 2.661453237111885
36000, 2.598076211353316
37000, 2.572288216096063
38000, 2.41522945769824
39000, 2.369950773047125
40000, 2.330951164939612
41000, 2.3874672772626644
42000, 2.401388487243717
43000, 2.5852143689321654
44000, 2.456284456925405
45000, 2.355843797877949
46000, 2.2135943621178655
47000, 2.2211108331943574
48000, 2.228601953392904
49000, 2.183269719175042
50000, 2.23606797749979
51000, 2.29128784747792
52000, 2.224859546128699
53000, 2.2211108331943574
54000, 2.3345235059857505
55000, 2.265686062395524
56000, 2.179449471770337
57000, 2.1330729007701543
58000, 2.136976056643281
59000, 2.0896570691543306
60000, 2.077658938966323
61000, 2.0615528128088303
62000, 2.057506581601462
63000, 2.0289570391377603
64000, 2.0453198608856593
65000, 2.0
66000, 2.0289570391377603
67000, 2.0330600909302543
68000, 2.179449471770337
69000, 2.183269719175042
70000, 2.202271554554524
71000, 2.160246899469287
72000, 2.117388328420966
73000, 2.1330729007701543
74000, 2.053452377501525
75000, 2.0248456731316584
76000, 2.057506581601462
77000, 2.117388328420966
78000, 2.105548226313834
79000, 2.1213203435596424
80000, 1.9790570145063195
81000, 2.0207259421636903
82000, 1.8529256146249728
83000, 1.9364916731037085
84000, 1.9364916731037085
85000, 1.9578900207451218
86000, 1.96638416050035
87000, 1.96638416050035
88000, 2.041241452319315
89000, 2.016597794967223
90000, 2.057506581601462
91000, 2.117388328420966
92000, 2.105548226313834
93000, 2.1946905628508695
94000, 2.1563858652847827
95000, 2.1252450839060106
96000, 2.117388328420966
97000, 2.1330729007701543
98000, 2.041241452319315
99000, 2.016597794967223
100000, 1.9874606914351791
