1, 16.97841767264154
2, 16.1245154965971
3, 15.663120165960974
4, 15.03551351523009
5, 15.03551351523009
6, 14.982211674738368
7, 14.979986648859205
8, 14.200938936093861
9, 13.461054936371072
10, 13.463530988067976
15, 10.573551910309043
20, 9.85900603509299
25, 8.053984521134037
30, 7.540999049639687
35, 7.080489625254269
40, 6.947421584060281
45, 6.792152334373349
50, 6.0332412515993425
55, 6.0
60, 6.016643582596529
65, 6.06630035524124
70, 6.0332412515993425
75, 6.159004248523728
80, 5.391351098441528
85, 4.669047011971501
90, 4.760952285695233
95, 4.73990154609425
100, 4.531372124791048
150, 3.872983346207417
200, 4.0
250, 3.9327683210007
300, 3.9072582032246945
350, 3.9832984656772417
400, 3.3166247903554
450, 3.2761766334148303
500, 3.3565855667130946
550, 3.119829055146024
600, 3.119829055146024
650, 2.9664793948382653
700, 2.4899799195977463
750, 2.449489742783178
800, 2.54296414970142
850, 2.1756225162774294
900, 2.516611478423583
950, 2.695675549220764
1000, 2.74469184669852
1250, 2.0
1500, 1.3662601021279464
1750, 1.2649110640673518
2000, 1.5491933384829668
2250, 1.632993161855452
2500, 1.5491933384829668
2750, 1.3165611772087666
3000, 1.6733200530681511
3250, 1.4142135623730951
3500, 1.3416407864998738
3750, 1.2382783747337807
4000, 1.3165611772087666
4250, 1.3416407864998738
4500, 1.390443574307614
4750, 1.4832396974191326
5000, 1.4832396974191326
5250, 1.390443574307614
5500, 1.4142135623730951
5750, 1.4832396974191326
6000, 1.2110601416389966
6250, 1.2382783747337807
6500, 1.3416407864998738
6750, 1.1254628677422756
7000, 0.8563488385776752
7250, 0.8944271909999159
7500, 1.1254628677422756
7750, 1.1254628677422756
8000, 1.1254628677422756
8250, 1.0645812948447542
8500, 1.0954451150103321
8750, 1.0954451150103321
9000, 0.9309493362512627
9250, 0.8563488385776752
9500, 0.9660917830792959
9750, 1.0
10000, 0.7302967433402214
11000, 0.5773502691896257
12000, 0.7302967433402214
13000, 0.7745966692414834
14000, 0.9660917830792959
15000, 0.816496580927726
16000, 0.5773502691896257
17000, 0.6324555320336759
18000, 0.7745966692414834
19000, 0.816496580927726
20000, 0.7745966692414834
21000, 0.6831300510639732
22000, 0.6831300510639732
23000, 0.6831300510639732
24000, 0.5773502691896257
25000, 0.5773502691896257
26000, 0.5163977794943222
27000, 0.5163977794943222
28000, 0.5163977794943222
29000, 0.6831300510639732
30000, 0.6831300510639732
31000, 0.4472135954999579
32000, 0.5163977794943222
33000, 0.5773502691896257
34000, 0.5773502691896257
35000, 0.5163977794943222
36000, 0.5163977794943222
37000, 0.4472135954999579
38000, 0.5163977794943222
39000, 0.5163977794943222
40000, 0.3651483716701107
41000, 0.4472135954999579
42000, 0.0
43000, 0.3651483716701107
44000, 0.3651483716701107
45000, 0.2581988897471611
46000, 0.0
47000, 0.4472135954999579
48000, 0.4472135954999579
49000, 0.2581988897471611
50000, 0.2581988897471611
51000, 0.2581988897471611
52000, 0.2581988897471611
53000, 0.0
54000, 0.0
55000, 0.0
56000, 0.0
57000, 0.0
58000, 0.2581988897471611
59000, 0.2581988897471611
60000, 0.3651483716701107
61000, 0.3651483716701107
62000, 0.4472135954999579
63000, 0.4472135954999579
64000, 0.4472135954999579
65000, 0.3651483716701107
66000, 0.6324555320336759
67000, 0.5163977794943222
68000, 0.5163977794943222
69000, 0.5163977794943222
70000, 0.5163977794943222
71000, 0.5773502691896257
72000, 0.5773502691896257
73000, 0.5773502691896257
74000, 0.5163977794943222
75000, 0.5163977794943222
76000, 0.5163977794943222
77000, 0.5163977794943222
78000, 0.5163977794943222
79000, 0.5163977794943222
80000, 0.5163977794943222
81000, 0.4472135954999579
82000, 0.4472135954999579
83000, 0.4472135954999579
84000, 0.4472135954999579
85000, 0.4472135954999579
86000, 0.4472135954999579
87000, 0.4472135954999579
88000, 0.4472135954999579
89000, 0.4472135954999579
90000, 0.4472135954999579
91000, 0.4472135954999579
92000, 0.4472135954999579
93000, 0.4472135954999579
94000, 0.4472135954999579
95000, 0.4472135954999579
96000, 0.5163977794943222
97000, 0.5773502691896257
98000, 0.5773502691896257
99000, 0.5163977794943222
100000, 0.5163977794943222
