1, 1.61245154965971
2, 1.6828547174370103
3, 4.096828041302198
4, 5.62778819786246
5, 10.41614132008586
6, 10.379595367835877
7, 10.52577788099293
8, 14.24078649513432
9, 15.81088232832058
10, 15.894401530098577
15, 19.45826302628269
20, 24.591380603780667
25, 25.180468621532842
30, 25.670372026910712
35, 26.099808428415717
40, 28.232180220450562
45, 28.428717874712536
50, 28.89567441677041
55, 31.63504385961872
60, 32.149027979085155
65, 33.65590587103547
70, 33.81762853897357
75, 33.29444398094073
80, 33.46436911104107
85, 34.20654908054889
90, 34.63339428932717
95, 34.40162786845995
100, 35.08709164350901
150, 35.19352213121046
200, 36.56522938530538
250, 36.69419572629982
300, 36.36305817722156
350, 39.01773955523308
400, 38.13460370844307
450, 37.08023732394387
500, 34.979765579546125
550, 35.39627099003509
600, 35.509885947437226
650, 34.397674339989905
700, 33.76435990804505
750, 33.596309321114425
800, 32.36034610445321
850, 31.257255157802962
900, 30.790907748879377
950, 30.639190589831188
1000, 29.867440466166496
1250, 28.259936305660705
1500, 28.12002844948774
1750, 27.26492251960383
2000, 26.305132579023432
2250, 25.281455654293328
2500, 24.62713950096519
2750, 23.618636709175235
3000, 23.150118790191986
3250, 22.691143646806346
3500, 21.952129737225953
3750, 21.527099200774824
4000, 20.159365069366643
4250, 19.75489812679377
4500, 19.406184581210187
4750, 19.249727270795294
5000, 18.71192133373802
5250, 18.17932892050749
5500, 17.60045453958505
5750, 16.980459357744124
6000, 16.921938423242178
6250, 16.629371605686128
6500, 16.653408059613504
6750, 16.25742907104318
7000, 15.657330551534
7250, 15.335449129386461
7500, 15.199736839827196
7750, 14.941485869885899
8000, 14.623542662433067
8250, 14.22336106551472
8500, 13.924079861879564
8750, 13.753835828597055
9000, 13.030425933176552
9250, 12.963024338479041
9500, 13.098091464026353
9750, 12.869188008573035
10000, 13.164193860620559
11000, 12.757115661465173
12000, 12.007331093960888
13000, 11.23779337770543
14000, 11.364858116140297
15000, 10.881544008090028
16000, 10.73797001299594
