14.740614447359862
12.198360545581526
9.558840336119678
9.210242745366239
7.788269567570376
8.132825901423018
6.478535989822745
6.511528238439882
5.677021351780477
5.826049874731347
5.598469178521674
4.99714204034952
5.419541361723201
5.176871642217914
5.0624669311089265
4.8902234830614555
5.031330411957231
4.69041575982343
4.5888062562220755
4.219004621945797
4.484895284651104
4.538722287164087
4.126568965687043
4.123105625617661
3.9351892312459746
4.09878030638384
4.039094665180022
3.9641248358604595
3.913347124174613
4.049691346263317
3.8987177379235853
4.077814540727843
3.9749213828703582
3.6606010435446255
3.492849839314596
3.553670135025398
3.541589635016618
3.5496478698597698
3.4434202266268428
3.3423687066852112
3.5132402626147194
3.4599752269963684
3.6606010435446255
3.7109875466550104
3.6371103129505746
3.7682887362833544
3.6994208040873486
3.7568984168174833
3.687817782917155
3.521363372331802
3.605551275463989
3.5576878526850635
3.641035959331198
3.6134668750581977
3.359421718944242
3.3123146848433
3.3123146848433
3.3166247903554
3.2425739335111103
3.2645279685036943
3.056608765095256
2.971291205616075
2.7877282097486784
2.9952343099378003
3.1396087108337016
2.990461025135948
2.9277002188455996
2.8635642126552705
2.8233718443429607
2.8385106758902383
2.9760952365713798
3.04255531702266
3.0983866769659336
2.9856801091687157
3.1259284335103663
3.1396087108337016
3.0
3.1622776601683795
