1, 39.572356874103775
2, 38.74163504182917
3, 38.01879234574096
4, 37.670374870143554
5, 37.66809942492074
6, 37.314110697467484
7, 37.314110697467484
8, 36.749344017469014
9, 36.15364040156557
10, 36.17536652001114
15, 34.97836065749386
20, 33.52610922848042
25, 31.94235880009937
30, 30.236212914790958
35, 29.42447960457415
40, 27.60434748368452
45, 26.72558966341328
50, 25.75599791449418
55, 23.845334973533085
60, 23.79195542314971
65, 23.020487769438276
70, 22.904148095923585
75, 22.567992505189416
80, 22.003895758965697
85, 21.740022341951985
90, 22.077784567944573
95, 21.589680074384745
100, 21.304593736697125
150, 15.360431541556935
200, 13.288018233409698
250, 12.615183595289334
300, 11.44302657267111
350, 10.526157893552615
400, 9.92687549749956
450, 10.462176774321053
500, 10.16436351742133
550, 10.184021097498066
600, 10.38130187266648
650, 9.998571326516032
700, 10.122111580947074
750, 9.754120008635178
800, 9.590173542299878
850, 9.211793682944862
900, 9.210242745366239
950, 9.408203107622928
1000, 8.85599070847364
1250, 7.408489338975544
1500, 6.581358956498705
1750, 6.129553700835696
2000, 6.338093449250222
2250, 6.1272226287982345
2500, 5.2888021868310195
2750, 5.414266867664145
3000, 5.154748157905347
3250, 4.9770903720375195
3500, 4.554432691659538
3750, 4.286190449738388
4000, 4.2895221179054435
4250, 4.478520163753074
4500, 4.604345773288535
4750, 4.503966505838413
5000, 4.394802124588286
5250, 3.9388178066884123
5500, 4.049691346263317
5750, 4.021371478914697
6000, 3.7682887362833544
6250, 3.537553634121427
6500, 3.4517076519145875
6750, 3.2906794782493525
7000, 3.281985461794213
7250, 3.3338094898007764
7500, 2.971291205616075
7750, 3.0798886807341406
8000, 3.202677451312083
8250, 3.1441555759399513
8500, 3.307998963551401
8750, 2.9952343099378003
9000, 3.2337505867247796
9250, 3.3466401061363023
9500, 3.166791977470486
9750, 3.148695875165735
10000, 3.359421718944242
11000, 3.6488745818794204
12000, 3.3636714634883287
13000, 3.3338094898007764
14000, 3.1304951684997055
15000, 3.0612789110808856
16000, 2.656528346760647
17000, 2.6886002731107927
18000, 2.767154288640743
19000, 2.53546276418555
20000, 2.4201534780139164
21000, 2.4784787961282104
22000, 2.3603873774083293
23000, 2.2038926600773587
24000, 2.2038926600773587
25000, 2.2866069685390684
26000, 2.6186146828319083
27000, 2.138089935299395
28000, 2.04939015319192
29000, 2.090796157311509
30000, 1.9493588689617927
31000, 2.1908902300206643
32000, 2.090796157311509
33000, 2.1313979316066587
34000, 1.985662897587892
35000, 2.007130147392398
36000, 2.23606797749979
37000, 1.9639610121239315
38000, 2.117950491799628
39000, 2.056349053193895
40000, 2.04939015319192
41000, 2.090796157311509
42000, 1.9639610121239315
43000, 2.0213149892370277
44000, 1.7968225924034427
45000, 1.992844341996778
46000, 1.992844341996778
47000, 2.02837021134844
48000, 2.0
49000, 2.0213149892370277
50000, 2.104417123236605
51000, 1.992844341996778
52000, 2.0354009783964297
53000, 1.9346465162548798
54000, 1.7237832147426693
55000, 1.7968225924034427
56000, 1.820517979665599
57000, 1.7968225924034427
58000, 1.8126539343499315
59000, 1.8439088914585775
60000, 1.889822365046136
61000, 1.8361450300639575
62000, 1.8439088914585775
63000, 1.780850519113991
64000, 1.8126539343499315
65000, 1.740279123753264
66000, 1.927248223318863
67000, 1.7968225924034427
68000, 1.7968225924034427
69000, 1.6903085094570331
70000, 1.6818357317441643
71000, 1.5946338585572373
72000, 1.6733200530681511
73000, 1.5023790657297036
74000, 1.6300744943538186
75000, 1.7320508075688772
76000, 1.8439088914585775
77000, 1.7484687178050562
78000, 1.820517979665599
79000, 1.7484687178050562
80000, 1.867006771737662
81000, 1.8283482006601322
82000, 1.7566201313073597
83000, 1.6647608150808246
84000, 1.6987390281365427
85000, 1.6903085094570331
86000, 1.7154757774032086
87000, 1.6987390281365427
88000, 1.7154757774032086
89000, 1.6903085094570331
90000, 1.6388149028228556
91000, 1.7237832147426693
92000, 1.7071279138616748
93000, 1.7888543819998317
94000, 1.6647608150808246
95000, 1.558387444947959
96000, 1.5675276256394517
97000, 1.5766148184367308
98000, 1.5399443403670703
99000, 1.558387444947959
100000, 1.5306394555404428
