1, 28.515960443232487
2, 27.88332835226096
3, 27.174988500457548
4, 27.163946694101725
5, 26.33856488117756
6, 26.331729908990027
7, 26.349952561627127
8, 26.031519356349524
9, 25.149155055389038
10, 24.881318293048704
15, 23.20172407387003
20, 19.9949993748437
25, 19.280041493731282
30, 18.005554698481244
35, 16.789282295559868
40, 16.73439571660716
45, 15.303594349041012
50, 15.257784898208522
55, 15.005332385522154
60, 14.81485740734618
65, 14.7770091696527
70, 14.845874847916509
75, 14.183088521193119
80, 14.135062787267696
85, 14.119490075778232
90, 14.037093716293269
95, 13.676256797823006
100, 13.502592343694598
150, 11.77115117564973
200, 9.86103442849684
250, 7.833262411026456
300, 6.276941930590086
350, 6.251399843235113
400, 5.993329625508679
450, 5.295280917949491
500, 4.449719092257398
550, 4.349712634186309
600, 4.223742416388575
650, 4.219004621945797
700, 4.044749683231337
750, 3.8574603043971822
800, 3.778888725538237
850, 3.627671429443411
900, 3.6221540552549665
950, 3.6221540552549665
1000, 3.492849839314596
1250, 3.22490309931942
1500, 2.4819347291981715
1750, 2.4979991993593593
2000, 1.9287301521985911
2250, 1.9798989873223332
2500, 2.009975124224178
2750, 1.8867962264113207
3000, 1.865475810617763
3250, 1.6
3500, 1.3711309200802089
3750, 1.296148139681572
4000, 1.3266499161421599
4250, 1.131370849898476
4500, 1.0770329614269007
4750, 0.9591663046625439
5000, 1.0583005244258363
5250, 1.0954451150103321
5500, 1.0954451150103321
5750, 1.0954451150103321
6000, 1.0583005244258363
6250, 1.019803902718557
6500, 1.019803902718557
6750, 1.3564659966250536
7000, 1.3564659966250536
7250, 1.3564659966250536
7500, 1.3564659966250536
7750, 1.1661903789690602
8000, 1.2649110640673518
8250, 1.2649110640673518
8500, 1.2649110640673518
8750, 1.2649110640673518
9000, 1.2649110640673518
9250, 1.2649110640673518
9500, 1.1661903789690602
9750, 1.1661903789690602
10000, 1.1661903789690602
11000, 1.0392304845413265
12000, 0.9591663046625439
13000, 0.9797958971132712
14000, 0.9797958971132712
15000, 1.019803902718557
16000, 1.019803902718557
17000, 0.8
18000, 0.6324555320336759
19000, 0.6324555320336759
20000, 0.6
21000, 0.6
22000, 0.6
23000, 0.8
24000, 0.7745966692414834
25000, 0.7211102550927979
26000, 0.6
27000, 0.6
28000, 0.565685424949238
29000, 0.565685424949238
30000, 0.7483314773547883
31000, 0.7483314773547883
32000, 0.7483314773547883
33000, 0.7745966692414834
34000, 0.8246211251235321
35000, 0.8246211251235321
36000, 0.8246211251235321
37000, 0.7745966692414834
38000, 0.8
39000, 0.7483314773547883
40000, 0.7483314773547883
41000, 0.6
42000, 0.6
43000, 0.6
44000, 0.6
45000, 0.6
46000, 0.6
47000, 0.6
48000, 0.6
49000, 0.6
50000, 0.6
51000, 0.6
52000, 0.565685424949238
53000, 0.565685424949238
54000, 0.565685424949238
55000, 0.565685424949238
56000, 0.6
57000, 0.565685424949238
58000, 0.565685424949238
59000, 0.565685424949238
60000, 0.565685424949238
61000, 0.4898979485566356
62000, 0.4472135954999579
63000, 0.4472135954999579
64000, 0.4898979485566356
65000, 0.4898979485566356
66000, 0.4898979485566356
67000, 0.4898979485566356
68000, 0.4898979485566356
69000, 0.4898979485566356
70000, 0.4898979485566356
71000, 0.4898979485566356
72000, 0.4898979485566356
73000, 0.4898979485566356
74000, 0.4898979485566356
75000, 0.4898979485566356
76000, 0.34641016151377546
77000, 0.34641016151377546
78000, 0.4472135954999579
79000, 0.4472135954999579
80000, 0.4472135954999579
81000, 0.4472135954999579
82000, 0.4472135954999579
83000, 0.565685424949238
84000, 0.565685424949238
85000, 0.565685424949238
86000, 0.565685424949238
87000, 0.565685424949238
88000, 0.565685424949238
89000, 0.565685424949238
90000, 0.6633249580710799
91000, 0.565685424949238
92000, 0.6633249580710799
93000, 0.6324555320336759
94000, 0.6324555320336759
95000, 0.6324555320336759
96000, 0.6324555320336759
97000, 0.6324555320336759
98000, 0.6324555320336759
99000, 0.6324555320336759
100000, 0.6324555320336759
