13.476964473818704
10.900851867105223
9.207140086445333
9.122969441391954
8.992059989632123
8.07995756707387
7.538472751729718
7.448873356804658
7.684864530825696
6.761234037828133
6.744309770889404
6.122557822161771
5.702129927867806
5.11300861947808
5.393117306874966
4.723799923185328
5.0878005351737485
5.187898005385776
5.163055573702733
4.9770903720375195
4.777925431457824
4.928053803045811
4.560701700396552
4.678216998570533
4.7207747548166585
4.857983120596447
4.825527358301296
4.681269669041265
4.219004621945797
4.1507314329611145
3.884033249820898
4.0708019567928595
4.0918036539962594
3.924283374069717
3.641035959331198
3.9023802260378764
3.8950518060006045
4.109223075681617
3.9928507538921543
4.102264183176338
4.161043825085926
4.053217416888888
4.299501632249287
4.171330722922842
4.191828786034631
4.246006527146588
4.345769700031777
4.326001122779063
4.446507457705269
4.3490557267395085
4.133486940310116
4.028470110174758
3.924283374069717
3.835920452027872
3.5173041624841845
3.492849839314596
3.4475664294853385
3.5335130232835263
3.4969374356101124
3.480558247506528
3.5010202594590707
3.4723396805529925
3.3295216301616493
3.3806170189140663
3.251373336211726
2.9471535904520287
3.0472470011002204
3.004758131459407
3.102993945945017
2.961659766318301
3.0189875313233268
2.878491668515698
2.7723120830300267
2.8535691936340255
2.7464262493023806
2.7097706808616007
2.667261838343906
2.741219749360805
2.7097706808616007
2.5467065566559266
2.5298221281347035
2.4784787961282104
2.5634797778466227
2.6779523094014523
2.569046515733026
2.461126339126632
2.5128242505765725
2.3964259101539405
2.461126339126632
2.4436506647695313
2.4784787961282104
2.437797600880176
2.390457218668787
2.3543273227945902
2.32992949004287
2.3482516292522218
2.390457218668787
2.4784787961282104
2.569046515733026
2.4319304501333328
2.449489742783178
2.8284271247461903
2.7255405754769875
2.715037489875337
2.8284271247461903
2.792848008753788
2.792848008753788
2.715037489875337
2.7097706808616007
2.6939084723024385
2.8635642126552705
2.7825989906663056
2.4436506647695313
2.6457513110645907
2.4260491103261463
2.6076809620810595
2.6619005025947695
2.715037489875337
2.767154288640743
2.767154288640743
2.656528346760647
2.7255405754769875
2.6457513110645907
2.7774602993176543
2.7774602993176543
2.756809750418044
2.741219749360805
2.65114530506561
2.5746012173871566
2.4899799195977463
2.5579009251449016
2.6349301969610397
2.6076809620810595
2.6076809620810595
2.613153540948451
2.585674822114004
2.4784787961282104
2.4842360136324753
2.4319304501333328
2.2038926600773587
2.242447642325552
2.2866069685390684
2.32992949004287
2.4201534780139164
2.311462122306386
2.210365192839022
2.177810171446801
2.164651077128664
2.177810171446801
2.3482516292522218
2.4842360136324753
2.5185029566901727
2.4727081741050063
2.5298221281347035
2.5298221281347035
2.53546276418555
2.5071326821120348
2.305273457593635
2.3543273227945902
2.0770858707058104
2.0770858707058104
2.0
2.1908902300206643
2.1908902300206643
2.0632844828435215
2.1111946516469904
2.2866069685390684
2.3724610489050035
2.32992949004287
2.32379000772445
2.32379000772445
2.248809208701987
2.117950491799628
2.042407542932745
1.7566201313073597
1.7968225924034427
1.8822478962286404
2.056349053193895
2.014235055087379
1.9639610121239315
1.8973665961010275
2.0976176963403033
2.117950491799628
2.1514114968019085
2.104417123236605
2.138089935299395
2.1447610589527217
2.1580414400893364
2.437797600880176
2.4260491103261463
2.501428163498376
2.6186146828319083
2.569046515733026
2.6240644591385873
2.4260491103261463
2.495710605933995
2.4784787961282104
2.3664319132398464
2.3482516292522218
2.3421601750764798
2.3482516292522218
2.274077520980446
2.29906813420444
2.2232537288526344
2.177810171446801
2.210365192839022
2.3543273227945902
2.3784749015162756
2.3724610489050035
2.3724610489050035
2.336052836975837
2.2866069685390684
2.336052836975837
2.274077520980446
2.2866069685390684
2.248809208701987
2.4260491103261463
2.2866069685390684
2.32379000772445
2.2614786566062732
2.29906813420444
2.4083189157584592
2.2866069685390684
2.2928460168844436
2.4083189157584592
2.3664319132398464
2.4201534780139164
2.3964259101539405
2.4669240534954224
2.3724610489050035
2.390457218668787
2.0976176963403033
2.177810171446801
2.1447610589527217
2.1908902300206643
2.242447642325552
2.1580414400893364
2.18435999126256
2.104417123236605
2.311462122306386
2.090796157311509
1.8516401995451028
1.8126539343499315
1.9123657749350298
1.9123657749350298
1.9198214202665531
2.0770858707058104
2.18435999126256
2.117950491799628
2.083952289006911
2.164651077128664
2.242447642325552
2.248809208701987
2.2038926600773587
2.1246848505803664
1.9346465162548798
2.0
2.0213149892370277
2.18435999126256
2.2168188275738085
2.2038926600773587
1.9566735620873066
2.007130147392398
2.0354009783964297
2.1580414400893364
2.007130147392398
1.8593393604027366
1.9346465162548798
1.9346465162548798
1.942016624910449
1.8361450300639575
1.6733200530681511
1.6212869667555552
1.5675276256394517
1.5118578920369088
1.4638501094227998
1.4928400545843579
1.4638501094227998
1.52127765851133
1.4832396974191326
1.4735767952260144
1.4928400545843579
1.558387444947959
1.5491933384829668
1.5118578920369088
1.52127765851133
1.6733200530681511
1.7888543819998317
1.820517979665599
1.8822478962286404
1.9639610121239315
1.7566201313073597
1.889822365046136
1.889822365046136
1.804755622554715
1.7237832147426693
1.7154757774032086
1.8283482006601322
1.942016624910449
1.804755622554715
1.7566201313073597
1.8283482006601322
1.9346465162548798
1.985662897587892
2.0632844828435215
2.083952289006911
2.242447642325552
2.2551528297909846
1.9784553859730358
2.090796157311509
2.2038926600773587
2.274077520980446
2.1514114968019085
2.1514114968019085
2.197401062294143
2.210365192839022
2.274077520980446
2.2296700588716196
2.117950491799628
2.0976176963403033
2.056349053193895
2.090796157311509
2.090796157311509
2.04939015319192
2.02837021134844
1.9784553859730358
2.056349053193895
2.04939015319192
2.0701966780270626
1.9784553859730358
1.8822478962286404
1.867006771737662
1.820517979665599
1.7888543819998317
1.8283482006601322
1.8283482006601322
1.8439088914585775
1.927248223318863
1.8746428231227714
1.8746428231227714
1.8593393604027366
1.942016624910449
2.014235055087379
2.02837021134844
2.02837021134844
2.0770858707058104
1.9712215212183246
2.104417123236605
2.014235055087379
2.0354009783964297
1.9639610121239315
2.0976176963403033
1.9784553859730358
2.02837021134844
2.02837021134844
2.04939015319192
2.042407542932745
2.007130147392398
2.042407542932745
2.1712405933672376
2.138089935299395
2.18435999126256
2.2296700588716196
2.1246848505803664
2.042407542932745
2.0701966780270626
2.042407542932745
2.042407542932745
2.0632844828435215
2.02837021134844
2.014235055087379
1.9493588689617927
1.9784553859730358
1.985662897587892
1.9712215212183246
2.042407542932745
1.8822478962286404
1.867006771737662
1.8973665961010275
1.7888543819998317
1.7154757774032086
1.780850519113991
1.6818357317441643
1.65615734242165
1.6818357317441643
1.65615734242165
1.6388149028228556
1.7484687178050562
1.6818357317441643
1.6647608150808246
1.740279123753264
1.820517979665599
1.9712215212183246
1.9712215212183246
2.0213149892370277
2.04939015319192
2.0632844828435215
2.0976176963403033
2.014235055087379
1.7647338933351153
