1, 14.296852800529214
2, 14.296852800529214
3, 13.54400236266961
4, 13.072107710694553
5, 12.52517464948094
6, 12.52517464948094
7, 12.24744871391589
8, 11.492606318846914
9, 11.52735876079165
10, 11.52735876079165
15, 11.15347479487895
20, 10.598113039593416
25, 10.047885349664377
30, 9.757048734120374
35, 9.478396488858229
40, 8.76812408671319
45, 8.119113252073776
50, 7.647221717722064
55, 7.552483035399682
60, 7.4404300950953095
65, 7.222188034107115
70, 6.4
75, 6.572670690061994
80, 6.125357132445422
85, 6.299206299209449
90, 6.222539674441618
95, 6.190315016216864
100, 5.775811631277461
150, 4.569463863518345
200, 4.4362146025637665
250, 4.280186911806539
300, 2.8284271247461903
350, 2.4
400, 2.349468024894146
450, 2.1166010488516727
500, 2.0591260281974
550, 1.469693845669907
600, 1.3564659966250536
650, 1.4422205101855958
700, 1.4142135623730951
750, 1.469693845669907
800, 1.2
850, 1.131370849898476
900, 0.6928203230275509
950, 0.6324555320336759
1000, 0.6324555320336759
1250, 0.4898979485566356
1500, 0.4898979485566356
1750, 0.4
2000, 0.4
2250, 0.0
2500, 0.0
2750, 0.0
3000, 0.0
3250, 0.0
3500, 0.0
3750, 0.0
4000, 0.0
4250, 0.0
4500, 0.0
4750, 0.0
5000, 0.0
5250, 0.0
5500, 0.0
5750, 0.0
6000, 0.0
6250, 0.0
6500, 0.0
6750, 0.0
7000, 0.0
7250, 0.0
7500, 0.0
7750, 0.0
8000, 0.0
8250, 0.0
8500, 0.0
8750, 0.0
9000, 0.0
9250, 0.0
9500, 0.0
9750, 0.0
10000, 0.0
11000, 0.0
12000, 0.0
13000, 0.0
14000, 0.0
15000, 0.0
16000, 0.0
17000, 0.0
18000, 0.0
19000, 0.0
20000, 0.0
21000, 0.0
22000, 0.0
23000, 0.0
24000, 0.0
25000, 0.0
26000, 0.0
27000, 0.0
28000, 0.0
29000, 0.0
30000, 0.0
31000, 0.0
32000, 0.0
33000, 0.0
34000, 0.0
35000, 0.0
36000, 0.0
37000, 0.0
38000, 0.0
39000, 0.0
40000, 0.0
41000, 0.0
42000, 0.0
43000, 0.0
44000, 0.0
45000, 0.0
46000, 0.0
47000, 0.0
48000, 0.0
49000, 0.0
50000, 0.0
51000, 0.0
52000, 0.0
53000, 0.0
54000, 0.0
55000, 0.0
56000, 0.0
57000, 0.0
58000, 0.0
59000, 0.0
60000, 0.0
61000, 0.0
62000, 0.0
63000, 0.0
64000, 0.0
65000, 0.0
66000, 0.0
67000, 0.0
68000, 0.0
69000, 0.0
70000, 0.0
71000, 0.0
72000, 0.0
73000, 0.0
74000, 0.0
75000, 0.0
76000, 0.0
77000, 0.0
78000, 0.0
79000, 0.0
80000, 0.0
81000, 0.0
82000, 0.0
83000, 0.0
84000, 0.0
85000, 0.0
86000, 0.0
87000, 0.0
88000, 0.0
89000, 0.0
90000, 0.0
91000, 0.0
92000, 0.0
93000, 0.0
94000, 0.0
95000, 0.0
96000, 0.0
97000, 0.0
98000, 0.0
99000, 0.0
100000, 0.0
