1, 68.68163267327493
2, 68.01654210557899
3, 67.51580061980553
4, 67.26266919076782
5, 66.45788139867234
6, 65.61516592983668
7, 64.88823724939162
8, 64.16683982660618
9, 63.599397271777136
10, 62.694896124006775
15, 61.318567063057394
20, 59.20684082097271
25, 57.52854363994741
30, 54.916906929165876
35, 54.35439264677695
40, 53.21653878260028
45, 51.50048543460537
50, 50.92216282392831
55, 48.45307007816945
60, 46.3555102801526
65, 45.885364405948295
70, 45.68333029308028
75, 44.36571499104536
80, 43.887925446528
85, 43.872922552906516
90, 42.38474568363796
95, 42.26819134999746
100, 41.969631878299815
150, 33.045675460893015
200, 29.23411249436749
250, 25.11606391667824
300, 23.152393684743124
350, 22.105052212861505
400, 20.074859899884732
450, 19.635002758679036
500, 18.65699154026
550, 18.23458252881047
600, 17.265090018106864
650, 17.214819197424063
700, 16.249102539319928
750, 15.65779890874406
800, 15.300326793895612
850, 14.627029773675856
900, 14.013089119343624
950, 13.625955623979797
1000, 13.438129830200829
1250, 11.469524837585906
1500, 10.257517568430808
1750, 9.808159868191384
2000, 9.679015101410542
2250, 9.589056262218927
2500, 9.08019823572151
2750, 8.18637078726994
3000, 7.922541679705236
3250, 7.33143914930759
3500, 7.214568594171102
3750, 7.233026107146764
4000, 6.719374970932936
4250, 6.34428877022476
4500, 6.0456596000767355
4750, 5.938574464184706
5000, 5.825232470325397
5250, 5.540758070878027
5500, 5.455883674224246
5750, 5.357238094391549
6000, 5.259911279353167
6250, 5.162363799656123
6500, 5.139714648369758
6750, 5.426785420486054
7000, 5.425249610233001
7250, 5.5362442142665635
7500, 5.4329243199833614
7750, 5.394441583704471
8000, 5.414486740833952
8250, 5.229722745997153
8500, 5.134848261308864
8750, 5.038187504781192
9000, 5.046450898073483
9250, 4.498147766951785
9500, 4.455333881989093
9750, 4.3224221604712945
10000, 4.047633053197058
11000, 4.123105625617661
12000, 3.905124837953327
13000, 3.5893360574531514
14000, 3.4856850115866753
15000, 3.22490309931942
16000, 3.191133549905634
17000, 3.052321520853704
18000, 3.1490739379485304
19000, 3.1118054780678905
20000, 2.972092416687835
21000, 3.013856886670854
22000, 2.958039891549808
23000, 2.9097537123726926
24000, 2.8343135559308417
25000, 2.8780780624113262
26000, 2.795830228512931
27000, 2.598076211353316
28000, 2.6044833140823407
29000, 2.689485700525908
30000, 2.6677081299622465
31000, 2.6739483914241875
32000, 2.6770630673681683
33000, 2.3804761428476167
34000, 2.401388487243717
35000, 2.3664319132398464
36000, 2.359378449224852
37000, 2.4528894525980305
38000, 2.41522945769824
39000, 2.401388487243717
40000, 2.4186773244895647
41000, 2.3979157616563596
42000, 2.37346441585572
43000, 2.3804761428476167
44000, 2.3944379994757297
45000, 2.3664319132398464
46000, 2.3804761428476167
47000, 2.401388487243717
48000, 2.3944379994757297
49000, 2.3523038352503134
50000, 2.355843797877949
51000, 2.228601953392904
52000, 1.9536291016123473
53000, 2.041241452319315
54000, 2.0289570391377603
55000, 2.0248456731316584
56000, 2.0289570391377603
57000, 1.9536291016123473
58000, 1.9748417658131499
59000, 1.9748417658131499
60000, 1.96638416050035
61000, 1.970617500514327
62000, 1.9192012227313042
63000, 1.8973665961010275
64000, 1.9148542155126762
65000, 1.9017535767461216
66000, 1.9192012227313042
67000, 1.9321835661585918
68000, 1.906130460732773
69000, 1.8973665961010275
70000, 1.9017535767461216
71000, 1.9364916731037085
72000, 1.9235384061671346
73000, 1.8973665961010275
74000, 1.906130460732773
75000, 1.91049731745428
76000, 2.041241452319315
77000, 2.0696215435033847
78000, 2.179449471770337
79000, 2.179449471770337
80000, 2.187083293643233
81000, 2.3202011407059806
82000, 2.3202011407059806
83000, 2.32379000772445
84000, 2.2211108331943574
85000, 2.217355782608345
86000, 2.2211108331943574
87000, 2.2211108331943574
88000, 2.217355782608345
89000, 2.164101045083924
90000, 2.1525179054617256
91000, 2.1447610589527217
92000, 2.171788817234923
93000, 2.16794833886788
94000, 2.164101045083924
95000, 2.117388328420966
96000, 2.1330729007701543
97000, 2.1330729007701543
98000, 1.8439088914585775
99000, 1.834847859269718
100000, 1.7416467303484175
