1, 34.29625829931501
2, 33.989704323515376
3, 33.348163367717866
4, 32.669047532284544
5, 31.785216689524077
6, 31.310275203730377
7, 30.823151472013155
8, 30.81774380666653
9, 30.348530991356622
10, 29.549957698785292
15, 27.96545488038174
20, 26.847718711279736
25, 24.159884105682295
30, 23.447103588005632
35, 22.49740725802272
40, 22.4150247230141
45, 20.200660055222617
50, 19.129384029114302
55, 18.560711193270585
60, 17.938784797192923
65, 16.066528353484873
70, 15.944696087832257
75, 15.937377450509228
80, 16.436747447918847
85, 16.276772816911016
90, 16.00729000591085
95, 15.631165450257807
100, 15.702441423761679
150, 13.803381228283646
200, 11.91217864204529
250, 11.25759003221086
300, 10.678639114294167
350, 9.366607354497857
400, 8.784455968736292
450, 8.706319543871567
500, 7.814516406449389
550, 7.436396977031283
600, 7.208790929598851
650, 6.872651113895811
700, 6.779872171852997
750, 6.582805886043833
800, 6.473020933072903
850, 6.161709719442054
900, 5.938574464184706
950, 5.955389715767279
1000, 5.935767291036041
1250, 5.382068994974578
1500, 5.180090089306685
1750, 4.943008530574607
2000, 4.781910357447813
2250, 4.9023803741991845
2500, 4.123105625617661
2750, 4.266145801540309
3000, 3.877284272958759
3250, 4.029061098237818
3500, 3.82099463490856
3750, 3.7859388972001824
4000, 3.9791121287711073
4250, 3.6285901761795403
4500, 3.4641016151377544
4750, 3.4641016151377544
5000, 3.361547262794322
5250, 3.286335345030997
5500, 3.444802848737017
5750, 3.4641016151377544
6000, 3.3466401061363023
6250, 3.011090610836324
6500, 2.7748873851023217
6750, 2.614064523559687
7000, 2.689485700525908
7250, 2.5232254490367416
7500, 2.7202941017470885
7750, 2.7386127875258306
8000, 2.6394443859772205
8250, 2.556038601690775
8500, 2.556038601690775
8750, 2.54296414970142
9000, 2.9040202019499337
9250, 2.8751811537130436
9500, 2.938253449471868
9750, 2.7688746209726918
10000, 2.792848008753788
11000, 3.1885210782848317
12000, 2.6832815729997477
13000, 2.48327740429189
14000, 2.695675549220764
15000, 2.3804761428476167
16000, 2.6267851073127395
17000, 2.8809720581775866
18000, 2.588435821108957
19000, 2.48327740429189
20000, 2.456284456925405
21000, 2.3804761428476167
22000, 2.5495097567963922
23000, 2.6012817353502227
24000, 2.6583202716502514
25000, 2.2135943621178655
26000, 2.1984843263788196
27000, 2.273030282830976
28000, 1.9235384061671346
29000, 1.834847859269718
30000, 1.834847859269718
31000, 1.7320508075688772
32000, 1.760681686165901
33000, 1.6832508230603465
34000, 1.6733200530681511
35000, 1.61245154965971
36000, 1.591644851508443
37000, 1.7701224063135672
38000, 1.7888543819998317
39000, 1.9148542155126762
40000, 1.9407902170679516
41000, 1.906130460732773
42000, 2.105548226313834
43000, 1.7888543819998317
44000, 1.760681686165901
45000, 1.816590212458495
46000, 1.632993161855452
47000, 1.570562531918633
48000, 1.622754859285078
49000, 1.6020819787597222
50000, 1.632993161855452
51000, 1.66332999331662
52000, 1.5275252316519468
53000, 1.559914527573012
54000, 1.559914527573012
55000, 1.5383974345619102
56000, 1.505545305418162
57000, 1.4832396974191326
58000, 1.4142135623730951
59000, 1.2110601416389966
60000, 1.3416407864998738
61000, 1.390443574307614
62000, 1.449137674618944
63000, 1.4023789311975086
64000, 1.378404875209022
65000, 1.449137674618944
66000, 1.378404875209022
67000, 1.4023789311975086
68000, 1.4944341180973264
69000, 1.4605934866804429
70000, 1.4944341180973264
71000, 1.4832396974191326
72000, 1.51657508881031
73000, 1.559914527573012
74000, 1.591644851508443
75000, 1.5491933384829668
76000, 1.4832396974191326
77000, 1.449137674618944
78000, 1.390443574307614
79000, 1.2780193008453875
80000, 1.3662601021279464
81000, 1.2649110640673518
82000, 1.2516655570345725
83000, 1.2382783747337807
84000, 1.3038404810405297
85000, 1.4142135623730951
86000, 1.3662601021279464
87000, 1.4023789311975086
88000, 1.4259499757471625
89000, 1.4023789311975086
90000, 1.3038404810405297
91000, 1.3038404810405297
92000, 1.2649110640673518
93000, 1.2649110640673518
94000, 1.2780193008453875
95000, 1.1832159566199232
96000, 1.1254628677422756
97000, 1.1832159566199232
98000, 1.3416407864998738
99000, 1.2909944487358056
100000, 1.3038404810405297
