1, 28.198581524608645
2, 27.488179277645873
3, 26.693819509392057
4, 25.84105261013955
5, 25.69513572643663
6, 25.30059287842876
7, 24.36062396573618
8, 24.326939799325356
9, 24.32940607577587
10, 24.31295950722577
15, 23.42904180712476
20, 22.045407685048602
25, 21.06086417980041
30, 20.319448811422028
35, 19.264475077198444
40, 17.975538934897056
45, 17.91089054179049
50, 15.591023058157537
55, 13.824615727028364
60, 13.797101144805746
65, 12.996922712703958
70, 12.734205903785284
75, 12.723207142855138
80, 12.734205903785284
85, 11.513470371699404
90, 10.665833300778706
95, 10.65269918846862
100, 10.260604270704528
150, 9.82242332624694
200, 9.17605579756357
250, 8.85663593019381
300, 8.248636250920512
350, 7.787168933572714
400, 7.326663633605681
450, 5.89915248150105
500, 5.74108003776293
550, 5.6674509261219015
600, 5.5641710972974225
650, 5.469917732470938
700, 5.4662601474865795
750, 5.458937625582473
800, 5.506359959174482
850, 5.451605268175604
900, 5.344155686354955
950, 5.344155686354955
1000, 5.321653878260029
1250, 4.664761515876241
1500, 4.064480286580315
1750, 3.8
2000, 3.304542328371661
2250, 2.7640549922170505
2500, 2.449489742783178
2750, 2.06881608655772
3000, 2.029778313018444
3250, 1.9183326093250879
3500, 2.1166010488516727
3750, 2.1071307505705477
4000, 2.615339366124404
4250, 2.615339366124404
4500, 2.0
4750, 1.969771560359221
5000, 1.98997487421324
5250, 1.7088007490635062
5500, 1.5491933384829668
5750, 1.5231546211727816
6000, 1.5362291495737217
6250, 1.42828568570857
6500, 1.4832396974191326
6750, 1.4832396974191326
7000, 1.4832396974191326
7250, 1.469693845669907
7500, 1.469693845669907
7750, 1.469693845669907
8000, 1.4560219778561037
8250, 1.4560219778561037
8500, 1.4560219778561037
8750, 1.42828568570857
9000, 1.3856406460551018
9250, 1.3564659966250536
9500, 1.3564659966250536
9750, 1.3564659966250536
10000, 1.3416407864998738
11000, 1.3856406460551018
12000, 1.3416407864998738
13000, 1.0954451150103321
14000, 1.2165525060596438
15000, 1.2165525060596438
16000, 1.2649110640673518
17000, 1.1489125293076057
18000, 1.131370849898476
19000, 1.1135528725660044
20000, 1.131370849898476
21000, 1.131370849898476
22000, 1.1489125293076057
23000, 1.1489125293076057
24000, 1.1489125293076057
25000, 1.1489125293076057
26000, 0.916515138991168
27000, 0.916515138991168
28000, 0.916515138991168
29000, 0.916515138991168
30000, 0.916515138991168
31000, 0.916515138991168
32000, 0.916515138991168
33000, 0.916515138991168
34000, 0.916515138991168
35000, 0.8
36000, 0.8
37000, 0.8
38000, 0.8944271909999159
39000, 0.8944271909999159
40000, 0.8
41000, 0.8944271909999159
42000, 0.8944271909999159
43000, 0.8944271909999159
44000, 0.916515138991168
45000, 0.916515138991168
46000, 0.916515138991168
47000, 0.916515138991168
48000, 0.916515138991168
49000, 0.916515138991168
50000, 0.916515138991168
51000, 0.916515138991168
52000, 0.916515138991168
53000, 0.8944271909999159
54000, 0.8717797887081347
55000, 0.8717797887081347
56000, 0.8717797887081347
57000, 0.8944271909999159
58000, 0.8944271909999159
59000, 0.8944271909999159
60000, 0.8717797887081347
61000, 0.8717797887081347
62000, 0.8717797887081347
63000, 0.8944271909999159
64000, 0.8944271909999159
65000, 0.8944271909999159
66000, 0.8944271909999159
67000, 0.8944271909999159
68000, 0.8944271909999159
69000, 0.8944271909999159
70000, 0.8944271909999159
71000, 0.8717797887081347
72000, 0.8944271909999159
73000, 0.8944271909999159
74000, 0.8717797887081347
75000, 0.8717797887081347
76000, 0.8717797887081347
77000, 0.8717797887081347
78000, 0.8717797887081347
79000, 0.8717797887081347
80000, 0.8717797887081347
81000, 0.8717797887081347
82000, 0.8717797887081347
83000, 0.8717797887081347
84000, 0.8717797887081347
85000, 0.8717797887081347
86000, 0.8717797887081347
87000, 0.8717797887081347
88000, 0.8717797887081347
89000, 0.8717797887081347
90000, 0.8717797887081347
91000, 0.8717797887081347
92000, 0.8717797887081347
93000, 0.8717797887081347
94000, 0.8717797887081347
95000, 0.8717797887081347
96000, 0.8717797887081347
97000, 0.8717797887081347
98000, 0.8717797887081347
99000, 0.8717797887081347
100000, 0.8717797887081347
