11.29601699715435
9.967088699457689
8.567379996241558
8.555699854482976
8.308343482823242
7.523297149521611
7.7015768329794465
7.612020568998559
6.782329983125268
6.930264888773836
6.454234490405725
5.94258241123215
5.813776741499453
5.492852498604761
5.588252985376685
5.5703295619354005
5.30229061013122
4.9396356140913875
4.478520163753074
4.249369701160733
4.032014739202085
3.5173041624841845
3.4558439118191004
3.525417908358019
3.5010202594590707
3.4723396805529925
3.3806170189140663
3.286335345030997
3.2732683535398857
3.4267852490135913
3.268901082277389
3.198213787189879
3.320929301953209
3.295017884191656
3.3848401523768974
3.2204702407301595
3.303677604471374
3.3338094898007764
3.1213550171131033
2.893342111024649
3.0142518616920992
3.0659419433511785
2.8284271247461903
2.893342111024649
2.792848008753788
2.7097706808616007
2.65114530506561
2.667261838343906
2.5410908793553326
2.6021968740717085
2.704493615131253
2.6295029405356662
2.6076809620810595
2.2614786566062732
2.090796157311509
2.248809208701987
2.2866069685390684
2.2038926600773587
2.3176342617912282
2.336052836975837
2.4319304501333328
2.3844735867092943
2.210365192839022
2.305273457593635
2.449489742783178
2.4669240534954224
2.390457218668787
2.5128242505765725
2.4842360136324753
2.6076809620810595
2.4784787961282104
2.336052836975837
2.32379000772445
2.3664319132398464
2.3543273227945902
2.2296700588716196
2.0770858707058104
2.007130147392398
2.280350850198276
2.210365192839022
2.3421601750764798
2.2551528297909846
2.3664319132398464
2.3603873774083293
2.3421601750764798
2.3482516292522218
2.336052836975837
2.3603873774083293
2.4436506647695313
2.3784749015162756
2.2928460168844436
2.242447642325552
2.18435999126256
2.117950491799628
2.0770858707058104
2.1514114968019085
2.0701966780270626
1.985662897587892
2.007130147392398
2.0632844828435215
2.0213149892370277
1.9639610121239315
1.8593393604027366
1.7888543819998317
1.7484687178050562
1.7728105208558367
1.8593393604027366
1.804755622554715
1.8746428231227714
1.889822365046136
1.985662897587892
1.8361450300639575
1.7484687178050562
1.7154757774032086
1.7566201313073597
1.8593393604027366
2.007130147392398
2.007130147392398
2.0213149892370277
1.9784553859730358
1.8361450300639575
1.8973665961010275
1.985662897587892
1.9493588689617927
1.942016624910449
1.992844341996778
1.9123657749350298
1.9123657749350298
1.9784553859730358
1.889822365046136
1.9048809486609468
1.8973665961010275
1.942016624910449
1.942016624910449
1.9493588689617927
1.9712215212183246
1.9639610121239315
1.8973665961010275
1.8593393604027366
1.867006771737662
1.9048809486609468
1.9784553859730358
2.083952289006911
2.0770858707058104
2.042407542932745
1.985662897587892
2.007130147392398
2.056349053193895
2.090796157311509
2.104417123236605
2.1514114968019085
2.23606797749979
2.23606797749979
2.1313979316066587
2.1111946516469904
2.056349053193895
2.1246848505803664
2.177810171446801
2.1580414400893364
2.197401062294143
2.1447610589527217
2.0976176963403033
2.2038926600773587
2.197401062294143
2.18435999126256
2.1908902300206643
2.177810171446801
2.0976176963403033
2.0
1.9566735620873066
1.9566735620873066
1.942016624910449
1.9639610121239315
1.9048809486609468
1.7647338933351153
1.7237832147426693
1.647508942095828
1.6388149028228556
1.6388149028228556
1.65615734242165
1.7728105208558367
1.985662897587892
1.9712215212183246
2.014235055087379
1.8746428231227714
1.780850519113991
1.7968225924034427
1.8126539343499315
1.7968225924034427
1.804755622554715
1.6987390281365427
1.7968225924034427
1.6987390281365427
1.6987390281365427
1.7647338933351153
1.7888543819998317
1.7728105208558367
1.740279123753264
1.8126539343499315
1.889822365046136
1.8126539343499315
1.7968225924034427
1.7968225924034427
1.8283482006601322
1.8593393604027366
1.9048809486609468
1.889822365046136
1.867006771737662
1.8593393604027366
1.889822365046136
1.8746428231227714
1.8973665961010275
1.9712215212183246
2.0632844828435215
2.0213149892370277
2.014235055087379
1.9493588689617927
2.007130147392398
2.02837021134844
1.8746428231227714
1.9048809486609468
1.9123657749350298
1.8361450300639575
1.7888543819998317
1.8593393604027366
1.8283482006601322
1.7320508075688772
1.7968225924034427
1.7728105208558367
1.7968225924034427
1.8283482006601322
1.867006771737662
1.7647338933351153
1.740279123753264
1.7728105208558367
1.7647338933351153
1.7728105208558367
1.7728105208558367
1.7728105208558367
1.7484687178050562
1.7320508075688772
1.6987390281365427
1.5946338585572373
1.6903085094570331
1.6903085094570331
1.6987390281365427
1.6818357317441643
1.6733200530681511
1.6733200530681511
1.7071279138616748
1.6987390281365427
1.6818357317441643
1.6818357317441643
1.6818357317441643
1.7154757774032086
1.740279123753264
1.7647338933351153
1.7888543819998317
1.780850519113991
1.820517979665599
1.8361450300639575
1.8516401995451028
1.8439088914585775
1.8361450300639575
1.5491933384829668
1.5023790657297036
1.558387444947959
1.5675276256394517
1.5118578920369088
1.52127765851133
1.4735767952260144
1.4735767952260144
1.4928400545843579
1.5023790657297036
1.5023790657297036
1.4832396974191326
1.4638501094227998
1.4735767952260144
1.647508942095828
1.5856499343441837
1.6212869667555552
1.6035674514745464
1.61245154965971
1.7237832147426693
1.6987390281365427
1.5856499343441837
1.6300744943538186
1.61245154965971
1.6388149028228556
1.6818357317441643
1.65615734242165
1.6300744943538186
1.6388149028228556
1.7647338933351153
1.7071279138616748
1.7071279138616748
1.6647608150808246
1.6300744943538186
1.647508942095828
1.5946338585572373
1.4442002235542986
1.3416407864998738
1.2873006086935783
1.3093073414159542
1.3309502512973848
1.3309502512973848
1.3309502512973848
1.3093073414159542
1.1952286093343936
1.2071217242444348
1.2873006086935783
1.2535663410560174
1.2535663410560174
1.3309502512973848
1.2873006086935783
1.2535663410560174
1.2421180068162376
1.2535663410560174
1.1338934190276817
1.121223821162776
1.0555973258234952
1.0555973258234952
1.0419761445034554
1.0419761445034554
1.0281745265969475
1.0281745265969475
1.01418510567422
0.9710083124552245
1.0
1.0555973258234952
1.218898800440088
1.230563169563316
1.2873006086935783
1.2873006086935783
1.2761549390929883
1.3835771443203715
1.3522468075656264
1.3627702877384937
1.3938641048743392
1.3938641048743392
1.3201731488169053
1.3201731488169053
1.3093073414159542
1.2761549390929883
1.2761549390929883
1.3522468075656264
1.4142135623730951
1.3732131246511903
1.3201731488169053
1.3201731488169053
1.3201731488169053
1.2649110640673518
1.2071217242444348
1.2983506020002016
1.3093073414159542
1.2649110640673518
1.230563169563316
1.3522468075656264
1.3522468075656264
1.3416407864998738
1.3522468075656264
1.3522468075656264
1.3627702877384937
1.424279266355945
1.4040757000349275
1.3938641048743392
1.3938641048743392
1.2649110640673518
1.2535663410560174
1.3627702877384937
1.3732131246511903
1.1464230084422218
1.1952286093343936
1.0419761445034554
1.0555973258234952
1.0
0.9856107606091623
1.0555973258234952
1.082325538564332
1.0419761445034554
1.0419761445034554
1.0555973258234952
1.0555973258234952
1.0555973258234952
1.0419761445034554
1.0690449676496976
1.0555973258234952
1.082325538564332
1.1464230084422218
1.1464230084422218
1.1832159566199232
1.1588171308956141
1.1710800875382399
1.1710800875382399
1.1338934190276817
1.1338934190276817
1.1338934190276817
1.1588171308956141
1.1464230084422218
1.1464230084422218
