1, 33.96665031075825
2, 33.96665031075825
3, 33.11948067225693
4, 32.57708806303391
5, 32.567877834864625
6, 32.38363784382477
7, 31.78469233242107
8, 31.098767392508233
9, 30.763614872118
10, 29.973877515819225
15, 28.331960751066983
20, 26.91901434550183
25, 26.06658141503536
30, 25.25140260130778
35, 24.685353282192796
40, 23.4022790912908
45, 20.848661028149188
50, 19.67400992849873
55, 19.246644729233545
60, 19.238849584456272
65, 18.763439627815224
70, 18.573278296161575
75, 17.893201688537093
80, 16.094512522388907
85, 15.57562197795003
90, 15.133847274679804
95, 14.905256343540914
100, 13.81906895078922
150, 12.60290971693971
200, 9.976639380740057
250, 9.605553948974867
300, 9.6591925128346
350, 9.081115937299042
400, 8.286535263104035
450, 8.457738074292283
500, 7.99791639532864
550, 7.812383332462209
600, 7.886697661252142
650, 7.29611768910928
700, 6.6332495807108
750, 6.698258480132479
800, 6.0332412515993425
850, 5.32603667530244
900, 5.072803301265814
950, 4.8545511292669135
1000, 4.58257569495584
1250, 4.464676173400859
1500, 4.39317652729776
1750, 4.654746681256314
2000, 4.358898943540674
2250, 4.016632088371218
2500, 3.9749213828703582
2750, 4.163331998932265
3000, 3.696845502136472
3250, 3.750555514409388
3500, 3.444802848737017
3750, 3.3516165253998453
4000, 3.391164991562634
4250, 3.7815340802378077
4500, 3.430257521916783
4750, 3.5543400700176866
5000, 3.65604522218567
5250, 3.183289703016886
5500, 3.1780497164141406
5750, 3.2093613071762426
6000, 3.0767948691238205
6250, 3.5118845842842465
6500, 3.366501646120693
6750, 3.6193922141707713
7000, 3.468909530866052
7250, 3.3115957885386114
7500, 3.3416562759605704
7750, 3.2506409624359724
8000, 3.1091263510296048
8250, 3.1144823004794873
8500, 3.415650255319866
8750, 3.5637059362410923
9000, 3.3714487489307423
9250, 3.4351128074635335
9500, 3.4253953543107007
9750, 3.2812599206199238
10000, 3.3714487489307423
11000, 3.1989581637360205
12000, 3.0166206257996713
13000, 2.932575659723036
14000, 2.840187787218772
15000, 2.6708300832013507
16000, 2.7628487713469467
17000, 2.798809270624444
18000, 2.54296414970142
19000, 2.4899799195977463
20000, 2.48327740429189
21000, 2.2949219304078006
22000, 2.250925735484551
23000, 2.0976176963403033
24000, 1.983263304085802
25000, 2.0
26000, 1.96638416050035
27000, 2.0896570691543306
28000, 2.206052281036573
29000, 2.3021728866442674
30000, 2.345207879911715
31000, 2.2876479915697985
32000, 2.258317958127243
33000, 2.2211108331943574
34000, 1.9916492328386208
35000, 2.16794833886788
36000, 2.016597794967223
37000, 2.016597794967223
38000, 2.16794833886788
39000, 2.16794833886788
40000, 2.1908902300206643
41000, 2.04939015319192
42000, 1.9578900207451218
43000, 1.9748417658131499
44000, 2.0248456731316584
45000, 2.0330600909302543
46000, 1.96638416050035
47000, 1.8529256146249728
48000, 1.9407902170679516
49000, 1.7888543819998317
50000, 1.449137674618944
51000, 1.6431676725154984
52000, 1.8439088914585775
53000, 1.7126976771553504
54000, 1.66332999331662
55000, 1.5811388300841898
56000, 1.570562531918633
57000, 1.449137674618944
58000, 1.449137674618944
59000, 1.390443574307614
60000, 1.2649110640673518
61000, 1.2909944487358056
62000, 1.2382783747337807
63000, 1.3662601021279464
64000, 1.2649110640673518
65000, 1.1254628677422756
66000, 1.224744871391589
67000, 1.3416407864998738
68000, 1.2649110640673518
69000, 1.3416407864998738
70000, 1.505545305418162
71000, 1.2909944487358056
72000, 1.3416407864998738
73000, 1.390443574307614
74000, 1.3291601358251257
75000, 1.1832159566199232
76000, 1.1832159566199232
77000, 1.1972189997378648
78000, 1.2649110640673518
79000, 1.2516655570345725
80000, 1.140175425099138
81000, 1.1547005383792515
82000, 1.0801234497346435
83000, 1.0
84000, 1.0801234497346435
85000, 1.0
86000, 0.9309493362512627
87000, 1.0488088481701516
88000, 1.0488088481701516
89000, 1.0801234497346435
90000, 1.0488088481701516
91000, 1.0801234497346435
92000, 1.0
93000, 0.983192080250175
94000, 1.0165300454651272
95000, 1.1547005383792515
96000, 1.1105554165971787
97000, 1.1547005383792515
98000, 1.0488088481701516
99000, 1.1254628677422756
100000, 1.2516655570345725
