1, 4.898979485566356
2, 4.123105625617661
3, 4.123105625617661
4, 4.123105625617661
5, 3.3763886032268267
6, 3.3466401061363023
7, 3.3466401061363023
8, 3.3466401061363023
9, 3.3763886032268267
10, 3.3763886032268267
15, 3.0659419433511785
20, 3.0659419433511785
25, 3.03315017762062
30, 2.32379000772445
35, 2.32379000772445
40, 2.23606797749979
45, 2.23606797749979
50, 1.4832396974191326
55, 1.4832396974191326
60, 1.4832396974191326
65, 1.4832396974191326
70, 1.4832396974191326
75, 1.4832396974191326
80, 1.4832396974191326
85, 1.4832396974191326
90, 1.4832396974191326
95, 1.4832396974191326
100, 1.4832396974191326
150, 1.4832396974191326
200, 1.1832159566199232
250, 1.1832159566199232
300, 0.4472135954999579
350, 0.4472135954999579
400, 0.4472135954999579
450, 0.4472135954999579
500, 0.4472135954999579
550, 0.4472135954999579
600, 0.4472135954999579
650, 0.4472135954999579
700, 0.4472135954999579
750, 0.4472135954999579
800, 0.4472135954999579
850, 0.4472135954999579
900, 0.4472135954999579
950, 0.4472135954999579
1000, 0.4472135954999579
1250, 0.4472135954999579
1500, 0.4472135954999579
1750, 0.4472135954999579
2000, 0.4472135954999579
2250, 0.4472135954999579
2500, 0.4472135954999579
2750, 0.4472135954999579
3000, 0.4472135954999579
3250, 0.4472135954999579
3500, 0.4472135954999579
3750, 0.4472135954999579
4000, 0.7745966692414834
4250, 0.7745966692414834
4500, 0.7745966692414834
4750, 0.7745966692414834
5000, 0.7745966692414834
5250, 0.7745966692414834
5500, 0.7745966692414834
5750, 0.7745966692414834
6000, 0.7745966692414834
6250, 0.7745966692414834
6500, 0.7745966692414834
6750, 0.7745966692414834
7000, 0.7745966692414834
7250, 0.7745966692414834
7500, 0.7745966692414834
7750, 0.4472135954999579
8000, 0.4472135954999579
8250, 0.4472135954999579
8500, 0.4472135954999579
8750, 0.4472135954999579
9000, 0.7745966692414834
9250, 0.7745966692414834
9500, 0.7745966692414834
9750, 0.4472135954999579
10000, 0.8944271909999159
11000, 0.4472135954999579
12000, 0.4472135954999579
13000, 0.4472135954999579
14000, 0.4472135954999579
15000, 0.4472135954999579
16000, 0.4472135954999579
17000, 0.4472135954999579
18000, 0.4472135954999579
19000, 0.4472135954999579
20000, 0.4472135954999579
21000, 0.8944271909999159
22000, 0.7745966692414834
23000, 0.7745966692414834
24000, 0.7745966692414834
25000, 0.7745966692414834
26000, 0.7745966692414834
27000, 0.7745966692414834
28000, 0.7745966692414834
29000, 0.7745966692414834
30000, 0.7745966692414834
31000, 0.4472135954999579
32000, 0.8944271909999159
33000, 0.8944271909999159
34000, 0.8944271909999159
35000, 0.8944271909999159
36000, 0.8944271909999159
37000, 0.8944271909999159
38000, 0.8944271909999159
39000, 0.8944271909999159
40000, 0.8944271909999159
41000, 0.8944271909999159
42000, 0.8944271909999159
43000, 0.8944271909999159
44000, 0.8944271909999159
45000, 0.8944271909999159
46000, 0.8944271909999159
47000, 0.8944271909999159
48000, 0.8944271909999159
49000, 0.8944271909999159
50000, 0.8944271909999159
51000, 0.8944271909999159
52000, 0.8944271909999159
53000, 0.8944271909999159
54000, 0.8944271909999159
55000, 0.8944271909999159
56000, 0.8944271909999159
57000, 0.8944271909999159
58000, 0.8944271909999159
59000, 0.8944271909999159
60000, 0.8944271909999159
61000, 0.8944271909999159
62000, 0.8944271909999159
63000, 0.8944271909999159
64000, 0.8944271909999159
65000, 0.8944271909999159
66000, 0.8944271909999159
67000, 0.8944271909999159
68000, 0.8944271909999159
69000, 0.8944271909999159
70000, 0.8944271909999159
71000, 0.8944271909999159
72000, 0.8944271909999159
73000, 0.8944271909999159
74000, 0.8944271909999159
75000, 0.8944271909999159
76000, 0.8944271909999159
77000, 0.8944271909999159
78000, 0.8944271909999159
79000, 0.8944271909999159
80000, 0.8944271909999159
81000, 0.8944271909999159
82000, 0.8944271909999159
83000, 0.8944271909999159
84000, 0.8944271909999159
85000, 0.8944271909999159
86000, 0.4472135954999579
87000, 0.4472135954999579
88000, 0.0
89000, 0.0
90000, 0.0
91000, 0.0
92000, 0.0
93000, 0.0
94000, 0.0
95000, 0.0
96000, 0.0
97000, 0.0
98000, 0.0
99000, 0.0
100000, 0.0
