1, 63.243397068209994
2, 62.71943297517343
3, 62.48388883253317
4, 61.882292958633826
5, 61.41320556836142
6, 61.09590077009333
7, 61.08741873145998
8, 61.08741873145998
9, 61.06851591748105
10, 60.301213616612756
15, 59.67350561788098
20, 57.11471709718003
25, 54.900405694808356
30, 52.86689976638588
35, 51.15520057095413
40, 49.35861350638536
45, 48.161282072937915
50, 46.52096301668743
55, 45.773553301204196
60, 44.2402531638326
65, 43.11570057836978
70, 42.60089627738322
75, 41.55631447478557
80, 40.718546143004666
85, 41.107176988939536
90, 40.72635956768495
95, 39.992499296743134
100, 38.54348193923325
150, 31.383840659572794
200, 27.74002687289778
250, 27.35025344738808
300, 24.032175401853543
350, 22.471395959388822
400, 21.8760973750721
450, 20.607147921402063
500, 19.968611733053816
550, 19.46558735073491
600, 19.077831018321668
650, 18.20389568696267
700, 17.515188214284716
750, 16.413963013793527
800, 15.937377450509228
850, 15.743974316313123
900, 16.258703962661187
950, 15.99715883865291
1000, 15.966442081042123
1250, 13.131502718134115
1500, 12.381070595506234
1750, 11.840608092492547
2000, 11.841375841437591
2250, 10.40891226523956
2500, 9.63704971828657
2750, 8.454154438660751
3000, 8.350285787161583
3250, 7.900517819623079
3500, 7.952129503243998
3750, 8.17757465711731
4000, 8.303339963259035
4250, 8.014759112809545
4500, 7.775252115175781
4750, 7.955558377066256
5000, 8.190904046007931
5250, 7.893610764985243
5500, 7.630083998107873
5750, 7.424774254297078
6000, 7.771743691090179
6250, 7.810249675906654
6500, 7.232502396065342
6750, 7.003895020240199
7000, 6.694638288823514
7250, 6.729852085366296
7500, 6.428629148370026
7750, 6.578200914591107
8000, 6.713622514911549
8250, 6.667424199385056
8500, 6.9974021153308295
8750, 6.592006178284836
9000, 6.323117758022397
9250, 6.3775173282969035
9500, 6.321679868803573
9750, 6.354669006472185
10000, 6.3775173282969035
11000, 5.520210799664019
12000, 5.536654716933814
13000, 5.551412596644373
14000, 5.29493754791911
15000, 4.665151269105468
16000, 4.5347145845837264
17000, 4.6845975862879135
18000, 4.694290535998346
19000, 4.272533844751315
20000, 4.433344725435352
21000, 4.173509532537552
22000, 4.278912351181186
23000, 4.373473759755822
24000, 4.060900034587049
25000, 3.8281255797773217
26000, 3.780331875762906
27000, 3.951984541743783
28000, 3.7489392439122637
29000, 4.024922359499621
30000, 4.002272081978163
31000, 3.9010488100229943
32000, 3.6902820784029258
33000, 3.7221694553775295
34000, 3.534248023400323
35000, 3.6456699097572027
36000, 3.492849839314596
37000, 3.534248023400323
38000, 3.731926141722626
39000, 3.5777087639996634
40000, 3.5058392848088586
41000, 3.5496478698597698
42000, 3.35477949417625
43000, 3.4085454109021076
44000, 3.6705213897656654
45000, 3.4324653212841323
46000, 3.5878583127998898
47000, 3.590391216971918
48000, 3.5032452487268535
49000, 3.3275707765165974
50000, 3.272474737731509
51000, 3.4298157915019813
52000, 3.362899182118148
53000, 3.3166247903554
54000, 3.5239440713753982
55000, 3.4138754304375922
56000, 3.272474737731509
57000, 3.1737560197228887
58000, 3.213607432041557
59000, 3.1071764440638794
60000, 3.0689056385268376
61000, 3.185193015415949
62000, 3.1908961408698624
63000, 3.2973818815428815
64000, 3.5006492904239144
65000, 3.4298157915019813
66000, 3.3656013916197396
67000, 3.4218548930501
68000, 3.311138227805714
69000, 3.213607432041557
70000, 3.3709993123162105
71000, 3.424510582152248
72000, 3.2891004572955533
73000, 3.300137738172316
74000, 3.1737560197228887
75000, 3.210777306057041
76000, 3.2051095570553083
77000, 3.207944683268259
78000, 3.060005941764879
79000, 3.1622776601683795
80000, 2.9848100289785457
81000, 3.0451153135353137
82000, 3.1391950328938556
83000, 3.1159414161840253
84000, 3.0629753805439215
85000, 3.1880458534400606
86000, 3.0480992587035436
87000, 3.0983866769659336
88000, 3.1304951684997055
89000, 3.006054496572482
90000, 2.9787123514578027
91000, 2.935673997258861
92000, 3.0301515113634467
93000, 3.1507574846809026
94000, 3.1246818019818217
95000, 3.121771059103237
96000, 2.8762349126466136
97000, 2.796101181678127
98000, 2.8155412849526336
99000, 2.7993505740374207
100000, 2.969542358374741
