1, 16.7710067278821
2, 16.47624552702061
3, 15.77550844399846
4, 15.150357531534803
5, 14.717336715588184
6, 13.839556832981804
7, 14.033293744995625
8, 13.564659966250536
9, 13.25644497342079
10, 13.228756555322953
15, 12.606876430477667
20, 11.451346354614087
25, 10.598742063723098
30, 9.804760748398369
35, 9.490345971916232
40, 8.880690663831652
45, 8.169047272071165
50, 8.053984521134037
55, 6.918574034197124
60, 6.918574034197124
65, 7.420691791650336
70, 7.831560082980487
75, 7.275529763071094
80, 7.26636084983398
85, 7.160074487508259
90, 6.782329983125268
95, 6.752777206453653
100, 6.506407098647712
150, 5.2345009313209605
200, 5.272570530585627
250, 4.211096452627668
300, 3.4544657088084305
350, 3.63318042491699
400, 3.483293460696835
450, 3.011090610836324
500, 3.2145502536643185
550, 2.4899799195977463
600, 2.4899799195977463
650, 2.206052281036573
700, 2.32379000772445
750, 2.3380903889000244
800, 2.463060426921489
850, 2.3804761428476167
900, 2.581988897471611
950, 2.7688746209726918
1000, 2.6076809620810595
1250, 2.756809750418044
1500, 2.556038601690775
1750, 2.3523038352503134
2000, 2.3523038352503134
2250, 1.7320508075688772
2500, 1.8439088914585775
2750, 1.7888543819998317
3000, 1.7126976771553504
3250, 1.9148542155126762
3500, 1.61245154965971
3750, 1.3165611772087666
4000, 1.2909944487358056
4250, 1.3165611772087666
4500, 1.0645812948447542
4750, 1.0645812948447542
5000, 0.8563488385776752
5250, 0.9660917830792959
5500, 0.9309493362512627
5750, 1.0
6000, 1.0
6250, 1.0
6500, 1.2649110640673518
6750, 1.1832159566199232
7000, 1.0327955589886444
7250, 0.9660917830792959
7500, 0.9660917830792959
7750, 0.9660917830792959
8000, 0.9309493362512627
8250, 0.9309493362512627
8500, 0.816496580927726
8750, 0.8563488385776752
9000, 0.8563488385776752
9250, 0.816496580927726
9500, 0.816496580927726
9750, 0.8944271909999159
10000, 1.0
11000, 1.0645812948447542
12000, 0.8944271909999159
13000, 0.6831300510639732
14000, 0.7302967433402214
15000, 0.7745966692414834
16000, 0.6831300510639732
17000, 0.6831300510639732
18000, 0.7302967433402214
19000, 0.5773502691896257
20000, 0.6831300510639732
21000, 0.6831300510639732
22000, 0.5773502691896257
23000, 0.4472135954999579
24000, 0.4472135954999579
25000, 0.5773502691896257
26000, 0.7745966692414834
27000, 0.7745966692414834
28000, 0.7745966692414834
29000, 0.7302967433402214
30000, 0.7745966692414834
31000, 0.5773502691896257
32000, 0.7745966692414834
33000, 0.7745966692414834
34000, 0.7745966692414834
35000, 0.5773502691896257
36000, 0.5773502691896257
37000, 0.4472135954999579
38000, 0.4472135954999579
39000, 0.4472135954999579
40000, 0.3651483716701107
41000, 0.4472135954999579
42000, 0.3651483716701107
43000, 0.4472135954999579
44000, 0.4472135954999579
45000, 0.3651483716701107
46000, 0.5163977794943222
47000, 0.4472135954999579
48000, 0.4472135954999579
49000, 0.4472135954999579
50000, 0.4472135954999579
51000, 0.4472135954999579
52000, 0.4472135954999579
53000, 0.4472135954999579
54000, 0.4472135954999579
55000, 0.4472135954999579
56000, 0.4472135954999579
57000, 0.4472135954999579
58000, 0.4472135954999579
59000, 0.6324555320336759
60000, 0.4472135954999579
61000, 0.4472135954999579
62000, 0.4472135954999579
63000, 0.4472135954999579
64000, 0.4472135954999579
65000, 0.4472135954999579
66000, 0.4472135954999579
67000, 0.4472135954999579
68000, 0.4472135954999579
69000, 0.4472135954999579
70000, 0.4472135954999579
71000, 0.3651483716701107
72000, 0.4472135954999579
73000, 0.3651483716701107
74000, 0.3651483716701107
75000, 0.3651483716701107
76000, 0.3651483716701107
77000, 0.3651483716701107
78000, 0.3651483716701107
79000, 0.3651483716701107
80000, 0.2581988897471611
81000, 0.2581988897471611
82000, 0.2581988897471611
83000, 0.3651483716701107
84000, 0.3651483716701107
85000, 0.2581988897471611
86000, 0.2581988897471611
87000, 0.2581988897471611
88000, 0.2581988897471611
89000, 0.2581988897471611
90000, 0.2581988897471611
91000, 0.2581988897471611
92000, 0.2581988897471611
93000, 0.2581988897471611
94000, 0.2581988897471611
95000, 0.2581988897471611
96000, 0.2581988897471611
97000, 0.2581988897471611
98000, 0.2581988897471611
99000, 0.2581988897471611
100000, 0.2581988897471611
