1, 57.01841807696878
2, 56.801408433242216
3, 56.50645980770694
4, 55.77418757812614
5, 54.9836339286519
6, 54.45126261162362
7, 53.576860676975095
8, 53.56099326935601
9, 53.54456088156854
10, 53.18514830288621
15, 50.95311570453764
20, 49.181500587111
25, 46.95657568434905
30, 44.585199337896874
35, 43.12331156114985
40, 40.95192303176982
45, 39.54238232580328
50, 37.943905966571236
55, 37.33630940518894
60, 35.70070027324394
65, 34.219292803913994
70, 33.64580211556859
75, 32.72827523717069
80, 32.493999446051575
85, 31.96810910892291
90, 31.726014562185398
95, 30.8966017548856
100, 29.885113350964556
150, 27.531436577120346
200, 23.51850335374256
250, 22.297533495882455
300, 18.48729293325553
350, 18.01610390733801
400, 17.014699527173555
450, 16.01936328322696
500, 15.517087355557422
550, 14.937201879870273
600, 14.014991972883895
650, 12.914333122542565
700, 12.693305322097945
750, 12.366082645688568
800, 12.388704532758863
850, 12.64594796762979
900, 12.84912448379266
950, 12.677539193392382
1000, 12.362847568420474
1250, 11.216951457503951
1500, 10.9233694435371
1750, 10.378824596263298
2000, 10.244998779892558
2250, 9.137833441248533
2500, 9.390420650854786
2750, 8.948742928478838
3000, 8.269220035771209
3250, 7.8204859184068605
3500, 8.108020720249794
3750, 7.849840762716146
4000, 7.475292636412303
4250, 7.308898685848642
4500, 7.03420215802759
4750, 6.8745908969188845
5000, 6.981403870282825
5250, 6.766091929614909
5500, 6.848357467305573
5750, 6.7424031324150295
6000, 6.56810474946921
6250, 6.240192304729078
6500, 6.039867548216599
6750, 5.99666574022598
7000, 5.916079783099616
7250, 5.808614292583043
7500, 5.812056434688156
7750, 5.801723881744114
8000, 5.902541825349482
8250, 5.837807807730569
8500, 5.81033561853358
8750, 5.911006682452659
9000, 5.813776741499453
9250, 5.662155066756826
9500, 5.3516352641038605
9750, 5.302829433425141
10000, 5.219195340279955
11000, 5.228766584960549
12000, 5.223025942880239
13000, 5.122499389946279
14000, 4.679743582719036
15000, 4.610856753359402
16000, 4.178516483155236
17000, 3.888444419044716
18000, 3.5552777669262356
19000, 3.334666400106613
20000, 3.3763886032268267
21000, 3.455430508634199
22000, 3.3466401061363023
23000, 3.6742346141747673
24000, 3.515679166249389
25000, 3.529872518944558
26000, 3.3734255586866
27000, 3.1654383582688825
28000, 3.2093613071762426
29000, 3.3136083051561784
30000, 3.4176014981270124
31000, 3.286335345030997
32000, 3.295451410656816
33000, 3.1780497164141406
34000, 3.334666400106613
35000, 3.3466401061363023
36000, 3.4322004603461025
37000, 3.283291031876401
38000, 3.3763886032268267
39000, 3.2680269276736382
40000, 3.280243893371345
41000, 3.4263683398023628
42000, 3.2
43000, 3.0066592756745814
44000, 2.986636904613616
45000, 3.0919249667480613
46000, 2.8284271247461903
47000, 2.979932885150268
48000, 2.979932885150268
49000, 2.9427877939124323
50000, 2.86705423736629
51000, 3.0066592756745814
52000, 3.0983866769659336
53000, 3.1906112267087634
54000, 3.1937438845342623
55000, 3.1304951684997055
56000, 3.1874754901018454
57000, 3.0886890422961
58000, 3.0983866769659336
59000, 3.1654383582688825
60000, 2.9832867780352594
61000, 2.9664793948382653
62000, 3.056141357987225
63000, 2.85657137141714
64000, 2.9223278392404914
65000, 2.8530685235374214
66000, 2.8
67000, 2.8635642126552705
68000, 2.7892651361962706
69000, 2.7820855486487113
70000, 2.8530685235374214
71000, 2.8284271247461903
72000, 2.9698484809834995
73000, 2.8460498941515415
74000, 2.723967694375247
75000, 2.6570660511172846
76000, 2.630589287593181
77000, 2.727636339397171
78000, 2.821347195933177
79000, 2.7640549922170505
80000, 2.6795522013948525
81000, 2.6076809620810595
82000, 2.4738633753705965
83000, 2.5258661880630178
84000, 2.244994432064365
85000, 2.209072203437452
86000, 2.3323807579381204
87000, 2.23606797749979
88000, 2.1213203435596424
89000, 2.1354156504062622
90000, 2.1908902300206643
91000, 2.2181073012818833
92000, 2.3622023622035435
93000, 2.16794833886788
94000, 2.16794833886788
95000, 2.293468988235943
96000, 2.2
97000, 2.186321110907545
98000, 2.1260291625469296
99000, 2.083266665599966
100000, 2.1447610589527217
