10.16366075781753
9.241212041718338
8.882567196480982
7.787810988975015
8.231038816577165
7.710382610480495
8.043631020876083
7.459892760623306
7.365459931328117
7.566372975210778
7.310950690573696
6.644546636152086
5.68770604022395
5.504543577809154
5.0099900199501395
5.272570530585627
5.079370039680118
5.0099900199501395
5.019960159204453
4.764451699828638
4.511097427455985
4.620606020859169
4.847679857416329
4.224926034855522
3.9115214431215892
3.82099463490856
3.8794329482541645
3.653765181289022
3.8340579025361627
3.9370039370059056
3.8794329482541645
3.714835124201342
4.0
3.427827300200522
3.3541019662496847
3.3166247903554
3.492849839314596
3.478505426185217
3.271085446759225
3.0983866769659336
3.420526275297414
3.263433774416144
3.263433774416144
3.1144823004794873
3.4713109915419564
3.478505426185217
2.9916550603303182
3.5496478698597698
2.949576240750525
2.8460498941515415
2.8809720581775866
3.082207001484488
2.6457513110645907
2.6457513110645907
2.7386127875258306
3.082207001484488
2.8896366553599777
2.4186773244895647
2.3979157616563596
2.0248456731316584
2.2693611435820435
2.3021728866442674
2.3664319132398464
2.29128784747792
2.5199206336708304
2.6832815729997477
2.6267851073127395
2.6076809620810595
2.598076211353316
2.6739483914241875
2.6551836094703507
2.7477263328068173
2.8460498941515415
2.701851217221259
2.8284271247461903
2.6362852652928135
2.4698178070456938
2.598076211353316
2.4289915602982237
2.4186773244895647
2.4899799195977463
2.539685019840059
2.5787593916455256
2.6457513110645907
2.4698178070456938
2.345207879911715
2.6076809620810595
2.5495097567963922
2.202271554554524
2.4698178070456938
2.3021728866442674
2.355843797877949
2.449489742783178
2.3664319132398464
2.258317958127243
2.4596747752497685
2.4186773244895647
2.4186773244895647
2.588435821108957
2.6076809620810595
2.449489742783178
2.3345235059857505
2.4186773244895647
2.479919353527449
2.345207879911715
2.5199206336708304
2.5099800796022267
2.4083189157584592
2.3130067012440754
2.4289915602982237
2.1908902300206643
2.247220505424423
2.345207879911715
2.23606797749979
2.258317958127243
2.247220505424423
2.16794833886788
2.258317958127243
2.3345235059857505
2.224859546128699
2.224859546128699
2.355843797877949
2.3345235059857505
2.1563858652847827
2.280350850198276
2.3021728866442674
2.202271554554524
2.1213203435596424
2.073644135332772
2.179449471770337
2.1908902300206643
2.179449471770337
2.16794833886788
2.2135943621178655
2.280350850198276
2.202271554554524
2.1908902300206643
2.0976176963403033
2.1563858652847827
2.04939015319192
2.04939015319192
1.91049731745428
2.0371548787463363
2.0124611797498106
1.8841443681416772
1.91049731745428
1.8303005217723127
1.8439088914585775
2.0124611797498106
1.9621416870348585
1.8708286933869707
1.746424919657298
1.6733200530681511
1.6881943016134133
1.6278820596099706
1.7320508075688772
1.7175564037317668
1.6278820596099706
1.5
1.5329709716755893
1.6583123951777
1.5968719422671311
1.6881943016134133
1.6733200530681511
1.6733200530681511
1.7175564037317668
1.7175564037317668
1.760681686165901
1.8027756377319946
1.7320508075688772
1.70293863659264
1.5652475842498528
1.4832396974191326
1.5652475842498528
1.5652475842498528
1.61245154965971
1.6583123951777
1.6278820596099706
1.6881943016134133
1.7320508075688772
1.5652475842498528
1.5968719422671311
1.7175564037317668
1.760681686165901
1.7320508075688772
1.7320508075688772
1.7320508075688772
1.70293863659264
1.70293863659264
1.6278820596099706
1.5329709716755893
1.61245154965971
1.6733200530681511
1.7888543819998317
1.760681686165901
1.70293863659264
1.6583123951777
1.61245154965971
1.6733200530681511
1.6733200530681511
1.8027756377319946
1.7175564037317668
1.746424919657298
1.8439088914585775
1.8841443681416772
1.8708286933869707
1.857417562100671
1.91049731745428
1.8708286933869707
1.816590212458495
1.9364916731037085
1.9748417658131499
1.9493588689617927
1.760681686165901
1.8439088914585775
1.7320508075688772
1.7175564037317668
1.6278820596099706
1.6881943016134133
1.7320508075688772
1.6583123951777
1.51657508881031
1.70293863659264
1.5652475842498528
1.6583123951777
1.61245154965971
1.746424919657298
1.6733200530681511
1.6881943016134133
1.7175564037317668
1.5968719422671311
1.5811388300841898
1.5652475842498528
1.5652475842498528
1.6431676725154984
1.70293863659264
1.6881943016134133
1.6431676725154984
1.7748239349298849
1.6881943016134133
1.760681686165901
1.6881943016134133
1.857417562100671
1.6881943016134133
1.746424919657298
1.70293863659264
1.6881943016134133
1.7175564037317668
1.760681686165901
1.746424919657298
1.6881943016134133
1.6733200530681511
1.6733200530681511
1.6733200530681511
1.6583123951777
1.5652475842498528
1.760681686165901
1.7888543819998317
1.760681686165901
1.760681686165901
1.760681686165901
1.6431676725154984
1.6431676725154984
1.6583123951777
1.6583123951777
1.5491933384829668
1.61245154965971
1.5968719422671311
1.6278820596099706
1.4142135623730951
1.4317821063276353
1.5491933384829668
1.6583123951777
1.61245154965971
1.7888543819998317
1.51657508881031
1.5652475842498528
1.51657508881031
1.51657508881031
1.4317821063276353
1.5
1.4317821063276353
1.449137674618944
1.51657508881031
1.4832396974191326
1.4832396974191326
1.5329709716755893
1.61245154965971
1.5491933384829668
1.6583123951777
1.7320508075688772
1.70293863659264
1.6881943016134133
1.61245154965971
1.61245154965971
1.4317821063276353
1.5811388300841898
1.5968719422671311
1.6278820596099706
1.760681686165901
1.7175564037317668
1.6431676725154984
1.5968719422671311
1.5968719422671311
1.5
1.466287829861518
1.61245154965971
1.51657508881031
1.4317821063276353
1.378404875209022
1.4142135623730951
1.4832396974191326
1.3416407864998738
1.3601470508735443
1.378404875209022
1.2649110640673518
1.3038404810405297
1.3038404810405297
1.378404875209022
1.284523257866513
1.4142135623730951
1.4142135623730951
1.4832396974191326
1.4142135623730951
1.4142135623730951
1.4317821063276353
1.466287829861518
1.396424004376894
1.396424004376894
1.4142135623730951
1.4142135623730951
1.4142135623730951
1.449137674618944
1.4142135623730951
1.378404875209022
1.3601470508735443
1.4142135623730951
1.378404875209022
1.3416407864998738
1.3228756555322954
1.3416407864998738
1.3038404810405297
1.2449899597988732
1.1832159566199232
1.2649110640673518
1.2041594578792296
1.2649110640673518
1.3601470508735443
1.3228756555322954
1.284523257866513
1.284523257866513
1.2649110640673518
1.284523257866513
1.2649110640673518
1.3228756555322954
1.2449899597988732
1.3228756555322954
1.3228756555322954
1.3228756555322954
1.2649110640673518
1.2649110640673518
1.2649110640673518
1.2649110640673518
1.3038404810405297
1.3038404810405297
1.2649110640673518
1.3228756555322954
1.2649110640673518
1.224744871391589
1.224744871391589
1.2041594578792296
1.2449899597988732
1.2449899597988732
1.2449899597988732
1.284523257866513
1.2449899597988732
1.3228756555322954
1.3228756555322954
1.3228756555322954
1.3601470508735443
1.3228756555322954
1.284523257866513
1.2041594578792296
1.284523257866513
1.3228756555322954
1.2449899597988732
1.2649110640673518
1.2649110640673518
1.284523257866513
1.284523257866513
1.2649110640673518
1.3038404810405297
1.3038404810405297
1.2649110640673518
1.2649110640673518
1.3038404810405297
1.2649110640673518
1.284523257866513
1.224744871391589
1.284523257866513
