1, 45.34286051849839
2, 44.50758362346804
3, 43.67894229488621
4, 42.85586307612997
5, 42.04164601915581
6, 41.09409933311594
7, 41.09622853742178
8, 41.09349096876536
9, 41.09288259540817
10, 41.09257840535198
15, 40.31066856304916
20, 39.460423211111156
25, 38.67137184016104
30, 38.6639366852368
35, 38.6636133851972
40, 37.16651718953499
45, 37.16618086379067
50, 37.16618086379067
55, 36.27499138525053
60, 36.27051143835719
65, 35.453843233139054
70, 35.453843233139054
75, 35.453843233139054
80, 34.81163598568731
85, 33.98749770136072
90, 33.97499080205909
95, 33.96873562557194
100, 33.33429165289102
150, 32.92833126655525
200, 32.93402495899947
250, 32.13564998564678
300, 30.899838187278586
350, 30.8953880053318
400, 30.949555731867946
450, 30.98709408770045
500, 30.986287289702844
550, 30.990724418767623
600, 29.819456735494025
650, 29.818199140793194
700, 29.682486418762156
750, 29.101975877936535
800, 28.229860077584515
850, 27.44038993892033
900, 27.44038993892033
950, 27.44038993892033
1000, 27.187313217749193
1250, 26.42347441196937
1500, 26.433879775772606
1750, 25.728388989596688
2000, 24.515301344262525
2250, 24.49030420390894
2500, 23.37145695073373
2750, 23.350588857671234
3000, 22.764555783058892
3250, 22.599225650450947
3500, 22.702422778197043
3750, 22.066377138080462
4000, 21.651789764358973
4250, 21.652367076142045
4500, 21.203183723205342
4750, 20.639767440550294
5000, 20.63552761622537
5250, 20.698429892143995
5500, 20.931435688934478
5750, 20.102238681301145
6000, 20.024984394500787
6250, 20.33715811021786
6500, 20.148200912240277
6750, 19.7553790143343
7000, 19.406184581210187
7250, 19.816028865542158
7500, 19.81665965797465
7750, 19.692003453178653
8000, 19.40876090841453
8250, 19.225633929730378
8500, 19.430002573340026
8750, 19.533944814092212
9000, 19.357169214531343
9250, 19.301554341554983
9500, 19.293133493551533
9750, 19.138965489283898
10000, 19.138965489283898
11000, 19.431289200668083
12000, 19.880895352071043
13000, 19.774352075352557
14000, 19.8997487421324
15000, 19.922976685224526
16000, 19.752215065657825
17000, 19.71991379291502
18000, 19.368789327162396
19000, 19.113476920748877
20000, 18.95521036549054
21000, 18.760330487494084
22000, 18.542518707014967
23000, 18.341891941672756
24000, 18.159019797334878
25000, 18.174845253811654
26000, 18.283188999734154
27000, 18.41602562986922
28000, 18.79827119710746
29000, 19.064364662899205
30000, 18.390214789392754
31000, 18.232525880963394
32000, 18.253766734567417
33000, 18.48039501742319
34000, 18.370492644455673
35000, 18.59704277566732
36000, 18.354154842977653
37000, 18.171406109599772
38000, 18.356878819668665
39000, 18.040925696870435
40000, 17.95201938501627
41000, 17.963852593472257
42000, 17.84656829757475
43000, 17.41048534648015
44000, 17.391089672588087
45000, 17.569860557215588
46000, 17.398275776639476
47000, 17.708754896942924
48000, 17.78482499211055
49000, 17.919960937457425
50000, 18.01388353465182
51000, 18.523633552842703
52000, 18.46889276594566
53000, 18.606450494385005
54000, 18.16108476936331
55000, 18.5324040534411
56000, 18.40652058374966
57000, 18.420776313717074
58000, 18.495945501649814
59000, 18.506755523321747
60000, 18.48512915832616
61000, 18.246232487831563
62000, 18.2414363469547
63000, 18.373894524569362
64000, 18.240751081027337
65000, 18.61786776191087
66000, 18.691575642518742
67000, 18.27977023925629
68000, 18.334393908717026
69000, 18.143869488066763
70000, 18.233897005303064
71000, 18.326210737629317
72000, 18.325528641760926
73000, 18.061007723823163
74000, 18.141113527013715
75000, 18.101104938649463
76000, 18.097651781377603
77000, 17.904608345339476
78000, 18.131464364468744
79000, 18.27087846820727
80000, 17.79185206773033
81000, 17.87316424139833
82000, 17.944358444926362
83000, 17.75880063517804
84000, 17.87316424139833
85000, 18.283188999734154
86000, 17.620300791984228
87000, 17.61249556422939
88000, 17.803089619501442
89000, 17.69463195435271
90000, 17.509997144488633
91000, 17.298121285272572
92000, 17.25977983637103
93000, 17.28221629305686
94000, 16.98528775146303
95000, 16.888605626279514
96000, 16.76007159889241
97000, 16.833745869532425
98000, 16.780941570722426
99000, 16.47801565723252
100000, 15.98671323318211
