1, 57.23635208501674
2, 57.23635208501674
3, 56.40372328135794
4, 55.94032534764166
5, 55.74280222593766
6, 55.526390122175236
7, 54.8532587910691
8, 54.731709273509814
9, 54.593223022642654
10, 54.445936487491885
15, 53.7207594883021
20, 52.608554437467674
25, 52.3474927766364
30, 50.964693661396616
35, 49.88366466088874
40, 48.79979508153697
45, 48.33466664827637
50, 47.52662411743548
55, 47.67955536705434
60, 47.15273056780487
65, 47.43985666082898
70, 46.302267763037264
75, 45.63288288065964
80, 45.8974944849934
85, 45.471529554216666
90, 44.86490833602583
95, 44.46054430615982
100, 43.17313979779557
150, 40.01624670055901
200, 37.721876941636935
250, 36.24058498424108
300, 35.061374759127744
350, 36.130596452314485
400, 36.19088282979568
450, 37.44889851517665
500, 35.70938252056454
550, 37.77750653497396
600, 36.823633715319296
650, 35.83824772502138
700, 36.662514916464744
750, 35.50492923524845
800, 35.05452895133523
850, 34.59277381188158
900, 34.265434478494505
950, 33.888641164850505
1000, 34.182744184749126
1250, 29.809394492340832
1500, 28.34466440090621
1750, 28.982408457545414
2000, 27.89372689333571
2250, 26.667583317578664
2500, 26.99333251008478
2750, 27.07655812691118
3000, 26.409467999185445
3250, 27.248853186877426
3500, 25.778285435614215
3750, 25.725085033873064
4000, 24.812093825390875
4250, 23.940342520523803
4500, 24.701416963405155
4750, 24.389751946258084
5000, 23.544850817110735
5250, 23.36107874221565
5500, 25.358627723124133
5750, 24.71113109511582
6000, 24.509997960016236
6250, 23.731835158706122
6500, 23.482759633399137
6750, 22.691408065609327
7000, 24.40327846827143
7250, 24.35487630845207
7500, 24.26767397176746
7750, 24.46630335788388
8000, 24.077375272234306
8250, 23.67741539948987
8500, 23.154265265820897
8750, 23.544001359157285
9000, 22.395535269334378
9250, 22.08800579500105
9500, 22.384816282471473
9750, 22.239154660193357
10000, 22.64243803127216
11000, 22.18963722100927
12000, 21.47137629496535
13000, 20.155396299750596
14000, 19.09607289470796
15000, 19.542261895696722
16000, 17.847128620593285
17000, 16.851112722903494
18000, 17.20058138552299
19000, 15.651836952894698
20000, 15.829087149927503
21000, 15.36424420529692
22000, 14.984658821608186
23000, 14.245701105947717
24000, 13.460312032044428
25000, 13.313902508280583
26000, 14.523773614319387
27000, 14.066982618884548
28000, 13.893883546366725
29000, 12.928263611173776
30000, 12.457929201917949
31000, 12.120231020900551
32000, 11.605171261123207
33000, 12.097107092193571
34000, 11.438531374263045
35000, 11.22675376054895
36000, 11.278297743897348
37000, 10.862780491200215
38000, 10.707007051459339
39000, 10.82497113160123
40000, 10.898623766329399
41000, 10.328601066940285
42000, 10.197058399362044
43000, 9.92874614440313
44000, 10.028958071504736
45000, 9.88736567544662
46000, 9.406380813043878
47000, 9.375499986667378
48000, 9.381897462667133
49000, 9.761147473529943
50000, 9.414881836751857
51000, 9.711848433743187
52000, 9.577055915050304
53000, 9.250945897582582
54000, 9.289779329994873
55000, 8.734987120768983
56000, 8.752142594816426
57000, 8.629020801921849
58000, 8.610458756651704
59000, 8.616263691415206
60000, 8.608135686662937
61000, 8.117881497040962
62000, 7.644605941446557
63000, 7.814089838234521
64000, 7.73692445355388
65000, 7.725283166331186
66000, 7.687652437513028
67000, 7.688953114696434
68000, 7.547184905645283
69000, 7.535250493513803
70000, 7.209715667070373
71000, 7.134423592694787
72000, 7.229107828771127
73000, 6.889121859859935
74000, 7.248448109768049
75000, 6.62872536767062
76000, 6.8934751758456345
77000, 7.014271166700073
78000, 6.884765791223402
79000, 6.610597552415364
80000, 6.817624219623724
81000, 6.871681017043792
82000, 6.730527468185536
83000, 6.652818951391959
84000, 6.601514977639602
85000, 6.42339474110069
86000, 6.404685784642366
87000, 6.841052550594828
88000, 7.079548008171143
89000, 7.227724399837061
90000, 7.00713921654194
91000, 6.994283380018285
92000, 6.690291473471092
93000, 6.736467917239716
94000, 6.6392770690791325
95000, 6.519202405202649
96000, 6.646803743153547
97000, 6.928203230275509
98000, 6.500769185258003
99000, 6.619667665374147
100000, 6.385922016435841
