1, 80.59439895462428
2, 80.30032912225738
3, 79.7711011045264
4, 78.98155299996141
5, 78.20787318787943
6, 77.67873398997769
7, 77.36453598756621
8, 76.73954093462602
9, 76.1202056899856
10, 76.11222916569602
15, 74.35628516041629
20, 72.14746802804062
25, 70.50329272959019
30, 66.75509611365156
35, 64.88682454859384
40, 64.82041124742818
45, 64.16941861754933
50, 63.733821476512766
55, 62.0848497737457
60, 61.83272365249419
65, 61.53303410132062
70, 61.13568048669638
75, 59.54769996757702
80, 58.12867499903002
85, 57.50850868722446
90, 56.91974299711079
95, 56.66719887705257
100, 55.76763013997073
150, 46.488093713797916
200, 42.38429628327656
250, 39.249385800471906
300, 37.22364839722189
350, 33.310015653811135
400, 31.829905075932242
450, 28.997536841206752
500, 26.986504563789445
550, 27.330778045482507
600, 26.157216977346806
650, 25.473515658424535
700, 23.965451323579472
750, 23.46212753719126
800, 22.11463639441406
850, 21.689365399397268
900, 21.0234562878161
950, 20.623841958831463
1000, 19.85375099499912
1250, 18.16668851025336
1500, 16.85145182384677
1750, 16.774981371077583
2000, 15.963350883463391
2250, 14.665800840244431
2500, 14.08139603468755
2750, 13.897584579446068
3000, 12.798995496299142
3250, 12.654191852053273
3500, 12.726238362420487
3750, 12.21416040035967
4000, 12.200117095456795
4250, 11.945710527214361
4500, 11.521408644035551
4750, 11.320020191804304
5000, 11.332633031584999
5250, 11.494097864307825
5500, 11.65884091273963
5750, 11.307393283031367
6000, 11.144505372604026
6250, 11.242775458044157
6500, 10.825894882179487
6750, 10.601886624558858
7000, 10.543786254065878
7250, 10.85225453863982
7500, 10.397801965525488
7750, 10.285912696499032
8000, 10.140442368485283
8250, 10.172792845905901
8500, 9.943411314605695
8750, 9.82634941660141
9000, 9.81616742202082
9250, 9.504885961591393
9500, 9.178390770873571
9750, 8.992059989632123
10000, 8.521401628504885
11000, 8.849535903892685
12000, 8.37172110654161
13000, 7.897558393036963
14000, 7.864931204857602
15000, 7.232861516321581
16000, 7.391114356345153
17000, 6.937475868683899
18000, 6.548718522406829
19000, 6.356099432828281
20000, 6.29058253037257
21000, 6.113217530190512
22000, 5.930550444219202
23000, 5.929345904662913
24000, 5.980922050271896
25000, 5.874886017131372
26000, 6.0862843462047636
27000, 5.826049874731347
28000, 5.709640969448079
29000, 5.707138387268051
30000, 5.518799041199349
31000, 5.739586844264763
32000, 5.545912265546837
33000, 5.581858369498716
34000, 5.366563145999495
35000, 5.431390245600108
36000, 5.468089245796926
37000, 5.48243949872161
38000, 5.381184150086564
39000, 5.309021970731925
40000, 5.2671488627963745
41000, 5.385164807134504
42000, 5.361236531142526
43000, 5.248128918277175
44000, 5.151976042535247
45000, 5.1796304335899706
46000, 4.975655017898935
47000, 5.0
48000, 4.749436056748512
49000, 4.872664275615255
50000, 4.810702354423639
51000, 5.0142653642240695
52000, 4.859453232029887
53000, 5.145039219620058
54000, 5.066697994890614
55000, 5.0990195135927845
56000, 5.00428387912368
57000, 4.670576593343236
58000, 4.607447387499008
59000, 4.604345773288535
60000, 4.511889056386788
61000, 4.80029760982141
62000, 4.758451128556134
63000, 4.669047011971501
64000, 4.602794182419445
65000, 4.6089974118952535
66000, 4.729844455310192
67000, 4.491261356392942
68000, 4.711687595755898
69000, 4.794341903297499
70000, 4.5261147009012355
71000, 4.532422877761644
72000, 4.5934736311423405
73000, 4.462542516804262
74000, 4.661391576404135
75000, 4.468940430507949
76000, 4.612095897900278
77000, 4.758451128556134
78000, 4.670576593343236
79000, 4.6012420683363935
80000, 4.69041575982343
81000, 4.551294949163998
82000, 4.420730385678044
83000, 4.370354676682432
84000, 4.322697570466188
85000, 4.365448757818932
86000, 4.43846820423443
87000, 4.38341028359036
88000, 4.42557502317092
89000, 4.481708857758867
90000, 4.44007721940573
91000, 4.36871998252512
92000, 4.571651780264984
93000, 4.342481186734475
94000, 4.420730385678044
95000, 4.489670684709833
96000, 4.486487649439306
97000, 4.452928410447605
98000, 4.436858605558023
99000, 4.530846656925329
100000, 4.396427120807466
