1, 13.939870874581299
2, 13.731715115017497
3, 13.078226179417452
4, 12.690153663372245
5, 12.601587201618692
6, 12.601587201618692
7, 12.056533498481228
8, 12.003332870498927
9, 11.196428001822724
10, 11.46821694946516
15, 10.41537325303323
20, 9.042123644365853
25, 8.323460818673924
30, 8.16333265278342
35, 8.475848040166836
40, 7.889233169326408
45, 7.8587530817554
50, 7.30479294709987
55, 7.008566187174092
60, 7.0823724838503095
65, 6.663332499583072
70, 5.824087911424415
75, 5.440588203494177
80, 5.477225575051661
85, 5.706137047074843
90, 5.344155686354955
95, 5.2839379254491625
100, 5.359104402789705
150, 4.13763217311544
200, 3.6221540552549665
250, 3.5552777669262356
300, 2.349468024894146
350, 1.5231546211727816
400, 1.697056274847714
450, 1.697056274847714
500, 1.7663521732655694
550, 1.5748015748023623
600, 1.5491933384829668
650, 1.5491933384829668
700, 1.5491933384829668
750, 1.469693845669907
800, 1.3266499161421599
850, 1.296148139681572
900, 1.2649110640673518
950, 1.0954451150103321
1000, 1.0954451150103321
1250, 0.6324555320336759
1500, 0.565685424949238
1750, 0.282842712474619
2000, 0.282842712474619
2250, 0.282842712474619
2500, 0.282842712474619
2750, 0.282842712474619
3000, 0.0
3250, 0.0
3500, 0.0
3750, 0.0
4000, 0.0
4250, 0.0
4500, 0.0
4750, 0.0
5000, 0.0
5250, 0.0
5500, 0.0
5750, 0.0
6000, 0.0
6250, 0.0
6500, 0.0
6750, 0.0
7000, 0.0
7250, 0.0
7500, 0.0
7750, 0.0
8000, 0.0
8250, 0.0
8500, 0.0
8750, 0.0
9000, 0.0
9250, 0.0
9500, 0.0
9750, 0.0
10000, 0.0
11000, 0.0
12000, 0.0
13000, 0.0
14000, 0.0
15000, 0.0
16000, 0.0
17000, 0.0
18000, 0.0
19000, 0.0
20000, 0.0
21000, 0.0
22000, 0.0
23000, 0.0
24000, 0.0
25000, 0.0
26000, 0.0
27000, 0.0
28000, 0.0
29000, 0.0
30000, 0.0
31000, 0.0
32000, 0.0
33000, 0.0
34000, 0.0
35000, 0.0
36000, 0.0
37000, 0.0
38000, 0.0
39000, 0.0
40000, 0.0
41000, 0.0
42000, 0.0
43000, 0.0
44000, 0.0
45000, 0.0
46000, 0.0
47000, 0.0
48000, 0.0
49000, 0.0
50000, 0.0
51000, 0.0
52000, 0.0
53000, 0.0
54000, 0.0
55000, 0.0
56000, 0.0
57000, 0.0
58000, 0.0
59000, 0.0
60000, 0.0
61000, 0.0
62000, 0.0
63000, 0.0
64000, 0.0
65000, 0.0
66000, 0.0
67000, 0.0
68000, 0.0
69000, 0.0
70000, 0.0
71000, 0.0
72000, 0.0
73000, 0.0
74000, 0.0
75000, 0.0
76000, 0.0
77000, 0.0
78000, 0.0
79000, 0.0
80000, 0.0
81000, 0.0
82000, 0.0
83000, 0.0
84000, 0.0
85000, 0.0
86000, 0.0
87000, 0.0
88000, 0.0
89000, 0.0
90000, 0.0
91000, 0.0
92000, 0.0
93000, 0.0
94000, 0.0
95000, 0.0
96000, 0.0
97000, 0.0
98000, 0.0
99000, 0.0
100000, 0.0
