17.158088471621774
17.06876847176905
17.294094780754335
16.20934474748616
15.982132881082281
15.928411274018691
15.751643905138465
15.209959143365808
15.471633028592313
15.794212321516476
16.300744943538184
16.18464881123026
16.26653005407115
16.119198845742037
16.120085075989607
16.337511613286942
15.96782479148079
15.828545642062544
16.107673415398725
16.206700554312185
16.15991513414774
15.601281998605115
15.446682491719702
15.270887335056859
14.6443553240538
14.810228125955966
14.97426363560397
15.324117313195282
15.165750888103101
14.415269681833914
15.142183273415835
14.867990545367684
14.350709290584112
14.707626787292561
14.602348147766216
14.731889608212906
15.151614718287572
15.121413388210206
15.001904640982852
15.161982531506698
14.930314320679445
14.268847185389575
14.346726854184247
14.45584409750702
14.349713785099887
14.561200892391103
