1, 74.18894796396563
2, 73.64509488078619
3, 73.43128656202236
4, 72.87491918454418
5, 72.03727667513002
6, 71.5282623002426
7, 70.93778422511681
8, 70.38782674473018
9, 69.59476107603768
10, 69.52199430617402
15, 68.66070424698765
20, 67.13969363601879
25, 64.86696444973417
30, 62.587661600473496
35, 60.45850452360502
40, 60.359691083473145
45, 58.807901091343425
50, 57.471866026912544
55, 55.515902087738645
60, 54.74500328445861
65, 53.773599470372076
70, 53.185596662138636
75, 52.17146287446365
80, 51.17225810925291
85, 51.66549212891596
90, 51.656260325049
95, 50.83623783211221
100, 51.27002423068849
150, 43.814117851178096
200, 40.86431582312749
250, 38.67119778933074
300, 34.39096482418691
350, 32.01345870819863
400, 29.824357624135136
450, 28.289981918040827
500, 26.419689627245813
550, 25.611295584926225
600, 24.656096141179304
650, 23.060122089209127
700, 22.195287095029187
750, 21.51850724019103
800, 20.8643973534602
850, 20.263646873536477
900, 20.008844198350044
950, 19.993845206809173
1000, 19.66488475195551
1250, 19.946081165135016
1500, 18.139629374553216
1750, 15.63870937031668
2000, 15.12867882787268
2250, 14.09364286587287
2500, 12.600366295042013
2750, 12.000641008520528
3000, 11.41591331970758
3250, 10.886123842198945
3500, 11.269427669584644
3750, 11.242091237159364
4000, 11.445523142259598
4250, 11.365941025036836
4500, 11.359171150694458
4750, 11.114093616803707
5000, 11.003495947966858
5250, 10.584458853940962
5500, 10.01767668443368
5750, 9.980750703999405
6000, 10.039920318408907
6250, 9.748372645255682
6500, 9.796388659563828
6750, 9.436426963960132
7000, 9.55550586351619
7250, 9.3356224299104
7500, 9.714382675663481
7750, 8.957163012403493
8000, 8.97175053667386
8250, 8.602325267042627
8500, 8.989737738965726
8750, 8.553002171977168
9000, 8.395053488627877
9250, 8.254602445815397
9500, 7.897419247401696
9750, 7.856403561622641
10000, 7.764812147908518
11000, 7.447250396054805
12000, 7.303318529166145
13000, 7.021943627493196
14000, 7.280109889280518
15000, 6.954799117820066
16000, 6.790264524132496
17000, 7.1446591133625015
18000, 6.415126355251793
19000, 6.413927154128081
20000, 6.249923076449698
21000, 6.224022938458818
22000, 6.075170146398561
23000, 6.318471090626032
24000, 6.149421486236296
25000, 5.947203609195734
26000, 5.789911650714277
27000, 5.5843187037109
28000, 5.783264981492189
29000, 5.607687031758624
30000, 5.465978693420152
31000, 5.422176684690384
32000, 5.429265427009724
33000, 5.740544064271796
34000, 5.666364999511796
35000, 5.611800753083425
36000, 5.433514233263489
37000, 5.600824115184369
38000, 5.5275533605607245
39000, 5.36226129108291
40000, 5.388020901107311
41000, 5.22714806783555
42000, 4.9567358986767465
43000, 4.928722724226602
44000, 4.6969712008419275
45000, 4.65088907960287
46000, 4.675632413004519
47000, 4.602674807610829
48000, 4.700245492770319
49000, 4.4995726292786795
50000, 4.25712073155988
51000, 4.5353313847205
52000, 4.1768593280303135
53000, 4.2948985839195135
54000, 4.1952353926806065
55000, 4.222649551024715
56000, 4.219004621945797
57000, 4.0818547820247675
58000, 4.0743097574926725
59000, 4.219004621945797
60000, 4.477293138287223
61000, 4.612691521977497
62000, 4.562388038668414
63000, 4.240827205229587
64000, 4.019184762342502
65000, 4.057282152074029
66000, 4.0743097574926725
67000, 4.160251471689218
68000, 4.064858782673381
69000, 4.323460152737352
70000, 4.217180976033087
71000, 4.267948525390696
72000, 4.325238988505989
73000, 4.239012947518652
74000, 4.123105625617661
75000, 4.1860574438338665
76000, 4.278748918514886
77000, 4.293107176715861
78000, 4.2895221179054435
79000, 4.152848883134786
80000, 4.327017092995696
81000, 4.264342315599838
82000, 3.9477354755119274
83000, 4.068641807021866
84000, 4.095025124371127
85000, 3.8450767722654624
86000, 3.8848819405881168
87000, 3.839070400300252
88000, 3.839070400300252
89000, 3.9496835316262997
90000, 3.712763847138057
91000, 3.849075813151076
92000, 3.7251742344383136
93000, 3.6458617215012
94000, 3.704467157780849
95000, 3.6961518450326767
96000, 3.6982324260277473
97000, 3.745766841485096
98000, 3.8350609262034294
99000, 3.7866161065602544
100000, 3.6140750492399105
