1, 13.70255450636851
2, 13.145341380123988
3, 12.293087488503447
4, 11.610340218959994
5, 10.571660229122008
6, 10.526157893552615
7, 10.514751542475933
8, 10.491901638883201
9, 10.488088481701515
10, 10.488088481701515
15, 9.57078889120432
20, 9.566608594481119
25, 8.44748483277715
30, 7.8179281142768255
35, 7.807688518377254
40, 7.807688518377254
45, 6.858571279792899
50, 6.864400920692205
55, 6.858571279792899
60, 6.864400920692205
65, 6.864400920692205
70, 6.864400920692205
75, 6.864400920692205
80, 6.864400920692205
85, 6.170899448216605
90, 6.157921727336261
95, 6.157921727336261
100, 6.157921727336261
150, 6.131883886702357
200, 6.092618484691126
250, 6.053098380168622
300, 6.06630035524124
350, 6.06630035524124
400, 6.06630035524124
450, 6.053098380168622
500, 5.939696961966999
550, 5.291502622129181
600, 5.2839379254491625
650, 5.2839379254491625
700, 5.192301994298868
750, 5.192301994298868
800, 5.192301994298868
850, 4.48998886412873
900, 4.48998886412873
950, 4.48998886412873
1000, 4.48998886412873
1250, 4.079215610874228
1500, 4.079215610874228
1750, 4.13763217311544
2000, 4.13763217311544
2250, 4.252058325093859
2500, 4.069397989875161
2750, 4.069397989875161
3000, 4.069397989875161
3250, 3.9089640571384128
3500, 3.9089640571384128
3750, 4.019950248448356
4000, 4.009987531152684
4250, 3.7841775856849003
4500, 3.7841775856849003
4750, 3.9698866482558417
5000, 3.939543120718442
5250, 3.939543120718442
5500, 4.039801975344831
5750, 3.9293765408777
6000, 4.009987531152684
6250, 4.009987531152684
6500, 4.1182520563948
6750, 4.089009660052175
7000, 4.089009660052175
7250, 4.089009660052175
7500, 4.039801975344831
7750, 4.039801975344831
8000, 4.049691346263317
8250, 4.049691346263317
8500, 4.049691346263317
8750, 4.049691346263317
9000, 4.223742416388575
9250, 4.019950248448356
9500, 4.079215610874228
9750, 3.8052595180880897
10000, 3.9293765408777
11000, 3.6221540552549665
12000, 3.0066592756745814
13000, 3.111269837220809
14000, 3.2984845004941286
15000, 3.370459909270543
16000, 3.2619012860600183
17000, 3.1368774282716245
18000, 3.1368774282716245
19000, 2.9664793948382653
20000, 2.1166010488516727
21000, 2.6981475126464085
22000, 2.513961017995307
23000, 2.9664793948382653
24000, 2.95296461204668
25000, 2.7129319932501073
26000, 2.925747767665559
27000, 2.925747767665559
28000, 3.3226495451672298
29000, 3.4525353003264136
30000, 3.3226495451672298
31000, 3.0983866769659336
32000, 3.0983866769659336
33000, 3.237282811247729
34000, 3.0983866769659336
35000, 3.111269837220809
36000, 2.95296461204668
37000, 3.1240998703626617
38000, 3.046309242345563
39000, 3.1622776601683795
40000, 3.370459909270543
41000, 3.2
42000, 3.249615361854384
43000, 2.9664793948382653
44000, 2.85657137141714
45000, 3.046309242345563
46000, 2.9664793948382653
47000, 2.8284271247461903
48000, 2.870540018881465
49000, 2.9933259094191533
50000, 3.334666400106613
51000, 3.1622776601683795
52000, 3.0983866769659336
53000, 3.1622776601683795
54000, 3.1622776601683795
55000, 3.0854497241083023
56000, 3.03315017762062
57000, 2.979932885150268
58000, 2.979932885150268
59000, 2.9933259094191533
60000, 2.9933259094191533
61000, 2.9120439557122073
62000, 2.8844410203711917
63000, 2.85657137141714
64000, 2.85657137141714
65000, 2.814249455894058
66000, 2.8
67000, 2.6532998322843198
68000, 2.842534080710379
69000, 2.870540018881465
70000, 2.85657137141714
71000, 2.85657137141714
72000, 2.85657137141714
73000, 2.8
74000, 2.8
75000, 2.6832815729997477
76000, 2.6532998322843198
77000, 2.6532998322843198
78000, 2.6532998322843198
79000, 2.6532998322843198
80000, 2.6683328128252666
81000, 2.727636339397171
82000, 2.727636339397171
83000, 2.727636339397171
84000, 2.727636339397171
85000, 2.6683328128252666
86000, 2.842534080710379
87000, 2.6683328128252666
88000, 2.6683328128252666
89000, 2.6683328128252666
90000, 2.6683328128252666
91000, 2.7712812921102037
92000, 2.898275349237888
93000, 2.842534080710379
94000, 2.727636339397171
95000, 2.727636339397171
96000, 2.6381811916545836
97000, 2.6229754097208002
98000, 2.6381811916545836
99000, 2.3832750575625967
100000, 2.3832750575625967
