1, 57.01841807696878
2, 56.16262102145875
3, 55.51126011900649
4, 54.6695527693432
5, 53.76151039544927
6, 52.92900905930509
7, 52.923907641065206
8, 52.923907641065206
9, 52.921451227267
10, 52.18083939531828
15, 51.337121072378025
20, 49.753793825194876
25, 48.12940888895271
30, 47.22329933412107
35, 46.40193961463249
40, 46.39353403223342
45, 45.92297899744746
50, 45.92058361998462
55, 45.9208013867354
60, 45.91252552408765
65, 44.32493654817794
70, 42.70081966426405
75, 41.76840911502376
80, 41.767451442480905
85, 41.76625432092277
90, 41.74901196435671
95, 41.74757477985997
100, 40.85241730913852
150, 40.05271526376208
200, 39.2364626336269
250, 39.22448215082004
300, 37.93995255663876
350, 36.43569678213935
400, 36.43624569024641
450, 36.43103072931097
500, 36.46642291204335
550, 36.44694774600474
600, 35.08845964131227
650, 34.221046155838074
700, 34.22133837242489
750, 34.18040374249549
800, 34.10630440255878
850, 33.370645783382734
900, 33.33826630165402
950, 33.05722311386726
1000, 33.04542328371661
1250, 31.42483094624377
1500, 31.16376100537289
1750, 31.0419071579051
2000, 30.079893616833154
2250, 29.38060584807604
2500, 29.37788283726382
2750, 28.008927148321835
3000, 27.061781168282327
3250, 27.08874304946614
3500, 27.259860601257667
3750, 26.52960610337063
4000, 26.061082095722732
4250, 25.21071200898539
4500, 25.091034255287283
4750, 24.995199539111503
5000, 25.171015076869665
5250, 24.31953946932384
5500, 24.28250398949828
5750, 23.865875219652015
6000, 24.057846952709628
6250, 23.924464466315648
6500, 24.447903795622235
6750, 24.447903795622235
7000, 24.447903795622235
7250, 24.119701490690137
7500, 23.78192591023696
7750, 23.794116919944727
8000, 23.789913829183998
8250, 23.78655082184048
8500, 23.653329575347314
8750, 23.653329575347314
9000, 23.7768795261279
9250, 23.666854459348837
9500, 23.35636958090876
9750, 23.283470531688355
10000, 22.8814335215257
11000, 20.971409108593537
12000, 21.075103795711186
13000, 20.464114933219076
14000, 20.147952749597167
15000, 19.45199218589191
16000, 19.561186058110074
17000, 19.126421515798505
18000, 19.254609837646672
19000, 18.82338970536391
20000, 18.686358660798525
21000, 18.217573932881404
22000, 18.21153480627045
23000, 19.063577838380706
24000, 18.91613068256825
25000, 18.371173070873837
26000, 18.560711193270585
27000, 19.000526308499982
28000, 19.21041384249699
29000, 19.092406867652908
30000, 19.025771994849514
31000, 19.037857022259622
32000, 18.866902236456305
33000, 18.465102220134064
34000, 19.77978766316767
35000, 19.928371734790577
36000, 20.06688814938679
37000, 19.9514410507111
38000, 20.348464315520225
39000, 20.57765778702717
40000, 20.537283169883985
41000, 20.694443698732275
42000, 20.307634032550418
43000, 20.405881505095532
44000, 20.226220605936245
45000, 20.140009930484144
46000, 20.22473732833136
47000, 20.264747716169577
48000, 20.877739341221787
49000, 20.564046294443123
50000, 20.49634113689563
51000, 20.8269056751117
52000, 20.487069092478798
53000, 20.46802384208109
54000, 20.560642013322443
55000, 20.477304510115584
56000, 20.38381711063951
57000, 20.309603639657766
58000, 20.244505427399307
59000, 20.275107891204918
60000, 20.177710474679728
61000, 20.104725812604357
62000, 20.058913230780973
63000, 19.979989989987484
64000, 19.81615502563502
65000, 19.703806738800502
66000, 19.73068675946177
67000, 19.587240744933933
68000, 19.43347627162984
69000, 19.36646586241279
70000, 19.64586470481765
71000, 19.777765293379332
72000, 19.93589727100338
73000, 19.99199839935968
74000, 20.0049993751562
75000, 20.11566553708825
76000, 20.19356333092305
77000, 20.374984662570913
78000, 20.243517480912253
79000, 20.153411621856982
80000, 20.07436175822285
81000, 19.806564568344506
82000, 19.737781030298212
83000, 19.71598336375845
84000, 19.38452991434149
85000, 19.277966697761464
86000, 19.323043238579164
87000, 19.218220521161683
88000, 18.856829001717124
89000, 18.91983086605163
90000, 18.553166845581917
91000, 18.598387026836495
92000, 18.586554279908903
93000, 18.395108045347275
94000, 18.154338324488723
95000, 18.22909761891685
96000, 18.080929179663308
97000, 17.87568180517879
98000, 17.812355262569852
99000, 17.806740296865115
100000, 18.01055246237605
