1, 57.095533975959974
2, 56.55457541172067
3, 55.81290173427646
4, 55.247262375614596
5, 54.53402607546962
6, 54.41121207986457
7, 53.67327081518323
8, 52.803977122940275
9, 52.55625557438429
10, 52.26547617691816
15, 49.416596402423345
20, 47.88277352033819
25, 45.5205448122054
30, 42.89848482172768
35, 41.94162610104668
40, 41.21698678942943
45, 39.984747091859916
50, 40.15420276882608
55, 39.10319680026174
60, 36.509450831257375
65, 35.491407410808606
70, 34.139712945483296
75, 33.243646009425625
80, 32.178253526255894
85, 31.325069832324395
90, 31.324750597570606
95, 29.84660784745898
100, 29.7462602691498
150, 25.167836617397214
200, 21.984540022479433
250, 21.516970046918782
300, 20.243517480912253
350, 17.959398653629805
400, 16.48939052845799
450, 14.450605523645022
500, 14.052757736472937
550, 13.253678734600443
600, 13.272528018429647
650, 12.997692102831179
700, 12.929037087115189
750, 12.807810117268291
800, 12.363656417096037
850, 12.588883985484971
900, 12.452309022827855
950, 12.07393887677091
1000, 12.051555916146263
1250, 11.437657102746174
1500, 10.404806581575652
1750, 10.00499875062461
2000, 9.720082304178293
2250, 9.658157174119708
2500, 9.339164844888433
2750, 9.158602513484249
3000, 8.678709581498852
3250, 8.940917178902845
3500, 8.954328562209453
3750, 8.814760348415605
4000, 8.42852300228219
4250, 8.038656604184558
4500, 8.073413156775764
4750, 7.515317691222374
5000, 7.159608927867499
5250, 6.99571297295708
5500, 6.833739825307955
5750, 6.763135367564367
6000, 6.432728814430156
6250, 6.081118318204308
6500, 5.938013135721409
6750, 5.8275209137333865
7000, 5.685068161420758
7250, 5.948108943185221
7500, 5.665686189686118
7750, 5.605354582896608
8000, 5.126402247190518
8250, 5.372150407425317
8500, 5.678027826631356
8750, 5.75325994545701
9000, 5.868560300448483
9250, 5.761944116355173
9500, 5.62316636780382
9750, 5.573149917237109
10000, 5.477225575051661
11000, 5.24785670536077
12000, 4.882622246293481
13000, 5.143928459844674
14000, 5.063595560468865
15000, 5.065570056765576
16000, 5.0517323761260355
17000, 4.983974317750845
18000, 5.138093031466052
19000, 4.7812132351527685
20000, 4.698936049788292
21000, 4.8166378315169185
22000, 4.340506882842141
23000, 4.24735211631906
24000, 4.113392760240627
25000, 3.9698866482558417
26000, 3.9293765408777
27000, 3.906404996924922
28000, 3.878143885933063
29000, 3.5860842154082215
30000, 3.5693136595149495
31000, 3.4899856733230297
32000, 3.3256578296631782
33000, 3.117691453623979
34000, 3.3166247903554
35000, 3.104834939252005
36000, 3.1874754901018454
37000, 3.2093613071762426
38000, 3.111269837220809
39000, 3.120897306865447
40000, 3.03315017762062
41000, 3.03315017762062
42000, 2.939387691339814
43000, 3.069201850644561
44000, 3.043024810940588
45000, 3.059411708155671
46000, 3.0199337741082997
47000, 3.0495901363953815
48000, 3.1496031496047245
49000, 3.046309242345563
50000, 2.8460498941515415
51000, 2.7748873851023217
52000, 2.753179979587241
53000, 2.7313000567495327
54000, 2.86705423736629
55000, 2.6795522013948525
56000, 2.596150997149434
57000, 2.541653005427767
58000, 2.596150997149434
59000, 2.4738633753705965
60000, 2.5768197453450252
61000, 2.5019992006393608
62000, 2.4289915602982237
63000, 2.5179356624028344
64000, 2.6115129714401193
65000, 2.5768197453450252
66000, 2.5298221281347035
67000, 2.4617067250182343
68000, 2.5337718918639855
69000, 2.5059928172283334
70000, 2.3958297101421877
71000, 2.5019992006393608
72000, 2.4819347291981715
73000, 2.5099800796022267
74000, 2.493992782667985
75000, 2.5337718918639855
76000, 2.5059928172283334
77000, 2.541653005427767
78000, 2.345207879911715
79000, 2.5059928172283334
80000, 2.6267851073127395
81000, 2.4124676163629637
82000, 2.3323807579381204
83000, 2.244994432064365
84000, 2.345207879911715
85000, 2.280350850198276
86000, 2.23606797749979
87000, 2.1118712081942874
88000, 2.1118712081942874
89000, 2.3194827009486403
90000, 2.253885533916929
91000, 2.2045407685048604
92000, 2.2045407685048604
93000, 2.244994432064365
94000, 2.009975124224178
95000, 2.0149441679609885
96000, 1.9235384061671346
97000, 1.9339079605813716
98000, 1.8275666882497066
99000, 1.7663521732655694
100000, 1.9235384061671346
