1, 11.0
2, 10.770329614269007
3, 10.295630140987
4, 9.50789145920377
5, 9.486832980505138
6, 9.486832980505138
7, 8.538149682454625
8, 8.179242018671413
9, 8.049844718999243
10, 7.259476565152615
15, 5.486346689738081
20, 5.1478150704935
25, 5.10881590977792
30, 4.301162633521313
35, 3.6606010435446255
40, 3.7013511046643495
45, 3.714835124201342
50, 3.714835124201342
55, 3.3763886032268267
60, 3.3763886032268267
65, 3.3466401061363023
70, 3.3763886032268267
75, 2.8460498941515415
80, 2.8460498941515415
85, 2.8106938645110393
90, 2.8106938645110393
95, 2.8106938645110393
100, 2.792848008753788
150, 2.3021728866442674
200, 2.3874672772626644
250, 2.3874672772626644
300, 2.3021728866442674
350, 1.9748417658131499
400, 1.9748417658131499
450, 1.9748417658131499
500, 1.9748417658131499
550, 1.9748417658131499
600, 1.9748417658131499
650, 1.224744871391589
700, 1.224744871391589
750, 1.3038404810405297
800, 1.2649110640673518
850, 1.2649110640673518
900, 1.140175425099138
950, 1.0488088481701516
1000, 1.0488088481701516
1250, 1.0488088481701516
1500, 0.8944271909999159
1750, 0.8944271909999159
2000, 0.9486832980505138
2250, 0.9486832980505138
2500, 0.9486832980505138
2750, 0.6324555320336759
3000, 0.6324555320336759
3250, 0.7071067811865476
3500, 0.7071067811865476
3750, 0.7071067811865476
4000, 0.7071067811865476
4250, 0.7071067811865476
4500, 0.4472135954999579
4750, 0.4472135954999579
5000, 0.4472135954999579
5250, 0.4472135954999579
5500, 0.4472135954999579
5750, 0.31622776601683794
6000, 0.31622776601683794
6250, 0.31622776601683794
6500, 0.31622776601683794
6750, 0.31622776601683794
7000, 0.31622776601683794
7250, 0.31622776601683794
7500, 0.31622776601683794
7750, 0.31622776601683794
8000, 0.31622776601683794
8250, 0.31622776601683794
8500, 0.31622776601683794
8750, 0.31622776601683794
9000, 0.31622776601683794
9250, 0.31622776601683794
9500, 0.31622776601683794
9750, 0.31622776601683794
10000, 0.31622776601683794
11000, 0.4472135954999579
12000, 0.31622776601683794
13000, 0.31622776601683794
14000, 0.31622776601683794
15000, 0.31622776601683794
16000, 0.31622776601683794
17000, 0.31622776601683794
18000, 0.31622776601683794
19000, 0.31622776601683794
20000, 0.31622776601683794
21000, 0.31622776601683794
22000, 0.31622776601683794
23000, 0.31622776601683794
24000, 0.31622776601683794
25000, 0.31622776601683794
26000, 0.31622776601683794
27000, 0.31622776601683794
28000, 0.31622776601683794
29000, 0.31622776601683794
30000, 0.31622776601683794
31000, 0.31622776601683794
32000, 0.31622776601683794
33000, 0.31622776601683794
34000, 0.31622776601683794
35000, 0.31622776601683794
36000, 0.31622776601683794
37000, 0.31622776601683794
38000, 0.31622776601683794
39000, 0.31622776601683794
40000, 0.31622776601683794
41000, 0.31622776601683794
42000, 0.31622776601683794
43000, 0.31622776601683794
44000, 0.31622776601683794
45000, 0.31622776601683794
46000, 0.31622776601683794
47000, 0.31622776601683794
48000, 0.31622776601683794
49000, 0.31622776601683794
50000, 0.31622776601683794
51000, 0.31622776601683794
52000, 0.31622776601683794
53000, 0.31622776601683794
54000, 0.31622776601683794
55000, 0.31622776601683794
56000, 0.31622776601683794
57000, 0.31622776601683794
58000, 0.31622776601683794
59000, 0.31622776601683794
60000, 0.31622776601683794
61000, 0.31622776601683794
62000, 0.31622776601683794
63000, 0.31622776601683794
64000, 0.31622776601683794
65000, 0.31622776601683794
66000, 0.31622776601683794
67000, 0.31622776601683794
68000, 0.31622776601683794
69000, 0.31622776601683794
70000, 0.31622776601683794
71000, 0.31622776601683794
72000, 0.31622776601683794
73000, 0.31622776601683794
74000, 0.31622776601683794
75000, 0.31622776601683794
76000, 0.31622776601683794
77000, 0.31622776601683794
78000, 0.31622776601683794
79000, 0.31622776601683794
80000, 0.31622776601683794
81000, 0.31622776601683794
82000, 0.31622776601683794
83000, 0.31622776601683794
84000, 0.31622776601683794
85000, 0.31622776601683794
86000, 0.31622776601683794
87000, 0.31622776601683794
88000, 0.31622776601683794
89000, 0.31622776601683794
90000, 0.31622776601683794
91000, 0.31622776601683794
92000, 0.31622776601683794
93000, 0.31622776601683794
94000, 0.31622776601683794
95000, 0.31622776601683794
96000, 0.31622776601683794
97000, 0.31622776601683794
98000, 0.31622776601683794
99000, 0.31622776601683794
100000, 0.31622776601683794
