1, 45.385570394124166
2, 45.377858036712134
3, 44.561193879877145
4, 43.85800953075732
5, 43.079867687819096
6, 42.39634418201645
7, 42.373635671252
8, 41.81267750336015
9, 41.798026269191226
10, 41.13392760240627
15, 40.54966091103599
20, 39.03203812254748
25, 37.7915334433521
30, 36.32285781708262
35, 35.246631044682836
40, 34.40930106817051
45, 33.34666400106613
50, 32.35428874198906
55, 32.39405809712639
60, 31.161274043273647
65, 30.33768283834479
70, 29.9833287011299
75, 29.110135691885738
80, 27.819507544167635
85, 27.314373505537336
90, 26.733873643750172
95, 26.27070611917388
100, 26.048992302966347
150, 21.874642854227357
200, 18.903703340880064
250, 15.294606892627218
300, 15.681198933755034
350, 15.00583219951496
400, 13.784955567574384
450, 13.209844813622906
500, 12.953763931769021
550, 12.595634164265013
600, 12.403628501370072
650, 12.847178678604887
700, 12.954728866325222
750, 12.514991010783827
800, 12.393546707863734
850, 12.119199643540822
900, 11.632927404570184
950, 11.748404146946937
1000, 11.680111300839561
1250, 9.794130895592524
1500, 9.087078738516576
1750, 8.42466616549285
2000, 8.014050162059132
2250, 7.341661937191061
2500, 6.998214057886483
2750, 7.171122645722914
3000, 7.309240726641858
3250, 7.237057413065064
3500, 6.826419266350405
3750, 6.616267830129007
4000, 6.786015030929419
4250, 6.393355926272211
4500, 6.371812928829597
4750, 6.455617708631761
5000, 5.770615218501403
5250, 5.663479495857648
5500, 5.76411311478184
5750, 5.727128425310541
6000, 5.759774301133683
6250, 5.676706791793989
6500, 5.830951894845301
6750, 6.058052492344384
7000, 5.543013620766234
7250, 5.354904294196116
7500, 5.403702434442518
7750, 5.145386282875174
8000, 5.029910535983717
8250, 5.081830378908765
8500, 4.764451699828638
8750, 4.33589667773576
9000, 4.350287346831241
9250, 4.516635916254486
9500, 3.9654760117796704
9750, 4.05585995813465
10000, 4.0743097574926725
11000, 3.987480407475377
12000, 4.260281680828158
13000, 3.892300091205713
14000, 4.17432629294836
15000, 3.598610843089316
16000, 3.59513560244951
17000, 3.48209706929603
18000, 3.5846896657869842
19000, 3.3948490393535913
20000, 3.442382895611701
21000, 3.4532593299664014
22000, 3.431471987354698
23000, 3.350373113550191
24000, 3.3874769371908644
25000, 3.1662280397975127
26000, 3.3948490393535913
27000, 3.053686296920494
28000, 3.03315017762062
29000, 3.3166247903554
30000, 3.478505426185217
31000, 3.2132538026119257
32000, 3.4132096331752027
33000, 3.350373113550191
34000, 3.714835124201342
35000, 3.398529093593286
36000, 3.4241787336527865
37000, 3.3948490393535913
38000, 3.3166247903554
39000, 3.391164991562634
40000, 3.4351128074635335
41000, 3.427827300200522
42000, 3.331666249791536
43000, 3.2519225083018197
44000, 3.086259872402193
45000, 3.1264996401726965
46000, 3.1898275815473163
47000, 3.1662280397975127
48000, 3.138470965295043
49000, 3.2365104665364517
50000, 3.1741140496207754
51000, 3.274904578762563
52000, 3.2672618505409083
53000, 3.110466202999158
54000, 3.0413812651491097
55000, 2.9916550603303182
56000, 3.082207001484488
57000, 2.9958304357890486
58000, 2.6786190471957747
59000, 2.588435821108957
60000, 2.444381312316063
61000, 2.7703790354390136
62000, 2.8548204847240397
63000, 2.5149552679918585
64000, 2.434132288927617
65000, 2.5
66000, 2.5495097567963922
67000, 2.55440795488896
68000, 2.622022120425379
69000, 2.4545875417267156
70000, 2.544602129999894
71000, 2.5298221281347035
72000, 2.4289915602982237
73000, 2.3874672772626644
74000, 2.3130067012440754
75000, 1.9937402037376886
76000, 2.1563858652847827
77000, 2.345207879911715
78000, 2.4083189157584592
79000, 2.115419580130618
80000, 2.079663434308542
81000, 2.018662923818635
82000, 2.274862633215465
83000, 2.285825890132492
84000, 2.4545875417267156
85000, 2.3664319132398464
86000, 2.4949949899749297
87000, 2.449489742783178
88000, 2.3717082451262845
89000, 2.329162939770423
90000, 2.355843797877949
91000, 2.355843797877949
92000, 2.329162939770423
93000, 2.4698178070456938
94000, 2.534758371127315
95000, 2.4698178070456938
96000, 2.5199206336708304
97000, 2.3345235059857505
98000, 2.5099800796022267
99000, 2.103568396796263
100000, 2.318404623873926
