1, 10.677078252031311
2, 10.677078252031311
3, 10.677078252031311
4, 10.677078252031311
5, 10.677078252031311
6, 10.677078252031311
7, 10.677078252031311
8, 9.843779761859771
9, 9.843779761859771
10, 9.843779761859771
15, 9.843779761859771
20, 9.843779761859771
25, 9.843779761859771
30, 9.843779761859771
35, 9.843779761859771
40, 9.843779761859771
45, 9.843779761859771
50, 9.033271832508971
55, 9.033271832508971
60, 9.033271832508971
65, 9.033271832508971
70, 9.033271832508971
75, 9.033271832508971
80, 9.033271832508971
85, 9.033271832508971
90, 9.033271832508971
95, 9.033271832508971
100, 9.033271832508971
150, 9.033271832508971
200, 9.033271832508971
250, 9.033271832508971
300, 9.033271832508971
350, 8.342661445845684
400, 8.342661445845684
450, 8.342661445845684
500, 8.342661445845684
550, 8.246211251235321
600, 8.342661445845684
650, 8.246211251235321
700, 8.246211251235321
750, 8.246211251235321
800, 8.342661445845684
850, 8.342661445845684
900, 8.246211251235321
950, 8.342661445845684
1000, 8.246211251235321
1250, 8.246211251235321
1500, 8.246211251235321
1750, 8.246211251235321
2000, 8.246211251235321
2250, 8.246211251235321
2500, 8.246211251235321
2750, 8.246211251235321
3000, 8.246211251235321
3250, 8.246211251235321
3500, 8.246211251235321
3750, 8.246211251235321
4000, 8.246211251235321
4250, 8.246211251235321
4500, 8.246211251235321
4750, 8.342661445845684
5000, 8.342661445845684
5250, 8.342661445845684
5500, 8.342661445845684
5750, 8.342661445845684
6000, 8.342661445845684
6250, 8.342661445845684
6500, 8.342661445845684
6750, 8.342661445845684
7000, 8.342661445845684
7250, 8.246211251235321
7500, 8.342661445845684
7750, 8.342661445845684
8000, 8.246211251235321
8250, 8.246211251235321
8500, 8.342661445845684
8750, 8.246211251235321
9000, 8.246211251235321
9250, 8.246211251235321
9500, 8.246211251235321
9750, 8.246211251235321
10000, 8.342661445845684
11000, 8.342661445845684
12000, 8.342661445845684
13000, 8.342661445845684
14000, 8.342661445845684
15000, 8.342661445845684
16000, 8.342661445845684
17000, 8.342661445845684
18000, 8.342661445845684
19000, 8.342661445845684
20000, 8.342661445845684
21000, 8.342661445845684
22000, 8.342661445845684
23000, 8.342661445845684
24000, 8.342661445845684
25000, 8.342661445845684
26000, 8.342661445845684
27000, 8.342661445845684
28000, 8.342661445845684
29000, 8.342661445845684
30000, 8.342661445845684
31000, 8.342661445845684
32000, 8.342661445845684
33000, 8.342661445845684
34000, 8.342661445845684
35000, 8.342661445845684
36000, 8.342661445845684
37000, 8.342661445845684
38000, 8.342661445845684
39000, 8.342661445845684
40000, 8.342661445845684
41000, 8.342661445845684
42000, 8.342661445845684
43000, 8.342661445845684
44000, 8.342661445845684
45000, 8.342661445845684
46000, 8.342661445845684
47000, 8.342661445845684
48000, 8.342661445845684
49000, 8.342661445845684
50000, 8.342661445845684
51000, 8.342661445845684
52000, 8.342661445845684
53000, 8.342661445845684
54000, 8.342661445845684
55000, 8.342661445845684
56000, 8.342661445845684
57000, 8.342661445845684
58000, 8.342661445845684
59000, 8.342661445845684
60000, 8.342661445845684
61000, 8.342661445845684
62000, 8.342661445845684
63000, 8.342661445845684
64000, 8.342661445845684
65000, 8.342661445845684
66000, 8.342661445845684
67000, 8.342661445845684
68000, 8.342661445845684
69000, 8.342661445845684
70000, 8.342661445845684
71000, 8.342661445845684
72000, 8.342661445845684
73000, 8.342661445845684
74000, 8.342661445845684
75000, 8.342661445845684
76000, 8.342661445845684
77000, 8.342661445845684
78000, 8.342661445845684
79000, 8.342661445845684
80000, 8.342661445845684
81000, 8.342661445845684
82000, 8.342661445845684
83000, 8.342661445845684
84000, 8.342661445845684
85000, 8.342661445845684
86000, 8.342661445845684
87000, 8.342661445845684
88000, 8.342661445845684
89000, 8.342661445845684
90000, 8.342661445845684
91000, 8.342661445845684
92000, 8.342661445845684
93000, 8.342661445845684
94000, 8.342661445845684
95000, 8.342661445845684
96000, 8.342661445845684
97000, 8.342661445845684
98000, 8.342661445845684
99000, 8.342661445845684
100000, 8.342661445845684
