1, 16.673332000533065
2, 15.788181233652807
3, 15.154757228892407
4, 15.152557539900648
5, 14.762565269401295
6, 14.261837188805655
7, 14.261837188805655
8, 13.633292583476182
9, 13.035848009751163
10, 13.03329070751768
15, 10.927030703718188
20, 10.453069724567357
25, 9.391485505499118
30, 9.051703338782891
35, 8.921883209278185
40, 8.398412548412548
45, 7.814516406449389
50, 7.103989489481714
55, 7.14142842854285
60, 7.187952884282608
65, 7.05691150575094
70, 7.004760286167305
75, 6.894442206105824
80, 6.23431364840322
85, 6.093712606722878
90, 5.921711464320654
95, 5.285199460127624
100, 5.0990195135927845
150, 5.0990195135927845
200, 4.604345773288535
250, 4.374166587286466
300, 3.6514837167011076
350, 3.32665998663324
400, 3.596294389136314
450, 3.3960761671866746
500, 3.3466401061363023
550, 3.286335345030997
600, 3.3565855667130946
650, 3.3565855667130946
700, 2.792848008753788
750, 2.8284271247461903
800, 2.7325202042558927
850, 2.898275349237888
900, 2.943920288775949
950, 2.422120283277993
1000, 2.503331114069145
1250, 2.23606797749979
1500, 2.3523038352503134
1750, 1.9148542155126762
2000, 2.1134489978863145
2250, 2.0816659994661326
2500, 2.1756225162774294
2750, 2.23606797749979
3000, 2.2949219304078006
3250, 2.0
3500, 2.0816659994661326
3750, 2.0976176963403033
4000, 1.8973665961010275
4250, 1.8257418583505538
4500, 1.879716290649558
4750, 1.61245154965971
5000, 1.570562531918633
5250, 1.505545305418162
5500, 1.61245154965971
5750, 1.505545305418162
6000, 1.2649110640673518
6250, 1.2382783747337807
6500, 1.4605934866804429
6750, 1.390443574307614
7000, 1.4142135623730951
7250, 1.5275252316519468
7500, 1.5491933384829668
7750, 1.390443574307614
8000, 1.390443574307614
8250, 1.3662601021279464
8500, 1.2382783747337807
8750, 1.3165611772087666
9000, 1.3165611772087666
9250, 1.3165611772087666
9500, 1.3416407864998738
9750, 1.2382783747337807
10000, 1.2909944487358056
11000, 1.1547005383792515
12000, 1.0645812948447542
13000, 1.0645812948447542
14000, 1.0
15000, 0.9309493362512627
16000, 1.0
17000, 0.9660917830792959
18000, 0.9660917830792959
19000, 0.8563488385776752
20000, 0.8944271909999159
21000, 0.6324555320336759
22000, 0.7745966692414834
23000, 0.7745966692414834
24000, 0.7745966692414834
25000, 0.6324555320336759
26000, 0.6831300510639732
27000, 0.816496580927726
28000, 0.7745966692414834
29000, 0.7745966692414834
30000, 0.7745966692414834
31000, 0.6324555320336759
32000, 0.7302967433402214
33000, 0.6831300510639732
34000, 0.7302967433402214
35000, 0.6831300510639732
36000, 0.7302967433402214
37000, 0.7302967433402214
38000, 0.6831300510639732
39000, 0.6831300510639732
40000, 0.4472135954999579
41000, 0.4472135954999579
42000, 0.3651483716701107
43000, 0.3651483716701107
44000, 0.4472135954999579
45000, 0.4472135954999579
46000, 0.5773502691896257
47000, 0.3651483716701107
48000, 0.3651483716701107
49000, 0.4472135954999579
50000, 0.5163977794943222
51000, 0.3651483716701107
52000, 0.3651483716701107
53000, 0.5773502691896257
54000, 0.5163977794943222
55000, 0.5163977794943222
56000, 0.5163977794943222
57000, 0.5773502691896257
58000, 0.5163977794943222
59000, 0.5163977794943222
60000, 0.5773502691896257
61000, 0.5163977794943222
62000, 0.2581988897471611
63000, 0.5773502691896257
64000, 0.5773502691896257
65000, 0.5773502691896257
66000, 0.5773502691896257
67000, 0.5773502691896257
68000, 0.5773502691896257
69000, 0.5773502691896257
70000, 0.5773502691896257
71000, 0.5773502691896257
72000, 0.5773502691896257
73000, 0.5773502691896257
74000, 0.5773502691896257
75000, 0.5773502691896257
76000, 0.5163977794943222
77000, 0.5163977794943222
78000, 0.3651483716701107
79000, 0.3651483716701107
80000, 0.4472135954999579
81000, 0.5773502691896257
82000, 0.3651483716701107
83000, 0.3651483716701107
84000, 0.4472135954999579
85000, 0.4472135954999579
86000, 0.4472135954999579
87000, 0.4472135954999579
88000, 0.4472135954999579
89000, 0.4472135954999579
90000, 0.4472135954999579
91000, 0.4472135954999579
92000, 0.4472135954999579
93000, 0.4472135954999579
94000, 0.4472135954999579
95000, 0.4472135954999579
96000, 0.4472135954999579
97000, 0.4472135954999579
98000, 0.3651483716701107
99000, 0.3651483716701107
100000, 0.3651483716701107
