11.417092449481173
8.794884877018005
8.117881497040962
7.155417527999327
7.42630459919333
6.553624951124378
6.895650803223725
6.587867636800241
5.941380311005179
6.160357132504576
5.157518783291051
5.463515351859094
5.692099788303083
5.563272418280449
5.2345009313209605
4.878524367060187
4.795831523312719
5.152669211195301
4.722287581247038
4.55521678957215
4.522167621838006
4.387482193696061
4.306971093471606
4.732863826479693
4.604345773288535
4.538722287164087
4.527692569068709
4.068169121361598
4.09878030638384
3.9812058474788765
3.6124783736376886
3.456877203488721
3.3090784215548594
3.383784863137726
3.248076353782343
3.626292872893749
3.5846896657869842
3.255764119219941
3.1859064644147983
3.2939338184001206
3.271085446759225
3.456877203488721
3.4713109915419564
3.4713109915419564
3.591656999213594
3.1622776601683795
3.3166247903554
2.9748949561287032
3.146426544510455
3.286335345030997
3.170173496829472
3.3241540277189325
3.398529093593286
3.398529093593286
3.383784863137726
3.3391615714128
3.3241540277189325
3.3391615714128
3.3241540277189325
3.2171415884290826
3.0659419433511785
2.7202941017470885
2.932575659723036
2.8722813232690143
2.8548204847240397
2.8284271247461903
2.8896366553599777
2.7202941017470885
2.7386127875258306
2.8635642126552705
3.0083217912982647
2.6739483914241875
2.8809720581775866
2.80178514522438
2.8635642126552705
2.792848008753788
2.7294688127912363
2.7838821814150108
2.80178514522438
2.8372521918222215
2.7658633371878665
2.932575659723036
2.8809720581775866
2.8372521918222215
2.7477263328068173
2.6172504656604803
2.4596747752497685
2.4596747752497685
2.6267851073127395
2.4186773244895647
2.5592967784139455
2.711088342345192
2.598076211353316
2.9664793948382653
2.8635642126552705
2.701851217221259
2.7294688127912363
2.7202941017470885
2.8284271247461903
2.711088342345192
2.5787593916455256
2.6362852652928135
2.6362852652928135
2.6551836094703507
2.6076809620810595
2.8372521918222215
2.80178514522438
2.8106938645110393
2.7838821814150108
2.7748873851023217
2.8635642126552705
2.756809750418044
2.8372521918222215
2.8460498941515415
2.756809750418044
2.8460498941515415
2.7294688127912363
