1, 22.471092541307375
2, 21.636774251260285
3, 21.282622018914868
4, 20.588831924128186
5, 20.64824447743682
6, 20.437710243566915
7, 20.285462775100793
8, 20.291623887703025
9, 20.244752406487958
10, 20.403431084011338
15, 19.908540880737593
20, 19.51537855128616
25, 18.688231591030757
30, 17.089470442351338
35, 17.05872210923198
40, 16.575584454250777
45, 16.084153692376855
50, 16.252692084697845
55, 15.483862567202022
60, 15.4483008774428
65, 14.994999166388773
70, 15.833508770957875
75, 15.800316452527145
80, 15.496773857806662
85, 15.288884851420656
90, 14.771594362153328
95, 15.243031194614803
100, 14.389232085139222
150, 15.088074761214568
200, 14.791889669680478
250, 14.453373308677806
300, 13.564659966250536
350, 14.934858553063032
400, 13.6088206689632
450, 13.729530217745982
500, 12.660963628413123
550, 11.838496526164123
600, 11.991663771137015
650, 12.694486992391619
700, 13.260844618650804
750, 13.003845585056753
800, 12.833549781724463
850, 12.275992831539126
900, 12.076837334335508
950, 11.476062042355817
1000, 10.12669738858627
1250, 10.578279633286312
1500, 10.637198879404297
1750, 9.5420123663722
2000, 10.111874208078342
2250, 9.388823142439099
2500, 9.697937925146768
2750, 9.40744386111339
3000, 8.754998572244316
3250, 9.22767576370128
3500, 8.697700845625814
3750, 9.08845421400141
4000, 9.433981132056603
4250, 9.1706052144883
4500, 8.777812939451376
4750, 8.130190649671137
5000, 8.32165848854662
5250, 8.476437931112336
5500, 8.090117428072352
5750, 7.365459931328117
6000, 7.569676347110224
6250, 6.410928169929843
6500, 7.092249290598858
6750, 6.892024376045111
7000, 6.815423684555495
7250, 7.297259759663212
7500, 6.81175454637056
7750, 6.992853494818835
8000, 6.053924347066125
8250, 6.5612498809297
8500, 6.603029607687671
8750, 5.454356057317857
9000, 6.367888189973187
9250, 6.629479617586889
9500, 6.264982043070834
9750, 5.974947698515862
10000, 5.394441583704471
11000, 5.162363799656123
12000, 4.652956049652737
13000, 5.513619500836088
14000, 5.089204259999788
15000, 4.8270073544588685
16000, 5.094114250780011
17000, 5.07444578254611
18000, 4.104875150354759
19000, 4.236744032862972
20000, 3.943348830626071
21000, 4.421538193886829
22000, 4.5661800227323495
23000, 4.358898943540674
24000, 4.08656334834051
25000, 4.5661800227323495
26000, 4.54972526643093
27000, 4.301162633521313
28000, 4.0
29000, 4.2485291572496005
30000, 3.9937451095431715
31000, 3.943348830626071
32000, 3.840572873934304
33000, 3.721558813185679
34000, 3.9496835316262997
35000, 4.494441010848846
36000, 4.260281680828158
37000, 3.8794329482541645
38000, 4.11703777004778
39000, 3.905124837953327
40000, 3.7080992435478315
41000, 3.3166247903554
42000, 3.5846896657869842
43000, 3.5355339059327378
44000, 3.4856850115866753
45000, 3.271085446759225
46000, 3.4351128074635335
47000, 3.398529093593286
48000, 3.248076353782343
49000, 2.958039891549808
50000, 3.286335345030997
51000, 3.3466401061363023
52000, 3.591656999213594
53000, 3.398529093593286
54000, 3.3689761055846033
55000, 3.63318042491699
56000, 3.5637059362410923
57000, 3.1304951684997055
58000, 3.278719262151
59000, 3.7616485747608057
60000, 3.63318042491699
61000, 4.1952353926806065
62000, 4.006245124802026
63000, 3.847076812334269
64000, 3.5846896657869842
65000, 3.383784863137726
66000, 3.640054944640259
67000, 3.4641016151377544
68000, 3.3466401061363023
69000, 3.794733192202055
70000, 3.492849839314596
71000, 3.5355339059327378
72000, 3.6674241641784495
73000, 3.456877203488721
74000, 3.3090784215548594
75000, 3.24037034920393
76000, 3.057776970284131
77000, 2.9068883707497264
78000, 3.24037034920393
79000, 3.3090784215548594
80000, 3.146426544510455
81000, 3.0166206257996713
82000, 2.7748873851023217
83000, 2.5099800796022267
84000, 2.8284271247461903
85000, 2.7202941017470885
86000, 3.0166206257996713
87000, 2.8896366553599777
88000, 2.8372521918222215
89000, 2.792848008753788
90000, 2.9154759474226504
91000, 3.1859064644147983
92000, 3.057776970284131
93000, 2.5298221281347035
94000, 2.8548204847240397
95000, 3.0413812651491097
96000, 3.0
97000, 2.8722813232690143
98000, 2.8460498941515415
99000, 2.8372521918222215
100000, 2.6832815729997477
