1, 3.7416573867739413
2, 3.0
3, 2.449489742783178
4, 2.29128784747792
5, 2.29128784747792
6, 2.3979157616563596
7, 2.29128784747792
8, 2.29128784747792
9, 2.29128784747792
10, 2.29128784747792
15, 2.29128784747792
20, 2.29128784747792
25, 1.9364916731037085
30, 1.224744871391589
35, 1.118033988749895
40, 1.0
45, 1.0
50, 1.0
55, 1.0
60, 1.0
65, 1.0
70, 1.0
75, 1.0
80, 1.0
85, 1.0
90, 1.0
95, 1.0
100, 1.0
150, 1.0
200, 1.0
250, 1.0
300, 1.0
350, 1.0
400, 1.0
450, 1.0
500, 0.5
550, 0.5
600, 0.5
650, 0.5
700, 0.5
750, 0.5
800, 0.5
850, 0.5
900, 0.5
950, 0.5
1000, 0.5
1250, 0.5
1500, 0.5
1750, 0.5
2000, 0.5
2250, 0.8660254037844386
2500, 0.8660254037844386
2750, 0.8660254037844386
3000, 0.8660254037844386
3250, 0.8660254037844386
3500, 0.8660254037844386
3750, 0.8660254037844386
4000, 0.8660254037844386
4250, 0.8660254037844386
4500, 0.8660254037844386
4750, 0.5
5000, 0.5
5250, 0.5
5500, 0.5
5750, 0.5
6000, 0.5
6250, 0.5
6500, 0.5
6750, 0.5
7000, 0.5
7250, 0.5
7500, 0.5
7750, 0.5
8000, 0.5
8250, 0.8660254037844386
8500, 0.8660254037844386
8750, 0.8660254037844386
9000, 0.8660254037844386
9250, 0.8660254037844386
9500, 0.8660254037844386
9750, 0.5
10000, 0.5
11000, 0.5
12000, 0.5
13000, 0.5
14000, 0.8660254037844386
15000, 0.8660254037844386
16000, 0.8660254037844386
17000, 0.5
18000, 0.5
19000, 0.5
20000, 0.5
21000, 0.8660254037844386
22000, 0.5
23000, 0.5
24000, 0.5
25000, 0.5
26000, 0.5
27000, 0.5
28000, 0.5
29000, 0.8660254037844386
30000, 0.8660254037844386
31000, 0.8660254037844386
32000, 0.8660254037844386
33000, 0.8660254037844386
34000, 0.8660254037844386
35000, 0.8660254037844386
36000, 0.8660254037844386
37000, 0.8660254037844386
38000, 0.8660254037844386
39000, 0.8660254037844386
40000, 0.8660254037844386
41000, 0.5
42000, 0.5
43000, 0.5
44000, 0.5
45000, 0.5
46000, 0.8660254037844386
47000, 0.5
48000, 0.5
49000, 0.5
50000, 0.5
51000, 0.5
52000, 0.8660254037844386
53000, 0.8660254037844386
54000, 0.8660254037844386
55000, 0.8660254037844386
56000, 0.8660254037844386
57000, 0.8660254037844386
58000, 0.8660254037844386
59000, 0.8660254037844386
60000, 0.8660254037844386
61000, 0.8660254037844386
62000, 0.8660254037844386
63000, 0.8660254037844386
64000, 0.8660254037844386
65000, 0.8660254037844386
66000, 0.8660254037844386
67000, 0.8660254037844386
68000, 0.8660254037844386
69000, 0.8660254037844386
70000, 0.8660254037844386
71000, 1.0
72000, 1.0
73000, 1.0
74000, 1.0
75000, 1.0
76000, 1.0
77000, 0.8660254037844386
78000, 0.8660254037844386
79000, 1.0
80000, 1.0
81000, 0.8660254037844386
82000, 0.8660254037844386
83000, 0.8660254037844386
84000, 0.8660254037844386
85000, 1.0
86000, 1.0
87000, 1.0
88000, 0.8660254037844386
89000, 0.8660254037844386
90000, 0.8660254037844386
91000, 0.8660254037844386
92000, 0.8660254037844386
93000, 1.0
94000, 1.0
95000, 0.8660254037844386
96000, 0.8660254037844386
97000, 0.8660254037844386
98000, 0.8660254037844386
99000, 0.8660254037844386
100000, 0.8660254037844386
