1, 57.414283937013444
2, 56.56977991825671
3, 55.956947736630525
4, 55.36749949203052
5, 55.128395587029374
6, 54.83447820486669
7, 54.32899778203165
8, 54.022402760336384
9, 54.00388874886696
10, 53.28770965241422
15, 50.79881888390713
20, 47.77802842311516
25, 45.81266200517058
30, 44.06835599384211
35, 43.80981625161192
40, 42.281911025874884
45, 41.30811058375824
50, 39.364196930713575
55, 37.98341743445421
60, 37.74201902389431
65, 35.67800442849908
70, 34.83503983060734
75, 33.50761107569443
80, 33.23672667396716
85, 32.55272646031358
90, 30.431233954606572
95, 30.17880050631569
100, 30.223831656492532
150, 27.28296171606008
200, 25.483720293552118
250, 21.506278153134726
300, 19.564764245960134
350, 18.083694312833316
400, 17.700282483621553
450, 17.29624236647949
500, 16.517263695903143
550, 15.607690412101336
600, 14.60753230357544
650, 14.225329521666625
700, 13.705473359209451
750, 13.329666162361306
800, 13.198484761517134
850, 12.71770419533337
900, 12.643575443678897
950, 12.48198702130394
1000, 12.095453691366853
1250, 11.417530380953668
1500, 10.788883167408942
1750, 10.087616170334794
2000, 9.328451104015071
2250, 9.391485505499118
2500, 9.235799911215054
2750, 8.087026647662292
3000, 7.812809993849844
3250, 7.159608927867499
3500, 6.086049621881176
3750, 5.2
4000, 5.071488933242386
4250, 4.71380949975707
4500, 4.580392996239515
4750, 4.465422712353221
5000, 4.505552130427524
5250, 4.688283267892417
5500, 4.551922670696417
5750, 4.282522621072771
6000, 4.183300132670378
6250, 4.149698784249286
6500, 4.089009660052175
6750, 4.004996878900157
7000, 3.9749213828703582
7250, 3.8987177379235853
7500, 3.8496753109840314
7750, 3.776241517699841
8000, 3.736308338453881
8250, 3.6193922141707713
8500, 3.5242020373412193
8750, 3.558089374931439
9000, 3.1144823004794873
9250, 3.0
9500, 2.973213749463701
9750, 2.925747767665559
10000, 3.0199337741082997
11000, 2.95296461204668
12000, 2.986636904613616
13000, 3.104834939252005
14000, 3.1654383582688825
15000, 3.003331483536241
16000, 3.0528675044947495
17000, 2.9933259094191533
18000, 2.9563490998188966
19000, 2.817800560721074
20000, 2.817800560721074
21000, 2.727636339397171
22000, 2.705549851693737
23000, 2.8284271247461903
24000, 2.8495613697550013
25000, 2.870540018881465
26000, 2.8635642126552705
27000, 2.8495613697550013
28000, 2.842534080710379
29000, 2.817800560721074
30000, 2.842534080710379
31000, 2.7092434368288134
32000, 2.7313000567495327
33000, 2.6907248094147422
34000, 2.792848008753788
35000, 2.745906043549196
36000, 2.705549851693737
37000, 2.6870057685088806
38000, 2.734958866235469
39000, 2.734958866235469
40000, 2.734958866235469
41000, 2.6981475126464085
42000, 2.6381811916545836
43000, 2.3151673805580453
44000, 2.3151673805580453
45000, 2.186321110907545
46000, 2.172556098240043
47000, 2.172556098240043
48000, 2.172556098240043
49000, 2.172556098240043
50000, 1.7262676501632068
51000, 1.7262676501632068
52000, 1.7262676501632068
53000, 1.7262676501632068
54000, 1.7146428199482247
55000, 1.6431676725154984
56000, 1.6431676725154984
57000, 1.6186414056238645
58000, 1.61245154965971
59000, 1.624807680927192
60000, 1.61245154965971
61000, 1.6186414056238645
62000, 1.51657508881031
63000, 1.5297058540778354
64000, 1.5491933384829668
65000, 1.5427248620541512
66000, 1.6673332000533065
67000, 1.6673332000533065
68000, 1.6792855623746665
69000, 1.6733200530681511
70000, 1.6309506430300091
71000, 1.61245154965971
72000, 1.61245154965971
73000, 1.6613247725836149
74000, 1.6613247725836149
75000, 1.6613247725836149
76000, 1.6613247725836149
77000, 1.6492422502470643
78000, 1.6492422502470643
79000, 1.70293863659264
80000, 1.6492422502470643
81000, 1.6370705543744901
82000, 1.61245154965971
83000, 1.61245154965971
84000, 1.6186414056238645
85000, 1.6673332000533065
86000, 1.6552945357246849
87000, 1.8814887722226779
88000, 1.8814887722226779
89000, 1.8110770276274832
90000, 1.783255450012701
91000, 1.783255450012701
92000, 1.783255450012701
93000, 1.783255450012701
94000, 1.783255450012701
95000, 1.6673332000533065
96000, 1.783255450012701
97000, 1.7492855684535902
98000, 1.7492855684535902
99000, 1.7492855684535902
100000, 1.7492855684535902
