1, 16.510602654052335
2, 15.7310732840028
3, 14.787382008545888
4, 14.12326685532305
5, 14.12326685532305
6, 14.111461063027221
7, 14.120906486483083
8, 13.73559851869101
9, 13.4412301024373
10, 13.408952233489387
15, 11.969405443323685
20, 10.250203250017371
25, 9.190574882272962
30, 9.029581016488713
35, 8.516650358758033
40, 8.278486174013539
45, 8.242167999581987
50, 8.17312669668102
55, 7.514430561703706
60, 7.4922181851126926
65, 6.787242935586339
70, 6.6332495807108
75, 6.153589738247641
80, 5.555777773333511
85, 5.125101625008686
90, 5.196152422706632
95, 5.215361924162119
100, 5.2345009313209605
150, 3.9327683210007
200, 4.2895221179054435
250, 3.6606010435446255
300, 2.8635642126552705
350, 2.160246899469287
400, 2.3380903889000244
450, 2.250925735484551
500, 2.065591117977289
550, 2.0330600909302543
600, 2.2949219304078006
650, 2.0816659994661326
700, 2.1447610589527217
750, 2.449489742783178
800, 2.1756225162774294
850, 2.23606797749979
900, 2.265686062395524
950, 2.265686062395524
1000, 2.206052281036573
1250, 2.04939015319192
1500, 1.8073922282301278
1750, 1.9493588689617927
2000, 1.983263304085802
2250, 1.983263304085802
2500, 1.8973665961010275
2750, 1.5491933384829668
3000, 1.632993161855452
3250, 1.632993161855452
3500, 1.5491933384829668
3750, 1.591644851508443
4000, 1.7511900715418263
4250, 1.7701224063135672
4500, 1.632993161855452
4750, 1.6733200530681511
5000, 1.632993161855452
5250, 1.6733200530681511
5500, 1.61245154965971
5750, 1.8073922282301278
6000, 1.7701224063135672
6250, 1.570562531918633
6500, 1.6931233465600393
6750, 1.5491933384829668
7000, 1.390443574307614
7250, 1.390443574307614
7500, 1.4832396974191326
7750, 1.4832396974191326
8000, 1.2909944487358056
8250, 1.390443574307614
8500, 1.390443574307614
8750, 1.390443574307614
9000, 1.1832159566199232
9250, 1.1832159566199232
9500, 1.1547005383792515
9750, 1.1254628677422756
10000, 1.1254628677422756
11000, 1.1832159566199232
12000, 1.2110601416389966
13000, 1.3165611772087666
14000, 1.3662601021279464
15000, 1.4375905768565218
16000, 1.3165611772087666
17000, 1.3165611772087666
18000, 1.3165611772087666
19000, 1.0645812948447542
20000, 1.0327955589886444
21000, 1.3165611772087666
22000, 1.2909944487358056
23000, 1.2909944487358056
24000, 1.2382783747337807
25000, 1.3416407864998738
26000, 1.3416407864998738
27000, 1.3416407864998738
28000, 1.1254628677422756
29000, 1.0
30000, 1.1254628677422756
31000, 0.9660917830792959
32000, 0.8563488385776752
33000, 0.9309493362512627
34000, 0.8944271909999159
35000, 1.0645812948447542
36000, 1.0327955589886444
37000, 0.8944271909999159
38000, 1.0327955589886444
39000, 1.0327955589886444
40000, 0.8563488385776752
41000, 0.8944271909999159
42000, 0.8563488385776752
43000, 0.8563488385776752
44000, 0.6831300510639732
45000, 0.5773502691896257
46000, 0.6324555320336759
47000, 0.5773502691896257
48000, 0.6831300510639732
49000, 0.6831300510639732
50000, 0.5773502691896257
51000, 0.5163977794943222
52000, 0.5163977794943222
53000, 0.5773502691896257
54000, 0.5773502691896257
55000, 0.5773502691896257
56000, 0.4472135954999579
57000, 0.5163977794943222
58000, 0.5163977794943222
59000, 0.5163977794943222
60000, 0.5773502691896257
61000, 0.5163977794943222
62000, 0.5773502691896257
63000, 0.5773502691896257
64000, 0.5773502691896257
65000, 0.5773502691896257
66000, 0.5773502691896257
67000, 0.5773502691896257
68000, 0.5773502691896257
69000, 0.5773502691896257
70000, 0.5773502691896257
71000, 0.5773502691896257
72000, 0.5773502691896257
73000, 0.5773502691896257
74000, 0.5773502691896257
75000, 0.3651483716701107
76000, 0.3651483716701107
77000, 0.3651483716701107
78000, 0.3651483716701107
79000, 0.3651483716701107
80000, 0.3651483716701107
81000, 0.3651483716701107
82000, 0.3651483716701107
83000, 0.3651483716701107
84000, 0.3651483716701107
85000, 0.3651483716701107
86000, 0.3651483716701107
87000, 0.3651483716701107
88000, 0.3651483716701107
89000, 0.3651483716701107
90000, 0.3651483716701107
91000, 0.3651483716701107
92000, 0.3651483716701107
93000, 0.5773502691896257
94000, 0.5773502691896257
95000, 0.5773502691896257
96000, 0.5773502691896257
97000, 0.5773502691896257
98000, 0.5773502691896257
99000, 0.5773502691896257
100000, 0.5773502691896257
