1, 16.451950239004088
2, 15.671630419327785
3, 15.656734440276278
4, 14.997777613144333
5, 14.247806848775006
6, 14.21032488486218
7, 13.613718571108091
8, 12.925427136720344
9, 11.930353445448855
10, 11.896778275370746
15, 10.469001862641921
20, 9.882644720249063
25, 9.348796714016196
30, 8.586811592979862
35, 7.784600182411426
40, 7.637626158259733
45, 7.465476095557023
50, 7.343931735339956
55, 6.408327915038889
60, 6.382267099811268
65, 6.371812928829597
70, 6.148170459575759
75, 6.060803027102377
80, 5.70379990298865
85, 5.253570214625479
90, 5.291502622129181
95, 5.561774297230456
100, 5.259911279353167
150, 3.966526608171604
200, 3.9072582032246945
250, 3.5023801430836525
300, 3.872983346207417
350, 3.3862466931200785
400, 3.119829055146024
450, 2.9097537123726926
500, 2.851899951494325
550, 2.988868236194653
600, 3.1728010758108782
650, 2.6708300832013507
700, 2.886751345948129
750, 2.3804761428476167
800, 2.0816659994661326
850, 2.0976176963403033
900, 2.160246899469287
950, 1.9148542155126762
1000, 1.8439088914585775
1250, 2.0976176963403033
1500, 2.0330600909302543
1750, 2.0816659994661326
2000, 1.6931233465600393
2250, 1.879716290649558
2500, 1.8073922282301278
2750, 1.7320508075688772
3000, 1.6931233465600393
3250, 1.570562531918633
3500, 1.3662601021279464
3750, 1.3662601021279464
4000, 1.505545305418162
4250, 1.632993161855452
4500, 1.591644851508443
4750, 1.390443574307614
5000, 1.505545305418162
5250, 1.632993161855452
5500, 1.3165611772087666
5750, 1.2909944487358056
6000, 1.2110601416389966
6250, 1.3165611772087666
6500, 1.1547005383792515
6750, 1.1547005383792515
7000, 1.0954451150103321
7250, 1.0327955589886444
7500, 1.0
7750, 1.0
8000, 1.0954451150103321
8250, 1.0954451150103321
8500, 1.0954451150103321
8750, 1.1547005383792515
9000, 0.9309493362512627
9250, 0.8944271909999159
9500, 1.1254628677422756
9750, 1.2110601416389966
10000, 1.2382783747337807
11000, 1.1254628677422756
12000, 0.9660917830792959
13000, 1.1254628677422756
14000, 0.7745966692414834
15000, 0.6324555320336759
16000, 0.5773502691896257
17000, 0.6831300510639732
18000, 0.816496580927726
19000, 0.7302967433402214
20000, 0.6324555320336759
21000, 0.6324555320336759
22000, 0.4472135954999579
23000, 0.3651483716701107
24000, 0.2581988897471611
25000, 0.2581988897471611
26000, 0.2581988897471611
27000, 0.2581988897471611
28000, 0.2581988897471611
29000, 0.5163977794943222
30000, 0.4472135954999579
31000, 0.4472135954999579
32000, 0.4472135954999579
33000, 0.3651483716701107
34000, 0.4472135954999579
35000, 0.2581988897471611
36000, 0.2581988897471611
37000, 0.2581988897471611
38000, 0.3651483716701107
39000, 0.3651483716701107
40000, 0.3651483716701107
41000, 0.3651483716701107
42000, 0.6324555320336759
43000, 0.6324555320336759
44000, 0.6324555320336759
45000, 0.6324555320336759
46000, 0.3651483716701107
47000, 0.3651483716701107
48000, 0.6324555320336759
49000, 0.6324555320336759
50000, 0.4472135954999579
51000, 0.3651483716701107
52000, 0.3651483716701107
53000, 0.3651483716701107
54000, 0.3651483716701107
55000, 0.3651483716701107
56000, 0.3651483716701107
57000, 0.3651483716701107
58000, 0.3651483716701107
59000, 0.3651483716701107
60000, 0.6324555320336759
61000, 0.6324555320336759
62000, 0.6324555320336759
63000, 0.6324555320336759
64000, 0.6324555320336759
65000, 0.5773502691896257
66000, 0.3651483716701107
67000, 0.3651483716701107
68000, 0.2581988897471611
69000, 0.2581988897471611
70000, 0.2581988897471611
71000, 0.2581988897471611
72000, 0.2581988897471611
73000, 0.3651483716701107
74000, 0.3651483716701107
75000, 0.3651483716701107
76000, 0.3651483716701107
77000, 0.3651483716701107
78000, 0.3651483716701107
79000, 0.3651483716701107
80000, 0.3651483716701107
81000, 0.3651483716701107
82000, 0.3651483716701107
83000, 0.3651483716701107
84000, 0.3651483716701107
85000, 0.3651483716701107
86000, 0.3651483716701107
87000, 0.3651483716701107
88000, 0.3651483716701107
89000, 0.3651483716701107
90000, 0.3651483716701107
91000, 0.3651483716701107
92000, 0.3651483716701107
93000, 0.3651483716701107
94000, 0.3651483716701107
95000, 0.3651483716701107
96000, 0.2581988897471611
97000, 0.2581988897471611
98000, 0.2581988897471611
99000, 0.2581988897471611
100000, 0.2581988897471611
