1, 0.31622776601683794
2, 2.3874672772626644
3, 2.23606797749979
4, 2.23606797749979
5, 2.6457513110645907
6, 2.6457513110645907
7, 2.449489742783178
8, 2.3874672772626644
9, 2.4083189157584592
10, 1.51657508881031
15, 2.7386127875258306
20, 2.6076809620810595
25, 3.5355339059327378
30, 3.9749213828703582
35, 3.331666249791536
40, 2.6645825188948455
45, 2.932575659723036
50, 3.0983866769659336
55, 3.4641016151377544
60, 2.756809750418044
65, 2.756809750418044
70, 2.3021728866442674
75, 2.6645825188948455
80, 2.4698178070456938
85, 2.6267851073127395
90, 2.5495097567963922
95, 2.449489742783178
100, 2.898275349237888
150, 2.3664319132398464
200, 2.16794833886788
250, 1.8439088914585775
300, 1.8708286933869707
350, 1.7320508075688772
400, 1.61245154965971
450, 1.4142135623730951
500, 1.3416407864998738
550, 1.5491933384829668
600, 1.61245154965971
650, 1.224744871391589
700, 1.378404875209022
750, 1.224744871391589
800, 0.8366600265340756
850, 0.8366600265340756
900, 0.8944271909999159
950, 1.0
1000, 1.0488088481701516
1250, 0.8944271909999159
1500, 0.8944271909999159
1750, 0.8944271909999159
2000, 0.5477225575051661
2250, 0.6324555320336759
2500, 0.31622776601683794
2750, 0.4472135954999579
3000, 0.31622776601683794
3250, 0.4472135954999579
3500, 0.4472135954999579
3750, 0.31622776601683794
4000, 0.31622776601683794
4250, 0.31622776601683794
4500, 0.31622776601683794
4750, 0.31622776601683794
5000, 0.31622776601683794
5250, 0.31622776601683794
5500, 0.31622776601683794
5750, 0.31622776601683794
6000, 0.31622776601683794
6250, 0.31622776601683794
6500, 0.31622776601683794
6750, 0.31622776601683794
7000, 0.31622776601683794
7250, 0.31622776601683794
7500, 0.31622776601683794
7750, 0.31622776601683794
8000, 0.31622776601683794
8250, 0.31622776601683794
8500, 0.31622776601683794
8750, 0.31622776601683794
9000, 0.31622776601683794
9250, 0.31622776601683794
9500, 0.31622776601683794
9750, 0.31622776601683794
10000, 0.31622776601683794
11000, 0.0
12000, 0.31622776601683794
13000, 0.31622776601683794
14000, 0.0
15000, 0.0
16000, 0.0
17000, 0.0
18000, 0.0
19000, 0.0
20000, 0.0
21000, 0.31622776601683794
22000, 0.31622776601683794
23000, 0.0
24000, 0.0
25000, 0.0
26000, 0.0
27000, 0.0
28000, 0.0
29000, 0.0
30000, 0.0
31000, 0.0
32000, 0.0
33000, 0.0
34000, 0.0
35000, 0.0
36000, 0.0
37000, 0.0
38000, 0.0
39000, 0.0
40000, 0.0
41000, 0.0
42000, 0.0
43000, 0.0
44000, 0.0
45000, 0.0
46000, 0.0
47000, 0.0
48000, 0.0
49000, 0.0
50000, 0.0
51000, 0.0
52000, 0.0
53000, 0.0
54000, 0.0
55000, 0.0
56000, 0.0
57000, 0.0
58000, 0.0
59000, 0.0
60000, 0.0
61000, 0.0
62000, 0.0
63000, 0.0
64000, 0.0
65000, 0.0
66000, 0.0
67000, 0.0
68000, 0.0
69000, 0.0
70000, 0.0
71000, 0.0
72000, 0.0
73000, 0.0
74000, 0.0
75000, 0.0
76000, 0.0
77000, 0.0
78000, 0.0
79000, 0.0
80000, 0.0
81000, 0.0
82000, 0.0
83000, 0.0
84000, 0.0
85000, 0.0
86000, 0.0
87000, 0.0
88000, 0.0
89000, 0.0
90000, 0.0
91000, 0.0
92000, 0.0
93000, 0.0
94000, 0.0
95000, 0.0
96000, 0.0
97000, 0.0
98000, 0.0
99000, 0.0
100000, 0.0
