8.916277250063503
5.68770604022395
5.196152422706632
4.631414470763764
5.224940191045253
4.759201613716317
4.1952353926806065
4.123105625617661
4.364630568559039
4.236744032862972
3.7549966711037173
3.840572873934304
3.442382895611701
3.03315017762062
2.819574435974337
2.588435821108957
2.6362852652928135
2.8809720581775866
2.6739483914241875
2.598076211353316
2.539685019840059
2.9664793948382653
3.082207001484488
2.701851217221259
2.588435821108957
2.7658633371878665
2.449489742783178
2.3130067012440754
2.5099800796022267
2.32379000772445
2.179449471770337
2.4899799195977463
2.247220505424423
2.1330729007701543
2.0976176963403033
2.085665361461421
2.0
2.073644135332772
1.7175564037317668
1.9748417658131499
1.8708286933869707
1.7748239349298849
1.760681686165901
1.8027756377319946
1.6278820596099706
2.1095023109728985
2.0976176963403033
1.9874606914351791
2.04939015319192
2.0371548787463363
1.9493588689617927
1.91049731745428
1.7888543819998317
1.8027756377319946
1.816590212458495
1.857417562100671
1.816590212458495
1.7888543819998317
1.8973665961010275
1.5329709716755893
1.9621416870348585
1.9493588689617927
2.0976176963403033
1.8708286933869707
1.9493588689617927
2.0371548787463363
1.9621416870348585
1.9621416870348585
1.8708286933869707
1.9364916731037085
1.91049731745428
1.5491933384829668
1.5491933384829668
1.5652475842498528
1.4832396974191326
1.8973665961010275
1.8708286933869707
1.6431676725154984
1.8708286933869707
1.8708286933869707
1.8708286933869707
1.8973665961010275
1.5652475842498528
1.8303005217723127
1.746424919657298
1.857417562100671
1.6431676725154984
1.9235384061671346
1.7320508075688772
1.8708286933869707
1.8973665961010275
1.8841443681416772
1.816590212458495
1.7748239349298849
1.760681686165901
1.760681686165901
1.760681686165901
1.7175564037317668
1.6583123951777
1.8303005217723127
1.91049731745428
1.8841443681416772
1.5
1.396424004376894
1.5491933384829668
1.466287829861518
1.5491933384829668
1.5652475842498528
1.466287829861518
1.5329709716755893
1.5968719422671311
1.5811388300841898
1.5329709716755893
1.4832396974191326
1.51657508881031
1.5652475842498528
