1, 51.66279555390363
2, 51.188106257432715
3, 50.38143397015302
4, 49.50443302259797
5, 48.63149413931493
6, 48.616869500205375
7, 48.008564050825576
8, 47.52496420011511
9, 47.521924764610844
10, 46.68047414783473
15, 43.70456370779703
20, 41.4224845008387
25, 39.121179259662746
30, 37.12441544620228
35, 35.55184008364874
40, 34.03168458298172
45, 32.1192223511785
50, 32.143774237357725
55, 30.96198385834545
60, 30.587579178483544
65, 29.34658791447861
70, 28.68526528454015
75, 28.09547215398872
80, 27.80927103603321
85, 27.785687762667393
90, 27.825647641459607
95, 27.722433755594643
100, 27.72203295415239
150, 23.415569369308297
200, 20.429825691321447
250, 19.29248558377069
300, 16.625281952496323
350, 16.418147141366333
400, 15.154757228892407
450, 14.141349927704136
500, 13.896442390450554
550, 13.200168349094811
600, 12.261955617092877
650, 11.846237095944574
700, 11.656185768366369
750, 11.419281938896159
800, 11.115554667022044
850, 10.908712114635714
900, 10.140129300074147
950, 10.0
1000, 9.847729574768886
1250, 8.107609594284455
1500, 7.080489625254269
1750, 6.669999167083073
2000, 6.484168755086841
2250, 6.0699624747146865
2500, 5.641118880348315
2750, 5.148894163906568
3000, 5.013315602805526
3250, 5.057447753341381
3500, 4.88535225614967
3750, 4.765617600176404
4000, 4.407065034943575
4250, 4.371625682868
4500, 4.128491788104276
4750, 4.1123121368776365
5000, 4.016632088371218
5250, 3.699849846803095
5500, 3.696845502136472
5750, 3.119829055146024
6000, 3.221455847559885
6250, 3.2489314482696545
6500, 3.190262963734773
6750, 3.003701420285016
7000, 2.6246692913372702
7250, 2.5516878945339516
7500, 2.6749870196985173
7750, 2.6119384032212976
8000, 2.890597785157173
8250, 2.8126697479638647
8500, 2.792848008753788
8750, 2.6666666666666665
9000, 2.594866727470475
9250, 2.586288632169443
9500, 2.560381915956203
9750, 2.5473297566057065
10000, 2.507765716507204
11000, 2.649947588580239
12000, 2.6624967396954475
13000, 2.3523038352503134
14000, 2.3758039574940617
15000, 2.3523038352503134
16000, 2.309401076758503
17000, 2.3617319445224467
18000, 2.3285665595430642
19000, 2.0330600909302543
20000, 1.994436706886879
21000, 1.855921454276674
22000, 1.9888578520235065
23000, 1.983263304085802
24000, 2.043961295567452
25000, 1.983263304085802
26000, 1.983263304085802
27000, 1.8012341448141729
28000, 1.7256238807393047
29000, 1.7638342073763937
30000, 1.7126976771553504
31000, 1.7575235101952091
32000, 1.7126976771553504
33000, 1.7511900715418263
34000, 1.6931233465600393
35000, 1.7061978522759635
36000, 1.61245154965971
37000, 1.422048600513436
38000, 1.4452988925785866
39000, 1.4063348739819324
40000, 1.390443574307614
41000, 1.5202339001321838
42000, 1.5420044674960502
43000, 1.591644851508443
44000, 1.5563490039905001
45000, 1.679947089113887
46000, 1.6666666666666667
47000, 1.6532795690182993
48000, 1.6193277068654826
49000, 1.577621275493231
50000, 1.5986105077709065
51000, 1.4375905768565218
52000, 1.505545305418162
53000, 1.5129074290546956
54000, 1.5420044674960502
55000, 1.4681810363696826
56000, 1.5202339001321838
57000, 1.505545305418162
58000, 1.505545305418162
59000, 1.5129074290546956
60000, 1.390443574307614
61000, 1.3581032524975576
62000, 1.422048600513436
63000, 1.4375905768565218
64000, 1.4681810363696826
65000, 1.4681810363696826
66000, 1.4907119849998598
67000, 1.4605934866804429
68000, 1.4757295747452437
69000, 1.4142135623730951
70000, 1.422048600513436
71000, 1.4832396974191326
72000, 1.498147003616282
73000, 1.4529663145135578
74000, 1.4529663145135578
75000, 1.4452988925785866
76000, 1.4452988925785866
77000, 1.3824294235551815
78000, 1.3743685418725535
79000, 1.390443574307614
80000, 1.2823589374447564
81000, 1.3333333333333333
82000, 1.3581032524975576
83000, 1.390443574307614
84000, 1.3662601021279464
85000, 1.3824294235551815
86000, 1.3498971154211057
87000, 1.2649110640673518
88000, 1.2823589374447564
89000, 1.2995725793078619
90000, 1.3080944580232388
91000, 1.3165611772087666
92000, 1.2995725793078619
93000, 1.3249737942901194
94000, 1.2995725793078619
95000, 1.2292725943057183
96000, 1.2018504251546631
97000, 1.2202003478482084
98000, 1.1737877907772674
99000, 1.1642832797715321
100000, 1.2110601416389966
