1, 13.70255450636851
2, 12.874781551544865
3, 12.874781551544865
4, 11.916375287812984
5, 11.366617790706258
6, 11.366617790706258
7, 10.552724766618335
8, 10.552724766618335
9, 10.514751542475933
10, 10.514751542475933
15, 9.666436778875658
20, 8.98443097808648
25, 8.97997772825746
30, 8.97997772825746
35, 8.12403840463596
40, 8.109253973085318
45, 8.109253973085318
50, 8.104319835741924
55, 8.104319835741924
60, 8.089499366462674
65, 8.089499366462674
70, 8.099382692526634
75, 8.099382692526634
80, 8.099382692526634
85, 8.089499366462674
90, 8.089499366462674
95, 8.089499366462674
100, 8.084553172563094
150, 7.386474125047755
200, 6.267375846396959
250, 5.403702434442518
300, 5.418486873657627
350, 5.396295025292817
400, 5.169139193328034
450, 5.169139193328034
500, 4.656178690729126
550, 4.326661530556787
600, 4.1182520563948
650, 4.059556626036888
700, 4.019950248448356
750, 3.687817782917155
800, 3.7094473981982814
850, 3.7094473981982814
900, 3.7094473981982814
950, 3.4292856398964493
1000, 3.40587727318528
1250, 3.3105890714493698
1500, 3.40587727318528
1750, 3.40587727318528
2000, 3.4756294393965534
2250, 3.4756294393965534
2500, 3.3226495451672298
2750, 3.3105890714493698
3000, 3.2741411087489802
3250, 3.237282811247729
3500, 3.237282811247729
3750, 3.1749015732775088
4000, 3.237282811247729
4250, 3.237282811247729
4500, 3.1622776601683795
4750, 3.1240998703626617
5000, 3.111269837220809
5250, 2.7422618401604177
5500, 2.7422618401604177
5750, 2.939387691339814
6000, 2.6981475126464085
6250, 2.6076809620810595
6500, 2.5768197453450252
6750, 2.5768197453450252
7000, 2.1540659228538015
7250, 2.1540659228538015
7500, 2.078460969082653
7750, 2.078460969082653
8000, 2.209072203437452
8250, 2.1166010488516727
8500, 2.6381811916545836
8750, 2.449489742783178
9000, 2.449489742783178
9250, 2.6229754097208002
9500, 2.5768197453450252
9750, 2.5768197453450252
10000, 2.870540018881465
11000, 3.1368774282716245
12000, 2.7712812921102037
13000, 2.6832815729997477
14000, 2.6832815729997477
15000, 2.513961017995307
16000, 2.5298221281347035
17000, 2.8
18000, 2.8
19000, 2.9120439557122073
20000, 3.370459909270543
21000, 3.2741411087489802
22000, 3.2619012860600183
23000, 2.9664793948382653
24000, 3.046309242345563
25000, 3.0066592756745814
26000, 2.898275349237888
27000, 2.814249455894058
28000, 2.6981475126464085
29000, 2.8
30000, 2.8
31000, 2.6381811916545836
32000, 2.5298221281347035
33000, 2.939387691339814
34000, 2.7422618401604177
35000, 2.3664319132398464
36000, 2.3664319132398464
37000, 2.3832750575625967
38000, 2.4979991993593593
39000, 2.8
40000, 2.3832750575625967
41000, 2.3832750575625967
42000, 2.3832750575625967
43000, 2.0976176963403033
44000, 2.3832750575625967
45000, 2.3832750575625967
46000, 2.349468024894146
47000, 2.262741699796952
48000, 2.280350850198276
49000, 2.4
50000, 2.545584412271571
51000, 2.6832815729997477
52000, 2.6832815729997477
53000, 2.6229754097208002
54000, 2.6229754097208002
55000, 2.592296279363144
56000, 2.592296279363144
57000, 2.7856776554368237
58000, 2.6832815729997477
59000, 2.7129319932501073
60000, 2.5612496949731396
61000, 2.4166091947189146
62000, 2.280350850198276
63000, 2.5612496949731396
64000, 2.5612496949731396
65000, 2.3664319132398464
66000, 2.5768197453450252
67000, 2.227105745132009
68000, 2.3151673805580453
69000, 2.3151673805580453
70000, 2.3151673805580453
71000, 2.244994432064365
72000, 2.244994432064365
73000, 2.1166010488516727
74000, 1.9798989873223332
75000, 1.9595917942265424
76000, 2.1166010488516727
77000, 2.1166010488516727
78000, 2.227105745132009
79000, 2.262741699796952
80000, 2.3323807579381204
81000, 2.1540659228538015
82000, 2.1540659228538015
83000, 2.227105745132009
84000, 2.280350850198276
85000, 2.262741699796952
86000, 2.2978250586152114
87000, 2.1354156504062622
88000, 2.4331050121192876
89000, 2.4331050121192876
90000, 2.280350850198276
91000, 2.280350850198276
92000, 2.349468024894146
93000, 2.349468024894146
94000, 2.3323807579381204
95000, 2.3323807579381204
96000, 2.349468024894146
97000, 2.349468024894146
98000, 2.3323807579381204
99000, 2.3323807579381204
100000, 2.3323807579381204
