1, 7.788880963698615
2, 7.339391437078872
3, 6.501281924871945
4, 5.70379990298865
5, 5.70379990298865
6, 5.70379990298865
7, 5.621387729022079
8, 5.668627111861683
9, 4.88535225614967
10, 4.88535225614967
15, 4.760952285695233
20, 4.08248290463863
25, 3.669695718539436
30, 3.63318042491699
35, 3.596294389136314
40, 3.4641016151377544
45, 3.4641016151377544
50, 2.70801280154532
55, 2.70801280154532
60, 2.6832815729997477
65, 2.70801280154532
70, 2.70801280154532
75, 2.70801280154532
80, 2.1908902300206643
85, 2.2211108331943574
90, 2.160246899469287
95, 2.1908902300206643
100, 2.160246899469287
150, 2.1908902300206643
200, 1.8257418583505538
250, 1.8257418583505538
300, 1.8257418583505538
350, 1.8257418583505538
400, 1.8257418583505538
450, 1.2110601416389966
500, 1.2110601416389966
550, 1.1547005383792515
600, 1.1547005383792515
650, 0.7302967433402214
700, 0.7302967433402214
750, 0.7302967433402214
800, 0.7302967433402214
850, 0.7302967433402214
900, 0.6324555320336759
950, 0.6324555320336759
1000, 0.6324555320336759
1250, 0.6324555320336759
1500, 0.6324555320336759
1750, 0.7302967433402214
2000, 0.7302967433402214
2250, 0.7302967433402214
2500, 0.7302967433402214
2750, 0.7302967433402214
3000, 0.7302967433402214
3250, 0.7302967433402214
3500, 0.7302967433402214
3750, 0.7302967433402214
4000, 0.7302967433402214
4250, 0.7302967433402214
4500, 0.7302967433402214
4750, 0.7302967433402214
5000, 0.7302967433402214
5250, 0.7302967433402214
5500, 0.7302967433402214
5750, 0.7302967433402214
6000, 0.7302967433402214
6250, 0.7302967433402214
6500, 0.7302967433402214
6750, 0.7302967433402214
7000, 0.7302967433402214
7250, 0.7302967433402214
7500, 0.7302967433402214
7750, 0.7302967433402214
8000, 0.7302967433402214
8250, 0.7302967433402214
8500, 0.7302967433402214
8750, 0.3651483716701107
9000, 0.3651483716701107
9250, 0.6324555320336759
9500, 0.6324555320336759
9750, 0.6324555320336759
10000, 0.6324555320336759
11000, 0.6324555320336759
12000, 0.6324555320336759
13000, 0.6324555320336759
14000, 0.3651483716701107
15000, 0.3651483716701107
16000, 0.3651483716701107
17000, 0.7302967433402214
18000, 0.7302967433402214
19000, 0.7302967433402214
20000, 0.7302967433402214
21000, 0.7302967433402214
22000, 0.7302967433402214
23000, 0.7302967433402214
24000, 0.3651483716701107
25000, 0.3651483716701107
26000, 0.3651483716701107
27000, 0.3651483716701107
28000, 0.3651483716701107
29000, 0.3651483716701107
30000, 0.3651483716701107
31000, 0.3651483716701107
32000, 0.3651483716701107
33000, 0.3651483716701107
34000, 0.3651483716701107
35000, 0.3651483716701107
36000, 0.3651483716701107
37000, 0.3651483716701107
38000, 0.3651483716701107
39000, 0.3651483716701107
40000, 0.3651483716701107
41000, 0.3651483716701107
42000, 0.3651483716701107
43000, 0.3651483716701107
44000, 0.3651483716701107
45000, 0.3651483716701107
46000, 0.3651483716701107
47000, 0.3651483716701107
48000, 0.3651483716701107
49000, 0.3651483716701107
50000, 0.3651483716701107
51000, 0.3651483716701107
52000, 0.3651483716701107
53000, 0.3651483716701107
54000, 0.3651483716701107
55000, 0.3651483716701107
56000, 0.3651483716701107
57000, 0.3651483716701107
58000, 0.3651483716701107
59000, 0.3651483716701107
60000, 0.3651483716701107
61000, 0.3651483716701107
62000, 0.3651483716701107
63000, 0.3651483716701107
64000, 0.3651483716701107
65000, 0.3651483716701107
66000, 0.3651483716701107
67000, 0.3651483716701107
68000, 0.3651483716701107
69000, 0.3651483716701107
70000, 0.3651483716701107
71000, 0.3651483716701107
72000, 0.3651483716701107
73000, 0.3651483716701107
74000, 0.3651483716701107
75000, 0.3651483716701107
76000, 0.3651483716701107
77000, 0.3651483716701107
78000, 0.3651483716701107
79000, 0.3651483716701107
80000, 0.3651483716701107
81000, 0.3651483716701107
82000, 0.3651483716701107
83000, 0.3651483716701107
84000, 0.3651483716701107
85000, 0.3651483716701107
86000, 0.3651483716701107
87000, 0.3651483716701107
88000, 0.3651483716701107
89000, 0.3651483716701107
90000, 0.3651483716701107
91000, 0.3651483716701107
92000, 0.3651483716701107
93000, 0.3651483716701107
94000, 0.3651483716701107
95000, 0.3651483716701107
96000, 0.3651483716701107
97000, 0.3651483716701107
98000, 0.3651483716701107
99000, 0.3651483716701107
100000, 0.3651483716701107
