1, 4.362175079999819
2, 5.913664563654973
3, 9.628825770273638
4, 9.474778549994115
5, 9.359487165438072
6, 9.335033858688309
7, 9.432466727819854
8, 10.44577836804351
9, 12.916213509716052
10, 12.633289357883005
15, 13.831640745561812
20, 14.441013023429386
25, 13.948886284267592
30, 14.409322379229755
35, 15.179873893697913
40, 15.538891300769912
45, 16.50800671535742
50, 18.031718086273898
55, 17.190528953882882
60, 17.1697408250678
65, 18.130479467302724
70, 17.951522020629415
75, 18.426688718889707
80, 18.91258084677272
85, 18.270976203492012
90, 17.24528921183985
95, 17.23948955160796
100, 17.378147196982766
150, 15.808677544762741
200, 13.870832707519762
250, 12.858571349215167
300, 12.125533861590236
350, 12.46022242406382
400, 10.628801840820469
450, 9.70714022915974
500, 9.012689466999927
550, 8.714519903176372
600, 8.097618697581936
650, 7.740431881638499
700, 7.681145747868608
750, 7.683005364346132
800, 7.4200500575901005
850, 7.254555219210301
900, 6.217486860230816
950, 6.009516262918814
1000, 6.0
1250, 6.217486860230816
1500, 6.106202935189288
1750, 6.173676839152314
2000, 5.954590066255011
2250, 5.68205194324324
2500, 5.390467777210328
2750, 5.562630415806639
3000, 5.286100371999868
3250, 5.143650732421755
3500, 5.082181758710665
3750, 4.860922898850735
4000, 5.226307081896902
4250, 5.521386989309324
4500, 5.534308577281486
4750, 4.919349550499537
5000, 5.101820403402243
5250, 4.887301329539063
5500, 4.7479318806041375
5750, 4.810702354423639
6000, 4.591918366621328
6250, 4.959838707054898
6500, 4.36871998252512
6750, 4.18500725379129
7000, 4.375255094603872
7250, 4.47213595499958
7500, 4.362175079999819
7750, 4.286190449738388
8000, 4.36871998252512
8250, 4.427188724235731
8500, 4.232527107330291
8750, 4.0
9000, 3.7568984168174833
9250, 3.861901826080735
9500, 3.985688683993556
9750, 3.865599195837192
10000, 3.676178139628943
11000, 3.3636714634883287
12000, 3.089151524748688
13000, 3.268901082277389
14000, 3.03315017762062
15000, 2.8834503141697647
16000, 2.7619868624907378
17000, 2.704493615131253
18000, 2.741219749360805
19000, 2.699206232527312
20000, 2.4260491103261463
21000, 2.5801439605461662
22000, 2.4899799195977463
23000, 2.6832815729997477
24000, 2.2866069685390684
25000, 2.32379000772445
26000, 2.4784787961282104
27000, 2.3784749015162756
28000, 2.8284271247461903
29000, 2.7825989906663056
30000, 2.4083189157584592
31000, 2.242447642325552
32000, 2.2614786566062732
33000, 2.117950491799628
34000, 1.780850519113991
35000, 1.9198214202665531
36000, 1.8126539343499315
37000, 2.090796157311509
38000, 2.274077520980446
39000, 2.117950491799628
40000, 1.9639610121239315
41000, 1.7484687178050562
42000, 1.5306394555404428
43000, 1.5856499343441837
44000, 1.65615734242165
45000, 1.5946338585572373
46000, 1.6987390281365427
47000, 1.7071279138616748
48000, 1.65615734242165
49000, 1.3522468075656264
50000, 1.4540583599999397
51000, 1.3309502512973848
52000, 1.3309502512973848
53000, 1.4832396974191326
54000, 1.558387444947959
55000, 1.4832396974191326
56000, 1.5675276256394517
57000, 1.6388149028228556
58000, 1.4442002235542986
59000, 1.5675276256394517
60000, 1.4142135623730951
61000, 1.4342743312012722
62000, 1.5399443403670703
63000, 1.4832396974191326
64000, 1.52127765851133
65000, 1.6300744943538186
66000, 1.5491933384829668
67000, 1.5118578920369088
68000, 1.6903085094570331
69000, 1.6388149028228556
70000, 1.61245154965971
71000, 1.4638501094227998
72000, 1.5118578920369088
73000, 1.558387444947959
74000, 1.7154757774032086
75000, 1.65615734242165
76000, 1.5399443403670703
77000, 1.5675276256394517
78000, 1.61245154965971
79000, 1.5491933384829668
80000, 1.6733200530681511
81000, 1.5306394555404428
82000, 1.3835771443203715
83000, 1.3938641048743392
84000, 1.3201731488169053
85000, 1.3732131246511903
86000, 1.4638501094227998
87000, 1.4442002235542986
88000, 1.5306394555404428
89000, 1.3835771443203715
90000, 1.2873006086935783
91000, 1.3093073414159542
92000, 1.3835771443203715
93000, 1.52127765851133
94000, 1.5023790657297036
95000, 1.6035674514745464
96000, 1.4442002235542986
97000, 1.558387444947959
98000, 1.4142135623730951
99000, 1.5023790657297036
100000, 1.4040757000349275
