21.927803616152975
16.893785839769603
14.646306214001047
12.558434843334807
11.266892080021764
9.786287782986385
9.450623562193435
8.206269380349218
7.688581515096638
7.721953860816019
7.576278769950324
8.315218406202998
7.608266181313209
6.903415303829175
6.6654760841646885
6.648308055437865
6.813851438692469
6.394193794819976
6.1620961183211485
6.009516262918814
5.296899362565128
5.799014694633169
5.826049874731347
5.3745431699554045
5.8700206862619195
5.406345478099918
5.623928469368314
5.395765535518173
5.212622043792219
5.082181758710665
5.174111379882402
4.774934554525329
5.135311925426592
5.326483696720433
5.256288750494157
5.0142653642240695
4.771941803021971
4.3490557267395085
4.591918366621328
4.456135417280635
4.644505202002531
4.513471897711181
4.500793580819149
4.714718594844387
4.551294949163998
4.641428351580701
4.756949803032551
4.468940430507949
4.869731585445518
4.810702354423639
4.579457235462361
4.516635916254486
4.378518992927697
4.322697570466188
4.239272174728649
4.58257569495584
4.744922097810007
4.475329197787737
4.465742619414731
4.423960733486292
4.616739727804212
4.7086546455891805
4.332600670662895
4.249369701160733
4.05674042269688
3.9424430424366492
3.8396428405331062
3.794733192202055
3.858200913082973
3.872983346207417
3.687817782917155
3.6916895086899477
3.553670135025398
3.4351128074635335
3.089151524748688
3.4517076519145875
3.6645015252516173
3.625307868699863
3.906039280030714
3.9169959334746753
3.680062111277083
3.7263540204487127
3.625307868699863
3.7530939617486645
3.714835124201342
3.6371103129505746
3.6371103129505746
3.60951124510943
3.7568984168174833
3.7416573867739413
3.6449573777637356
3.63318042491699
3.672290060127915
3.541589635016618
3.764495792457281
3.8060102844992794
3.783422486887463
4.0178174601214955
4.024922359499621
3.553670135025398
3.6488745818794204
3.625307868699863
3.268901082277389
3.3974780562730853
3.484660262185848
3.525417908358019
3.676178139628943
3.6015869518072963
3.589667712437223
3.5777087639996634
3.5816995167896803
3.480558247506528
3.525417908358019
3.389058023361991
3.286335345030997
3.2732683535398857
3.389058023361991
3.359421718944242
3.3806170189140663
3.2071349029490928
3.299350585450762
3.0798886807341406
3.089151524748688
3.2469766156929962
2.9664793948382653
3.1441555759399513
3.004758131459407
2.9856801091687157
2.903200204700225
3.1441555759399513
3.1532296368734616
3.1892677171144745
3.1259284335103663
3.3806170189140663
3.320929301953209
3.4142558277233497
3.22490309931942
3.175801361186541
3.251373336211726
3.202677451312083
3.3123146848433
3.22490309931942
2.9568322818274866
3.004758131459407
3.1304951684997055
3.0845235797908424
3.3423687066852112
3.4599752269963684
3.3123146848433
3.439269025326665
3.238165265349236
3.277629805645711
3.3123146848433
3.359421718944242
3.3509060608395793
3.3166247903554
3.166791977470486
3.0845235797908424
3.093772546815388
3.1121880222303866
3.2337505867247796
3.2645279685036943
3.3509060608395793
3.3423687066852112
3.238165265349236
3.3551665915633544
3.1847852585154217
3.2906794782493525
3.1075943842694236
3.0983866769659336
3.175801361186541
3.1304951684997055
3.299350585450762
3.2337505867247796
3.303677604471374
3.148695875165735
3.198213787189879
3.1712998686883673
3.180296482135858
3.2293298729878046
3.2425739335111103
3.1937438845342623
3.1213550171131033
3.299350585450762
3.3466401061363023
3.2732683535398857
3.2425739335111103
3.1350552512789034
3.1847852585154217
3.051931472737505
3.1577568892219317
3.1532296368734616
3.202677451312083
3.1396087108337016
3.004758131459407
2.9952343099378003
3.056608765095256
2.937443008565686
3.004758131459407
3.028436654683167
3.070597894314954
3.1847852585154217
2.917924898671265
2.9471535904520287
3.0189875313233268
3.0612789110808856
3.0472470011002204
3.070597894314954
3.116774889895918
3.116774889895918
3.0142518616920992
3.0
2.9130249373656736
2.9760952365713798
2.9568322818274866
2.8834503141697647
2.922816645439317
2.961659766318301
2.898275349237888
2.8132340311971404
2.843539042410757
2.893342111024649
2.8535691936340255
2.9856801091687157
2.990461025135948
2.8834503141697647
2.8635642126552705
2.7877282097486784
2.704493615131253
2.6832815729997477
2.7464262493023806
2.6295029405356662
2.6295029405356662
2.6349301969610397
2.53546276418555
2.585674822114004
2.4727081741050063
2.3603873774083293
2.5071326821120348
2.4201534780139164
2.524168887263404
2.6349301969610397
2.53546276418555
2.5071326821120348
2.4319304501333328
2.4842360136324753
2.53546276418555
2.5410908793553326
2.5634797778466227
2.5410908793553326
2.4319304501333328
2.53546276418555
2.3482516292522218
2.4023797725231892
2.3964259101539405
2.3964259101539405
2.274077520980446
2.3844735867092943
2.3724610489050035
2.3964259101539405
2.248809208701987
2.274077520980446
2.2928460168844436
2.2614786566062732
2.2677868380553634
2.23606797749979
2.29906813420444
2.4842360136324753
2.5071326821120348
2.2168188275738085
2.2038926600773587
2.0632844828435215
2.0701966780270626
2.197401062294143
2.177810171446801
2.02837021134844
2.042407542932745
2.1514114968019085
2.0354009783964297
2.0
2.007130147392398
