1, 33.94063444702628
2, 33.25758058949368
3, 32.47922412866416
4, 32.202484376209235
5, 31.90402273486318
6, 31.05854686448375
7, 30.421483636842346
8, 29.56743704370288
9, 29.321778027034217
10, 29.00517195260183
15, 27.316661582265137
20, 25.600781238079435
25, 23.946468076385155
30, 22.733235581412515
35, 21.4600403851748
40, 19.300259065618782
45, 18.272930799409274
50, 17.543279814979485
55, 17.83348909589297
60, 17.780138732117173
65, 17.170711497586037
70, 15.652475842498529
75, 14.84811997077969
80, 14.670832741645354
85, 14.19506956657839
90, 13.814243856734734
95, 13.506788416693782
100, 13.224976370489287
150, 10.44190276402406
200, 8.988882021697693
250, 8.360621986431392
300, 8.193493353468552
350, 7.57407860182786
400, 7.674633541739957
450, 7.318925239860472
500, 7.565271530707496
550, 6.848357467305573
600, 6.239658110292048
650, 6.298147875897061
700, 5.747463208523682
750, 5.645056834671079
800, 5.522680508593631
850, 5.212165257037297
900, 5.458937625582473
950, 5.400617248673217
1000, 5.564770136013406
1250, 4.774934554525329
1500, 4.094712037087183
1750, 4.3089055068157
2000, 3.8078865529319543
2250, 3.7727090178455764
2500, 3.642343567906063
2750, 3.5777087639996634
3000, 3.492849839314596
3250, 3.3763886032268267
3500, 3.24037034920393
3750, 3.492849839314596
4000, 3.1885210782848317
4250, 3.1144823004794873
4500, 2.988868236194653
4750, 2.9552213679068666
5000, 3.2145502536643185
5250, 3.1622776601683795
5500, 3.2812599206199238
5750, 3.3015148038438356
6000, 2.9154759474226504
6250, 2.816617356570348
6500, 2.8343135559308417
6750, 2.74469184669852
7000, 2.8635642126552705
7250, 2.9154759474226504
7500, 2.786873995477131
7750, 2.804757862395017
8000, 2.9097537123726926
8250, 3.0386400466875525
8500, 3.255764119219941
8750, 3.3065591380365986
9000, 2.9776948578836393
9250, 2.8225284173355396
9500, 3.03315017762062
9750, 2.798809270624444
10000, 2.886751345948129
11000, 3.005550421026627
12000, 2.562550812504343
13000, 2.7264140062238043
14000, 2.6012817353502227
15000, 2.7688746209726918
16000, 2.4289915602982237
17000, 2.569046515733026
18000, 2.581988897471611
19000, 2.701851217221259
20000, 2.652043237455478
21000, 2.6204325342711394
22000, 2.588435821108957
23000, 2.594866727470475
24000, 2.581988897471611
25000, 2.5495097567963922
26000, 2.449489742783178
27000, 2.401388487243717
28000, 2.422120283277993
29000, 2.456284456925405
30000, 2.273030282830976
31000, 2.463060426921489
32000, 2.1291625896895083
33000, 1.9321835661585918
34000, 2.1525179054617256
35000, 2.0896570691543306
36000, 2.008316044185609
37000, 1.983263304085802
38000, 1.9148542155126762
39000, 1.906130460732773
40000, 2.041241452319315
41000, 1.7888543819998317
42000, 1.7888543819998317
43000, 1.6832508230603465
44000, 1.559914527573012
45000, 1.6020819787597222
46000, 1.570562531918633
47000, 1.66332999331662
48000, 1.6431676725154984
49000, 1.61245154965971
50000, 1.6532795690182993
51000, 1.70293863659264
52000, 1.6532795690182993
53000, 1.6431676725154984
54000, 1.7795130420052185
55000, 1.591644851508443
56000, 1.559914527573012
57000, 1.4832396974191326
58000, 1.4375905768565218
59000, 1.570562531918633
60000, 1.591644851508443
61000, 1.4719601443879744
62000, 1.4944341180973264
63000, 1.559914527573012
64000, 1.390443574307614
65000, 1.378404875209022
66000, 1.449137674618944
67000, 1.449137674618944
68000, 1.3038404810405297
69000, 1.2382783747337807
70000, 1.2780193008453875
71000, 1.3165611772087666
72000, 1.35400640077266
73000, 1.35400640077266
74000, 1.3038404810405297
75000, 1.4142135623730951
76000, 1.4605934866804429
77000, 1.35400640077266
78000, 1.2909944487358056
79000, 1.3038404810405297
80000, 1.2909944487358056
81000, 1.3038404810405297
82000, 1.3165611772087666
83000, 1.2110601416389966
84000, 1.3038404810405297
85000, 1.378404875209022
86000, 1.378404875209022
87000, 1.378404875209022
88000, 1.35400640077266
89000, 1.3416407864998738
90000, 1.378404875209022
91000, 1.4832396974191326
92000, 1.390443574307614
93000, 1.449137674618944
94000, 1.4023789311975086
95000, 1.390443574307614
96000, 1.3038404810405297
97000, 1.3038404810405297
98000, 1.3165611772087666
99000, 1.3165611772087666
100000, 1.3416407864998738
