1, 2.04939015319192
2, 3.3166247903554
3, 3.0983866769659336
4, 2.5298221281347035
5, 3.03315017762062
6, 3.0659419433511785
7, 3.1304951684997055
8, 3.5496478698597698
9, 3.492849839314596
10, 3.9496835316262997
15, 3.7682887362833544
20, 2.1908902300206643
25, 2.449489742783178
30, 2.1447610589527217
35, 1.8973665961010275
40, 1.8973665961010275
45, 2.23606797749979
50, 2.5298221281347035
55, 2.3664319132398464
60, 2.1908902300206643
65, 2.1908902300206643
70, 1.5491933384829668
75, 1.1832159566199232
80, 1.6733200530681511
85, 1.6733200530681511
90, 1.7320508075688772
95, 1.6733200530681511
100, 1.4142135623730951
150, 1.7888543819998317
200, 1.6733200530681511
250, 1.0
300, 0.7745966692414834
350, 0.7745966692414834
400, 0.4472135954999579
450, 0.4472135954999579
500, 1.0
550, 0.6324555320336759
600, 0.6324555320336759
650, 0.4472135954999579
700, 0.6324555320336759
750, 0.6324555320336759
800, 0.4472135954999579
850, 0.0
900, 0.4472135954999579
950, 0.4472135954999579
1000, 0.4472135954999579
1250, 0.4472135954999579
1500, 0.6324555320336759
1750, 0.4472135954999579
2000, 0.6324555320336759
2250, 0.7745966692414834
2500, 0.8944271909999159
2750, 0.7745966692414834
3000, 0.7745966692414834
3250, 0.6324555320336759
3500, 0.6324555320336759
3750, 0.6324555320336759
4000, 0.6324555320336759
4250, 0.6324555320336759
4500, 0.4472135954999579
4750, 0.6324555320336759
5000, 0.4472135954999579
5250, 0.0
5500, 0.6324555320336759
5750, 0.4472135954999579
6000, 0.4472135954999579
6250, 0.4472135954999579
6500, 0.4472135954999579
6750, 0.4472135954999579
7000, 0.4472135954999579
7250, 0.4472135954999579
7500, 0.0
7750, 0.4472135954999579
8000, 0.4472135954999579
8250, 0.4472135954999579
8500, 0.4472135954999579
8750, 0.4472135954999579
9000, 0.0
9250, 0.0
9500, 0.0
9750, 0.4472135954999579
10000, 0.4472135954999579
11000, 0.4472135954999579
12000, 0.0
13000, 0.0
14000, 0.0
15000, 0.0
16000, 0.0
17000, 0.0
18000, 0.0
19000, 0.0
20000, 0.0
21000, 0.0
22000, 0.0
23000, 0.0
24000, 0.0
25000, 0.0
26000, 0.0
27000, 0.0
28000, 0.0
29000, 0.0
30000, 0.0
31000, 0.0
32000, 0.0
33000, 0.0
34000, 0.0
35000, 0.0
36000, 0.0
37000, 0.0
38000, 0.0
39000, 0.0
40000, 0.0
41000, 0.0
42000, 0.0
43000, 0.0
44000, 0.0
45000, 0.0
46000, 0.0
47000, 0.0
48000, 0.0
49000, 0.0
50000, 0.0
51000, 0.0
52000, 0.0
53000, 0.0
54000, 0.0
55000, 0.0
56000, 0.0
57000, 0.0
58000, 0.0
59000, 0.0
60000, 0.0
61000, 0.0
62000, 0.0
63000, 0.0
64000, 0.0
65000, 0.0
66000, 0.0
67000, 0.0
68000, 0.0
69000, 0.0
70000, 0.0
71000, 0.0
72000, 0.0
73000, 0.0
74000, 0.0
75000, 0.0
76000, 0.0
77000, 0.0
78000, 0.0
79000, 0.0
80000, 0.0
81000, 0.0
82000, 0.0
83000, 0.0
84000, 0.0
85000, 0.0
86000, 0.0
87000, 0.0
88000, 0.0
89000, 0.0
90000, 0.0
91000, 0.0
92000, 0.0
93000, 0.0
94000, 0.0
95000, 0.0
96000, 0.0
97000, 0.0
98000, 0.0
99000, 0.0
100000, 0.0
