3.4351128074635335
3.3166247903554
3.8987177379235853
3.872983346207417
3.5777087639996634
2.792848008753788
2.898275349237888
2.6832815729997477
2.756809750418044
2.6832815729997477
2.569046515733026
2.4083189157584592
2.4083189157584592
2.3664319132398464
2.1447610589527217
2.3664319132398464
2.569046515733026
2.23606797749979
2.0976176963403033
2.280350850198276
2.280350850198276
2.280350850198276
2.04939015319192
2.04939015319192
2.04939015319192
1.8973665961010275
1.8973665961010275
1.8439088914585775
1.8439088914585775
1.8439088914585775
2.0
2.0976176963403033
2.0976176963403033
2.0976176963403033
2.0976176963403033
2.0976176963403033
2.23606797749979
2.0976176963403033
2.0976176963403033
2.23606797749979
2.23606797749979
1.9493588689617927
1.9493588689617927
1.8439088914585775
1.7320508075688772
2.0976176963403033
2.04939015319192
1.7320508075688772
1.7320508075688772
1.61245154965971
1.4832396974191326
1.5491933384829668
1.61245154965971
1.7888543819998317
1.7888543819998317
1.7888543819998317
2.3664319132398464
2.3664319132398464
2.04939015319192
2.0
2.0
2.32379000772445
2.0
2.0
2.0
2.32379000772445
2.32379000772445
2.0
2.0
2.0
2.0
1.61245154965971
1.5491933384829668
1.5491933384829668
1.8439088914585775
1.8439088914585775
1.8439088914585775
1.8439088914585775
1.8439088914585775
1.8439088914585775
1.8439088914585775
1.8439088914585775
1.8439088914585775
2.3664319132398464
2.569046515733026
2.4083189157584592
2.569046515733026
2.569046515733026
2.32379000772445
2.4083189157584592
2.1908902300206643
2.1908902300206643
2.1908902300206643
2.1908902300206643
2.1908902300206643
1.8439088914585775
2.1447610589527217
1.7888543819998317
1.7888543819998317
1.7888543819998317
1.7888543819998317
1.7888543819998317
1.7888543819998317
1.7888543819998317
1.6733200530681511
2.04939015319192
2.04939015319192
1.61245154965971
1.61245154965971
1.6733200530681511
1.6733200530681511
1.6733200530681511
1.4142135623730951
1.5491933384829668
1.61245154965971
2.0
2.1447610589527217
2.0
2.1447610589527217
2.32379000772445
2.23606797749979
2.23606797749979
2.23606797749979
2.1447610589527217
2.0
2.04939015319192
2.0
2.4083189157584592
2.1447610589527217
2.32379000772445
2.5298221281347035
2.5298221281347035
2.569046515733026
2.5298221281347035
2.5298221281347035
2.5298221281347035
2.569046515733026
2.569046515733026
2.569046515733026
2.569046515733026
2.569046515733026
2.569046515733026
2.569046515733026
2.569046515733026
2.569046515733026
2.569046515733026
2.569046515733026
2.569046515733026
2.569046515733026
2.569046515733026
2.569046515733026
2.569046515733026
2.569046515733026
2.569046515733026
2.569046515733026
2.569046515733026
2.5298221281347035
2.5298221281347035
2.5298221281347035
2.5298221281347035
2.5298221281347035
2.32379000772445
2.32379000772445
2.32379000772445
2.32379000772445
2.5298221281347035
2.32379000772445
2.32379000772445
2.32379000772445
2.32379000772445
2.32379000772445
2.32379000772445
2.32379000772445
2.32379000772445
2.32379000772445
2.32379000772445
2.5298221281347035
2.32379000772445
2.32379000772445
2.32379000772445
2.32379000772445
2.32379000772445
2.32379000772445
2.32379000772445
2.32379000772445
2.32379000772445
2.32379000772445
2.32379000772445
2.32379000772445
2.32379000772445
2.32379000772445
2.32379000772445
2.32379000772445
2.32379000772445
2.32379000772445
2.32379000772445
2.32379000772445
2.32379000772445
2.32379000772445
2.32379000772445
2.32379000772445
2.32379000772445
2.32379000772445
2.32379000772445
2.32379000772445
2.32379000772445
2.32379000772445
2.32379000772445
2.32379000772445
2.32379000772445
2.32379000772445
2.32379000772445
2.32379000772445
2.32379000772445
2.1447610589527217
2.1447610589527217
2.32379000772445
2.1447610589527217
2.1447610589527217
2.1447610589527217
2.1447610589527217
2.1447610589527217
2.1447610589527217
2.1447610589527217
2.1447610589527217
2.1447610589527217
2.1447610589527217
2.1447610589527217
2.1447610589527217
2.1447610589527217
2.1447610589527217
2.1447610589527217
2.1447610589527217
2.1447610589527217
2.1447610589527217
2.1447610589527217
2.1447610589527217
2.1447610589527217
2.1447610589527217
2.1447610589527217
2.1908902300206643
2.1908902300206643
2.1908902300206643
2.1908902300206643
2.1908902300206643
2.1908902300206643
2.1908902300206643
2.1908902300206643
2.1908902300206643
2.1447610589527217
2.1908902300206643
2.1908902300206643
2.1908902300206643
2.1908902300206643
2.1908902300206643
2.1447610589527217
2.1447610589527217
2.1447610589527217
2.1447610589527217
2.1447610589527217
2.1447610589527217
2.1447610589527217
2.1447610589527217
2.32379000772445
2.32379000772445
2.32379000772445
2.5298221281347035
2.5298221281347035
2.5298221281347035
2.1447610589527217
2.1447610589527217
2.1447610589527217
2.32379000772445
2.32379000772445
2.32379000772445
2.1447610589527217
2.1447610589527217
2.1447610589527217
2.1447610589527217
2.1447610589527217
2.1447610589527217
2.1447610589527217
2.1447610589527217
2.1447610589527217
2.32379000772445
2.1447610589527217
2.1447610589527217
1.9493588689617927
1.9493588689617927
1.9493588689617927
1.9493588689617927
1.9493588689617927
2.1447610589527217
1.9493588689617927
1.9493588689617927
2.1447610589527217
2.1447610589527217
2.1447610589527217
2.1447610589527217
2.1447610589527217
2.32379000772445
2.5298221281347035
2.5298221281347035
2.5298221281347035
2.3664319132398464
2.569046515733026
2.569046515733026
2.569046515733026
2.569046515733026
2.569046515733026
2.5298221281347035
2.569046515733026
2.569046515733026
2.5298221281347035
2.5298221281347035
2.5298221281347035
2.5298221281347035
2.569046515733026
2.569046515733026
2.569046515733026
2.569046515733026
2.569046515733026
2.569046515733026
2.569046515733026
2.569046515733026
2.569046515733026
2.569046515733026
2.569046515733026
2.569046515733026
2.569046515733026
2.569046515733026
2.569046515733026
2.569046515733026
2.569046515733026
2.569046515733026
2.569046515733026
2.569046515733026
2.569046515733026
2.569046515733026
2.569046515733026
2.569046515733026
2.569046515733026
2.569046515733026
2.569046515733026
2.569046515733026
2.569046515733026
2.569046515733026
2.569046515733026
2.569046515733026
2.569046515733026
2.569046515733026
2.569046515733026
2.569046515733026
2.569046515733026
2.569046515733026
2.569046515733026
2.6457513110645907
2.6457513110645907
2.6457513110645907
2.6457513110645907
2.6457513110645907
2.6457513110645907
2.6457513110645907
2.6457513110645907
2.569046515733026
2.6457513110645907
2.6457513110645907
2.6457513110645907
2.6457513110645907
2.6457513110645907
2.569046515733026
2.569046515733026
2.569046515733026
2.569046515733026
2.569046515733026
2.569046515733026
2.4083189157584592
2.4083189157584592
2.4083189157584592
2.4083189157584592
2.4083189157584592
2.4083189157584592
2.4083189157584592
2.4083189157584592
2.4083189157584592
2.4083189157584592
2.32379000772445
2.32379000772445
2.4083189157584592
2.4083189157584592
2.4083189157584592
2.4083189157584592
2.32379000772445
2.4083189157584592
2.32379000772445
2.32379000772445
2.32379000772445
2.32379000772445
2.32379000772445
2.32379000772445
