4.679743582719036
3.626292872893749
3.6674241641784495
3.8340579025361627
3.640054944640259
3.0083217912982647
2.9410882339705484
2.345207879911715
2.280350850198276
2.355843797877949
1.91049731745428
1.9748417658131499
1.746424919657298
2.0371548787463363
1.7175564037317668
1.6881943016134133
1.91049731745428
1.9364916731037085
2.04939015319192
1.8303005217723127
1.9621416870348585
2.073644135332772
2.0976176963403033
2.0615528128088303
1.7175564037317668
1.3038404810405297
1.3601470508735443
1.3416407864998738
1.378404875209022
1.3601470508735443
1.5
1.396424004376894
1.3416407864998738
1.3601470508735443
1.284523257866513
1.2649110640673518
1.3601470508735443
1.396424004376894
1.3601470508735443
1.4142135623730951
1.3601470508735443
1.3416407864998738
1.3601470508735443
1.3038404810405297
1.2449899597988732
1.118033988749895
1.0488088481701516
0.9486832980505138
0.9746794344808963
1.2041594578792296
1.0
0.9746794344808963
1.0954451150103321
0.9746794344808963
1.0
1.0488088481701516
1.0723805294763609
1.0488088481701516
1.0
1.02469507659596
0.8366600265340756
0.9486832980505138
0.806225774829855
0.8366600265340756
0.8366600265340756
0.8660254037844386
0.806225774829855
0.8366600265340756
0.9219544457292888
0.8660254037844386
0.8366600265340756
0.8366600265340756
0.7416198487095663
0.7416198487095663
0.806225774829855
0.8366600265340756
0.8660254037844386
0.8366600265340756
0.8660254037844386
0.806225774829855
0.7416198487095663
0.9219544457292888
0.9219544457292888
0.9746794344808963
0.9746794344808963
0.9746794344808963
0.9746794344808963
0.9746794344808963
1.0488088481701516
1.0
1.0
1.0488088481701516
0.9219544457292888
1.0
1.0
1.0
0.7416198487095663
0.8944271909999159
0.7745966692414834
0.7416198487095663
0.9219544457292888
0.9219544457292888
0.8944271909999159
1.0488088481701516
0.8660254037844386
0.9219544457292888
0.8660254037844386
0.8366600265340756
0.8366600265340756
0.8944271909999159
0.8944271909999159
0.9219544457292888
0.8944271909999159
0.8944271909999159
1.0
1.0
1.0
0.9219544457292888
0.8944271909999159
0.8944271909999159
0.9746794344808963
1.0
0.9486832980505138
0.9486832980505138
0.9486832980505138
0.9486832980505138
0.9486832980505138
0.8944271909999159
0.8944271909999159
0.8660254037844386
0.8660254037844386
0.8660254037844386
0.8660254037844386
0.6708203932499369
0.5916079783099616
0.5477225575051661
0.4472135954999579
0.5
0.5
0.5477225575051661
0.5477225575051661
0.7071067811865476
0.5916079783099616
0.7071067811865476
0.7416198487095663
0.7416198487095663
0.7416198487095663
0.7416198487095663
0.7745966692414834
0.7745966692414834
0.7416198487095663
0.7416198487095663
0.7071067811865476
0.7071067811865476
0.7745966692414834
0.7745966692414834
0.7745966692414834
0.7745966692414834
0.7745966692414834
0.7745966692414834
0.7745966692414834
0.7745966692414834
0.7745966692414834
0.7745966692414834
0.7416198487095663
0.7745966692414834
0.7745966692414834
0.7745966692414834
0.7745966692414834
0.7071067811865476
0.8660254037844386
0.8366600265340756
0.8366600265340756
0.8366600265340756
0.8366600265340756
0.8660254037844386
0.8660254037844386
0.8660254037844386
0.8366600265340756
0.8366600265340756
0.806225774829855
0.9219544457292888
0.9219544457292888
0.806225774829855
0.806225774829855
0.806225774829855
0.806225774829855
0.7071067811865476
0.6708203932499369
0.6708203932499369
0.6708203932499369
0.6708203932499369
0.6708203932499369
0.6324555320336759
0.6324555320336759
0.6324555320336759
0.6324555320336759
0.6324555320336759
0.6324555320336759
0.5477225575051661
0.5477225575051661
0.5477225575051661
0.5
0.5
0.5916079783099616
0.6324555320336759
0.6708203932499369
0.6708203932499369
0.6708203932499369
0.6708203932499369
0.6708203932499369
0.5916079783099616
0.5916079783099616
0.5916079783099616
0.5916079783099616
0.5916079783099616
0.5916079783099616
0.5477225575051661
0.5477225575051661
0.5477225575051661
0.5477225575051661
0.5477225575051661
0.5477225575051661
0.5477225575051661
0.5477225575051661
0.5916079783099616
0.6324555320336759
0.6708203932499369
0.6708203932499369
0.6708203932499369
0.6708203932499369
0.6708203932499369
0.7745966692414834
0.7416198487095663
0.7416198487095663
0.7071067811865476
0.7416198487095663
0.7416198487095663
0.7416198487095663
0.7416198487095663
0.7416198487095663
0.6708203932499369
0.6708203932499369
0.6708203932499369
0.6708203932499369
0.6708203932499369
0.7416198487095663
0.7416198487095663
0.6324555320336759
0.6324555320336759
0.5477225575051661
0.5477225575051661
0.5477225575051661
0.5477225575051661
0.5916079783099616
0.5477225575051661
0.5477225575051661
0.5
0.5
0.5
0.5
0.5
0.5
0.5
0.5477225575051661
0.5477225575051661
0.6324555320336759
0.6324555320336759
0.6324555320336759
0.6324555320336759
0.6324555320336759
0.6324555320336759
0.6324555320336759
0.6324555320336759
0.6324555320336759
0.6324555320336759
0.6324555320336759
0.6324555320336759
0.5477225575051661
0.5477225575051661
0.5477225575051661
0.5477225575051661
0.5
0.5
0.5
0.5
0.5
0.5
0.4472135954999579
0.4472135954999579
0.4472135954999579
0.4472135954999579
0.4472135954999579
0.4472135954999579
0.4472135954999579
0.4472135954999579
0.5
0.5477225575051661
0.5
0.5
0.5477225575051661
0.5477225575051661
0.5477225575051661
0.5477225575051661
0.5477225575051661
0.5916079783099616
0.5916079783099616
0.5916079783099616
0.5916079783099616
0.5916079783099616
0.5477225575051661
0.6708203932499369
0.6708203932499369
0.6324555320336759
0.6324555320336759
0.5477225575051661
0.5477225575051661
0.5477225575051661
0.5477225575051661
0.5
0.5
0.5477225575051661
0.5477225575051661
0.5916079783099616
0.5916079783099616
0.5916079783099616
0.5916079783099616
0.5916079783099616
0.5916079783099616
0.5916079783099616
0.5916079783099616
0.5916079783099616
0.5916079783099616
0.5916079783099616
0.5916079783099616
0.5916079783099616
0.5916079783099616
0.6708203932499369
0.6708203932499369
0.6708203932499369
0.6708203932499369
0.6708203932499369
0.6708203932499369
0.6708203932499369
0.6708203932499369
0.6708203932499369
0.6708203932499369
0.7745966692414834
0.7071067811865476
0.7071067811865476
0.7071067811865476
0.7071067811865476
0.7071067811865476
0.7071067811865476
0.7071067811865476
0.7071067811865476
0.6708203932499369
0.6708203932499369
0.5477225575051661
0.5477225575051661
0.5
0.5
0.5
0.5
0.5
0.5
0.5
0.5
0.5
0.5
0.5
0.5
0.5
0.5
0.5
0.5
0.4472135954999579
0.5
0.5916079783099616
0.5916079783099616
0.5916079783099616
0.5916079783099616
0.5477225575051661
0.5477225575051661
0.5477225575051661
0.5
0.5477225575051661
0.5477225575051661
0.5477225575051661
0.5477225575051661
0.5
0.5
0.5
0.4472135954999579
0.4472135954999579
0.5
0.5
0.5
0.5
0.5
