17.255226951357585
13.72068303172779
12.328828005937952
10.924415643083941
11.127828693351251
10.573551910309043
9.489844195620014
8.85115004634184
8.642089694380305
8.176621726430962
7.429670248402684
7.418124522315019
6.957010852370434
6.607355208942748
7.008158510927512
6.832694511370627
6.635402883666631
6.50933395758956
6.274665614311935
6.609516947986009
6.3358391032961965
6.418722614352485
6.380774695464941
6.08511063404532
6.00476001661539
5.94498588247753
5.7916195613021015
5.903993805649092
5.752018279327204
5.572893580281509
5.313056693521294
5.2317710740655095
5.272570530585627
5.0709255283711
5.382511362870363
4.726823155445647
4.849153092477667
4.9396356140913875
4.9106298694043025
5.269860393922079
5.031330411957231
5.028490259085155
4.563832975533989
4.7479318806041375
4.68736904578982
5.0142653642240695
4.916444708468567
5.076556763341524
4.884377427793931
4.557568273918513
4.616739727804212
4.681269669041265
4.613644360558612
4.83440053899432
4.371988759624814
4.573213937078137
4.475329197787737
4.638349460129725
4.423960733486292
4.491261356392942
4.662923668993215
4.491261356392942
4.394802124588286
4.191828786034631
4.007136490954963
3.858200913082973
4.140393356054125
4.1507314329611145
4.475329197787737
4.36871998252512
4.102264183176338
4.0813163142720095
3.9569107719460717
3.9677269491305904
3.847076812334269
3.8060102844992794
3.8097618973218936
3.9821028185046727
3.9315573068623655
3.772077866186146
3.7032803990902057
3.7032803990902057
3.488757453797637
3.561701038227982
3.561701038227982
3.56971387408811
3.585685828003181
3.3295216301616493
3.680062111277083
3.80225497003329
3.676178139628943
3.8097618973218936
3.4641016151377544
3.561701038227982
3.3974780562730853
3.307998963551401
3.4969374356101124
3.4558439118191004
3.307998963551401
3.2425739335111103
3.3338094898007764
3.148695875165735
3.3763886032268267
3.372154885444702
3.3636714634883287
3.255764119219941
3.1350552512789034
3.056608765095256
3.277629805645711
3.3763886032268267
3.367915845572324
3.418437404094784
3.268901082277389
3.1937438845342623
3.389058023361991
3.2732683535398857
3.251373336211726
3.1532296368734616
3.3380918415851206
3.3380918415851206
3.3551665915633544
3.1213550171131033
3.198213787189879
3.175801361186541
3.0142518616920992
3.2160312720583337
3.2337505867247796
3.056608765095256
3.051931472737505
3.1350552512789034
3.1075943842694236
2.9423023055326687
2.9130249373656736
2.903200204700225
2.893342111024649
2.8635642126552705
2.6779523094014523
2.741219749360805
2.741219749360805
2.6939084723024385
2.808151400069855
2.81830749615033
2.84855853271189
2.741219749360805
2.6619005025947695
2.6832815729997477
2.7360033416855116
2.7360033416855116
2.656528346760647
2.7255405754769875
2.6240644591385873
2.741219749360805
2.715037489875337
2.792848008753788
2.893342111024649
2.922816645439317
2.5746012173871566
2.741219749360805
3.070597894314954
2.8385106758902383
2.8030595529069404
2.7979584393931636
2.8585710716070314
2.937443008565686
2.980891525318271
2.893342111024649
2.8030595529069404
2.922816645439317
3.1075943842694236
3.0378563870880115
2.9423023055326687
2.8834503141697647
2.7825989906663056
2.6403462976338106
2.7774602993176543
2.903200204700225
2.9952343099378003
2.937443008565686
3.1075943842694236
2.9081167199998794
2.8233718443429607
2.8585710716070314
2.843539042410757
2.6021968740717085
2.569046515733026
2.6832815729997477
2.667261838343906
2.7097706808616007
2.9664793948382653
2.917924898671265
2.8132340311971404
2.6939084723024385
2.6726124191242437
2.6349301969610397
2.8585710716070314
2.7202941017470885
2.8635642126552705
2.878491668515698
2.8132340311971404
2.437797600880176
2.3603873774083293
2.65114530506561
2.8385106758902383
2.843539042410757
2.893342111024649
2.917924898671265
2.8635642126552705
2.9277002188455996
2.808151400069855
2.8585710716070314
2.878491668515698
2.9952343099378003
2.9081167199998794
2.8030595529069404
2.9277002188455996
2.833473385894321
3.075246796135695
3.009508740167215
2.990461025135948
3.0378563870880115
3.299350585450762
3.148695875165735
2.9568322818274866
3.004758131459407
2.937443008565686
2.9277002188455996
3.075246796135695
2.9081167199998794
2.8735244660769563
2.808151400069855
2.6021968740717085
2.591193878173865
2.5128242505765725
2.5185029566901727
2.7097706808616007
2.7516228977511745
2.5185029566901727
2.5523098781859765
2.7774602993176543
2.767154288640743
2.591193878173865
2.715037489875337
2.7774602993176543
2.6349301969610397
2.6021968740717085
2.6076809620810595
2.6186146828319083
2.524168887263404
2.4669240534954224
2.4553149347021512
2.390457218668787
2.3543273227945902
2.32992949004287
2.4553149347021512
2.274077520980446
2.2232537288526344
2.1447610589527217
2.0632844828435215
2.1111946516469904
2.02837021134844
2.23606797749979
2.280350850198276
2.336052836975837
2.4023797725231892
2.2677868380553634
2.3964259101539405
2.3421601750764798
2.3664319132398464
2.5185029566901727
2.2038926600773587
2.5128242505765725
2.5523098781859765
2.591193878173865
2.569046515733026
2.6186146828319083
2.6021968740717085
2.449489742783178
2.3964259101539405
2.4023797725231892
2.1447610589527217
2.32992949004287
