1, 57.68015256567895
2, 57.06838003658418
3, 56.42038638648268
4, 55.734549428518754
5, 55.23603896008475
6, 54.474948370787835
7, 54.39981617616001
8, 54.21438923385562
9, 53.86427387424804
10, 53.60671599715842
15, 52.76115995692285
20, 51.07817537853129
25, 49.28468321902861
30, 48.199377589342376
35, 47.65962651972841
40, 46.37758079072258
45, 44.91792515243775
50, 43.6971394944795
55, 43.36311796907598
60, 41.97403959592167
65, 40.93433766411764
70, 40.70700185471782
75, 39.496835316262995
80, 38.926854483762234
85, 36.898780467652315
90, 36.30123964825444
95, 35.43585754571208
100, 34.846807601271024
150, 28.865550401819814
200, 27.361651996909835
250, 23.77057003944163
300, 22.59557478799776
350, 21.17923511366735
400, 20.28102561509156
450, 19.557095898931415
500, 18.099723754798028
550, 18.611824198610947
600, 18.586016248782308
650, 18.51053753946654
700, 18.049376720540796
750, 17.71496542474752
800, 16.997058569058353
850, 16.04805284138858
900, 15.872617931519677
950, 15.656308632624741
1000, 15.145296299511608
1250, 13.4506505418883
1500, 13.671137480107499
1750, 12.823416081528354
2000, 12.034949106664307
2250, 11.35077089893017
2500, 10.67145725756328
2750, 10.007996802557443
3000, 9.574967362868659
3250, 8.790904390334365
3500, 8.349850298059241
3750, 8.083316151184487
4000, 8.100617260431454
4250, 7.797435475847171
4500, 7.705841939723395
4750, 7.887965517166007
5000, 7.816648898345122
5250, 7.44983221287567
5500, 7.213875518748574
5750, 7.412152184082569
6000, 7.489993324429602
6250, 7.379701890998037
6500, 7.126008700527947
6750, 7.063993204979744
7000, 6.672330927044911
7250, 6.5038450166036395
7500, 6.549809157525126
7750, 6.345076831686122
8000, 6.241794613730894
8250, 6.321392251711643
8500, 6.25939294181153
8750, 6.300793600809346
9000, 6.151422599691879
9250, 6.26258732474047
9500, 6.2
9750, 6.220932405998316
10000, 6.307138812488591
11000, 6.596969000988257
12000, 6.201612693485462
13000, 5.909314681077663
14000, 5.573149917237109
15000, 5.803447251418763
16000, 5.716642371182581
17000, 5.4808758424178885
18000, 5.049752469181039
19000, 5.017967716117751
20000, 4.565084884205331
21000, 4.368065933568311
22000, 4.349712634186309
23000, 4.591296113299598
24000, 4.485532298401161
25000, 4.27551166528639
26000, 4.252058325093859
27000, 4.08656334834051
28000, 4.120679555607303
29000, 4.132795663954365
30000, 4.064480286580315
31000, 3.8262252939417984
32000, 4.13763217311544
33000, 4.034848200366403
34000, 4.042276586281547
35000, 3.844476557348217
36000, 4.024922359499621
37000, 4.093897898091744
38000, 4.173727350941841
39000, 4.057092555020159
40000, 3.9115214431215892
41000, 3.9673668849754744
42000, 3.8496753109840314
43000, 3.54400902933387
44000, 3.646916505762094
45000, 3.594440151122286
46000, 3.82099463490856
47000, 3.3466401061363023
48000, 3.591656999213594
49000, 3.4292856398964493
50000, 3.646916505762094
51000, 3.6851051545376556
52000, 3.7841775856849003
53000, 3.9471508711981103
54000, 3.744329045369811
55000, 3.5355339059327378
56000, 3.283291031876401
57000, 3.2526911934581184
58000, 3.455430508634199
59000, 3.394112549695428
60000, 3.5749125863438955
61000, 3.57211421989835
62000, 3.481379037105842
63000, 3.6359317925395684
64000, 3.3226495451672298
65000, 3.1780497164141406
66000, 3.0659419433511785
67000, 3.237282811247729
68000, 3.0983866769659336
69000, 2.9899832775452104
70000, 2.7892651361962706
71000, 2.8635642126552705
72000, 3.0495901363953815
73000, 3.0099833886584824
74000, 3.1622776601683795
75000, 3.0983866769659336
76000, 3.1240998703626617
77000, 3.0298514815086235
78000, 3.0919249667480613
79000, 3.095157508108432
80000, 2.839013913315678
81000, 2.85657137141714
82000, 2.898275349237888
83000, 2.705549851693737
84000, 2.716615541441225
85000, 2.723967694375247
86000, 2.7964262908219126
87000, 2.9017236257093817
88000, 2.734958866235469
89000, 2.839013913315678
90000, 2.80713376952364
91000, 2.842534080710379
92000, 2.8635642126552705
93000, 2.745906043549196
94000, 2.7820855486487113
95000, 2.7640549922170505
96000, 2.6720778431774774
97000, 2.705549851693737
98000, 2.6795522013948525
99000, 2.615339366124404
100000, 2.6532998322843198
