1, 51.59112757484996
2, 50.7663493095793
3, 50.357168749289755
4, 49.97199215560652
5, 49.86827091893647
6, 49.90413031225194
7, 49.25286229697158
8, 49.18830032526931
9, 49.23029780757194
10, 48.492840250448886
15, 48.43896503160791
20, 46.98415808664779
25, 45.10358448431048
30, 44.666666666666664
35, 43.359991799917225
40, 42.83326848244118
45, 42.130221404065225
50, 40.87895410708167
55, 40.44832093754531
60, 39.91156891595886
65, 39.786932528155525
70, 39.26349732540674
75, 38.74474874812786
80, 38.6367700513384
85, 39.298289473659736
90, 38.742454462485696
95, 38.10016039627946
100, 37.9812819396315
150, 36.98257848110528
200, 35.21647341799005
250, 34.71919097879762
300, 31.06516448442603
350, 29.459199657228375
400, 29.20350055120866
450, 28.20638225650358
500, 28.901364827441782
550, 28.168145917763997
600, 27.65582116742232
650, 28.07489982172688
700, 27.018100928410526
750, 25.736700988622797
800, 26.349362210286777
850, 26.584456611586653
900, 27.22172335143795
950, 27.445703974696418
1000, 26.313072374349936
1250, 26.884940022250372
1500, 27.21070050958303
1750, 27.10473513367483
2000, 25.782853906337746
2250, 25.796640608161884
2500, 26.25685095783998
2750, 27.021390703580664
3000, 26.734497065277537
3250, 25.794056162870806
3500, 25.198324459288074
3750, 25.977768272976114
4000, 26.088737459337167
4250, 25.27405344968982
4500, 25.007554414172084
4750, 25.454971136411753
5000, 24.200091827190334
5250, 24.430400005821525
5500, 23.910945889557222
5750, 24.055953294120126
6000, 23.172301472999084
6250, 23.27564296760791
6500, 23.22833518691246
6750, 22.489503724577332
7000, 21.41754213515433
7250, 20.93269638096769
7500, 20.208359106512773
7750, 20.959219663167065
8000, 20.984650474943717
8250, 22.056493123089375
8500, 21.96158261854348
8750, 21.501937897160182
9000, 20.635460310403115
9250, 19.58967982269122
9500, 19.358030202821084
9750, 19.73941347772128
10000, 20.382999452157836
11000, 20.270942531394812
12000, 18.860894287740795
13000, 17.904685916758712
14000, 16.64531966249572
15000, 16.2234398325386
16000, 15.675174994592918
17000, 14.94285410786336
18000, 14.597564484834068
19000, 14.211888607000049
20000, 14.341083176199302
21000, 14.268847185389575
22000, 13.407294863452343
23000, 13.30663994653296
24000, 13.603921003397023
25000, 13.188378722698758
26000, 13.36745633577641
27000, 12.312595177297109
28000, 12.146330035584137
29000, 11.164427636222308
30000, 9.995554567462033
31000, 10.46156988431681
32000, 10.274023338281628
33000, 10.57460269807912
34000, 10.532489417670133
35000, 10.527213412020402
36000, 10.52193476082755
37000, 9.975525605756877
38000, 9.510228411791404
39000, 9.49385766342288
40000, 10.200217862597075
41000, 9.371351141762975
42000, 9.107994046745723
43000, 9.235198367598224
44000, 9.704523572941527
45000, 9.919677414109795
46000, 9.63442900343462
47000, 9.642498523607758
48000, 9.662067871607793
49000, 9.636735270135144
50000, 10.007774755436673
51000, 10.099504938362077
52000, 9.232791801207501
53000, 9.637888196533973
54000, 9.58818717659044
55000, 9.418657606639659
56000, 9.024657580453923
57000, 8.991353871606014
58000, 8.945514083730584
59000, 9.304718038596214
60000, 9.3571125650788
61000, 9.2951600308978
62000, 8.73816660149917
63000, 8.802777339504214
64000, 8.891943919451284
65000, 9.052930771609576
66000, 8.988882021697693
67000, 9.00987112992066
68000, 9.327379053088816
69000, 9.104333522498441
70000, 9.050475739490777
71000, 8.993825042154693
72000, 8.926863328677598
73000, 8.80025252162939
74000, 8.891943919451284
75000, 8.599741598185119
76000, 8.849356536557396
77000, 8.774964387392123
78000, 9.129926371858403
79000, 8.693548054607957
80000, 8.286535263104035
81000, 8.278486174013539
82000, 8.140434058861153
83000, 8.104868221562205
84000, 8.271772616689981
85000, 7.656515018088988
86000, 7.582142763684214
87000, 7.425182377109221
88000, 7.681145747868608
89000, 7.830141193561653
90000, 7.817359599705716
91000, 7.224956747275377
92000, 7.2264944628929335
93000, 7.395193634306602
94000, 7.301445823336027
95000, 7.649255591958679
96000, 7.82872204698116
97000, 7.599707596714202
98000, 7.618690467819548
99000, 7.346957042053382
100000, 7.340905181848413
