1, 16.56703554250629
2, 15.95827893811443
3, 15.95201136743159
4, 15.090836071382306
5, 14.834644136839504
6, 14.834644136839504
7, 14.364307617610162
8, 14.198591479439079
9, 14.217360280070746
10, 13.584304668746698
15, 12.925427136720344
20, 12.43114368565231
25, 10.726913193769523
30, 9.622889378975527
35, 8.774964387392123
40, 7.234178138070235
45, 6.392704174812617
50, 5.8423739467217715
55, 5.5437652667959645
60, 5.5437652667959645
65, 5.48938369339704
70, 5.471136384091822
75, 5.609515724790034
80, 5.709640969448079
85, 4.926120853842978
90, 4.74692883171144
95, 4.640402281411961
100, 4.76794854558366
150, 4.016632088371218
200, 3.521363372331802
250, 3.3763886032268267
300, 3.3166247903554
350, 3.1622776601683795
400, 3.1728010758108782
450, 3.119829055146024
500, 3.03315017762062
550, 2.756809750418044
600, 2.6583202716502514
650, 2.503331114069145
700, 2.6076809620810595
750, 2.8635642126552705
800, 2.7325202042558927
850, 2.206052281036573
900, 2.2949219304078006
950, 2.0330600909302543
1000, 2.0816659994661326
1250, 2.065591117977289
1500, 2.1291625896895083
1750, 2.250925735484551
2000, 2.1291625896895083
2250, 2.0330600909302543
2500, 2.0
2750, 2.016597794967223
3000, 1.8439088914585775
3250, 1.879716290649558
3500, 1.8073922282301278
3750, 1.8073922282301278
4000, 1.6532795690182993
4250, 1.6532795690182993
4500, 1.7320508075688772
4750, 1.7888543819998317
5000, 1.879716290649558
5250, 1.505545305418162
5500, 1.5275252316519468
5750, 1.5275252316519468
6000, 1.505545305418162
6250, 1.4375905768565218
6500, 1.505545305418162
6750, 1.4832396974191326
7000, 1.390443574307614
7250, 1.3416407864998738
7500, 1.3416407864998738
7750, 1.1832159566199232
8000, 1.2382783747337807
8250, 1.2649110640673518
8500, 1.2382783747337807
8750, 1.1254628677422756
9000, 1.2382783747337807
9250, 1.0645812948447542
9500, 1.1547005383792515
9750, 1.1254628677422756
10000, 1.1254628677422756
11000, 1.0954451150103321
12000, 1.2382783747337807
13000, 1.1254628677422756
14000, 0.9660917830792959
15000, 1.0
16000, 1.0
17000, 0.9309493362512627
18000, 1.0
19000, 0.7302967433402214
20000, 1.0
21000, 0.9660917830792959
22000, 0.9660917830792959
23000, 1.0
24000, 0.9660917830792959
25000, 0.8563488385776752
26000, 0.8944271909999159
27000, 0.8944271909999159
28000, 0.6831300510639732
29000, 0.816496580927726
30000, 0.816496580927726
31000, 0.816496580927726
32000, 0.8563488385776752
33000, 0.816496580927726
34000, 0.816496580927726
35000, 0.8563488385776752
36000, 0.816496580927726
37000, 0.8563488385776752
38000, 0.9309493362512627
39000, 0.816496580927726
40000, 0.816496580927726
41000, 0.7745966692414834
42000, 0.8944271909999159
43000, 0.7745966692414834
44000, 0.7745966692414834
45000, 0.6831300510639732
46000, 0.7745966692414834
47000, 0.7745966692414834
48000, 0.7745966692414834
49000, 0.7745966692414834
50000, 0.7745966692414834
51000, 0.7302967433402214
52000, 0.6324555320336759
53000, 0.5773502691896257
54000, 0.7302967433402214
55000, 0.6324555320336759
56000, 0.6324555320336759
57000, 0.7302967433402214
58000, 0.6324555320336759
59000, 0.6324555320336759
60000, 0.6324555320336759
61000, 0.6324555320336759
62000, 0.6324555320336759
63000, 0.6324555320336759
64000, 0.6324555320336759
65000, 0.4472135954999579
66000, 0.4472135954999579
67000, 0.5163977794943222
68000, 0.5163977794943222
69000, 0.4472135954999579
70000, 0.7745966692414834
71000, 0.4472135954999579
72000, 0.7302967433402214
73000, 0.7302967433402214
74000, 0.7302967433402214
75000, 0.7302967433402214
76000, 0.4472135954999579
77000, 0.4472135954999579
78000, 0.4472135954999579
79000, 0.4472135954999579
80000, 0.4472135954999579
81000, 0.3651483716701107
82000, 0.2581988897471611
83000, 0.2581988897471611
84000, 0.2581988897471611
85000, 0.2581988897471611
86000, 0.2581988897471611
87000, 0.2581988897471611
88000, 0.2581988897471611
89000, 0.2581988897471611
90000, 0.2581988897471611
91000, 0.2581988897471611
92000, 0.3651483716701107
93000, 0.3651483716701107
94000, 0.3651483716701107
95000, 0.3651483716701107
96000, 0.3651483716701107
97000, 0.3651483716701107
98000, 0.3651483716701107
99000, 0.3651483716701107
100000, 0.3651483716701107
