1, 5.2345009313209605
2, 4.33589667773576
3, 4.2895221179054435
4, 3.3763886032268267
5, 3.3763886032268267
6, 3.3763886032268267
7, 3.3763886032268267
8, 3.3763886032268267
9, 3.3763886032268267
10, 3.3763886032268267
15, 3.3466401061363023
20, 3.3466401061363023
25, 3.3466401061363023
30, 3.3466401061363023
35, 3.3466401061363023
40, 3.3466401061363023
45, 3.3466401061363023
50, 3.3466401061363023
55, 3.3466401061363023
60, 3.3466401061363023
65, 3.3466401061363023
70, 3.3466401061363023
75, 3.3466401061363023
80, 3.3166247903554
85, 3.3166247903554
90, 3.3166247903554
95, 3.3166247903554
100, 3.3166247903554
150, 3.0
200, 2.932575659723036
250, 2.932575659723036
300, 2.932575659723036
350, 2.932575659723036
400, 2.1908902300206643
450, 2.1908902300206643
500, 2.1908902300206643
550, 2.1908902300206643
600, 2.1908902300206643
650, 2.32379000772445
700, 2.32379000772445
750, 2.32379000772445
800, 2.32379000772445
850, 2.32379000772445
900, 2.32379000772445
950, 2.32379000772445
1000, 2.6076809620810595
1250, 2.6076809620810595
1500, 1.8973665961010275
1750, 2.0
2000, 2.0
2250, 2.0
2500, 1.8973665961010275
2750, 2.4083189157584592
3000, 2.5298221281347035
3250, 2.5298221281347035
3500, 2.5298221281347035
3750, 2.6457513110645907
4000, 2.6457513110645907
4250, 2.6457513110645907
4500, 2.6457513110645907
4750, 2.6457513110645907
5000, 2.6457513110645907
5250, 2.6457513110645907
5500, 2.5298221281347035
5750, 2.5298221281347035
6000, 2.6457513110645907
6250, 2.6457513110645907
6500, 2.4899799195977463
6750, 2.6457513110645907
7000, 2.6457513110645907
7250, 2.6457513110645907
7500, 2.6457513110645907
7750, 2.6457513110645907
8000, 2.6457513110645907
8250, 2.6076809620810595
8500, 2.6076809620810595
8750, 2.6832815729997477
9000, 2.6832815729997477
9250, 2.756809750418044
9500, 2.898275349237888
9750, 2.6832815729997477
10000, 2.6076809620810595
11000, 2.8635642126552705
12000, 2.8284271247461903
13000, 2.756809750418044
14000, 2.756809750418044
15000, 2.756809750418044
16000, 2.6076809620810595
17000, 2.569046515733026
18000, 2.5298221281347035
19000, 2.3664319132398464
20000, 2.280350850198276
21000, 2.3664319132398464
22000, 2.280350850198276
23000, 2.280350850198276
24000, 2.280350850198276
25000, 2.280350850198276
26000, 2.3664319132398464
27000, 2.3664319132398464
28000, 2.280350850198276
29000, 2.280350850198276
30000, 2.280350850198276
31000, 2.280350850198276
32000, 2.3664319132398464
33000, 2.5298221281347035
34000, 2.5298221281347035
35000, 2.5298221281347035
36000, 2.4899799195977463
37000, 2.5298221281347035
38000, 2.1908902300206643
39000, 2.4083189157584592
40000, 2.932575659723036
41000, 2.8635642126552705
42000, 2.932575659723036
43000, 2.8635642126552705
44000, 2.8635642126552705
45000, 2.5298221281347035
46000, 2.449489742783178
47000, 2.23606797749979
48000, 2.23606797749979
49000, 2.449489742783178
50000, 2.23606797749979
51000, 2.449489742783178
52000, 2.23606797749979
53000, 2.1908902300206643
54000, 2.23606797749979
55000, 2.23606797749979
56000, 2.449489742783178
57000, 2.23606797749979
58000, 2.1908902300206643
59000, 2.756809750418044
60000, 2.898275349237888
61000, 2.932575659723036
62000, 2.756809750418044
63000, 2.756809750418044
64000, 2.932575659723036
65000, 2.6076809620810595
66000, 2.23606797749979
67000, 2.5298221281347035
68000, 2.449489742783178
69000, 2.0976176963403033
70000, 1.8973665961010275
71000, 2.4083189157584592
72000, 2.449489742783178
73000, 2.7202941017470885
74000, 2.6457513110645907
75000, 2.6457513110645907
76000, 2.7202941017470885
77000, 2.7202941017470885
78000, 2.7202941017470885
79000, 2.7202941017470885
80000, 2.932575659723036
81000, 2.756809750418044
82000, 2.792848008753788
83000, 2.898275349237888
84000, 2.6457513110645907
85000, 2.23606797749979
86000, 2.5298221281347035
87000, 2.932575659723036
88000, 2.280350850198276
89000, 2.6457513110645907
90000, 2.280350850198276
91000, 2.280350850198276
92000, 2.280350850198276
93000, 2.280350850198276
94000, 2.280350850198276
95000, 2.280350850198276
96000, 2.280350850198276
97000, 2.280350850198276
98000, 2.23606797749979
99000, 2.23606797749979
100000, 2.23606797749979
