1, 63.12858450668906
2, 62.56443950767154
3, 61.817620318305536
4, 61.30786691326445
5, 61.114943865116686
6, 60.94692176580596
7, 60.92275287757291
8, 60.50619802962338
9, 60.301213616612756
10, 59.825807748222445
15, 58.58296370416605
20, 55.92202363356254
25, 55.21198815804079
30, 54.42292297786426
35, 52.65323956190765
40, 51.745882576649166
45, 49.70549631214202
50, 48.32691702447932
55, 47.80414588334743
60, 46.48518825682787
65, 46.432942851150216
70, 46.26897645094586
75, 44.56619183355758
80, 44.68617846106943
85, 42.96383256985938
90, 42.479941790749365
95, 43.13319750809957
100, 43.18669828883552
150, 35.961342881185374
200, 31.50728631458271
250, 27.446145614473977
300, 24.001515103691418
350, 22.93112216260608
400, 21.918858629873128
450, 20.672775245806655
500, 20.186404065382945
550, 19.113536374184466
600, 19.16530956987366
650, 19.417892405061508
700, 18.436130534656915
750, 17.191435499848595
800, 16.711454971746992
850, 16.278820596099706
900, 15.612349424268423
950, 14.747572989848502
1000, 14.545852267289744
1250, 12.792753630651434
1500, 11.741921787881543
1750, 11.795222453488222
2000, 11.02559006872813
2250, 10.700892061369974
2500, 10.47594647492314
2750, 10.825055112183872
3000, 10.541692118785898
3250, 10.143515617916162
3500, 9.954441676503464
3750, 9.82760490566334
4000, 9.608708171615616
4250, 8.860535588162316
4500, 8.644493780856848
4750, 8.801859307710346
5000, 8.853350675412003
5250, 8.266031256127254
5500, 8.378544026261364
5750, 8.194233005318713
6000, 8.154195796699334
6250, 8.115081358467423
6500, 7.731870290028033
6750, 7.9532726254382515
7000, 7.525713496829629
7250, 7.7740828164075815
7500, 7.491813714133095
7750, 8.012490249604053
8000, 8.277021862305965
8250, 8.169789137147577
8500, 7.998863555644526
8750, 7.647934955980542
9000, 7.722458393307382
9250, 7.4149725678398966
9500, 7.411293593379818
9750, 6.9478577470129075
10000, 6.589247439441155
11000, 6.415889366536518
12000, 6.48074069840786
13000, 6.289963144855172
14000, 5.656854249492381
15000, 5.945204331682347
16000, 5.559594491425693
17000, 4.795831523312719
18000, 4.919349550499537
19000, 4.717472358641379
20000, 4.594463070815882
21000, 4.451761653343743
22000, 4.732863826479693
23000, 4.53270940447924
24000, 4.3630681448223605
25000, 4.408669145713209
26000, 4.425134820750458
27000, 4.522670168666454
28000, 4.35054855475407
29000, 4.348458452036872
30000, 4.092121032600886
31000, 4.038451548439192
32000, 4.056420275876928
33000, 3.997726626699002
34000, 3.8138503569823694
35000, 4.100997661323622
36000, 4.056420275876928
37000, 3.8541595004028384
38000, 3.7755192297941558
39000, 3.8352432659599196
40000, 4.0
41000, 3.891716143997985
42000, 3.82099463490856
43000, 4.009080601924495
44000, 4.140707010337069
45000, 3.9219661117631017
46000, 3.868285972318536
47000, 3.804303782918403
48000, 4.0
49000, 4.0451991747794525
50000, 3.8870414082037907
51000, 4.231913386293593
52000, 4.300105706945946
53000, 4.1952353926806065
54000, 4.022663070879561
55000, 4.029437136420376
56000, 3.9033784900216424
57000, 3.81623326902803
58000, 3.564981193371279
59000, 3.7343613303287277
60000, 3.801913393877543
61000, 3.81623326902803
62000, 3.6030290287226636
63000, 3.4980514056205116
64000, 3.5496478698597698
65000, 3.424510582152248
66000, 3.4693462837202684
67000, 3.5161962919661303
68000, 3.5700776665857767
69000, 3.6456699097572027
70000, 3.7416573867739413
71000, 3.7489392439122637
72000, 3.582787132438046
73000, 3.453588384169823
74000, 3.440401667881766
75000, 3.471965647086021
76000, 3.4588489940493736
77000, 3.424510582152248
78000, 3.4430430515091524
79000, 3.4824233986223914
80000, 3.4085454109021076
81000, 3.453588384169823
82000, 3.4693462837202684
83000, 3.5445220218862183
84000, 3.4191971412758715
