2.4899799195977463
2.4899799195977463
1.4142135623730951
2.280350850198276
2.449489742783178
2.449489742783178
2.1447610589527217
2.569046515733026
2.32379000772445
1.61245154965971
1.61245154965971
1.6733200530681511
1.4142135623730951
1.1832159566199232
1.61245154965971
1.2649110640673518
1.1832159566199232
1.2649110640673518
1.3416407864998738
1.6733200530681511
1.4832396974191326
1.4832396974191326
1.4832396974191326
1.4832396974191326
1.0954451150103321
1.2649110640673518
1.2649110640673518
1.2649110640673518
1.2649110640673518
1.4832396974191326
1.4142135623730951
1.7320508075688772
1.4832396974191326
1.8973665961010275
1.8973665961010275
1.7320508075688772
1.3416407864998738
1.2649110640673518
1.2649110640673518
1.7320508075688772
1.7320508075688772
1.4142135623730951
1.4832396974191326
1.4832396974191326
1.3416407864998738
1.61245154965971
1.3416407864998738
1.3416407864998738
1.1832159566199232
1.2649110640673518
1.4142135623730951
1.3416407864998738
1.61245154965971
1.61245154965971
1.4832396974191326
1.4832396974191326
1.6733200530681511
1.4142135623730951
1.7320508075688772
1.4832396974191326
1.4142135623730951
1.4832396974191326
1.7320508075688772
1.7320508075688772
1.4142135623730951
1.4142135623730951
1.3416407864998738
1.3416407864998738
1.4142135623730951
1.4142135623730951
1.4142135623730951
1.0
1.2649110640673518
1.0
1.0954451150103321
1.0954451150103321
1.0954451150103321
0.6324555320336759
0.6324555320336759
0.6324555320336759
1.2649110640673518
1.0954451150103321
1.0954451150103321
1.0954451150103321
1.2649110640673518
1.0954451150103321
1.0954451150103321
1.1832159566199232
1.1832159566199232
1.0954451150103321
1.0954451150103321
1.2649110640673518
1.2649110640673518
1.2649110640673518
1.2649110640673518
1.2649110640673518
1.2649110640673518
1.0
1.0
1.0
1.0954451150103321
1.0954451150103321
1.2649110640673518
1.0954451150103321
1.0954451150103321
1.0954451150103321
1.0954451150103321
1.0954451150103321
1.3416407864998738
1.0954451150103321
1.0954451150103321
1.2649110640673518
1.3416407864998738
1.3416407864998738
1.1832159566199232
1.0954451150103321
1.0954451150103321
1.0954451150103321
1.2649110640673518
1.1832159566199232
1.3416407864998738
1.3416407864998738
1.3416407864998738
1.4142135623730951
1.4142135623730951
1.2649110640673518
1.1832159566199232
1.1832159566199232
1.1832159566199232
1.0954451150103321
1.0954451150103321
1.0954451150103321
1.0954451150103321
1.2649110640673518
1.0954451150103321
1.2649110640673518
1.0954451150103321
1.0954451150103321
1.0954451150103321
1.0954451150103321
1.0954451150103321
1.0954451150103321
1.3416407864998738
1.0954451150103321
1.3416407864998738
1.4832396974191326
1.4832396974191326
1.4832396974191326
1.4832396974191326
1.3416407864998738
1.4832396974191326
1.4832396974191326
1.3416407864998738
1.5491933384829668
1.5491933384829668
1.5491933384829668
1.5491933384829668
1.4832396974191326
1.4832396974191326
1.4832396974191326
1.4832396974191326
1.4832396974191326
1.4832396974191326
1.4832396974191326
1.4832396974191326
1.4832396974191326
1.4832396974191326
1.4832396974191326
1.3416407864998738
1.0954451150103321
1.2649110640673518
1.2649110640673518
1.2649110640673518
1.2649110640673518
1.2649110640673518
1.2649110640673518
1.2649110640673518
0.8944271909999159
1.1832159566199232
1.3416407864998738
1.3416407864998738
0.8944271909999159
1.3416407864998738
1.4832396974191326
1.4832396974191326
1.4832396974191326
1.4832396974191326
1.0954451150103321
0.8944271909999159
1.0954451150103321
1.1832159566199232
1.5491933384829668
1.5491933384829668
1.5491933384829668
1.5491933384829668
1.5491933384829668
1.5491933384829668
1.5491933384829668
1.5491933384829668
1.5491933384829668
1.5491933384829668
1.5491933384829668
1.5491933384829668
1.5491933384829668
1.5491933384829668
1.5491933384829668
1.1832159566199232
1.1832159566199232
1.1832159566199232
1.1832159566199232
1.1832159566199232
1.1832159566199232
1.2649110640673518
1.2649110640673518
1.0
1.0
1.0
1.0
1.0954451150103321
1.0
1.0
1.0
1.0
1.0
1.0
1.0
1.0
1.0
1.0
1.0
1.0
1.0
1.0
1.0
1.0
1.0
1.0
1.0
1.0
1.0
1.0
1.0
1.0
1.0
1.0
1.0
1.0
1.0954451150103321
1.0954451150103321
1.0954451150103321
1.0954451150103321
1.0954451150103321
1.0
1.0
1.0
1.0
1.0
1.0
1.0
1.0
1.0
1.0
1.0
1.0
1.0
1.0
1.0
1.0
1.0
1.0
1.0
1.0
0.4472135954999579
1.0
1.0
1.0
1.0
1.0
1.0
1.0
1.0
1.0
1.0
1.0
1.0
1.0
1.0954451150103321
1.0954451150103321
1.0954451150103321
1.0954451150103321
1.0954451150103321
1.0954451150103321
1.0954451150103321
1.0954451150103321
1.0954451150103321
1.0954451150103321
1.0954451150103321
1.0954451150103321
1.0954451150103321
1.0954451150103321
0.6324555320336759
0.6324555320336759
0.6324555320336759
1.0954451150103321
1.0954451150103321
1.0954451150103321
1.0954451150103321
1.0954451150103321
1.0954451150103321
1.0954451150103321
1.0954451150103321
1.0954451150103321
1.0954451150103321
1.0954451150103321
1.0954451150103321
1.0954451150103321
1.0954451150103321
1.0954451150103321
1.0954451150103321
1.0
1.0
1.0
1.0
1.0
1.0
1.0
1.0
1.0
1.0
1.0
1.0
1.0
1.0
1.0954451150103321
1.0954451150103321
1.0954451150103321
1.0954451150103321
1.0
1.0954451150103321
1.0954451150103321
1.0954451150103321
1.0954451150103321
1.0954451150103321
1.0954451150103321
1.0
1.0954451150103321
1.0954451150103321
1.0
1.0954451150103321
1.0
1.0
1.0
1.0
1.0
1.0
1.0
1.0954451150103321
1.0
1.0954451150103321
1.0954451150103321
1.0954451150103321
1.0954451150103321
1.0954451150103321
1.0954451150103321
1.0954451150103321
1.0954451150103321
1.0954451150103321
1.0954451150103321
1.0954451150103321
1.0954451150103321
1.0954451150103321
1.0954451150103321
1.0954451150103321
1.0954451150103321
1.0954451150103321
1.0954451150103321
1.0954451150103321
1.0954451150103321
1.0954451150103321
1.0954451150103321
1.0954451150103321
1.0954451150103321
1.0954451150103321
1.0954451150103321
1.0954451150103321
1.0954451150103321
1.0954451150103321
1.0954451150103321
1.0954451150103321
1.0954451150103321
1.0954451150103321
1.0
0.8944271909999159
1.0
0.8944271909999159
0.8944271909999159
0.8944271909999159
1.0
1.0
1.0
