1, 51.84528265265157
2, 51.84785434326091
3, 51.1233801699379
4, 51.10620749424129
5, 51.01829737130265
6, 50.393782685300906
7, 50.23832092027846
8, 49.85356334082628
9, 49.47928859634099
10, 49.27135746726151
15, 48.101744020126525
20, 47.027178902795725
25, 46.47938611183815
30, 45.60506794449738
35, 44.83079298874826
40, 44.509923987054094
45, 44.12885173620038
50, 43.76553692372826
55, 42.22979464259275
60, 41.59487147874523
65, 40.626482878919155
70, 40.42743842711009
75, 39.59685733882313
80, 39.63107647064639
85, 39.365241295109854
90, 39.830753054504115
95, 39.17170180400926
100, 38.51435518810558
150, 34.91577166712933
200, 35.515880642013904
250, 34.2413005983515
300, 33.69965380633259
350, 33.20006693433681
400, 31.31417854227982
450, 32.438317534120735
500, 33.204752002620886
550, 32.40713227396436
600, 31.19330412479932
650, 31.452963117787313
700, 31.963520874063086
750, 32.55354563382203
800, 32.44550987596144
850, 32.462970357692846
900, 32.12129788439094
950, 31.51648598573275
1000, 31.78049716414141
1250, 31.1854667005856
1500, 30.172835465033774
1750, 29.28177286678903
2000, 27.60434748368452
2250, 27.65019590045129
2500, 25.752669764511797
2750, 24.16976991569795
3000, 22.53639032518049
3250, 22.863362249094802
3500, 23.780477520670416
3750, 24.16471256467441
4000, 24.847535089018386
4250, 24.11776661854631
4500, 22.94437718580403
4750, 22.863848222807018
5000, 23.16798557396727
5250, 22.527020812052946
5500, 22.028769068349387
5750, 22.488515587591223
6000, 22.054981800541622
6250, 22.10630880289355
6500, 22.22561085274773
6750, 22.395932170324542
7000, 22.831751770043596
7250, 21.852536084704983
7500, 21.605040564131738
7750, 19.634436867685082
8000, 19.44622214095981
8250, 19.50669400772748
8500, 20.23638087976976
8750, 19.759104793037114
9000, 19.987774040925895
9250, 20.476544847431875
9500, 20.593418581888944
9750, 21.318745012051927
10000, 21.000529093863854
11000, 19.801795653705526
12000, 18.91795149821695
13000, 19.19664322508264
14000, 18.60286716252811
15000, 19.336206683030902
16000, 17.86803477349053
17000, 17.81260477552031
18000, 16.67799614928471
19000, 16.75642497007574
20000, 16.144486502965787
21000, 15.445243784270792
22000, 15.883604404822254
23000, 15.364461157706334
24000, 15.32681020666437
25000, 15.256328377285131
26000, 14.615820956149614
27000, 15.245400034837466
28000, 14.603652511158524
29000, 14.338758663147937
30000, 13.892443989449804
31000, 13.524463431541788
32000, 13.2664991614216
33000, 12.635927614016577
34000, 13.017936344392941
35000, 13.038404810405298
36000, 12.966623821694425
37000, 13.643069058438916
38000, 13.389050252600693
39000, 13.184165586878155
40000, 12.997435644515933
41000, 12.994015716646045
42000, 12.691204303243513
43000, 12.35223776397531
44000, 12.308082258779752
45000, 11.718930554164631
46000, 11.446493883378535
47000, 11.468798251487963
48000, 11.567194992737004
49000, 11.376388804107489
50000, 10.718623460542352
51000, 11.227941336980109
52000, 11.215069227507147
53000, 11.415389222935463
54000, 10.713439119992131
55000, 10.40512694140089
56000, 10.887301471592183
57000, 10.658330075579382
58000, 10.758975581139477
59000, 10.196949434893643
60000, 10.195859726161181
61000, 9.809292646374775
62000, 9.428090415820634
63000, 9.533566430716728
64000, 9.818350166906862
65000, 9.607867146828744
66000, 9.621734655340365
67000, 9.26882468876778
68000, 9.400945578917995
69000, 9.506722767482902
70000, 9.38083151964686
71000, 9.2951600308978
72000, 9.034501769451497
73000, 9.258029547971377
74000, 9.084785816591019
75000, 9.03204172807997
76000, 8.93681524183345
77000, 9.03696114115064
78000, 8.959166627910582
79000, 8.829244336609761
80000, 8.558296819136647
81000, 8.582928793055823
82000, 8.562190789226266
83000, 8.414273587185052
84000, 8.698658900466592
85000, 9.184528052957079
86000, 8.712698268109088
87000, 8.696103853003494
88000, 8.527081042837057
89000, 8.415593991051507
90000, 8.224624273755273
91000, 8.106239023808211
92000, 8.26370914837211
93000, 8.516650358758033
94000, 8.32265983124786
95000, 7.981924023135719
96000, 7.951240294584375
97000, 7.848566748139434
98000, 7.868361399370971
99000, 7.890923055426828
100000, 7.333333333333333
