1, 4.898979485566356
2, 4.898979485566356
3, 4.898979485566356
4, 4.898979485566356
5, 4.898979485566356
6, 4.898979485566356
7, 4.898979485566356
8, 4.898979485566356
9, 4.898979485566356
10, 4.898979485566356
15, 4.898979485566356
20, 4.898979485566356
25, 4.898979485566356
30, 4.898979485566356
35, 4.898979485566356
40, 4.898979485566356
45, 4.898979485566356
50, 4.898979485566356
55, 4.898979485566356
60, 4.898979485566356
65, 4.898979485566356
70, 4.898979485566356
75, 4.898979485566356
80, 4.898979485566356
85, 4.898979485566356
90, 4.898979485566356
95, 4.898979485566356
100, 4.898979485566356
150, 4.898979485566356
200, 4.898979485566356
250, 4.898979485566356
300, 4.898979485566356
350, 4.898979485566356
400, 4.898979485566356
450, 4.898979485566356
500, 4.898979485566356
550, 4.898979485566356
600, 4.898979485566356
650, 4.898979485566356
700, 4.898979485566356
750, 4.898979485566356
800, 4.898979485566356
850, 4.898979485566356
900, 4.898979485566356
950, 4.898979485566356
1000, 4.898979485566356
1250, 4.898979485566356
1500, 4.898979485566356
1750, 4.898979485566356
2000, 4.898979485566356
2250, 4.898979485566356
2500, 4.898979485566356
2750, 4.898979485566356
3000, 4.898979485566356
3250, 4.898979485566356
3500, 4.898979485566356
3750, 4.898979485566356
4000, 4.898979485566356
4250, 4.898979485566356
4500, 4.898979485566356
4750, 4.898979485566356
5000, 4.898979485566356
5250, 4.898979485566356
5500, 4.898979485566356
5750, 4.898979485566356
6000, 4.898979485566356
6250, 4.898979485566356
6500, 4.898979485566356
6750, 4.898979485566356
7000, 4.898979485566356
7250, 4.898979485566356
7500, 4.898979485566356
7750, 4.898979485566356
8000, 4.898979485566356
8250, 4.898979485566356
8500, 4.898979485566356
8750, 4.898979485566356
9000, 4.898979485566356
9250, 4.898979485566356
9500, 4.898979485566356
9750, 4.898979485566356
10000, 4.898979485566356
11000, 4.898979485566356
12000, 4.898979485566356
13000, 4.898979485566356
14000, 4.898979485566356
15000, 4.898979485566356
16000, 4.898979485566356
17000, 4.898979485566356
18000, 4.898979485566356
19000, 4.898979485566356
20000, 4.898979485566356
21000, 4.898979485566356
22000, 4.898979485566356
23000, 4.898979485566356
24000, 4.898979485566356
25000, 4.898979485566356
26000, 4.898979485566356
27000, 4.898979485566356
28000, 4.898979485566356
29000, 4.898979485566356
30000, 4.898979485566356
31000, 4.898979485566356
32000, 4.898979485566356
33000, 4.898979485566356
34000, 4.898979485566356
35000, 4.898979485566356
36000, 4.898979485566356
37000, 4.898979485566356
38000, 4.898979485566356
39000, 4.898979485566356
40000, 4.898979485566356
41000, 4.898979485566356
42000, 4.898979485566356
43000, 4.898979485566356
44000, 4.898979485566356
45000, 4.898979485566356
46000, 4.898979485566356
47000, 4.898979485566356
48000, 4.898979485566356
49000, 4.898979485566356
50000, 4.898979485566356
51000, 4.898979485566356
52000, 4.898979485566356
53000, 4.898979485566356
54000, 4.898979485566356
55000, 4.898979485566356
56000, 4.898979485566356
57000, 4.898979485566356
58000, 4.898979485566356
59000, 4.898979485566356
60000, 4.898979485566356
61000, 4.898979485566356
62000, 4.898979485566356
63000, 4.898979485566356
64000, 4.898979485566356
65000, 4.898979485566356
66000, 4.898979485566356
67000, 4.898979485566356
68000, 4.898979485566356
69000, 4.898979485566356
70000, 4.898979485566356
71000, 4.898979485566356
72000, 4.898979485566356
73000, 4.898979485566356
74000, 4.898979485566356
75000, 4.898979485566356
76000, 4.898979485566356
77000, 4.898979485566356
78000, 4.898979485566356
79000, 4.898979485566356
80000, 4.898979485566356
81000, 4.898979485566356
82000, 4.898979485566356
83000, 4.898979485566356
84000, 4.898979485566356
85000, 4.898979485566356
86000, 4.898979485566356
87000, 4.898979485566356
88000, 4.898979485566356
89000, 4.898979485566356
90000, 4.898979485566356
91000, 4.898979485566356
92000, 4.898979485566356
93000, 4.898979485566356
94000, 4.898979485566356
95000, 4.898979485566356
96000, 4.898979485566356
97000, 4.898979485566356
98000, 4.898979485566356
99000, 4.898979485566356
100000, 4.898979485566356
