17.080481759682808
13.328808756117061
11.16883418906634
10.377172750114276
9.315118280055739
9.094739452798288
8.721074638893011
9.50789145920377
8.45492248845099
8.311781655320013
8.648699324175862
8.917078317155553
8.875326955748085
8.691539400063554
8.164382576603257
7.4277472070223665
7.03663880800242
7.224956747275377
6.98978847012861
6.561794179730332
6.465291950097845
6.061588664934065
6.469709642413858
6.344851681256455
6.28376593180509
6.061588664934065
6.1388691373667745
5.889457894043754
6.094494002200441
6.4608712371364545
5.978533025990334
5.761944116355173
5.286100371999868
5.226307081896902
5.176871642217914
4.942526826287484
5.034168962485977
5.121383741585025
5.1269595556932455
5.283397175519338
5.002856326996752
4.6291004988627575
4.6506527959600925
4.7479318806041375
4.714718594844387
3.996426975615665
4.171330722922842
4.053217416888888
4.33589667773576
4.538722287164087
4.566962103755937
4.296177703161597
3.9315573068623655
3.847076812334269
3.521363372331802
3.4267852490135913
3.621365172733304
