1, 10.677078252031311
2, 9.848857801796104
3, 9.843779761859771
4, 9.843779761859771
5, 9.843779761859771
6, 9.843779761859771
7, 9.843779761859771
8, 9.843779761859771
9, 9.033271832508971
10, 9.033271832508971
15, 9.033271832508971
20, 9.033271832508971
25, 9.033271832508971
30, 9.033271832508971
35, 9.033271832508971
40, 9.033271832508971
45, 9.033271832508971
50, 9.033271832508971
55, 8.432081593533118
60, 8.432081593533118
65, 8.432081593533118
70, 8.432081593533118
75, 8.432081593533118
80, 8.432081593533118
85, 8.432081593533118
90, 8.432081593533118
95, 8.432081593533118
100, 8.432081593533118
150, 8.432081593533118
200, 6.782329983125268
250, 6.700746227100382
300, 6.700746227100382
350, 6.024948132556827
400, 6.024948132556827
450, 6.024948132556827
500, 6.024948132556827
550, 6.024948132556827
600, 6.024948132556827
650, 6.024948132556827
700, 6.024948132556827
750, 6.024948132556827
800, 6.024948132556827
850, 6.024948132556827
900, 6.024948132556827
950, 6.024948132556827
1000, 6.024948132556827
1250, 5.813776741499453
1500, 5.813776741499453
1750, 5.813776741499453
2000, 5.941380311005179
2250, 5.9833101206606365
2500, 5.932958789676531
2750, 5.848076606885378
3000, 5.865151319446072
3250, 5.865151319446072
3500, 5.941380311005179
3750, 5.692099788303083
4000, 5.449770637375485
4250, 5.0099900199501395
4500, 5.0099900199501395
4750, 4.69041575982343
5000, 4.69041575982343
5250, 4.8373546489791295
5500, 5.215361924162119
5750, 5.118593556827891
6000, 5.118593556827891
6250, 5.049752469181039
6500, 5.059644256269407
6750, 4.868264577855234
7000, 5.0990195135927845
7250, 5.291502622129181
7500, 5.138093031466052
7750, 5.138093031466052
8000, 4.878524367060187
8250, 4.54972526643093
8500, 4.868264577855234
8750, 4.929503017546495
9000, 4.857983120596447
9250, 5.019960159204453
9500, 4.806245936279167
9750, 4.701063709417263
10000, 4.701063709417263
11000, 4.427188724235731
12000, 4.381780460041329
13000, 4.183300132670378
14000, 4.764451699828638
15000, 4.43846820423443
16000, 4.47213595499958
17000, 4.679743582719036
18000, 4.69041575982343
19000, 4.711687595755898
20000, 4.909175083453431
21000, 4.857983120596447
22000, 5.224940191045253
23000, 5.128352561983234
24000, 5.412947441089743
25000, 5.385164807134504
26000, 4.9899899799498595
27000, 4.888762624632126
28000, 5.039841267341661
29000, 5.06951674225463
30000, 4.888762624632126
31000, 4.949747468305833
32000, 5.329165037789691
33000, 5.319774431308154
34000, 5.366563145999495
35000, 5.486346689738081
36000, 5.495452665613635
37000, 5.495452665613635
38000, 5.477225575051661
39000, 5.522680508593631
40000, 5.319774431308154
41000, 5.477225575051661
42000, 5.458937625582473
43000, 5.60357029044876
44000, 5.540758070878027
45000, 5.639148871948674
46000, 5.60357029044876
47000, 5.594640292279746
48000, 5.656854249492381
49000, 5.531726674375733
50000, 5.366563145999495
51000, 5.513619500836088
52000, 5.440588203494177
53000, 5.468089245796926
54000, 5.621387729022079
55000, 5.282045058497703
56000, 5.477225575051661
57000, 5.495452665613635
58000, 5.224940191045253
59000, 5.253570214625479
60000, 5.253570214625479
61000, 5.375872022286245
62000, 5.329165037789691
63000, 5.128352561983234
64000, 5.128352561983234
65000, 5.319774431308154
66000, 5.5677643628300215
67000, 5.727128425310541
68000, 5.167204273105526
69000, 5.522680508593631
70000, 5.282045058497703
71000, 5.468089245796926
72000, 5.468089245796926
73000, 5.357238094391549
74000, 5.549774770204643
75000, 5.422176684690384
76000, 5.440588203494177
77000, 5.440588203494177
78000, 5.375872022286245
79000, 5.049752469181039
80000, 5.291502622129181
81000, 5.205766033928148
82000, 5.1478150704935
83000, 5.089204259999788
84000, 5.128352561983234
85000, 5.272570530585627
86000, 5.089204259999788
87000, 5.089204259999788
88000, 5.205766033928148
89000, 5.375872022286245
90000, 5.468089245796926
91000, 5.540758070878027
92000, 5.656854249492381
93000, 5.665686189686118
94000, 5.665686189686118
95000, 5.75325994545701
96000, 5.727128425310541
97000, 5.727128425310541
98000, 5.727128425310541
99000, 5.727128425310541
100000, 5.727128425310541
