9.596874491208062
10.322305943925514
8.860022573334675
8.740709353364863
9.664367542679656
8.420213774008355
7.513321502504734
7.20416546173115
6.830080526611674
5.937171043518958
6.87386354243376
6.913754406977442
6.644546636152086
6.553624951124378
5.865151319446072
5.830951894845301
5.504543577809154
4.857983120596447
5.181698563212646
5.272570530585627
5.138093031466052
4.266145801540309
4.330127018922194
3.9370039370059056
4.54972526643093
3.8013155617496426
3.924283374069717
4.024922359499621
3.987480407475377
3.8275318418009276
3.8275318418009276
3.924283374069717
3.8858718455450894
3.52845575287547
3.721558813185679
4.08656334834051
4.006245124802026
3.7483329627982624
3.6606010435446255
3.427827300200522
3.5
3.5496478698597698
3.383784863137726
3.5
3.391164991562634
3.398529093593286
3.248076353782343
3.3166247903554
3.3466401061363023
3.255764119219941
3.3015148038438356
3.278719262151
3.391164991562634
3.3391615714128
3.057776970284131
3.057776970284131
3.0495901363953815
3.331666249791536
3.0740852297878796
3.0659419433511785
3.0413812651491097
2.9748949561287032
2.8372521918222215
2.8896366553599777
2.8635642126552705
2.9410882339705484
2.9154759474226504
2.9068883707497264
2.792848008753788
2.8809720581775866
2.8635642126552705
2.6076809620810595
2.6551836094703507
2.819574435974337
2.9664793948382653
3.03315017762062
3.1064449134018135
2.958039891549808
2.819574435974337
2.8460498941515415
2.7202941017470885
2.6076809620810595
2.6172504656604803
2.6362852652928135
2.7477263328068173
2.6457513110645907
2.7748873851023217
2.8106938645110393
2.8372521918222215
2.80178514522438
2.6267851073127395
2.701851217221259
2.949576240750525
2.958039891549808
2.9916550603303182
2.8722813232690143
3.3241540277189325
3.278719262151
2.9068883707497264
2.9916550603303182
2.924038303442689
2.8809720581775866
2.7294688127912363
2.6739483914241875
2.692582403567252
2.8548204847240397
2.8548204847240397
2.9154759474226504
2.9068883707497264
3.0413812651491097
3.0740852297878796
3.0083217912982647
3.0166206257996713
2.9916550603303182
2.6457513110645907
2.756809750418044
