1, 33.8595136803036
2, 33.093302444250966
3, 33.09279881384065
4, 32.22214559377861
5, 31.297497237532163
6, 31.29802975694583
7, 31.29376934790694
8, 31.29376934790694
9, 31.292704155015645
10, 31.292704155015645
15, 30.401754335344968
20, 30.401754335344968
25, 28.790623473624187
30, 28.16676528582341
35, 27.304456290747364
40, 27.306287432262433
45, 26.53990705836527
50, 25.795348417883407
55, 25.160153682625495
60, 25.150215373497964
65, 24.260392961917717
70, 24.254209256676802
75, 24.20881382196713
80, 24.21156748333325
85, 24.21156748333325
90, 24.208125357683798
95, 24.20743687382041
100, 24.20743687382041
150, 23.53932879246985
200, 23.54074481970922
250, 22.555856593502863
300, 20.966640169564602
350, 18.50045044496665
400, 18.507656073456015
450, 17.712519113139535
500, 17.708754896942924
550, 17.732268138434332
600, 17.728508115461945
650, 17.613441836657973
700, 17.610602866833755
750, 17.60776343927114
800, 17.60776343927114
850, 17.608709965998834
900, 17.608709965998834
950, 17.60397682343396
1000, 17.58408371226661
1250, 16.739175606940744
1500, 16.094512522388907
1750, 16.03017987006592
2000, 16.028100324118263
2250, 15.348181216895592
2500, 15.442365967256011
2750, 15.517731793016658
3000, 15.37313674346694
3250, 15.293789589241772
3500, 15.080892988591005
3750, 15.16904743218901
4000, 15.285068967241637
4250, 15.03551351523009
4500, 14.676511847165866
4750, 14.479871085982314
5000, 14.150382798120104
5250, 14.520101009749668
5500, 14.520101009749668
5750, 14.522396496446445
6000, 14.52583904633395
6250, 14.502873278538061
6500, 14.372427306014341
6750, 14.372427306014341
7000, 14.446452851824906
7250, 14.381701336536416
7500, 14.211497692596184
7750, 14.083086782851739
8000, 14.035668847618199
8250, 14.033293744995625
8500, 13.810623929907488
8750, 13.82389236069205
9000, 13.858811877887176
9250, 13.769531582446804
9500, 13.784048752090222
9750, 13.74772708486752
10000, 13.714955340794953
11000, 13.640625596601744
12000, 13.105978279650348
13000, 13.150411907363713
14000, 12.761922530193743
15000, 12.776280105466274
16000, 12.495332461896854
17000, 12.541929676090518
18000, 12.5870303619771
19000, 12.081666551708281
20000, 12.166894975026839
21000, 12.45525324244085
22000, 12.48332220738267
23000, 12.380091545165032
24000, 12.166894975026839
25000, 12.110601416389967
26000, 11.78558441486887
27000, 12.020815280171307
28000, 11.581594593722116
29000, 11.565754046609614
30000, 11.669047376142863
31000, 11.346071273058941
32000, 11.532562594670797
33000, 11.48622363239256
34000, 11.346071273058941
35000, 11.490575848639324
36000, 11.378341999899048
37000, 11.441153787970862
38000, 11.54411827151241
39000, 11.52822622956368
40000, 11.260550608207398
41000, 11.329901441171794
42000, 10.888832199398918
43000, 11.01060095241551
44000, 10.799691353614387
45000, 10.344080432788601
46000, 10.21273714534943
47000, 9.924716620639604
48000, 9.966610925150702
49000, 10.297248823512684
50000, 10.400320507881796
51000, 10.316653204083838
52000, 10.344080432788601
53000, 10.576703960434303
54000, 10.403525043625038
55000, 10.382677881933928
56000, 10.251829105091442
57000, 10.571975532825768
58000, 10.467409740077374
59000, 10.513483406242354
60000, 10.472185381603339
61000, 10.636415436289301
62000, 10.545141061171254
63000, 10.65207335060488
64000, 10.292392012225989
65000, 9.934787365615835
66000, 10.112698288126007
67000, 9.826834010334492
68000, 9.44281031614353
69000, 9.755340417774597
70000, 9.695359714832659
71000, 9.57078889120432
72000, 9.619424792228136
73000, 9.636735270135144
74000, 9.602083107326242
75000, 9.921357434007371
76000, 10.018316558517537
77000, 10.03493896344168
78000, 10.120935398140498
79000, 10.17677093515751
80000, 10.124228365658293
81000, 10.006664445924693
82000, 10.04655828298096
83000, 9.796257788904224
84000, 9.852241707685955
85000, 9.60728889958036
86000, 9.70051545022222
87000, 9.959919678390985
88000, 10.14724921674178
89000, 10.27131929208707
90000, 10.374648588426181
91000, 10.677078252031311
92000, 10.656766238717385
93000, 10.189864245088515
94000, 10.0
95000, 10.180045841416105
96000, 9.865765724632494
97000, 10.10940156488009
98000, 9.884331034521255
99000, 10.008329864001619
100000, 10.003332777962886
