1, 57.13965348162343
2, 56.37144667293895
3, 55.781538164521784
4, 55.029810103252224
5, 54.82444710163523
6, 54.35788811203025
7, 53.61399071138055
8, 53.52177127113788
9, 53.06769261989822
10, 52.492856656882374
15, 49.472820821133695
20, 45.47878626348773
25, 43.83788316057243
30, 43.49781603712996
35, 41.30133169765837
40, 40.2569248701388
45, 37.47559205669739
50, 36.83395172934883
55, 36.635228947012195
60, 36.168771060128655
65, 34.90128937446294
70, 34.57224320173627
75, 33.12099032335839
80, 32.687612332502965
85, 32.42468195680568
90, 31.358252502331823
95, 30.9127805284481
100, 30.89433605048019
150, 27.53470537340104
200, 25.181739415695652
250, 22.067623342806993
300, 19.688067452139634
350, 18.79893614011176
400, 17.564168070250297
450, 17.28583234906552
500, 16.373759494996865
550, 15.15915564930976
600, 13.091218430688565
650, 12.84912448379266
700, 12.66491215919005
750, 12.072282302862206
800, 11.630133275246676
850, 11.145402639653716
900, 11.159749101122301
950, 10.853570840972107
1000, 10.787956247593888
1250, 9.77547952787995
1500, 9.398936110007345
1750, 7.791020472312982
2000, 7.347108274688757
2250, 7.245688373094719
2500, 6.297618597533515
2750, 6.313477647065839
3000, 5.8395205282625735
3250, 5.655086206239477
3500, 5.547972602672079
3750, 5.473572873361603
4000, 5.427706698044765
4250, 5.442425929675111
4500, 5.140038910358559
4750, 5.00199960015992
5000, 4.993996395673509
5250, 4.298837052040936
5500, 4.294182110716778
5750, 4.132795663954365
6000, 4.089009660052175
6250, 3.9496835316262997
6500, 3.9115214431215892
6750, 3.987480407475377
7000, 3.916631205513228
7250, 3.906404996924922
7500, 3.9217343102255158
7750, 3.972404813208241
8000, 3.9420806688854046
8250, 3.9140771581561853
8500, 3.844476557348217
8750, 3.8078865529319543
9000, 3.8314488121336034
9250, 3.8418745424597094
9500, 3.844476557348217
9750, 3.823610858861032
10000, 3.8026306683663087
11000, 3.6110940170535577
12000, 3.5693136595149495
13000, 3.243454948045371
14000, 3.146426544510455
15000, 2.792848008753788
16000, 2.7748873851023217
17000, 2.5729360660537215
18000, 2.5337718918639855
19000, 2.6115129714401193
20000, 2.727636339397171
21000, 2.749545416973504
22000, 2.592296279363144
23000, 2.5495097567963922
24000, 2.6267851073127395
25000, 2.253885533916929
26000, 2.1260291625469296
27000, 2.1447610589527217
28000, 2.0445048300260873
29000, 2.039607805437114
30000, 1.9949937343260002
31000, 2.04939015319192
32000, 2.009975124224178
33000, 1.9949937343260002
34000, 1.8920887928424501
35000, 1.8973665961010275
36000, 1.8973665961010275
37000, 1.8275666882497066
38000, 1.816590212458495
39000, 1.7549928774784245
40000, 1.7204650534085253
41000, 1.6673332000533065
42000, 1.6552945357246849
43000, 1.6792855623746665
44000, 1.6613247725836149
45000, 1.6613247725836149
46000, 1.7378147196982767
47000, 1.7378147196982767
48000, 1.7262676501632068
49000, 1.7262676501632068
50000, 1.7262676501632068
51000, 1.70293863659264
52000, 1.70293863659264
53000, 1.624807680927192
54000, 1.624807680927192
55000, 1.624807680927192
56000, 1.5811388300841898
57000, 1.5620499351813308
58000, 1.5620499351813308
59000, 1.606237840420901
60000, 1.4560219778561037
61000, 1.4422205101855958
62000, 1.2649110640673518
63000, 1.1661903789690602
64000, 1.1661903789690602
65000, 1.1661903789690602
66000, 1.224744871391589
67000, 1.224744871391589
68000, 1.224744871391589
69000, 1.2489995996796797
70000, 1.2489995996796797
71000, 1.2489995996796797
72000, 1.2489995996796797
73000, 1.1135528725660044
74000, 1.1135528725660044
75000, 1.174734012447073
76000, 1.0862780491200215
77000, 1.0862780491200215
78000, 1.0862780491200215
79000, 1.131370849898476
80000, 1.2649110640673518
81000, 1.2489995996796797
82000, 1.2328828005937953
83000, 1.2
84000, 1.1916375287812984
85000, 1.2409673645990857
86000, 1.2409673645990857
87000, 1.1832159566199232
88000, 1.1832159566199232
89000, 1.1832159566199232
90000, 1.1832159566199232
91000, 1.1832159566199232
92000, 1.0954451150103321
93000, 1.0954451150103321
94000, 1.140175425099138
95000, 1.140175425099138
96000, 1.140175425099138
97000, 1.1832159566199232
98000, 1.1832159566199232
99000, 1.174734012447073
100000, 1.174734012447073
