15.604944271425186
14.45584409750702
11.258013019305722
10.0
9.786287782986385
8.398979529851061
9.041175650481366
8.48191353073451
8.145112469626012
7.8212165659460275
7.7126982493621705
6.919950453992737
6.981608492522131
6.87853805065333
6.447590912226719
6.15049359227139
6.082762530298219
6.474124320268009
6.566146945834042
6.308724118235001
6.40981390414061
6.117889458675388
5.361236531142526
5.0624669311089265
4.9396356140913875
4.795831523312719
5.118593556827891
4.6934604961128015
4.872664275615255
4.5197977198732495
4.554432691659538
4.312771730569565
4.607447387499008
4.398051516621553
4.566962103755937
4.644505202002531
4.662923668993215
4.6352685235824564
4.33589667773576
4.36871998252512
4.3094580368566735
4.427188724235731
4.18500725379129
4.077814540727843
3.8950518060006045
4.0918036539962594
3.9169959334746753
4.174754056057845
3.946064947695181
3.843361623816912
3.872983346207417
3.6955571781725767
3.8247315498700596
3.401680257083045
3.299350585450762
3.1441555759399513
3.295017884191656
3.0237157840738176
3.238165265349236
3.4142558277233497
3.389058023361991
3.372154885444702
3.4558439118191004
3.389058023361991
3.1213550171131033
3.430951554806417
3.3932706514932924
3.277629805645711
3.439269025326665
3.359421718944242
3.299350585450762
3.238165265349236
3.166791977470486
3.430951554806417
3.22490309931942
3.2732683535398857
3.3636714634883287
3.3551665915633544
