1, 40.24567412423708
2, 39.79770273341343
3, 39.67114820622161
4, 39.01208603936551
5, 38.52568716361295
6, 37.99511246763946
7, 37.555292569756396
8, 36.80411467679745
9, 36.06026701430339
10, 35.731938494453786
15, 33.137376394122
20, 32.56773161976656
25, 30.679448681952735
30, 29.04233363311466
35, 28.40975687531109
40, 28.25091654644652
45, 27.889065957826553
50, 26.31675186210161
55, 26.06913884270058
60, 25.40697317104668
65, 25.07417567367441
70, 25.890980227539806
75, 26.43860813280457
80, 25.04053856107275
85, 25.473235253609115
90, 24.70049160875722
95, 24.22926211953519
100, 23.617185026404577
150, 20.206788109798293
200, 18.3707842588637
250, 17.25439902501057
300, 15.127080730549812
350, 15.01903554065402
400, 13.851250588201156
450, 12.711075036023844
500, 12.117283995540065
550, 10.829852920779409
600, 9.579740527353994
650, 9.824168448997895
700, 9.609519090092757
750, 9.579740527353994
800, 9.27669892025945
850, 9.06642156531451
900, 8.515532027670716
950, 8.19756061276768
1000, 8.12403840463596
1250, 7.085195833567341
1500, 6.205987891890034
1750, 5.850518902505266
2000, 5.022805135436913
2250, 5.1796304335899706
2500, 4.8373546489791295
2750, 4.212227100104783
3000, 4.235900983599256
3250, 4.060260371665133
3500, 4.067291130821243
3750, 3.884033249820898
4000, 3.6527875852363962
4250, 3.4226138716316967
4500, 3.166791977470486
4750, 2.951996902824546
5000, 2.843539042410757
5250, 2.8834503141697647
5500, 2.8284271247461903
5750, 2.7723120830300267
6000, 2.3482516292522218
6250, 2.1908902300206643
6500, 1.6987390281365427
6750, 1.65615734242165
7000, 1.5766148184367308
7250, 1.5118578920369088
7500, 1.4342743312012722
7750, 1.4040757000349275
8000, 1.2071217242444348
8250, 1.2649110640673518
8500, 1.2983506020002016
8750, 1.2421180068162376
9000, 1.218898800440088
9250, 1.1588171308956141
9500, 1.1588171308956141
9750, 1.1710800875382399
10000, 0.9856107606091623
11000, 0.7367883976130072
12000, 0.5855400437691199
13000, 0.50709255283711
14000, 0.4472135954999579
15000, 0.23904572186687872
16000, 0.23904572186687872
17000, 0.1690308509457033
18000, 0.1690308509457033
19000, 0.1690308509457033
20000, 0.0
21000, 0.0
22000, 0.0
23000, 0.0
24000, 0.0
25000, 0.0
26000, 0.0
27000, 0.0
28000, 0.0
29000, 0.0
30000, 0.0
31000, 0.0
32000, 0.0
33000, 0.0
34000, 0.0
35000, 0.0
36000, 0.0
37000, 0.0
38000, 0.0
39000, 0.0
40000, 0.0
41000, 0.0
42000, 0.0
43000, 0.0
44000, 0.0
45000, 0.0
46000, 0.0
47000, 0.0
48000, 0.0
49000, 0.0
50000, 0.0
51000, 0.0
52000, 0.0
53000, 0.0
54000, 0.0
55000, 0.0
56000, 0.0
57000, 0.0
58000, 0.0
59000, 0.0
60000, 0.0
61000, 0.0
62000, 0.0
63000, 0.0
64000, 0.0
65000, 0.0
66000, 0.0
67000, 0.0
68000, 0.0
69000, 0.0
70000, 0.0
71000, 0.0
72000, 0.0
73000, 0.0
74000, 0.0
75000, 0.0
76000, 0.0
77000, 0.0
78000, 0.0
79000, 0.0
80000, 0.0
81000, 0.0
82000, 0.0
83000, 0.0
84000, 0.0
85000, 0.0
86000, 0.0
87000, 0.0
88000, 0.0
89000, 0.0
90000, 0.0
91000, 0.0
92000, 0.0
93000, 0.0
94000, 0.0
95000, 0.0
96000, 0.0
97000, 0.0
98000, 0.0
99000, 0.0
100000, 0.0
