5.835237784358063
5.172040216394301
5.599107071667768
4.47213595499958
4.631414470763764
4.006245124802026
3.721558813185679
3.2015621187164243
3.0983866769659336
2.9748949561287032
2.8809720581775866
3.0495901363953815
3.3763886032268267
3.170173496829472
3.0659419433511785
2.3979157616563596
2.3769728648009427
2.0371548787463363
2.0
1.9874606914351791
2.3130067012440754
2.0
2.3979157616563596
2.0124611797498106
2.0248456731316584
2.258317958127243
2.4289915602982237
2.29128784747792
2.085665361461421
1.8439088914585775
1.61245154965971
1.760681686165901
1.7320508075688772
1.91049731745428
1.9621416870348585
2.0615528128088303
1.9748417658131499
1.6733200530681511
1.5811388300841898
1.449137674618944
1.2649110640673518
1.449137674618944
1.4832396974191326
1.3038404810405297
1.224744871391589
1.140175425099138
1.0723805294763609
1.3601470508735443
1.224744871391589
1.4317821063276353
1.378404875209022
1.2649110640673518
1.4142135623730951
1.378404875209022
1.284523257866513
1.2041594578792296
1.1832159566199232
1.1832159566199232
1.0954451150103321
0.9746794344808963
1.0723805294763609
1.3038404810405297
1.449137674618944
1.4832396974191326
1.396424004376894
1.4317821063276353
1.3038404810405297
1.396424004376894
1.4317821063276353
1.449137674618944
1.378404875209022
1.3416407864998738
1.2649110640673518
1.140175425099138
1.224744871391589
1.1832159566199232
1.284523257866513
1.3416407864998738
1.3228756555322954
1.3228756555322954
1.3416407864998738
1.2041594578792296
1.0723805294763609
0.9219544457292888
0.9746794344808963
0.9746794344808963
0.9486832980505138
1.02469507659596
1.0488088481701516
1.02469507659596
0.9746794344808963
1.0954451150103321
1.0723805294763609
0.9219544457292888
0.8944271909999159
0.9219544457292888
0.9486832980505138
0.9486832980505138
0.9486832980505138
0.8944271909999159
0.8944271909999159
0.9219544457292888
0.9219544457292888
0.9219544457292888
0.9219544457292888
0.8944271909999159
0.8366600265340756
0.8366600265340756
0.8660254037844386
0.8660254037844386
0.8944271909999159
0.9746794344808963
1.0488088481701516
0.7071067811865476
0.7416198487095663
0.7416198487095663
0.6708203932499369
0.6324555320336759
0.6324555320336759
0.6324555320336759
0.6324555320336759
0.7416198487095663
0.6708203932499369
0.9486832980505138
0.9219544457292888
0.8660254037844386
0.8944271909999159
0.8660254037844386
0.6708203932499369
0.8366600265340756
0.8944271909999159
0.806225774829855
0.7071067811865476
0.7071067811865476
0.6708203932499369
0.5477225575051661
0.5477225575051661
0.5477225575051661
0.5477225575051661
0.5477225575051661
0.5
0.5
0.5477225575051661
0.5
0.5916079783099616
0.5916079783099616
0.6324555320336759
0.5916079783099616
0.5477225575051661
0.5
0.5
0.5
0.5477225575051661
0.4472135954999579
0.7745966692414834
0.8660254037844386
0.806225774829855
0.8366600265340756
0.6324555320336759
0.5916079783099616
0.6324555320336759
0.6324555320336759
0.5916079783099616
0.6324555320336759
0.6324555320336759
0.6324555320336759
0.7071067811865476
0.6324555320336759
0.6324555320336759
0.6324555320336759
0.5916079783099616
0.6324555320336759
0.6324555320336759
0.5916079783099616
0.5916079783099616
0.5477225575051661
0.5477225575051661
0.5477225575051661
0.5477225575051661
0.5477225575051661
0.5477225575051661
0.5916079783099616
0.5916079783099616
0.6324555320336759
0.7416198487095663
0.7071067811865476
0.7416198487095663
0.6708203932499369
0.6324555320336759
0.7745966692414834
0.7416198487095663
0.806225774829855
0.6708203932499369
0.6324555320336759
0.6324555320336759
0.6324555320336759
0.5916079783099616
0.5916079783099616
0.6324555320336759
0.6708203932499369
0.3872983346207417
0.3872983346207417
0.5
0.31622776601683794
0.5916079783099616
0.5477225575051661
0.5477225575051661
0.5916079783099616
0.7416198487095663
0.5916079783099616
0.5477225575051661
0.6708203932499369
0.6708203932499369
0.7071067811865476
0.6708203932499369
0.7071067811865476
0.7071067811865476
0.7071067811865476
0.6324555320336759
0.7071067811865476
0.7071067811865476
0.7071067811865476
0.7071067811865476
0.5916079783099616
0.5
0.5
0.5477225575051661
0.5477225575051661
0.5477225575051661
0.5477225575051661
0.5477225575051661
0.5477225575051661
0.806225774829855
0.8660254037844386
0.8660254037844386
0.806225774829855
0.8660254037844386
0.806225774829855
0.7745966692414834
0.8944271909999159
0.8944271909999159
0.8944271909999159
0.8944271909999159
0.8366600265340756
0.8366600265340756
0.8366600265340756
0.8366600265340756
0.8660254037844386
0.8660254037844386
0.7745966692414834
0.806225774829855
0.9486832980505138
1.0
0.8660254037844386
0.9219544457292888
0.9219544457292888
0.8366600265340756
0.9219544457292888
0.7745966692414834
0.7071067811865476
0.7416198487095663
0.7416198487095663
0.7745966692414834
0.806225774829855
0.806225774829855
0.806225774829855
0.6324555320336759
0.6324555320336759
0.5916079783099616
0.5916079783099616
0.5916079783099616
0.7416198487095663
0.7416198487095663
0.7745966692414834
0.7745966692414834
0.7745966692414834
0.7745966692414834
0.7745966692414834
0.7745966692414834
0.806225774829855
0.7745966692414834
0.806225774829855
0.806225774829855
0.806225774829855
0.806225774829855
0.7745966692414834
0.806225774829855
0.8366600265340756
0.806225774829855
0.806225774829855
0.806225774829855
0.7071067811865476
0.7071067811865476
0.7071067811865476
0.7071067811865476
0.7071067811865476
0.7745966692414834
0.7416198487095663
0.7416198487095663
0.806225774829855
0.806225774829855
0.8944271909999159
0.8660254037844386
0.7416198487095663
0.7416198487095663
0.6708203932499369
0.6708203932499369
0.7416198487095663
0.7745966692414834
0.7071067811865476
0.6324555320336759
0.6324555320336759
0.6324555320336759
0.5916079783099616
0.5916079783099616
0.5916079783099616
0.5916079783099616
0.5916079783099616
0.5916079783099616
0.5916079783099616
0.5916079783099616
0.6324555320336759
0.5916079783099616
0.6324555320336759
0.6324555320336759
0.5916079783099616
0.6324555320336759
0.5916079783099616
0.6324555320336759
0.7071067811865476
0.7071067811865476
0.5916079783099616
0.5916079783099616
0.5477225575051661
0.5916079783099616
0.5916079783099616
0.5477225575051661
0.5477225575051661
0.5916079783099616
0.6324555320336759
0.6708203932499369
0.6708203932499369
0.6708203932499369
0.6708203932499369
0.6708203932499369
0.7071067811865476
0.6708203932499369
0.6708203932499369
0.6708203932499369
0.6708203932499369
0.6708203932499369
0.6324555320336759
0.6324555320336759
0.6324555320336759
0.6708203932499369
0.6324555320336759
0.6708203932499369
0.7071067811865476
0.6708203932499369
0.6324555320336759
0.5916079783099616
0.7071067811865476
0.7071067811865476
0.6708203932499369
0.5
0.5477225575051661
0.4472135954999579
0.5
0.5
0.4472135954999579
0.5477225575051661
0.5
0.5
0.5
0.5
0.5
0.5
0.5477225575051661
0.5477225575051661
0.5916079783099616
0.5477225575051661
0.5916079783099616
0.5916079783099616
0.5916079783099616
0.5916079783099616
0.5916079783099616
0.5477225575051661
0.5916079783099616
0.5916079783099616
0.5477225575051661
0.5477225575051661
0.5477225575051661
0.5477225575051661
0.5477225575051661
0.5477225575051661
0.5477225575051661
0.5477225575051661
0.5477225575051661
0.5477225575051661
0.5916079783099616
