1, 63.04039109246475
2, 62.18988517582114
3, 61.55175206131976
4, 61.26692716006217
5, 60.46336230989955
6, 60.46080623767013
7, 59.86667004116883
8, 59.373854055927225
9, 58.56589140757303
10, 57.65161828525797
15, 55.594800280078516
20, 53.66190455062139
25, 52.20658265704884
30, 50.260955386498935
35, 50.11042352100554
40, 49.09286191402057
45, 48.94765292915205
50, 47.58170007280301
55, 46.675280590284814
60, 44.70204388249744
65, 43.94335196384297
70, 42.59406702176426
75, 41.16816952231641
80, 41.318276827573534
85, 40.57585488933043
90, 39.775734951212286
95, 39.135429193785754
100, 38.170907532022106
150, 32.24282866002919
200, 28.34142486955029
250, 25.576267408389647
300, 23.16972946834649
350, 21.348621415998654
400, 20.287927444665215
450, 18.730140998352944
500, 18.40602668100365
550, 17.616624379984223
600, 16.754375276598374
650, 15.695975164469278
700, 16.132970193759338
750, 15.927106682405542
800, 15.426659333174443
850, 14.892340923502195
900, 14.48196370411391
950, 13.659495531747071
1000, 13.898332143233459
1250, 12.606636059126666
1500, 12.795595833226084
1750, 12.223673008477517
2000, 12.181953866272849
2250, 11.831391219202338
2500, 12.398680281678075
2750, 11.459017885887556
3000, 10.98097528372677
3250, 10.873654566720594
3500, 11.009912888764461
3750, 10.1855512636997
4000, 9.536532626980026
4250, 9.157212755775934
4500, 9.318603094689871
4750, 8.989893315172422
5000, 8.908627075124222
5250, 8.926976480920574
5500, 8.93613705437341
5750, 8.037412518964047
6000, 7.720103626247513
6250, 7.555852638247327
6500, 7.90281882966739
6750, 7.553445932456619
7000, 7.865921895920864
7250, 7.745966692414834
7500, 7.768233682469558
7750, 7.687061147858074
8000, 7.590664122340141
8250, 7.8901549702490295
8500, 7.581076920380592
8750, 7.267611837335688
9000, 7.370703679247506
9250, 7.263858228492373
9500, 7.5027267770397374
9750, 7.338565626506685
10000, 7.684695534277559
11000, 7.163036430808579
12000, 7.064636643811974
13000, 6.357529537342459
14000, 6.036254106344732
15000, 5.747726823394066
16000, 5.851184806204948
17000, 5.29493754791911
18000, 5.1680838721029785
19000, 4.937794870366547
20000, 4.805300104146368
21000, 4.416909655980175
22000, 4.8373546489791295
23000, 4.820411148062335
24000, 4.598418700537669
25000, 4.441539454656766
26000, 4.457883721310738
27000, 4.37555191323958
28000, 3.9840591452345775
29000, 4.031692628976749
30000, 4.065374856919436
31000, 4.072077870303831
32000, 3.958879547640629
33000, 3.9126833387192104
34000, 4.173509532537552
35000, 4.173509532537552
36000, 3.9450774851245147
37000, 3.958879547640629
38000, 3.5700776665857767
39000, 3.7489392439122637
40000, 3.712387127148539
41000, 3.8494391563163872
42000, 3.8233730942953787
43000, 3.5979792308259015
44000, 3.7489392439122637
45000, 3.692744729379982
46000, 3.4456824103110946
47000, 3.539388750515084
48000, 3.6902820784029258
49000, 3.485032933195115
50000, 3.582787132438046
51000, 3.7416573867739413
52000, 3.7343613303287277
53000, 3.809080060735257
54000, 3.665564572663212
55000, 3.7971281013657965
56000, 3.7610443423940834
57000, 3.6506537397119336
58000, 3.6705213897656654
59000, 3.590391216971918
60000, 3.424510582152248
61000, 3.4191971412758715
62000, 3.389824345140776
63000, 3.3951837545665664
64000, 3.5032452487268535
65000, 3.335756694855416
66000, 3.196589091231749
67000, 3.1880458534400606
68000, 3.1507574846809026
69000, 3.170890325215531
70000, 3.1880458534400606
71000, 3.255764119219941
72000, 3.147870853305597
73000, 3.302891295379082
74000, 3.2973818815428815
75000, 3.3951837545665664
76000, 3.4351128074635335
77000, 3.319364670864263
78000, 3.2333489534143163
79000, 3.2752515517548764
80000, 3.213607432041557
81000, 3.142089634737888
82000, 3.368301433282738
83000, 3.238967287718277
84000, 3.2473765635439547
85000, 3.236159339823562
86000, 3.110100846070312
87000, 3.027149874657078
88000, 3.118857599710626
89000, 3.027149874657078
90000, 3.0151134457776365
91000, 2.969542358374741
92000, 2.898275349237888
93000, 2.885701427256938
94000, 3.060005941764879
95000, 3.0748244591432297
96000, 3.0451153135353137
97000, 2.9603439603593977
98000, 2.9908952749059177
99000, 2.969542358374741
100000, 2.8699065553365384
