1, 16.510602654052335
2, 16.141044988888833
3, 15.474710551951098
4, 14.507469340538572
5, 13.9522996909709
6, 13.93078126548065
7, 13.2664991614216
8, 12.312595177297109
9, 11.512312249645305
10, 10.52299070290064
15, 10.421132376090421
20, 8.547904226573124
25, 8.528383981349183
30, 7.797435475847171
35, 7.206478566771245
40, 7.066352194260722
45, 6.95221787153807
50, 6.980926395066298
55, 6.980926395066298
60, 6.947421584060281
65, 6.54217089351845
70, 6.51664535375884
75, 6.51664535375884
80, 6.572670690061994
85, 6.547264059640994
90, 6.501281924871945
95, 6.319282659711728
100, 6.244997998398398
150, 5.354126134736337
200, 4.788875998951459
250, 3.8987177379235853
300, 3.3366650016645862
350, 3.5870136139505613
400, 3.5496478698597698
450, 3.255764119219941
500, 3.2145502536643185
550, 2.851899951494325
600, 2.8284271247461903
650, 2.422120283277993
700, 2.70801280154532
750, 2.7325202042558927
800, 2.70801280154532
850, 2.7202941017470885
900, 2.6583202716502514
950, 2.556038601690775
1000, 2.54296414970142
1250, 2.206052281036573
1500, 2.4083189157584592
1750, 1.983263304085802
2000, 1.8073922282301278
2250, 1.8439088914585775
2500, 1.7701224063135672
2750, 1.61245154965971
3000, 1.6931233465600393
3250, 1.6532795690182993
3500, 1.570562531918633
3750, 1.8618986725025255
4000, 1.61245154965971
4250, 1.4375905768565218
4500, 1.390443574307614
4750, 1.4142135623730951
5000, 1.2110601416389966
5250, 1.2110601416389966
5500, 1.2110601416389966
5750, 1.2110601416389966
6000, 1.2110601416389966
6250, 1.2382783747337807
6500, 1.3416407864998738
6750, 1.2649110640673518
7000, 1.2649110640673518
7250, 1.2649110640673518
7500, 1.2382783747337807
7750, 1.2110601416389966
8000, 1.2110601416389966
8250, 1.2110601416389966
8500, 1.1832159566199232
8750, 1.2649110640673518
9000, 1.2110601416389966
9250, 1.2110601416389966
9500, 1.0327955589886444
9750, 1.0327955589886444
10000, 1.0327955589886444
11000, 1.0645812948447542
12000, 1.0954451150103321
13000, 0.9660917830792959
14000, 0.7745966692414834
15000, 0.6831300510639732
16000, 0.8563488385776752
17000, 0.7302967433402214
18000, 0.5773502691896257
19000, 0.5773502691896257
20000, 0.6831300510639732
21000, 0.6831300510639732
22000, 0.5773502691896257
23000, 0.8563488385776752
24000, 0.6831300510639732
25000, 0.7745966692414834
26000, 0.7745966692414834
27000, 0.6324555320336759
28000, 0.6831300510639732
29000, 0.6831300510639732
30000, 0.6831300510639732
31000, 0.6831300510639732
32000, 0.6831300510639732
33000, 0.6831300510639732
34000, 0.5773502691896257
35000, 0.6324555320336759
36000, 0.3651483716701107
37000, 0.2581988897471611
38000, 0.2581988897471611
39000, 0.2581988897471611
40000, 0.2581988897471611
41000, 0.2581988897471611
42000, 0.2581988897471611
43000, 0.2581988897471611
44000, 0.2581988897471611
45000, 0.2581988897471611
46000, 0.3651483716701107
47000, 0.2581988897471611
48000, 0.3651483716701107
49000, 0.2581988897471611
50000, 0.2581988897471611
51000, 0.2581988897471611
52000, 0.3651483716701107
53000, 0.2581988897471611
54000, 0.2581988897471611
55000, 0.2581988897471611
56000, 0.2581988897471611
57000, 0.3651483716701107
58000, 0.3651483716701107
59000, 0.2581988897471611
60000, 0.4472135954999579
61000, 0.4472135954999579
62000, 0.2581988897471611
63000, 0.3651483716701107
64000, 0.3651483716701107
65000, 0.4472135954999579
66000, 0.4472135954999579
67000, 0.4472135954999579
68000, 0.4472135954999579
69000, 0.4472135954999579
70000, 0.4472135954999579
71000, 0.5163977794943222
72000, 0.3651483716701107
73000, 0.4472135954999579
74000, 0.4472135954999579
75000, 0.4472135954999579
76000, 0.5163977794943222
77000, 0.4472135954999579
78000, 0.3651483716701107
79000, 0.4472135954999579
80000, 0.3651483716701107
81000, 0.3651483716701107
82000, 0.3651483716701107
83000, 0.3651483716701107
84000, 0.3651483716701107
85000, 0.3651483716701107
86000, 0.3651483716701107
87000, 0.3651483716701107
88000, 0.3651483716701107
89000, 0.3651483716701107
90000, 0.3651483716701107
91000, 0.3651483716701107
92000, 0.3651483716701107
93000, 0.3651483716701107
94000, 0.2581988897471611
95000, 0.3651483716701107
96000, 0.3651483716701107
97000, 0.3651483716701107
98000, 0.3651483716701107
99000, 0.3651483716701107
100000, 0.4472135954999579
