1, 13.766626311482419
2, 12.874781551544865
3, 12.649110640673518
4, 12.604761005270984
5, 11.737120600896967
6, 11.737120600896967
7, 11.113955191559844
8, 10.609429767899876
9, 10.609429767899876
10, 10.609429767899876
15, 9.524704719832526
20, 7.647221717722064
25, 7.552483035399682
30, 7.3484692283495345
35, 6.6932802122726045
40, 6.1838499334961226
45, 5.979966555090421
50, 5.932958789676531
55, 5.979966555090421
60, 5.699122739510003
65, 4.46318272088428
70, 4.418144406874904
75, 4.4362146025637665
80, 4.4362146025637665
85, 4.4362146025637665
90, 4.418144406874904
95, 4.4
100, 4.409081537009721
150, 2.870540018881465
200, 2.3832750575625967
250, 2.0591260281974
300, 2.1540659228538015
350, 2.0199009876724157
400, 1.9798989873223332
450, 1.9798989873223332
500, 1.9595917942265424
550, 1.9595917942265424
600, 1.9183326093250879
650, 1.4142135623730951
700, 1.2328828005937953
750, 1.2328828005937953
800, 1.0954451150103321
850, 1.019803902718557
900, 1.019803902718557
950, 0.9797958971132712
1000, 0.9797958971132712
1250, 0.938083151964686
1500, 0.938083151964686
1750, 0.938083151964686
2000, 0.938083151964686
2250, 0.8
2500, 0.8
2750, 0.8
3000, 0.8
3250, 0.8
3500, 0.8
3750, 0.8
4000, 0.8
4250, 0.7483314773547883
4500, 0.7483314773547883
4750, 0.7483314773547883
5000, 0.7483314773547883
5250, 0.7483314773547883
5500, 0.7483314773547883
5750, 0.7483314773547883
6000, 0.4
6250, 0.4
6500, 0.7483314773547883
6750, 0.7483314773547883
7000, 0.7483314773547883
7250, 0.7483314773547883
7500, 0.7483314773547883
7750, 0.7483314773547883
8000, 0.7483314773547883
8250, 0.7483314773547883
8500, 0.7483314773547883
8750, 0.7483314773547883
9000, 0.7483314773547883
9250, 0.7483314773547883
9500, 0.282842712474619
9750, 0.282842712474619
10000, 0.282842712474619
11000, 0.4
12000, 0.282842712474619
13000, 0.282842712474619
14000, 0.282842712474619
15000, 0.282842712474619
16000, 0.282842712474619
17000, 0.0
18000, 0.0
19000, 0.0
20000, 0.0
21000, 0.282842712474619
22000, 0.282842712474619
23000, 0.282842712474619
24000, 0.282842712474619
25000, 0.282842712474619
26000, 0.282842712474619
27000, 0.4
28000, 0.4
29000, 0.4
30000, 0.4
31000, 0.4
32000, 0.4
33000, 0.4
34000, 0.4
35000, 0.4
36000, 0.4
37000, 0.4
38000, 0.4
39000, 0.4
40000, 0.4
41000, 0.282842712474619
42000, 0.282842712474619
43000, 0.282842712474619
44000, 0.282842712474619
45000, 0.282842712474619
46000, 0.282842712474619
47000, 0.282842712474619
48000, 0.282842712474619
49000, 0.4
50000, 0.4
51000, 0.4
52000, 0.4
53000, 0.4
54000, 0.4
55000, 0.282842712474619
56000, 0.4
57000, 0.4
58000, 0.4
59000, 0.282842712474619
60000, 0.282842712474619
61000, 0.282842712474619
62000, 0.282842712474619
63000, 0.282842712474619
64000, 0.282842712474619
65000, 0.282842712474619
66000, 0.282842712474619
67000, 0.282842712474619
68000, 0.282842712474619
69000, 0.282842712474619
70000, 0.282842712474619
71000, 0.282842712474619
72000, 0.282842712474619
73000, 0.282842712474619
74000, 0.282842712474619
75000, 0.282842712474619
76000, 0.282842712474619
77000, 0.282842712474619
78000, 0.282842712474619
79000, 0.282842712474619
80000, 0.282842712474619
81000, 0.282842712474619
82000, 0.282842712474619
83000, 0.282842712474619
84000, 0.282842712474619
85000, 0.282842712474619
86000, 0.282842712474619
87000, 0.282842712474619
88000, 0.282842712474619
89000, 0.282842712474619
90000, 0.282842712474619
91000, 0.282842712474619
92000, 0.282842712474619
93000, 0.282842712474619
94000, 0.282842712474619
95000, 0.282842712474619
96000, 0.282842712474619
97000, 0.282842712474619
98000, 0.282842712474619
99000, 0.282842712474619
100000, 0.282842712474619
