1, 39.572356874103775
2, 38.953452075155404
3, 38.99706948696823
4, 38.97654972636019
5, 38.47299609559189
6, 38.44290757548319
7, 38.44290757548319
8, 37.620283282900914
9, 36.804502830108014
10, 36.29718603811753
15, 34.3090991679217
20, 32.98441190276747
25, 31.762961358880162
30, 30.170468058304014
35, 28.910205810405433
40, 28.68399254935457
45, 28.508645305290415
50, 27.630728236098715
55, 25.814171080463318
60, 25.332080169506128
65, 25.04110905804978
70, 24.487314500136012
75, 23.673976067765697
80, 22.96830113749942
85, 23.003726406202727
90, 22.53822150417882
95, 20.544724731320063
100, 19.914818603241155
150, 15.052289811567826
200, 13.74149087357596
250, 12.600453506577791
300, 10.178408519999577
350, 10.18261824314917
400, 9.931191843307198
450, 9.605058191241886
500, 8.755406492970092
550, 8.419365432484463
600, 8.294576541331088
650, 7.402702209328699
700, 6.932325934139483
750, 6.8660656232559525
800, 6.807558824046778
850, 6.6868741362676865
900, 6.598701170901524
950, 6.594369893000717
1000, 6.465291950097845
1250, 6.212889826803627
1500, 5.557491726103988
1750, 5.065288032989127
2000, 5.124172407047099
2250, 5.048337774526808
2500, 4.786886849956422
2750, 4.83440053899432
3000, 4.342481186734475
3250, 4.246006527146588
3500, 4.21561722306812
3750, 4.157609203101499
4000, 3.6683978597124463
4250, 3.480558247506528
4500, 3.6174181795466067
4750, 3.605551275463989
5000, 3.5816995167896803
5250, 3.6134668750581977
5500, 3.480558247506528
5750, 3.307998963551401
6000, 2.65114530506561
6250, 2.65114530506561
6500, 2.704493615131253
6750, 2.6886002731107927
7000, 2.65114530506561
7250, 2.65114530506561
7500, 2.6403462976338106
7750, 2.7360033416855116
8000, 2.6457513110645907
8250, 2.5523098781859765
8500, 2.4319304501333328
8750, 2.4201534780139164
9000, 2.3724610489050035
9250, 2.390457218668787
9500, 2.4142434484888695
9750, 2.4553149347021512
10000, 2.4201534780139164
11000, 2.04939015319192
12000, 2.042407542932745
13000, 1.889822365046136
14000, 1.7237832147426693
15000, 1.65615734242165
16000, 1.6647608150808246
17000, 1.65615734242165
18000, 1.6647608150808246
19000, 1.6300744943538186
20000, 1.6647608150808246
21000, 1.6647608150808246
22000, 1.6300744943538186
23000, 1.647508942095828
24000, 1.5306394555404428
25000, 1.52127765851133
26000, 1.5306394555404428
27000, 1.3835771443203715
28000, 1.3201731488169053
29000, 1.3093073414159542
30000, 1.4040757000349275
31000, 1.4638501094227998
32000, 1.218898800440088
33000, 1.2761549390929883
34000, 1.2761549390929883
35000, 1.2761549390929883
36000, 1.2649110640673518
37000, 1.2421180068162376
38000, 1.218898800440088
39000, 1.2535663410560174
40000, 1.2535663410560174
41000, 1.2983506020002016
42000, 1.2983506020002016
43000, 1.2873006086935783
44000, 1.2761549390929883
45000, 1.2761549390929883
46000, 1.2761549390929883
47000, 1.218898800440088
48000, 1.218898800440088
49000, 1.2071217242444348
50000, 1.2071217242444348
51000, 1.1832159566199232
52000, 1.1710800875382399
53000, 1.1710800875382399
54000, 1.1710800875382399
55000, 1.1588171308956141
56000, 1.1832159566199232
57000, 1.1588171308956141
58000, 1.0690449676496976
59000, 1.0555973258234952
60000, 1.0555973258234952
61000, 1.1084094137869043
62000, 1.1084094137869043
63000, 1.082325538564332
64000, 1.082325538564332
65000, 1.082325538564332
66000, 1.0419761445034554
67000, 1.082325538564332
68000, 1.082325538564332
69000, 1.082325538564332
70000, 1.082325538564332
71000, 1.082325538564332
72000, 1.082325538564332
73000, 1.082325538564332
74000, 1.0
75000, 1.01418510567422
76000, 0.9411239481143202
77000, 0.8944271909999159
78000, 0.8944271909999159
79000, 0.8451542547285166
80000, 0.8451542547285166
81000, 0.8451542547285166
82000, 0.8451542547285166
83000, 0.8451542547285166
84000, 0.8451542547285166
85000, 0.8451542547285166
86000, 0.8618916073713346
87000, 0.8944271909999159
88000, 0.8944271909999159
89000, 0.8783100656536799
90000, 0.8944271909999159
91000, 0.8944271909999159
92000, 0.8944271909999159
93000, 0.7928249671720918
94000, 0.7928249671720918
95000, 0.7745966692414834
96000, 0.7745966692414834
97000, 0.7928249671720918
98000, 0.7928249671720918
99000, 0.7745966692414834
100000, 0.7745966692414834
