9.008329478876759
8.068457101577723
7.791020472312982
7.014271166700073
7.214568594171102
7.57957782465488
7.483314773547883
7.774959806970066
7.280109889280518
7.290404652692469
7.088723439378913
7.3246160308919945
6.931810730249348
7.566372975210778
7.429670248402684
7.5398938984577235
7.22841614740048
7.351870510285121
7.276675064890558
7.0710678118654755
7.0285133563222315
7.1867934435323795
7.151922818375489
7.207634840916957
7.262919523166975
7.221495689952325
7.172865536171719
7.039176088151226
7.116881339463234
7.053367989832942
7.211102550927978
7.293833011524188
7.385797181076664
7.3484692283495345
7.345066371381542
7.22841614740048
7.109852319141376
7.0285133563222315
7.102816342831906
6.989277502002621
6.85200700525036
6.848357467305573
6.833739825307955
6.855654600401044
6.700746227100382
6.591661399070799
6.7379522111692065
6.81175454637056
6.892024376045111
6.98212002188447
6.884765791223402
6.877499545619759
6.862943974709396
6.935416353759881
6.967783004657938
7.049822692805827
6.946221994724902
6.935416353759881
6.96419413859206
6.985699678629192
7.035623639735144
7.003570517957251
6.870225614927067
6.935416353759881
6.797058187186572
6.931810730249348
7.127411872482185
6.989277502002621
6.917369442208505
6.87386354243376
6.892024376045111
6.96419413859206
7.046275611981127
6.902897942168926
7.00713921654194
6.971370023173351
7.074602462329597
7.024955515873392
6.946221994724902
6.974955196988724
6.98212002188447
6.992853494818835
7.042726744663604
7.0816664705420855
7.032069396699666
7.053367989832942
6.924593850905626
6.859300255857007
7.003570517957251
6.96419413859206
7.0285133563222315
7.0178344238090995
6.989277502002621
7.092249290598858
7.003570517957251
6.866585760041158
6.670832032063167
6.603029607687671
6.34428877022476
6.5038450166036395
6.523036102920173
6.410928169929843
6.422616289332565
6.434283176858165
6.34428877022476
6.4265076052238514
6.457553716385176
6.526867548832288
6.453681120105021
6.276941930590086
6.352164985262899
6.438167441127949
6.5038450166036395
6.383572667401852
6.507687761409578
6.819090848492928
6.6932802122726045
6.685805860178712
6.815423684555495
6.815423684555495
6.7379522111692065
6.7638746292343415
6.682065548915245
6.587867636800241
6.782329983125268
6.8044103344816
6.826419266350405
6.6932802122726045
6.6670833203133135
6.652067347825035
6.568865959965997
6.6932802122726045
6.652067347825035
6.553624951124378
6.51536645170477
6.545991139621257
6.572670690061994
6.7638746292343415
6.745368781616021
6.704476116744694
6.815423684555495
6.822756041366275
6.74166151627327
6.756478372643548
6.723094525588644
6.774953874381729
6.819090848492928
6.789698078707183
6.670832032063167
6.629479617586889
6.58027355054484
6.519202405202649
6.488451279003334
6.5
6.603029607687671
6.591661399070799
6.866585760041158
6.726812023536855
6.685805860178712
6.749074010558782
6.774953874381729
6.6670833203133135
6.833739825307955
6.910137480542627
6.996427659884722
7.0178344238090995
7.00713921654194
7.12039324756716
6.8044103344816
6.88839603971781
6.800735254367722
6.924593850905626
6.830080526611674
7.014271166700073
6.971370023173351
6.844705983459042
6.859300255857007
6.942621983083913
6.924593850905626
6.899275324264136
6.822756041366275
6.756478372643548
6.953416426476988
6.833739825307955
6.88839603971781
6.848357467305573
6.815423684555495
6.815423684555495
6.859300255857007
6.767569726275452
6.7786429320329304
6.745368781616021
6.704476116744694
6.629479617586889
6.48074069840786
6.526867548832288
6.44980619863884
6.469157595854347
6.48074069840786
6.469157595854347
6.48074069840786
6.3992187023104625
6.434283176858165
6.476881965884511
6.3992187023104625
6.438167441127949
6.356099432828281
6.308724118235001
6.356099432828281
6.44980619863884
6.296824596572466
6.220932405998316
6.308724118235001
6.395310782127793
6.3796551630946325
6.3992187023104625
6.304760106459246
6.356099432828281
6.320601237224193
6.268971207462991
6.422616289332565
6.363961030678928
6.176568626672903
6.383572667401852
6.29285308902091
6.224949798994366
6.300793600809346
6.248999919987197
6.387487769068525
6.328506932918696
6.260990336999411
6.29285308902091
6.144102863722254
6.06217782649107
6.156297588648554
6.18869937870632
6.252999280345393
6.176568626672903
6.224949798994366
6.395310782127793
6.29285308902091
6.375735251718032
6.395310782127793
6.4031242374328485
6.461423991660043
6.445928947793328
6.442049363362563
6.457553716385176
6.44980619863884
6.5
6.367888189973187
6.367888189973187
6.375735251718032
6.48074069840786
6.430396566309111
6.51536645170477
6.700746227100382
6.511528238439882
6.476881965884511
6.383572667401852
6.272957835024878
6.360031446463139
6.324555320336759
6.324555320336759
6.324555320336759
6.2048368229954285
6.336402764976355
6.352164985262899
6.332456079595025
6.284902544988268
6.256996084384263
6.371812928829597
6.445928947793328
6.348228099241551
6.48459713474939
6.457553716385176
6.445928947793328
6.336402764976355
6.442049363362563
6.418722614352485
6.488451279003334
6.465291950097845
6.553624951124378
6.576473218982953
6.48074069840786
6.526867548832288
6.476881965884511
6.445928947793328
6.356099432828281
6.410928169929843
6.488451279003334
6.523036102920173
6.523036102920173
6.507687761409578
6.511528238439882
6.492303135251773
6.44980619863884
6.383572667401852
6.526867548832288
6.4265076052238514
6.430396566309111
6.387487769068525
6.465291950097845
6.360031446463139
6.356099432828281
6.212889826803627
6.176568626672903
6.244997998398398
6.15223536610881
6.0909769331364245
6.2809234989768825
6.2048368229954285
6.2048368229954285
6.216912416947821
6.216912416947821
6.220932405998316
6.18465843842649
6.176568626672903
6.18465843842649
6.1400325732035
6.119640512317697
6.18465843842649
6.192737682156414
6.220932405998316
6.256996084384263
6.260990336999411
6.18869937870632
6.168468205316454
6.176568626672903
6.0950799830683104
6.107372593840988
6.192737682156414
6.18465843842649
6.160357132504576
6.074537019394976
6.074537019394976
6.099180272790763
6.099180272790763
6.148170459575759
6.216912416947821
6.148170459575759
6.18465843842649
6.212889826803627
6.212889826803627
6.23698645180507
6.224949798994366
6.224949798994366
6.29285308902091
6.308724118235001
6.248999919987197
6.192737682156414
6.18465843842649
6.04979338490167
6.04979338490167
5.991660871578097
6.099180272790763
6.18465843842649
6.115553940568262
6.123724356957945
6.103277807866851
6.2289646009589745
6.220932405998316
6.256996084384263
6.1400325732035
6.156297588648554
6.082762530298219
6.2048368229954285
6.1400325732035
6.180614856144977
5.937171043518958
6.037383539249433
6.0
6.074537019394976
6.0909769331364245
6.0456596000767355
5.995831885568507
6.070420084310475
6.024948132556827
6.00416522091123
5.995831885568507
6.00416522091123
6.04979338490167
6.0
5.852349955359813
5.9455865984779
5.928743543112655
5.9076221950967716
6.00416522091123
6.020797289396148
5.962382074305537
6.037383539249433
6.037383539249433
6.070420084310475
6.111464636239009
6.012487006222965
6.15223536610881
6.012487006222965
5.9455865984779
5.818075283115543
5.860887304837042
