1, 7.788880963698615
2, 7.788880963698615
3, 7.788880963698615
4, 7.788880963698615
5, 6.96658692139367
6, 6.96658692139367
7, 6.96658692139367
8, 6.96658692139367
9, 6.96658692139367
10, 6.96658692139367
15, 6.96658692139367
20, 6.96658692139367
25, 6.96658692139367
30, 6.96658692139367
35, 6.96658692139367
40, 6.186005711819758
45, 6.44980619863884
50, 6.303438215238834
55, 6.303438215238834
60, 6.303438215238834
65, 6.303438215238834
70, 6.303438215238834
75, 6.303438215238834
80, 6.303438215238834
85, 6.303438215238834
90, 6.303438215238834
95, 6.303438215238834
100, 6.303438215238834
150, 6.303438215238834
200, 6.303438215238834
250, 6.303438215238834
300, 6.303438215238834
350, 6.303438215238834
400, 6.303438215238834
450, 6.1752192943516855
500, 6.1752192943516855
550, 6.1752192943516855
600, 6.1752192943516855
650, 6.303438215238834
700, 6.303438215238834
750, 6.303438215238834
800, 6.303438215238834
850, 6.303438215238834
900, 6.303438215238834
950, 6.303438215238834
1000, 6.303438215238834
1250, 6.303438215238834
1500, 6.1752192943516855
1750, 6.1752192943516855
2000, 6.1752192943516855
2250, 6.1752192943516855
2500, 6.1752192943516855
2750, 6.1752192943516855
3000, 6.1752192943516855
3250, 6.1752192943516855
3500, 6.1752192943516855
3750, 6.1752192943516855
4000, 6.1752192943516855
4250, 6.1752192943516855
4500, 6.1752192943516855
4750, 6.1752192943516855
5000, 6.303438215238834
5250, 6.303438215238834
5500, 6.1752192943516855
5750, 6.1752192943516855
6000, 6.1752192943516855
6250, 6.303438215238834
6500, 6.303438215238834
6750, 6.303438215238834
7000, 6.303438215238834
7250, 6.303438215238834
7500, 6.303438215238834
7750, 6.1752192943516855
8000, 6.1752192943516855
8250, 6.1752192943516855
8500, 6.1752192943516855
8750, 6.1752192943516855
9000, 6.1752192943516855
9250, 6.1752192943516855
9500, 6.1752192943516855
9750, 6.1752192943516855
10000, 6.1752192943516855
11000, 6.1752192943516855
12000, 6.1752192943516855
13000, 6.1752192943516855
14000, 6.1752192943516855
15000, 6.1752192943516855
16000, 6.1752192943516855
17000, 6.1752192943516855
18000, 6.1752192943516855
19000, 6.1752192943516855
20000, 6.1752192943516855
21000, 6.1752192943516855
22000, 6.1752192943516855
23000, 6.1752192943516855
24000, 6.1752192943516855
25000, 6.1752192943516855
26000, 6.1752192943516855
27000, 6.1752192943516855
28000, 6.1752192943516855
29000, 6.1752192943516855
30000, 6.1752192943516855
31000, 6.1752192943516855
32000, 6.1752192943516855
33000, 6.1752192943516855
34000, 6.1752192943516855
35000, 6.1752192943516855
36000, 6.1752192943516855
37000, 6.303438215238834
38000, 6.303438215238834
39000, 6.303438215238834
40000, 6.303438215238834
41000, 6.303438215238834
42000, 6.303438215238834
43000, 6.303438215238834
44000, 6.303438215238834
45000, 6.303438215238834
46000, 6.303438215238834
47000, 6.303438215238834
48000, 6.303438215238834
49000, 6.303438215238834
50000, 6.303438215238834
51000, 6.303438215238834
52000, 6.303438215238834
53000, 6.303438215238834
54000, 6.303438215238834
55000, 6.303438215238834
56000, 6.303438215238834
57000, 6.303438215238834
58000, 6.303438215238834
59000, 6.303438215238834
60000, 6.303438215238834
61000, 6.303438215238834
62000, 6.303438215238834
63000, 6.303438215238834
64000, 6.303438215238834
65000, 6.303438215238834
66000, 6.303438215238834
67000, 6.303438215238834
68000, 6.303438215238834
69000, 6.303438215238834
70000, 6.303438215238834
71000, 6.303438215238834
72000, 6.303438215238834
73000, 6.303438215238834
74000, 6.303438215238834
75000, 6.303438215238834
76000, 6.303438215238834
77000, 6.303438215238834
78000, 6.303438215238834
79000, 6.303438215238834
80000, 6.303438215238834
81000, 6.303438215238834
82000, 6.303438215238834
83000, 6.303438215238834
84000, 6.303438215238834
85000, 6.303438215238834
86000, 6.303438215238834
87000, 6.303438215238834
88000, 6.303438215238834
89000, 6.303438215238834
90000, 6.303438215238834
91000, 6.303438215238834
92000, 6.303438215238834
93000, 6.303438215238834
94000, 6.303438215238834
95000, 6.303438215238834
96000, 6.303438215238834
97000, 6.303438215238834
98000, 6.303438215238834
99000, 6.303438215238834
100000, 6.303438215238834
