1, 577.349175109829
2, 577.0025597863497
3, 576.7741759128958
4, 576.1178785630593
5, 576.0917912971855
6, 576.0949331490427
7, 576.0790049984464
8, 575.6863798979441
9, 575.3050894959995
10, 575.2253853925433
15, 574.7602421879927
20, 573.2181417226778
25, 571.9724136704497
30, 570.9739976566358
35, 569.2335039331399
40, 567.3437388391627
45, 564.5387834329897
50, 564.1460856905771
55, 563.9027061470799
60, 561.7660545102383
65, 560.6011737411901
70, 559.3944458072497
75, 559.2366529475693
80, 557.291571800615
85, 556.7576043486071
90, 555.8999262457228
95, 554.9687702925273
100, 554.3474902982786
150, 542.7743932795651
200, 533.1147156100645
250, 523.7541847088193
300, 513.0332581811826
350, 507.3152984091846
400, 504.24960684169105
450, 498.9578759775218
500, 495.00408483163045
550, 491.9720134316585
600, 487.34360773483013
650, 484.40097646474663
700, 483.62469746695115
750, 481.9316901802578
800, 478.5157949326229
850, 475.9738102038809
900, 473.4307890283436
950, 471.9354786408837
1000, 469.3398598031069
1250, 462.2157375079304
1500, 457.2063800954663
