10.022474744293447
9.757048734120374
8.766413177577247
8.228000972289685
7.848566748139434
8.34865258589672
8.514693182963201
8.546929273136639
8.555699854482976
8.820430828479978
8.64291617453276
8.885381252371786
8.994442728707543
8.843076387773658
8.811923740024081
8.546929273136639
8.387490685538792
8.270429251254134
8.363611660042569
8.139410298049853
8.056053624449133
7.794228634059948
7.736278174936576
7.9498427657407165
7.981227975693966
8.15781833580523
7.993747556684537
7.996874389409903
8.237111144084436
8.249242389456137
8.435045939412541
8.099382692526634
8.209750300709517
8.44393273303382
8.408329203831164
8.593602271457529
8.538149682454625
9.047098982546835
9.378166132032424
9.338094023943002
9.439279633531363
9.335416434203673
9.303225247192502
9.599479152537391
9.57601169589929
9.6850400102426
9.726253132630262
9.5420123663722
9.66695401871758
9.682458365518542
9.7082439194738
9.785192895390463
9.609890738192604
9.813256340277675
9.651424765287247
10.00499875062461
10.119288512538814
9.984988733093292
9.954898291795853
9.932270636667127
9.85393322486001
9.81580358401695
9.759610647971568
9.82089608946149
10.044899203078147
9.871676655968834
9.741663102366044
9.661780374237452
9.578622030334008
9.45515732285825
9.465727652959385
9.494735383358506
9.41541289588513
9.57078889120432
9.557719393244394
9.489467845985885
9.3834961501564
9.418067742376884
9.5524865872714
9.646242791885346
9.612491872558333
9.57078889120432
9.518403227432634
9.536770941990795
9.713392816107048
9.661780374237452
9.677293009927931
9.646242791885346
9.468368391650168
9.718538984847465
9.785192895390463
9.800510190801292
9.62029105588807
9.544631999192006
9.818350166906862
9.746794344808963
9.790301323248432
9.749358953285082
9.77496803063826
9.810708435174291
9.78263768111648
9.818350166906862
9.851395840184273
9.731392500562292
9.656603957913983
9.565563234854496
9.544631999192006
9.67212489580237
9.60728889958036
9.526279441628825
9.528903399657276
9.473647660748208
9.5420123663722
9.505261700763425
9.547250913221042
9.555103348473002
9.5
9.463086177352503
9.547250913221042
9.661780374237452
9.664367542679656
9.797958971132712
9.726253132630262
9.628083921528727
9.60728889958036
9.591663046625438
9.703092290605094
9.661780374237452
9.692780818733084
9.628083921528727
9.57601169589929
9.609890738192604
9.544631999192006
9.568176419778222
9.555103348473002
9.589056262218927
9.612491872558333
9.549869109050658
9.654014708917737
9.6591925128346
9.846319109189992
9.741663102366044
9.6591925128346
9.596874491208062
9.586448768965493
9.615092303249096
9.562949335848225
9.581231653602787
9.643650760992955
9.643650760992955
9.628083921528727
9.643650760992955
9.586448768965493
9.583840566286565
9.66695401871758
9.654014708917737
9.713392816107048
9.757048734120374
9.715966241192895
9.808159868191384
9.86154146165801
9.633275663033837
9.713392816107048
9.795407086997457
9.710818709048171
9.772410142846033
9.787747442593725
9.73909646733207
9.718538984847465
9.78263768111648
9.736529155710468
9.73909646733207
9.635870484808313
9.617692030835672
9.664367542679656
9.710818709048171
9.67212489580237
9.544631999192006
9.494735383358506
9.586448768965493
9.565563234854496
9.60728889958036
9.674709297958259
9.648834126463155
9.674709297958259
9.62029105588807
9.692780818733084
9.754486147409304
9.615092303249096
9.583840566286565
9.589056262218927
9.594269122762817
9.622889378975527
9.568176419778222
9.578622030334008
9.622889378975527
9.581231653602787
9.654014708917737
9.47100839404126
9.45515732285825
9.44192776926407
9.322016949137135
9.354143466934854
9.343446901438462
9.30859817588019
9.281702430050212
9.364827814754525
9.394147114027968
9.573400649716902
9.625487000666512
9.628083921528727
9.581231653602787
9.641058033224361
9.510520490488416
9.705668446840743
9.635870484808313
9.633275663033837
9.573400649716902
9.557719393244394
9.635870484808313
9.568176419778222
9.612491872558333
9.617692030835672
9.643650760992955
9.654014708917737
9.682458365518542
9.692780818733084
9.7082439194738
9.74422906134703
9.764732459212592
9.81580358401695
9.785192895390463
9.803060746521975
9.831073186585481
9.772410142846033
9.889388252060893
9.77496803063826
9.615092303249096
9.674709297958259
9.583840566286565
9.633275663033837
9.692780818733084
9.733961166965893
9.73909646733207
9.759610647971568
9.82344135219425
9.713392816107048
9.76985158536198
9.741663102366044
9.767292357659825
9.848857801796104
9.874208829065749
9.82344135219425
9.818350166906862
9.82344135219425
9.841239759298622
9.78263768111648
9.682458365518542
9.749358953285082
9.687620966986684
9.690201236300513
9.751922887307918
9.785192895390463
9.78263768111648
9.74422906134703
9.757048734120374
9.731392500562292
9.785192895390463
9.695359714832659
9.795407086997457
9.654014708917737
9.70051545022222
9.599479152537391
9.5524865872714
9.646242791885346
9.555103348473002
9.549869109050658
9.39946807005588
9.439279633531363
9.5
9.396807968666806
9.463086177352503
9.431330765061738
9.35681569766125
9.260129588726068
9.276313923105448
9.2951600308978
9.156964562561111
9.313968005098578
9.346122190513025
9.279008567729637
9.324698386543128
9.322016949137135
9.22767576370128
9.17605579756357
9.243916918709298
9.214119599831555
9.316651759081692
9.284395510748128
9.249324299644812
9.140568910084317
9.205976319760984
9.219544457292887
9.20869154657707
9.181503144910424
9.22767576370128
9.254728521139883
9.322016949137135
9.241212041718338
9.279008567729637
9.311283477587825
9.233092656309694
9.262828941527529
9.348796714016196
9.35681569766125
9.35681569766125
9.372833082905082
9.292470069900682
9.359487165438072
9.431330765061738
9.439279633531363
9.452512893405647
9.364827814754525
9.386160024205852
9.354143466934854
9.396807968666806
9.375499986667378
9.31933474020544
9.303225247192502
9.327379053088816
9.338094023943002
9.362157870918436
9.386160024205852
9.428679653058534
9.428679653058534
9.394147114027968
9.391485505499118
9.396807968666806
9.436630754670864
9.5524865872714
9.47100839404126
9.497368056467012
9.489467845985885
9.5236547606473
9.468368391650168
9.44986772394196
9.45515732285825
9.418067742376884
9.418067742376884
9.560334722173696
9.45515732285825
9.35147047260483
9.489467845985885
9.404786015641186
9.426027795418387
9.468368391650168
9.497368056467012
9.463086177352503
9.420721840708387
9.44192776926407
9.404786015641186
9.463086177352503
9.468368391650168
9.486832980505138
9.492101980067428
9.338094023943002
9.431330765061738
9.343446901438462
9.423375191511797
9.402127418834526
9.375499986667378
9.235799911215054
9.311283477587825
9.292470069900682
9.238506372785592
9.249324299644812
9.205976319760984
9.23038460737146
9.052623929005335
9.197825830053535
9.197825830053535
9.222255689363639
9.184225606985054
9.279008567729637
9.305912099305473
9.348796714016196
9.2951600308978
9.30859817588019
9.410100955887774
9.473647660748208
9.5
9.510520490488416
9.648834126463155
9.549869109050658
9.5524865872714
9.591663046625438
9.547250913221042
9.5420123663722
9.497368056467012
9.5236547606473
