4.1952353926806065
3.687817782917155
3.63318042491699
2.8284271247461903
2.04939015319192
1.6733200530681511
2.1447610589527217
3.0659419433511785
2.4899799195977463
2.5298221281347035
2.4083189157584592
2.0
1.8439088914585775
2.1908902300206643
2.0
2.04939015319192
2.0
1.6733200530681511
1.9493588689617927
1.6733200530681511
1.3416407864998738
1.4142135623730951
1.5491933384829668
1.5491933384829668
1.5491933384829668
1.61245154965971
1.2649110640673518
1.8439088914585775
1.7888543819998317
1.7320508075688772
1.7888543819998317
1.7888543819998317
1.2649110640673518
1.2649110640673518
1.2649110640673518
1.2649110640673518
1.2649110640673518
1.2649110640673518
1.2649110640673518
1.2649110640673518
1.2649110640673518
1.2649110640673518
1.2649110640673518
1.5491933384829668
1.4832396974191326
1.2649110640673518
1.4142135623730951
1.4832396974191326
1.4832396974191326
1.4832396974191326
1.1832159566199232
1.2649110640673518
1.2649110640673518
1.4142135623730951
1.3416407864998738
1.3416407864998738
1.3416407864998738
1.1832159566199232
1.0954451150103321
1.1832159566199232
1.1832159566199232
1.1832159566199232
1.0
1.0954451150103321
1.0954451150103321
1.0954451150103321
1.0954451150103321
1.0954451150103321
1.0954451150103321
1.0954451150103321
1.0954451150103321
1.0954451150103321
1.0
1.0
1.0954451150103321
1.0954451150103321
1.0954451150103321
1.0954451150103321
1.0954451150103321
1.0954451150103321
1.0954451150103321
1.0954451150103321
1.0954451150103321
1.3416407864998738
1.3416407864998738
1.2649110640673518
1.3416407864998738
1.3416407864998738
1.3416407864998738
1.3416407864998738
1.3416407864998738
1.3416407864998738
1.3416407864998738
1.3416407864998738
1.3416407864998738
1.3416407864998738
1.3416407864998738
1.3416407864998738
1.1832159566199232
1.3416407864998738
1.3416407864998738
1.3416407864998738
1.3416407864998738
1.3416407864998738
1.3416407864998738
1.3416407864998738
1.3416407864998738
1.3416407864998738
1.3416407864998738
1.3416407864998738
1.3416407864998738
1.3416407864998738
1.3416407864998738
1.3416407864998738
1.3416407864998738
1.3416407864998738
1.3416407864998738
1.3416407864998738
1.3416407864998738
1.3416407864998738
1.3416407864998738
1.3416407864998738
1.3416407864998738
1.3416407864998738
1.3416407864998738
1.3416407864998738
1.3416407864998738
1.3416407864998738
1.3416407864998738
1.1832159566199232
1.3416407864998738
1.1832159566199232
1.1832159566199232
1.1832159566199232
1.3416407864998738
1.3416407864998738
1.3416407864998738
1.3416407864998738
1.3416407864998738
1.3416407864998738
1.3416407864998738
1.3416407864998738
1.3416407864998738
1.1832159566199232
1.3416407864998738
1.1832159566199232
1.3416407864998738
1.3416407864998738
1.2649110640673518
1.0954451150103321
1.3416407864998738
1.3416407864998738
1.3416407864998738
1.3416407864998738
1.3416407864998738
1.3416407864998738
1.3416407864998738
1.3416407864998738
1.3416407864998738
1.3416407864998738
1.3416407864998738
1.3416407864998738
1.3416407864998738
1.3416407864998738
1.3416407864998738
1.3416407864998738
1.3416407864998738
1.3416407864998738
1.3416407864998738
1.3416407864998738
1.3416407864998738
1.0954451150103321
1.0954451150103321
1.3416407864998738
1.3416407864998738
1.3416407864998738
1.3416407864998738
1.3416407864998738
1.3416407864998738
1.3416407864998738
1.3416407864998738
1.1832159566199232
1.1832159566199232
1.1832159566199232
1.3416407864998738
1.3416407864998738
1.3416407864998738
1.3416407864998738
1.3416407864998738
1.3416407864998738
1.3416407864998738
1.3416407864998738
1.3416407864998738
1.3416407864998738
1.3416407864998738
1.3416407864998738
1.3416407864998738
1.3416407864998738
1.3416407864998738
1.3416407864998738
1.1832159566199232
1.3416407864998738
1.3416407864998738
1.1832159566199232
1.1832159566199232
1.1832159566199232
1.3416407864998738
1.3416407864998738
1.1832159566199232
1.1832159566199232
1.1832159566199232
1.1832159566199232
1.3416407864998738
1.1832159566199232
1.1832159566199232
1.1832159566199232
1.1832159566199232
1.1832159566199232
1.3416407864998738
1.1832159566199232
1.1832159566199232
1.1832159566199232
1.1832159566199232
1.1832159566199232
1.1832159566199232
1.1832159566199232
1.1832159566199232
1.1832159566199232
1.1832159566199232
1.1832159566199232
1.1832159566199232
1.1832159566199232
1.1832159566199232
1.2649110640673518
1.2649110640673518
1.2649110640673518
1.2649110640673518
1.1832159566199232
1.1832159566199232
1.1832159566199232
1.1832159566199232
1.1832159566199232
1.0954451150103321
0.7745966692414834
1.1832159566199232
1.1832159566199232
1.1832159566199232
1.0954451150103321
0.7745966692414834
1.1832159566199232
1.0954451150103321
1.0954451150103321
1.0954451150103321
1.1832159566199232
0.8944271909999159
1.1832159566199232
0.8944271909999159
0.7745966692414834
1.0
1.0
1.0
1.0
1.0
1.0
1.0
1.0
1.0
1.0
1.0
1.0
1.0
1.0
1.0954451150103321
1.0954451150103321
1.0954451150103321
1.0954451150103321
1.0
1.0
1.0
1.0
1.0
1.0
1.0
1.0
1.0
1.0
1.0
1.0
1.0
1.0
1.0
1.0
1.0
1.0
1.0
1.0
1.0
1.0
1.0
1.0
1.0
1.0
1.0
1.0
1.0
1.0
1.0
1.0
1.1832159566199232
1.0
1.0
1.1832159566199232
1.0
1.1832159566199232
1.1832159566199232
1.1832159566199232
1.1832159566199232
1.1832159566199232
1.1832159566199232
1.0
1.0
1.0
1.0
1.0
1.0
1.0
1.0
1.0
1.0
1.0
1.0
1.0
1.0
1.0
1.0
1.0
1.0
1.0
1.0
1.0
1.0
1.0
1.0
1.0
1.0
1.0
1.0
1.0
1.0
1.0
1.0
1.0
1.1832159566199232
1.0
1.1832159566199232
1.1832159566199232
1.1832159566199232
1.1832159566199232
1.1832159566199232
1.1832159566199232
1.1832159566199232
1.1832159566199232
1.1832159566199232
1.0
1.0
1.0
1.0
1.0
1.0954451150103321
1.0
1.0
1.0
1.0
1.0
1.0
1.0
1.0
1.0
1.0
1.0
1.0
1.0
1.0
1.0
1.0
1.0
1.0
1.0
1.0
1.0954451150103321
1.0
1.0
1.0
1.0954451150103321
1.0954451150103321
1.0
1.0
1.0954451150103321
1.0954451150103321
1.0954451150103321
