1, 3.7416573867739413
2, 3.7416573867739413
3, 3.7416573867739413
4, 3.7416573867739413
5, 3.7416573867739413
6, 3.7416573867739413
7, 3.7416573867739413
8, 3.7416573867739413
9, 3.7416573867739413
10, 3.7416573867739413
15, 3.7416573867739413
20, 3.7416573867739413
25, 3.7416573867739413
30, 3.7416573867739413
35, 3.7416573867739413
40, 3.7416573867739413
45, 3.7416573867739413
50, 2.958039891549808
55, 3.2015621187164243
60, 3.2015621187164243
65, 3.2015621187164243
70, 3.2015621187164243
75, 3.2015621187164243
80, 3.2015621187164243
85, 3.2015621187164243
90, 3.2015621187164243
95, 3.2015621187164243
100, 3.2015621187164243
150, 2.958039891549808
200, 2.958039891549808
250, 2.958039891549808
300, 2.958039891549808
350, 2.958039891549808
400, 2.958039891549808
450, 2.958039891549808
500, 2.958039891549808
550, 2.958039891549808
600, 2.958039891549808
650, 2.958039891549808
700, 2.958039891549808
750, 2.958039891549808
800, 2.958039891549808
850, 2.958039891549808
900, 2.958039891549808
950, 2.958039891549808
1000, 2.958039891549808
1250, 2.958039891549808
1500, 2.958039891549808
1750, 2.958039891549808
2000, 2.958039891549808
2250, 2.958039891549808
2500, 2.958039891549808
2750, 2.958039891549808
3000, 2.958039891549808
3250, 2.958039891549808
3500, 2.958039891549808
3750, 2.958039891549808
4000, 2.958039891549808
4250, 2.958039891549808
4500, 2.958039891549808
4750, 2.958039891549808
5000, 2.958039891549808
5250, 2.958039891549808
5500, 2.958039891549808
5750, 2.958039891549808
6000, 2.958039891549808
6250, 2.958039891549808
6500, 2.958039891549808
6750, 2.958039891549808
7000, 2.958039891549808
7250, 2.958039891549808
7500, 2.958039891549808
7750, 2.958039891549808
8000, 2.958039891549808
8250, 2.958039891549808
8500, 2.958039891549808
8750, 2.958039891549808
9000, 2.958039891549808
9250, 2.958039891549808
9500, 2.958039891549808
9750, 2.958039891549808
10000, 2.958039891549808
11000, 2.958039891549808
12000, 2.958039891549808
13000, 2.958039891549808
14000, 2.958039891549808
15000, 2.958039891549808
16000, 2.958039891549808
17000, 2.958039891549808
18000, 2.958039891549808
19000, 2.958039891549808
20000, 2.958039891549808
21000, 2.958039891549808
22000, 2.958039891549808
23000, 2.958039891549808
24000, 2.958039891549808
25000, 2.958039891549808
26000, 2.958039891549808
27000, 2.958039891549808
28000, 2.958039891549808
29000, 2.958039891549808
30000, 2.958039891549808
31000, 2.958039891549808
32000, 2.958039891549808
33000, 2.958039891549808
34000, 2.958039891549808
35000, 2.958039891549808
36000, 2.958039891549808
37000, 2.958039891549808
38000, 2.958039891549808
39000, 2.958039891549808
40000, 2.958039891549808
41000, 2.958039891549808
42000, 2.958039891549808
43000, 2.958039891549808
44000, 2.958039891549808
45000, 2.958039891549808
46000, 2.958039891549808
47000, 2.958039891549808
48000, 2.958039891549808
49000, 2.958039891549808
50000, 2.958039891549808
51000, 2.958039891549808
52000, 2.958039891549808
53000, 2.958039891549808
54000, 2.958039891549808
55000, 2.958039891549808
56000, 2.958039891549808
57000, 2.958039891549808
58000, 2.958039891549808
59000, 2.958039891549808
60000, 2.958039891549808
61000, 2.958039891549808
62000, 2.958039891549808
63000, 2.958039891549808
64000, 2.958039891549808
65000, 2.958039891549808
66000, 2.958039891549808
67000, 2.958039891549808
68000, 2.958039891549808
69000, 2.958039891549808
70000, 2.958039891549808
71000, 2.958039891549808
72000, 2.958039891549808
73000, 2.958039891549808
74000, 2.958039891549808
75000, 2.958039891549808
76000, 2.958039891549808
77000, 2.958039891549808
78000, 2.958039891549808
79000, 2.958039891549808
80000, 2.958039891549808
81000, 2.958039891549808
82000, 2.958039891549808
83000, 2.958039891549808
84000, 2.958039891549808
85000, 2.958039891549808
86000, 2.958039891549808
87000, 2.958039891549808
88000, 2.958039891549808
89000, 2.958039891549808
90000, 2.958039891549808
91000, 2.958039891549808
92000, 2.958039891549808
93000, 2.958039891549808
94000, 2.958039891549808
95000, 2.958039891549808
96000, 2.958039891549808
97000, 2.958039891549808
98000, 2.958039891549808
99000, 2.958039891549808
100000, 2.958039891549808
