1, 28.847183571364468
2, 28.474550040343043
3, 27.77480873021451
4, 27.779848811683625
5, 27.758962516635954
6, 27.707038816878285
7, 27.61231609264243
8, 27.65067811103373
9, 27.382476148076893
10, 27.5056357861439
15, 26.55560204551951
20, 25.199206336708304
25, 24.04329428343795
30, 23.699789028596857
35, 23.059054620690763
40, 22.208106627986098
45, 21.810089408344936
50, 21.46438911313341
55, 21.453204888780604
60, 21.285675934768904
65, 21.88972361634564
70, 21.461593603458248
75, 20.732583051805193
80, 20.929405151604286
85, 20.739334608419817
90, 20.416659863944446
95, 20.521208541409056
100, 19.86353442869622
150, 19.117531221368516
200, 18.121810064118872
250, 17.404597093871494
300, 17.270784579746223
350, 17.02703732303421
400, 17.270784579746223
450, 17.422973339817748
500, 16.870091878825082
550, 15.065191668213187
600, 15.014659503298768
650, 14.615060725156088
700, 14.681961721786363
750, 14.25622670975739
800, 13.898201322473351
850, 12.713772060250253
900, 12.374166638606416
950, 11.971633138381748
1000, 11.929794633605391
1250, 11.485643212288982
1500, 11.08873302050329
1750, 11.242775458044157
2000, 10.569768209379049
2250, 10.446051885760477
2500, 10.564090116995406
2750, 10.721940122944167
3000, 10.952625256074453
3250, 9.754998718605759
3500, 10.043903623591776
3750, 9.062008607367353
4000, 8.634813257969162
4250, 7.477967638335967
4500, 7.291090453423274
4750, 6.802940540677979
5000, 6.299206299209449
5250, 6.340346993658944
5500, 6.32771680782255
5750, 6.867313885355758
6000, 6.829348431585549
6250, 7.085195833567341
6500, 6.770524351924303
6750, 6.77347768875044
7000, 6.782329983125268
7250, 6.9656299069072
7500, 6.219324722186485
7750, 6.642288762166245
8000, 6.6932802122726045
8250, 6.415605972938176
8500, 6.596969000988257
8750, 6.705221845696084
9000, 6.452906321960671
9250, 6.164414002968976
9500, 6.11228271597445
9750, 6.2
10000, 6.125357132445422
11000, 6.267375846396959
12000, 6.125357132445422
13000, 6.569627082262737
14000, 5.692099788303083
15000, 5.90592922409336
16000, 5.517245689653489
17000, 4.82078831727758
18000, 4.476605857119878
19000, 4.237924020083418
20000, 4.317406628984581
21000, 4.161730409336962
22000, 4.18568990729127
23000, 4.2047592083257275
24000, 3.8522720568516444
25000, 3.698648401781386
26000, 3.81051177665153
27000, 3.9698866482558417
28000, 3.7629775444453557
29000, 3.5777087639996634
30000, 3.8366652186501757
31000, 3.605551275463989
32000, 3.984971769034255
33000, 3.984971769034255
34000, 3.867815921162743
35000, 3.8832975677895196
36000, 3.481379037105842
37000, 3.370459909270543
38000, 3.22490309931942
39000, 3.388214869219483
40000, 3.280243893371345
41000, 3.358571124749333
42000, 3.4
43000, 3.560898762952971
44000, 3.9496835316262997
45000, 3.6441734316577197
46000, 3.4525353003264136
47000, 3.730951621235526
48000, 3.7416573867739413
49000, 3.8052595180880897
50000, 3.4641016151377544
51000, 3.481379037105842
52000, 3.370459909270543
53000, 3.370459909270543
54000, 3.423448553724738
55000, 3.4525353003264136
56000, 3.5383612025908264
57000, 3.4176014981270124
58000, 3.2984845004941286
59000, 3.1432467291003423
60000, 3.1432467291003423
61000, 2.973213749463701
62000, 3.1496031496047245
63000, 3.0659419433511785
64000, 2.8844410203711917
65000, 2.9664793948382653
66000, 2.898275349237888
67000, 3.0066592756745814
68000, 3.22490309931942
69000, 3.059411708155671
70000, 3.0
71000, 2.9120439557122073
72000, 2.979932885150268
73000, 2.8635642126552705
74000, 2.7422618401604177
75000, 2.6981475126464085
76000, 2.891366458960192
77000, 2.80713376952364
78000, 2.749545416973504
79000, 2.6907248094147422
80000, 2.7856776554368237
81000, 2.7202941017470885
82000, 2.85657137141714
83000, 2.778488797889961
84000, 2.835489375751565
85000, 2.7856776554368237
86000, 2.6907248094147422
87000, 2.705549851693737
88000, 2.749545416973504
89000, 2.8774989139876315
90000, 2.8635642126552705
91000, 2.814249455894058
92000, 2.4576411454889016
93000, 2.5377155080899043
94000, 2.545584412271571
95000, 2.5219040425836985
96000, 2.592296279363144
97000, 2.545584412271571
98000, 2.6457513110645907
99000, 2.6981475126464085
100000, 2.6832815729997477
