1, 1.1849050594878898
2, 1.7064583206161232
3, 2.1522081683703367
4, 2.5635912310662947
5, 2.9765752132274432
6, 3.3567841753678476
7, 3.730951621235526
8, 4.101706961741661
9, 4.470794112906565
10, 4.839421453025144
15, 6.641385397641067
20, 8.176307234931917
25, 10.204508807385096
30, 12.265724601506427
35, 14.388745602032166
40, 15.890122718217125
45, 19.029976353111948
50, 27.52831269802056
55, 29.22697384266801
60, 33.23221328771227
65, 35.039691779466324
70, 37.185050759680294
75, 38.63961697532728
80, 39.42790889712514
85, 39.76143860576476
90, 40.85946646739284
95, 42.82980270792757
100, 44.21538193886829
150, 49.29243349643026
200, 49.89569119673561
250, 50.187926835046696
300, 46.78491209781205
350, 48.56607869696709
400, 46.83524314018237
450, 46.723142017634046
500, 46.12777904907194
550, 44.972035755567035
600, 44.50842616853577
650, 46.02282042639282
700, 45.70767987986264
750, 46.37973695483837
800, 44.96883365176375
850, 43.96544097356468
900, 44.75913314620827
950, 45.23419060843247
1000, 43.22573307649044
1250, 41.871899885245234
1500, 39.97974487162218
1750, 41.02374921920229
2000, 38.1344463707027
2250, 37.33004152154133
2500, 36.60234965135435
2750, 36.79499966027993
3000, 36.27925026788729
3250, 35.65097474123253
3500, 34.58491000422005
3750, 34.74777690730732
4000, 34.22975313962986
4250, 34.4933616801842
4500, 34.01593744114661
4750, 33.604523505028304
5000, 33.34564439323373
5250, 32.546889252277246
5500, 32.3949378761559
5750, 32.318539570964525
6000, 32.55979115412137
6250, 31.91927317468241
6500, 32.054765636329336
6750, 31.325772137331267
7000, 31.30961513656787
7250, 31.126837295170223
7500, 31.302396074422163
7750, 31.02792290824508
8000, 30.587971492075116
8250, 29.925106516101156
8500, 29.604391566117346
8750, 29.995933057666335
9000, 29.513861150313762
9250, 29.20534197711097
9500, 29.014203418325998
9750, 28.785968804262954
10000, 28.629914425299983
11000, 27.512397205623504
12000, 26.91735499635876
13000, 26.10953848692083
14000, 25.453486990980235
15000, 24.54783086140199
16000, 24.185450171539088
17000, 23.506424653698403
18000, 23.494084361813293
19000, 23.48752860562388
20000, 23.24573079083555
21000, 22.99399921718708
22000, 22.375879870968202
23000, 21.990452473744146
24000, 21.861472960438874
25000, 21.320694172563893
26000, 21.135089306648315
27000, 21.19339519756096
28000, 20.966735558975316
29000, 20.489802341652787
30000, 20.341189739049188
31000, 20.398235217782936
32000, 20.16551511863756
33000, 20.05263075010359
34000, 19.668960318227295
35000, 19.614586409098717
36000, 19.595713817057035
37000, 19.362437863037805
38000, 19.26976906971124
39000, 18.858101707223874
40000, 18.72965562950905
41000, 18.541197372338175
42000, 18.429432980968244
43000, 18.35091278383721
44000, 18.163700063588365
45000, 18.076504086797314
46000, 17.967526262677342
47000, 17.82043770506213
48000, 17.712481474937384
49000, 17.51741990134392
50000, 17.363179432350517
51000, 17.307686153845058
52000, 17.200930207404483
53000, 17.09994152036784
54000, 16.91791949383848
55000, 16.784754987785792
56000, 16.72662548154887
57000, 16.639591341135755
58000, 16.448708155961672
59000, 16.439951338127493
60000, 16.29539812339668
61000, 16.13579870970136
62000, 15.998499929680907
63000, 15.731369933988585
64000, 15.7185241037446
65000, 15.597820360550381
66000, 15.628435622287984
67000, 15.36632682198319
68000, 15.286333765818409
69000, 15.198947331970066
70000, 15.105760490620789
71000, 15.183675444371168
72000, 14.954999164159121
73000, 14.634889818512471
74000, 14.527215837867901
75000, 14.4738384680775
76000, 14.387216548033187
77000, 14.273051530769445
78000, 14.319497197876746
79000, 14.22603247571156
80000, 13.978841153686524
81000, 13.890140388059438
82000, 13.629526770948432
83000, 13.589996320823637
84000, 13.57659751189524
85000, 13.520798792970776
86000, 13.335066554014645
87000, 13.272678704767927
88000, 13.32066064427737
89000, 13.261221663180207
90000, 13.226790994039334
91000, 13.138036382960735
92000, 13.007536277097213
93000, 13.006767469283057
94000, 12.826379068154816
95000, 12.800781226159598
96000, 12.577599134970075
97000, 12.642784503423286
98000, 12.385475364312828
99000, 12.365759176047382
100000, 12.394192188279154
101000, 12.384667940643382
102000, 12.40419283952003
103000, 12.322499746398861
104000, 12.399677415158832
105000, 12.299593489217438
106000, 12.190159966136621
107000, 12.195900950729307
108000, 12.203114356589468
109000, 12.120066006420922
110000, 12.112803143781376
111000, 11.980818002123227
112000, 11.957926241618987
113000, 11.987660322181306
114000, 11.907644603363002
115000, 11.861534470716679
116000, 11.887977119762638
117000, 11.846687300676084
118000, 11.816429240680113
119000, 11.793048800034706
120000, 11.729791131985257
121000, 11.660874752779055
122000, 11.677328461596
123000, 11.61963854859522
124000, 11.551450125417155
125000, 11.565638763163927
126000, 11.578082742837866
127000, 11.579810015712694
128000, 11.630649165029439
129000, 11.65401218465126
130000, 11.684177335182824
131000, 11.621187546890377
132000, 11.553354491228943
133000, 11.355879534408595
134000, 11.345307399978196
135000, 11.337548235840057
136000, 11.281311980439154
137000, 11.182665156392728
138000, 11.079891696221583
139000, 10.987993447395207
140000, 10.99072336108957
141000, 10.969958978957031
142000, 10.937824280907058
143000, 10.90632843811335
144000, 10.810920404849904
145000, 10.790180721378118
146000, 10.79110745011836
147000, 10.680823938254951
148000, 10.652135936045878
149000, 10.527107864936124
150000, 10.327051854232165
151000, 10.324921307206171
152000, 10.29893198346314
153000, 10.219001908210018
154000, 10.232692705246258
155000, 10.201568506852267
156000, 10.077301226022769
157000, 10.147512010340268
158000, 10.08246001727753
159000, 10.156574225593982
160000, 10.147906187977892
161000, 10.165038120931962
162000, 10.206076621307524
163000, 10.122252713699654
164000, 10.054053908747456
165000, 9.994198317023733
166000, 9.856571412007321
167000, 9.884128691999107
168000, 9.841138145560198
169000, 9.830564581955606
170000, 9.78345542229329
171000, 9.693915617540727
172000, 9.536875798708925
173000, 9.649248675415096
174000, 9.624344133498136
175000, 9.570161963101773
176000, 9.56389042178966
177000, 9.520084033242565
178000, 9.493576775904854
179000, 9.492734063482448
180000, 9.448809448814174
181000, 9.396595128023767
182000, 9.342590647138513
183000, 9.376779831050744
184000, 9.394679345246436
185000, 9.334666571442174
186000, 9.320944158184835
187000, 9.27275579318252
188000, 9.24402509732638
189000, 9.198260705155079
190000, 9.189776928739892
191000, 9.132579044278785
192000, 9.09263438173998
193000, 9.078325836848995
194000, 9.046767378461768
195000, 9.02241652773801
196000, 9.043229511629129
197000, 8.9648201320495
198000, 8.951201036732446
199000, 8.944048300406253
200000, 8.857539161640776
201000, 8.749399979427162
202000, 8.875359147662703
203000, 8.840588215724111
204000, 8.818163074019441
205000, 8.773140828688435
206000, 8.736589723685094
207000, 8.734071215647374
208000, 8.735673986590845
209000, 8.752142594816426
210000, 8.60720628310952
211000, 8.531822782969652
212000, 8.515162946180185
213000, 8.526664060463505
214000, 8.515867542417507
215000, 8.465931726632338
216000, 8.38570211729465
217000, 8.342181968765725
218000, 8.35296354595182
219000, 8.319855767980597
220000, 8.293129686674385
221000, 8.272605393707597
222000, 8.281787246723981
223000, 8.289752710425082
224000, 8.282994627548662
225000, 8.262929262676765
226000, 8.139287438099235
227000, 8.112459553057876
228000, 8.104566613952901
229000, 8.09221848444541
230000, 8.077871006645253
231000, 8.03691483095348
232000, 8.067465525181994
233000, 8.076632961822643
234000, 8.083316151184487
235000, 8.147146739810202
236000, 8.157205403813245
237000, 8.205851570678085
238000, 8.16529240137792
239000, 8.156715025057576
240000, 8.104566613952901
241000, 8.175573374387879
242000, 8.090735442467514
243000, 8.115910300145018
244000, 8.095924900837458
245000, 8.015734526542156
246000, 7.991495479570767
247000, 8.0426363836742
248000, 8.0
249000, 7.963918633436682
250000, 7.9511005527536875
251000, 7.962160510816144
252000, 7.987990986474634
253000, 7.979223019818408
254000, 7.945816509333701
255000, 7.940277073251286
256000, 7.961155694998057
257000, 7.962914039470727
258000, 7.95989949685296
259000, 7.951352086280672
260000, 7.99574887049362
261000, 7.878832400806607
262000, 7.791790551599806
263000, 7.764277171765572
264000, 7.758350340117414
265000, 7.7413177172881875
266000, 7.745192057011885
267000, 7.722175859173372
268000, 7.708436936240706
269000, 7.7779174590631905
270000, 7.746999419129964
271000, 7.729941785033055
272000, 7.6845299140546
273000, 7.66498532288223
274000, 7.633085876629451
275000, 7.613934593887709
276000, 7.601841882070423
277000, 7.592628003530794
278000, 7.638848080699079
279000, 7.607627751145556
280000, 7.6249590162833005
281000, 7.652973278406243
282000, 7.583139191654074
283000, 7.550893986807125
284000, 7.515849918671873
285000, 7.542148235085279
286000, 7.559894179153568
287000, 7.551423706825092
288000, 7.5081289280352665
289000, 7.514253123231875
290000, 7.497732990711259
291000, 7.483582030017443
292000, 7.4691364962758575
293000, 7.513188404399293
294000, 7.479037371212955
295000, 7.493730713069425
296000, 7.471010641138186
297000, 7.4565407529228995
298000, 7.463779203593846
299000, 7.4926630779716765
300000, 7.519574456044704
301000, 7.4827802319726056
302000, 7.456808968989349
303000, 7.458418062833432
304000, 7.439085965358917
305000, 7.414310487159275
306000, 7.408913550582164
307000, 7.465922581972037
308000, 7.475025083569954
309000, 7.486788363510752
310000, 7.481978348003955
311000, 7.465654693327304
312000, 7.465922581972037
313000, 7.451979602763282
314000, 7.469939758793239
315000, 7.4525163535546834
316000, 7.415389403126447
317000, 7.412691818765974
318000, 7.438817110266927
319000, 7.410533044255319
320000, 7.374822031751004
321000, 7.3272095643566795
322000, 7.3250255972249
323000, 7.283405796740973
324000, 7.337847095708659
325000, 7.303423854604086
326000, 7.304245340895936
327000, 7.298492995132626
328000, 7.2633325684564385
329000, 7.242927584892728
330000, 7.2445841840646725
331000, 7.311361022408892
332000, 7.291913329161284
333000, 7.278186587330666
334000, 7.274063513607783
335000, 7.271863585079137
336000, 7.279285679240787
337000, 7.2721386125403304
338000, 7.31628320938986
339000, 7.3031500053059295
340000, 7.297944916207576
341000, 7.264158588577207
342000, 7.248724025647548
343000, 7.2440320264338975
344000, 7.222741861647832
345000, 7.252034197382138
346000, 7.260578489349179
