10.220078277586722
10.027462291128298
9.077444574328174
7.92148975887743
6.862943974709396
8.049844718999243
6.34428877022476
6.041522986797286
5.873670062235365
5.554277630799526
5.282045058497703
4.790615826801393
4.11703777004778
3.866522985836241
3.570714214271425
3.7682887362833544
3.4351128074635335
3.788139384975162
3.7549966711037173
3.9179076048319463
4.012480529547776
3.646916505762094
3.0740852297878796
3.1064449134018135
2.6076809620810595
2.449489742783178
2.4899799195977463
2.280350850198276
2.4698178070456938
2.6457513110645907
2.792848008753788
2.588435821108957
2.8284271247461903
3.170173496829472
2.9664793948382653
3.0903074280724887
3.0495901363953815
2.9664793948382653
2.5495097567963922
2.7838821814150108
2.6267851073127395
2.588435821108957
2.8460498941515415
3.0166206257996713
3.24037034920393
3.1304951684997055
2.5787593916455256
2.756809750418044
2.711088342345192
2.932575659723036
2.3664319132398464
2.569046515733026
2.5199206336708304
2.6267851073127395
2.6172504656604803
2.569046515733026
2.711088342345192
2.819574435974337
2.958039891549808
2.8106938645110393
2.7838821814150108
2.3021728866442674
2.949576240750525
2.8372521918222215
2.7202941017470885
2.6076809620810595
2.3769728648009427
2.224859546128699
2.4186773244895647
2.5495097567963922
2.085665361461421
2.345207879911715
2.202271554554524
2.5787593916455256
2.3345235059857505
2.2693611435820435
2.569046515733026
2.6267851073127395
2.4392621835300936
2.258317958127243
2.23606797749979
2.247220505424423
2.4186773244895647
2.258317958127243
2.16794833886788
2.3345235059857505
2.345207879911715
2.3130067012440754
2.4289915602982237
2.598076211353316
2.6267851073127395
2.4186773244895647
2.6551836094703507
2.8635642126552705
2.7658633371878665
2.7294688127912363
2.6739483914241875
2.701851217221259
2.5592967784139455
2.5199206336708304
2.5495097567963922
2.479919353527449
2.4596747752497685
2.6739483914241875
2.7294688127912363
2.8635642126552705
2.924038303442689
2.479919353527449
2.479919353527449
2.5592967784139455
2.4596747752497685
2.3345235059857505
2.247220505424423
2.247220505424423
2.1563858652847827
2.2693611435820435
2.345207879911715
2.3769728648009427
2.4083189157584592
2.3769728648009427
2.4289915602982237
2.3345235059857505
2.04939015319192
2.280350850198276
2.224859546128699
2.16794833886788
2.3664319132398464
2.258317958127243
1.9493588689617927
1.9493588689617927
1.816590212458495
2.1330729007701543
1.8027756377319946
1.816590212458495
1.6733200530681511
1.5811388300841898
1.5329709716755893
1.5652475842498528
1.61245154965971
1.6733200530681511
1.8027756377319946
1.7748239349298849
1.8973665961010275
1.9874606914351791
1.9493588689617927
1.6733200530681511
1.760681686165901
1.8439088914585775
1.760681686165901
1.8303005217723127
1.9493588689617927
1.8439088914585775
2.0124611797498106
1.8708286933869707
2.1447610589527217
2.0371548787463363
2.1213203435596424
1.9621416870348585
2.1563858652847827
2.04939015319192
1.9748417658131499
2.23606797749979
2.2135943621178655
2.1213203435596424
2.1563858652847827
2.0976176963403033
1.9748417658131499
1.7748239349298849
1.7175564037317668
1.70293863659264
1.5329709716755893
1.760681686165901
1.8303005217723127
1.70293863659264
1.8841443681416772
2.0
1.9493588689617927
2.0124611797498106
2.0371548787463363
2.0124611797498106
2.0
1.7748239349298849
2.0371548787463363
1.857417562100671
1.816590212458495
2.202271554554524
2.1330729007701543
2.0615528128088303
2.085665361461421
2.1908902300206643
2.258317958127243
2.224859546128699
2.258317958127243
2.04939015319192
2.2693611435820435
2.1330729007701543
2.0
2.202271554554524
2.0248456731316584
1.746424919657298
1.7748239349298849
1.7175564037317668
1.6733200530681511
1.8708286933869707
1.8708286933869707
1.6733200530681511
1.6278820596099706
1.5811388300841898
1.466287829861518
1.4142135623730951
1.466287829861518
1.4317821063276353
1.61245154965971
1.5652475842498528
1.51657508881031
1.4317821063276353
1.51657508881031
1.5968719422671311
1.449137674618944
1.466287829861518
1.51657508881031
1.3416407864998738
1.1832159566199232
1.0723805294763609
1.5968719422671311
1.7320508075688772
1.61245154965971
1.2041594578792296
1.2649110640673518
1.2041594578792296
1.2649110640673518
1.449137674618944
1.4317821063276353
1.378404875209022
1.4832396974191326
1.5329709716755893
1.61245154965971
1.6881943016134133
1.70293863659264
1.6733200530681511
1.6881943016134133
1.6583123951777
1.5491933384829668
1.378404875209022
1.378404875209022
1.5652475842498528
1.7175564037317668
1.6881943016134133
1.746424919657298
1.5968719422671311
1.4317821063276353
1.5968719422671311
1.760681686165901
1.7320508075688772
1.6733200530681511
1.4832396974191326
1.51657508881031
1.7320508075688772
1.6583123951777
1.466287829861518
1.466287829861518
1.5
1.61245154965971
1.6881943016134133
1.61245154965971
1.6431676725154984
1.466287829861518
1.5491933384829668
1.6278820596099706
1.5968719422671311
1.466287829861518
1.5811388300841898
1.4142135623730951
1.378404875209022
1.4832396974191326
1.4832396974191326
1.5652475842498528
1.4317821063276353
1.4142135623730951
1.3601470508735443
1.466287829861518
1.378404875209022
1.396424004376894
1.284523257866513
1.3416407864998738
1.4142135623730951
1.396424004376894
1.4317821063276353
1.51657508881031
1.5491933384829668
1.3038404810405297
1.3601470508735443
1.378404875209022
1.4317821063276353
1.449137674618944
1.466287829861518
1.4832396974191326
1.5968719422671311
1.5329709716755893
1.5968719422671311
1.61245154965971
1.5329709716755893
1.6431676725154984
1.6431676725154984
1.5968719422671311
1.5652475842498528
1.5329709716755893
1.5
1.5652475842498528
1.5652475842498528
1.5491933384829668
1.6278820596099706
1.5
1.5
1.3416407864998738
1.396424004376894
1.466287829861518
1.466287829861518
1.5329709716755893
1.61245154965971
1.61245154965971
1.4832396974191326
1.5968719422671311
1.61245154965971
1.51657508881031
1.466287829861518
1.466287829861518
1.6278820596099706
1.61245154965971
1.5811388300841898
1.5811388300841898
1.6733200530681511
1.7320508075688772
1.7888543819998317
1.8303005217723127
1.6431676725154984
1.7888543819998317
1.7175564037317668
1.6431676725154984
1.6583123951777
1.6278820596099706
1.6431676725154984
1.5
1.61245154965971
1.5968719422671311
1.5968719422671311
1.5
1.5811388300841898
1.5491933384829668
1.51657508881031
1.5811388300841898
1.4317821063276353
1.5329709716755893
1.466287829861518
1.51657508881031
1.466287829861518
1.5329709716755893
1.466287829861518
1.466287829861518
1.5329709716755893
1.4832396974191326
1.4317821063276353
1.4832396974191326
1.449137674618944
1.51657508881031
1.51657508881031
1.449137674618944
1.5
1.5
1.466287829861518
1.3416407864998738
1.2649110640673518
1.396424004376894
1.396424004376894
1.378404875209022
1.378404875209022
1.3416407864998738
1.3416407864998738
1.3416407864998738
1.2649110640673518
1.2649110640673518
1.378404875209022
1.284523257866513
1.284523257866513
1.224744871391589
1.3038404810405297
1.2449899597988732
1.284523257866513
1.378404875209022
1.2649110640673518
1.4142135623730951
1.4142135623730951
1.3228756555322954
1.51657508881031
1.4317821063276353
1.449137674618944
1.5968719422671311
1.6431676725154984
1.760681686165901
1.51657508881031
