1, 13.766626311482419
2, 12.946041866145807
3, 11.996666203575058
4, 11.303096920755834
5, 11.285388783732708
6, 10.620734437881403
7, 10.57544325312183
8, 10.598113039593416
9, 10.586784214292837
10, 10.590561835898981
15, 9.050966799187808
20, 8.988882021697693
25, 8.19756061276768
30, 8.192679659305616
35, 8.192679659305616
40, 8.226785520481254
45, 7.4404300950953095
50, 7.402702209328699
55, 7.386474125047755
60, 6.711184694225007
65, 6.711184694225007
70, 6.711184694225007
75, 6.705221845696084
80, 6.705221845696084
85, 6.705221845696084
90, 6.705221845696084
95, 6.705221845696084
100, 6.705221845696084
150, 5.61426753904728
200, 5.075431016179809
250, 5.091168824543142
300, 5.027922035990614
350, 4.621688003316537
400, 4.621688003316537
450, 4.525483399593904
500, 4.525483399593904
550, 3.1749015732775088
600, 3.3823069050575527
650, 3.3823069050575527
700, 3.5327043465311387
750, 3.566510900025402
800, 3.566510900025402
850, 3.3105890714493698
900, 3.3105890714493698
950, 3.3105890714493698
1000, 3.286335345030997
1250, 3.6110940170535577
1500, 3.358571124749333
1750, 2.9933259094191533
2000, 2.5298221281347035
2250, 2.6981475126464085
2500, 2.5298221281347035
2750, 2.5298221281347035
3000, 2.3323807579381204
3250, 2.3323807579381204
3500, 2.209072203437452
3750, 2.209072203437452
4000, 2.3664319132398464
4250, 2.3664319132398464
4500, 2.3664319132398464
4750, 2.4657656011875906
5000, 2.545584412271571
5250, 2.545584412271571
5500, 2.6076809620810595
5750, 2.4819347291981715
6000, 2.262741699796952
6250, 2.3664319132398464
6500, 2.3664319132398464
6750, 2.3664319132398464
7000, 2.3664319132398464
7250, 2.1908902300206643
7500, 2.5612496949731396
7750, 2.5612496949731396
8000, 2.5612496949731396
8250, 2.5612496949731396
8500, 2.5612496949731396
8750, 2.209072203437452
9000, 2.209072203437452
9250, 2.209072203437452
9500, 2.1908902300206643
9750, 2.2978250586152114
10000, 2.2978250586152114
11000, 2.172556098240043
12000, 2.1908902300206643
13000, 2.039607805437114
14000, 2.0976176963403033
15000, 2.0976176963403033
16000, 2.2978250586152114
17000, 1.7888543819998317
18000, 1.9390719429665315
19000, 2.6981475126464085
20000, 2.349468024894146
21000, 2.1166010488516727
22000, 1.876166303929372
23000, 2.0
24000, 2.209072203437452
25000, 2.3323807579381204
26000, 2.039607805437114
27000, 2.039607805437114
28000, 1.833030277982336
29000, 1.9798989873223332
30000, 1.9798989873223332
31000, 1.7888543819998317
32000, 1.8110770276274832
33000, 1.9390719429665315
34000, 1.7888543819998317
35000, 1.5491933384829668
36000, 1.3564659966250536
37000, 1.4422205101855958
38000, 1.5231546211727816
39000, 1.469693845669907
40000, 1.469693845669907
41000, 1.7888543819998317
42000, 1.7663521732655694
43000, 1.6
44000, 2.1354156504062622
45000, 2.1354156504062622
46000, 2.349468024894146
47000, 2.349468024894146
48000, 2.172556098240043
49000, 2.1354156504062622
50000, 2.1354156504062622
51000, 2.449489742783178
52000, 2.449489742783178
53000, 2.449489742783178
54000, 2.244994432064365
55000, 2.3151673805580453
56000, 2.5768197453450252
57000, 2.5768197453450252
58000, 2.5768197453450252
59000, 2.6532998322843198
60000, 2.6532998322843198
61000, 2.5298221281347035
62000, 2.5298221281347035
63000, 2.5298221281347035
64000, 2.4
65000, 2.1908902300206643
66000, 2.209072203437452
67000, 2.449489742783178
68000, 2.4657656011875906
69000, 2.4657656011875906
70000, 2.349468024894146
71000, 2.4331050121192876
72000, 2.513961017995307
73000, 2.262741699796952
74000, 2.262741699796952
75000, 2.545584412271571
76000, 2.545584412271571
77000, 2.4
78000, 2.4
79000, 2.4
80000, 2.4
81000, 2.0976176963403033
82000, 2.227105745132009
83000, 2.227105745132009
84000, 2.4819347291981715
85000, 2.4819347291981715
86000, 2.4819347291981715
87000, 2.3664319132398464
88000, 2.545584412271571
89000, 2.545584412271571
90000, 2.6832815729997477
91000, 2.6832815729997477
92000, 2.6832815729997477
93000, 2.727636339397171
94000, 2.727636339397171
95000, 2.727636339397171
96000, 2.727636339397171
97000, 2.727636339397171
98000, 2.6981475126464085
99000, 2.6981475126464085
100000, 2.592296279363144
