1, 28.102668912400475
2, 27.35690040922034
3, 27.300549445020334
4, 27.350319925002704
5, 26.882708196906055
6, 26.9785099662676
7, 26.557861359680302
8, 26.076042644542518
9, 26.036896896519753
10, 26.03075104563831
15, 25.019192632856882
20, 25.067109925158903
25, 24.538948632734858
30, 23.801680612931516
35, 23.261126369976154
40, 23.534655298091792
45, 23.870483866063545
50, 23.973318502034715
55, 23.651638421048126
60, 23.059054620690763
65, 22.35978532991764
70, 21.737525158122303
75, 21.765109694187164
80, 21.34478859112922
85, 21.263113600787634
90, 20.5893176186099
95, 20.387250918159612
100, 20.572797573494956
150, 20.5621010599598
200, 19.18436863699194
250, 19.089263998384013
300, 19.530488985173925
350, 19.621416870348583
400, 18.595698427324532
450, 18.7275198571514
500, 19.21041384249699
550, 19.45353438324255
600, 19.46894963782073
650, 19.764614845728715
700, 19.2634368688456
750, 19.54584354792599
800, 19.47408534437497
850, 19.07563891459471
900, 18.555861607589122
950, 17.329743217947577
1000, 17.82918954972435
1250, 17.4928556845359
1500, 16.270218191530194
1750, 17.20348801842231
2000, 16.00249980471801
2250, 12.52517464948094
2500, 12.571396103854177
2750, 13.642580401082487
3000, 13.8144851514633
3250, 14.512063946937388
3500, 13.979985693841035
3750, 13.984276885130672
4000, 13.079755349393963
4250, 13.272528018429647
4500, 12.671227249165726
4750, 12.691729590564085
5000, 13.551383693187939
5250, 12.76401190848708
5500, 12.865457628860312
5750, 12.870120434556934
6000, 12.33369368842927
6250, 11.415778554264268
6500, 10.720074626605918
6750, 11.070682002478438
7000, 10.788883167408942
7250, 10.373041983911952
7500, 10.045894683899489
7750, 9.147677300823418
8000, 9.206519429187123
8250, 9.103845341392834
8500, 9.658157174119708
8750, 9.136739024400336
9000, 9.687104830649869
9250, 10.156771140475698
9500, 10.451794104363135
9750, 10.150862032359617
10000, 9.14111590562115
11000, 9.264987857520376
12000, 9.572878355019455
13000, 9.793875637356235
14000, 9.905553997631834
15000, 10.332473082471592
16000, 9.47417542586161
17000, 9.068627239003707
18000, 8.660254037844387
19000, 8.0049984384758
20000, 7.876547467006087
21000, 7.280109889280518
22000, 7.3130021195128885
23000, 7.405403432629448
24000, 7.205553413860729
25000, 8.23164625090267
26000, 7.66550715869472
27000, 7.730459236035075
28000, 7.177743377970544
29000, 7.121797525905942
30000, 7.158212067269313
31000, 7.688953114696434
32000, 7.9498427657407165
33000, 7.3999999999999995
34000, 8.508818954473059
35000, 7.472616676907762
36000, 7.343023900274328
37000, 7.241546796092669
38000, 6.6783231428256
39000, 6.913754406977442
40000, 5.989991652748775
41000, 6.330876716537765
42000, 5.8206528843421
43000, 6.3655321851358195
44000, 6.302380502635492
45000, 5.71314274283428
46000, 6.468384651518492
47000, 5.7236352085016735
48000, 6.20644825967316
49000, 6.141661013113635
50000, 5.871967302361279
51000, 6.0
52000, 5.5677643628300215
53000, 5.336665625650533
54000, 5.817215828899595
55000, 5.589275444992848
56000, 4.833218389437829
57000, 5.355371135598354
58000, 4.979959839195493
59000, 5.071488933242386
60000, 5.192301994298868
61000, 5.03189825016365
62000, 5.0039984012787215
63000, 5.385164807134504
64000, 5.347896782848375
65000, 5.5641710972974225
66000, 5.936328831862332
67000, 5.138093031466052
68000, 4.975942121849892
69000, 4.8373546489791295
70000, 4.6475800154489
71000, 5.063595560468865
72000, 4.728636167014756
73000, 4.907137658554118
74000, 5.083306010855534
75000, 4.745524207081869
76000, 4.963869458396343
77000, 4.8
78000, 4.728636167014756
79000, 4.507771067833858
80000, 4.6475800154489
81000, 4.381780460041329
82000, 4.613025037868319
83000, 4.358898943540674
84000, 4.156921938165306
85000, 4.171330722922842
86000, 4.634652090502587
87000, 4.467661580737736
88000, 4.995998398718719
89000, 4.749736834815167
90000, 4.898979485566356
91000, 4.560701700396552
92000, 4.975942121849892
93000, 4.27551166528639
94000, 4.766550115125193
95000, 4.664761515876241
96000, 4.753945729601885
97000, 4.795831523312719
98000, 4.886716689148247
99000, 4.724404724407087
100000, 4.569463863518345
