11.93673800858988
9.618434681084326
9.824168448997895
9.1104335791443
8.508818954473059
8.159131606453506
8.028520589569592
8.164382576603257
8.211490207542807
7.11738314671501
7.1673864533335
6.6590432603232985
6.555259611291422
6.6138383063737765
6.117889458675388
5.9904686198756005
5.656854249492381
5.3211169611544635
5.019960159204453
4.901894677425396
4.922252678253264
4.665986344968079
4.819602828923918
4.768947173418589
4.857983120596447
4.38829612231705
4.456135417280635
4.699544050832409
4.570089089472358
4.394802124588286
4.68736904578982
4.616739727804212
4.28285618984074
4.239272174728649
4.342481186734475
4.0918036539962594
3.3974780562730853
3.541589635016618
3.4558439118191004
3.5294677866702306
3.6683978597124463
3.7032803990902057
3.790966706715923
3.7186787208054732
3.779644730092272
3.565709706956767
3.565709706956767
3.8877095717511763
3.8097618973218936
3.9351892312459746
3.847076812334269
3.7568984168174833
3.722518348798681
3.6134668750581977
3.7454734585325027
3.7871964753438845
3.8987177379235853
3.749285646245543
3.5976182597459037
3.4475664294853385
3.5496478698597698
3.6449573777637356
3.480558247506528
3.40587727318528
3.2115861679683633
2.9856801091687157
2.833473385894321
3.1075943842694236
3.0612789110808856
3.0472470011002204
2.84855853271189
3.009508740167215
2.792848008753788
2.84855853271189
2.7464262493023806
2.7202941017470885
2.6832815729997477
2.7307769694983985
2.569046515733026
2.65114530506561
2.7360033416855116
2.65114530506561
2.6886002731107927
2.7360033416855116
2.9760952365713798
2.585674822114004
2.6619005025947695
2.6021968740717085
2.5071326821120348
2.6186146828319083
2.8585710716070314
2.833473385894321
2.6726124191242437
2.6349301969610397
2.7307769694983985
2.8233718443429607
2.8735244660769563
2.9130249373656736
2.7774602993176543
2.741219749360805
2.704493615131253
2.5523098781859765
2.5634797778466227
2.6832815729997477
2.699206232527312
2.7825989906663056
2.5801439605461662
2.7619868624907378
2.767154288640743
2.7360033416855116
2.6779523094014523
2.715037489875337
2.5579009251449016
2.5410908793553326
2.53546276418555
2.5467065566559266
2.6403462976338106
2.6726124191242437
2.7360033416855116
2.7825989906663056
2.8284271247461903
2.667261838343906
2.6779523094014523
2.65114530506561
2.6886002731107927
2.613153540948451
2.65114530506561
2.5579009251449016
2.5410908793553326
2.6240644591385873
2.6240644591385873
2.699206232527312
2.6295029405356662
2.5801439605461662
2.5801439605461662
2.5410908793553326
2.390457218668787
2.390457218668787
2.248809208701987
2.2866069685390684
2.23606797749979
2.2296700588716196
2.32379000772445
2.3844735867092943
2.4436506647695313
2.4436506647695313
2.4842360136324753
2.4553149347021512
2.305273457593635
2.2928460168844436
2.311462122306386
2.197401062294143
2.0213149892370277
2.177810171446801
1.992844341996778
2.0213149892370277
2.104417123236605
2.117950491799628
2.056349053193895
2.0213149892370277
2.0354009783964297
2.1514114968019085
2.104417123236605
2.02837021134844
2.0701966780270626
2.1313979316066587
2.0770858707058104
2.1908902300206643
2.2677868380553634
2.3543273227945902
2.2866069685390684
2.2614786566062732
2.3176342617912282
2.3844735867092943
2.3603873774083293
2.32379000772445
2.336052836975837
2.3421601750764798
2.3482516292522218
2.4023797725231892
2.3482516292522218
2.3664319132398464
2.29906813420444
2.3844735867092943
2.274077520980446
2.2928460168844436
2.248809208701987
2.090796157311509
2.0354009783964297
1.927248223318863
1.985662897587892
1.985662897587892
1.9048809486609468
1.9198214202665531
1.867006771737662
1.8516401995451028
1.9048809486609468
1.8361450300639575
1.9048809486609468
2.0
1.9493588689617927
1.9712215212183246
2.0632844828435215
2.1313979316066587
2.1313979316066587
2.02837021134844
1.942016624910449
1.8973665961010275
2.04939015319192
2.1246848505803664
2.04939015319192
1.9048809486609468
2.02837021134844
1.867006771737662
1.942016624910449
1.9784553859730358
2.014235055087379
1.985662897587892
1.942016624910449
1.9198214202665531
1.9123657749350298
1.8973665961010275
2.042407542932745
1.867006771737662
1.867006771737662
1.867006771737662
1.9198214202665531
1.8126539343499315
1.820517979665599
1.9198214202665531
1.9048809486609468
1.8593393604027366
1.8746428231227714
1.8973665961010275
1.9639610121239315
1.9566735620873066
1.8283482006601322
1.9123657749350298
2.056349053193895
2.0770858707058104
2.2296700588716196
2.23606797749979
2.104417123236605
2.104417123236605
1.992844341996778
1.9346465162548798
1.8973665961010275
1.9048809486609468
1.8746428231227714
1.9048809486609468
1.867006771737662
1.8746428231227714
1.8516401995451028
1.8822478962286404
1.8439088914585775
1.9566735620873066
2.02837021134844
2.1111946516469904
2.0632844828435215
1.985662897587892
1.9346465162548798
1.8973665961010275
1.7888543819998317
1.820517979665599
1.780850519113991
1.820517979665599
1.780850519113991
1.7888543819998317
1.7320508075688772
1.7888543819998317
1.6987390281365427
1.6647608150808246
1.647508942095828
1.6647608150808246
1.6818357317441643
1.7484687178050562
1.6733200530681511
1.820517979665599
1.8973665961010275
1.889822365046136
1.7154757774032086
1.7237832147426693
1.6987390281365427
1.7320508075688772
1.7647338933351153
1.7888543819998317
1.804755622554715
1.7566201313073597
1.7566201313073597
1.7888543819998317
1.780850519113991
1.8593393604027366
1.867006771737662
1.9198214202665531
1.8822478962286404
1.8973665961010275
1.8283482006601322
1.804755622554715
1.7484687178050562
1.6987390281365427
1.7071279138616748
1.7071279138616748
1.647508942095828
1.65615734242165
1.7320508075688772
1.740279123753264
1.7728105208558367
1.804755622554715
1.8439088914585775
1.8439088914585775
1.9048809486609468
1.8973665961010275
1.8361450300639575
1.8361450300639575
1.7728105208558367
1.7566201313073597
1.780850519113991
1.780850519113991
1.7484687178050562
1.7647338933351153
1.7320508075688772
1.804755622554715
1.7888543819998317
1.780850519113991
1.7566201313073597
1.867006771737662
1.8283482006601322
1.7728105208558367
1.740279123753264
1.7647338933351153
1.7647338933351153
1.780850519113991
1.8361450300639575
1.7728105208558367
1.7888543819998317
1.9198214202665531
1.8361450300639575
1.8973665961010275
1.867006771737662
1.8746428231227714
1.8593393604027366
1.8361450300639575
1.7968225924034427
1.780850519113991
1.7728105208558367
1.8283482006601322
1.8516401995451028
1.8283482006601322
1.8746428231227714
1.889822365046136
1.8593393604027366
1.8746428231227714
1.8439088914585775
1.7888543819998317
1.8126539343499315
1.820517979665599
1.820517979665599
1.9048809486609468
2.0
1.9493588689617927
1.9566735620873066
1.985662897587892
1.985662897587892
1.9566735620873066
2.007130147392398
1.9566735620873066
1.9493588689617927
1.9493588689617927
1.9566735620873066
2.0354009783964297
2.007130147392398
1.942016624910449
1.9198214202665531
1.9198214202665531
1.9493588689617927
1.867006771737662
1.889822365046136
1.8283482006601322
1.8283482006601322
1.8361450300639575
1.8439088914585775
1.8283482006601322
1.8593393604027366
1.8746428231227714
1.8516401995451028
1.8746428231227714
1.8439088914585775
1.889822365046136
1.9493588689617927
1.9346465162548798
1.9566735620873066
1.9493588689617927
1.9566735620873066
1.942016624910449
1.942016624910449
1.7968225924034427
1.7647338933351153
1.7728105208558367
1.7888543819998317
1.8516401995451028
