1, 57.0498028042166
2, 56.81408276123096
3, 56.61448577881813
4, 56.18416146922547
5, 55.78763303815641
6, 55.245633311602106
7, 54.66168676504596
8, 54.53952695064379
9, 54.026660085554056
10, 54.027585546644595
15, 50.853515119409394
20, 48.676072150493
25, 46.536867105554066
30, 44.22103571830945
35, 43.12934036129002
40, 42.46551542133923
45, 40.67480792824964
50, 40.21815510438041
55, 38.60103625552039
60, 38.35674647307824
65, 38.122958961759515
70, 36.24968965384394
75, 35.4152509520969
80, 35.1965907439911
85, 33.266199061509866
90, 32.934176777323586
95, 32.618093138624765
100, 31.485234634666455
150, 25.92180549267354
200, 22.918115105741137
250, 21.726941800446745
300, 20.920325045275945
350, 20.206434618705003
400, 19.661637775119345
450, 19.0057885919001
500, 18.041618552668716
550, 15.598717896032353
600, 15.447977213862014
650, 14.6846859006245
700, 14.671059948074646
750, 13.465511501610326
800, 13.231024147812596
850, 13.449163542763543
900, 12.734991166074675
950, 12.571396103854177
1000, 12.48198702130394
1250, 10.950799057603056
1500, 10.513800454640558
1750, 9.919677414109795
2000, 9.613532129243653
2250, 9.184770002564028
2500, 8.575546629807338
2750, 8.022468448052631
3000, 7.932212806020776
3250, 7.83836717690617
3500, 7.889233169326408
3750, 7.770456872024965
4000, 7.851114570556208
4250, 7.332121111929344
4500, 7.212489168102785
4750, 6.860029154456998
5000, 6.855654600401044
5250, 6.5069193939989765
5500, 6.624198064671678
5750, 6.514598989960932
6000, 6.437390775772433
6250, 6.48074069840786
6500, 6.54217089351845
6750, 6.443601477434805
7000, 6.330876716537765
7250, 6.219324722186485
7500, 6.077828559609098
7750, 5.9565090447341715
8000, 5.7043842787806645
8250, 5.986651818838307
8500, 6.044832503882965
8750, 5.772347875864725
9000, 5.781003373117854
9250, 5.801723881744114
9500, 5.642694391866354
9750, 5.663920903402518
10000, 5.709640969448079
11000, 5.562373594069352
12000, 5.184592558726288
13000, 5.304714883949938
14000, 5.059644256269407
15000, 5.071488933242386
16000, 4.777028364998475
17000, 4.8373546489791295
18000, 4.737087712930805
19000, 4.78539444560216
20000, 4.6946778377222005
21000, 4.726520919238589
22000, 4.602173399601541
23000, 4.498888751680797
24000, 4.207136793592526
25000, 4.0
26000, 4.024922359499621
27000, 3.878143885933063
28000, 4.049691346263317
29000, 3.8652296180175374
30000, 3.992492955535426
31000, 3.8366652186501757
32000, 3.9115214431215892
33000, 3.6796738985948196
34000, 3.6932370625238775
35000, 3.5383612025908264
36000, 3.4292856398964493
37000, 3.3763886032268267
38000, 3.358571124749333
39000, 3.2680269276736382
40000, 3.2280024783137944
41000, 3.2093613071762426
42000, 3.1400636936215163
43000, 3.2093613071762426
44000, 3.24037034920393
45000, 3.4351128074635335
46000, 3.1432467291003423
47000, 2.9359836511806394
48000, 3.0397368307141326
49000, 3.059411708155671
50000, 3.046309242345563
51000, 2.8530685235374214
52000, 2.842534080710379
53000, 2.596150997149434
54000, 2.727636339397171
55000, 2.814249455894058
56000, 2.592296279363144
57000, 2.6229754097208002
58000, 2.8035691537752374
59000, 2.760434748368452
60000, 2.6229754097208002
61000, 2.619160170741759
62000, 2.545584412271571
63000, 2.615339366124404
64000, 2.4859605789312105
65000, 2.328089345364563
66000, 2.4899799195977463
67000, 2.4899799195977463
68000, 2.3958297101421877
69000, 2.4124676163629637
70000, 2.3916521486202797
71000, 2.6038433132583076
72000, 2.5298221281347035
73000, 2.4576411454889016
74000, 2.3664319132398464
75000, 2.420743687382041
76000, 2.4
77000, 2.4289915602982237
78000, 2.4289915602982237
79000, 2.5573423705088842
80000, 2.5059928172283334
81000, 2.4617067250182343
82000, 2.565151067676132
83000, 2.493992782667985
84000, 2.493992782667985
85000, 2.5337718918639855
86000, 2.4576411454889016
87000, 2.3790754506740637
88000, 2.477902338672773
89000, 2.4041630560342617
90000, 2.3664319132398464
91000, 2.3366642891095846
92000, 2.2181073012818833
93000, 2.2
94000, 2.1213203435596424
95000, 2.1260291625469296
96000, 2.23606797749979
97000, 2.1400934559032696
98000, 2.08806130178211
99000, 2.073644135332772
100000, 2.2978250586152114
