1, 62.82182596981576
2, 61.949979822434166
3, 61.41661013113635
4, 60.54434888425328
5, 59.724214671955444
6, 58.97210434526727
7, 58.333835495674066
8, 58.30546520462102
9, 57.68361985867392
10, 57.52675266975594
15, 55.254946302653224
20, 54.33348205965887
25, 52.02813923952377
30, 50.839319071328674
35, 50.161557174611495
40, 48.36809617167837
45, 47.64890535802666
50, 47.514591060392846
55, 46.44292685162569
60, 45.871956178436115
65, 44.5986139205734
70, 43.44358933773146
75, 43.07224375184304
80, 42.064236591194664
85, 40.83069255530029
90, 38.39696957739338
95, 37.20386099220446
100, 36.85475175974907
150, 29.363242327781176
200, 26.388702816994176
250, 24.547912334860577
300, 22.327317145351138
350, 19.440351661615402
400, 18.71217396631013
450, 17.711321494764558
500, 15.911688099690057
550, 15.27445877630664
600, 15.23691689166927
650, 14.829332112711311
700, 14.750038520750932
750, 14.466890097422773
800, 14.47380078247967
850, 13.876074896938778
900, 13.12388523404421
950, 13.066264681509889
1000, 13.12804077330104
1250, 11.768988525319026
1500, 11.071667362318026
1750, 10.191797058062296
2000, 9.632331918171122
2250, 8.167563339766083
2500, 8.006815278816598
2750, 7.753005282410873
3000, 7.449222046019912
3250, 7.232502396065342
3500, 7.192167456843085
3750, 7.0478881427507964
4000, 6.8781604306014055
4250, 6.953089568346905
4500, 6.850348365395203
4750, 6.670150604814639
5000, 6.500349640945897
5250, 6.451215530284337
5500, 6.401704318524731
5750, 6.383216629995769
6000, 6.031734259880667
6250, 5.993936329931502
6500, 5.919152273456364
6750, 5.621387729022079
7000, 5.58406824652226
7250, 5.386852682056733
7500, 5.3189199177003115
7750, 5.255300354706838
8000, 5.220588611885201
8250, 4.792038852475673
8500, 4.771125272264014
8750, 4.774934554525329
9000, 4.661252270288825
9250, 4.631905164675271
9500, 4.3547257506801005
9750, 4.2490640680678675
10000, 4.221158824088691
11000, 3.7221694553775295
12000, 3.635681754249376
13000, 3.6729972898042127
14000, 3.330301651638946
15000, 3.222082894932745
16000, 2.3276988246295565
17000, 2.2723636072680717
18000, 2.1277388766652563
19000, 2.362587179728651
20000, 2.119176512447486
21000, 2.1148823307047775
22000, 2.1148823307047775
23000, 2.0976176963403033
24000, 1.9493588689617927
25000, 1.935317685925116
26000, 1.8389720448713138
27000, 1.7580981459830651
28000, 1.8439088914585775
29000, 1.8877596148970779
30000, 1.8877596148970779
31000, 1.8925692013287605
32000, 1.824081337899362
33000, 1.7425164665975574
34000, 1.6348477827391983
35000, 1.6348477827391983
36000, 1.6403990645294488
37000, 1.6011359603844901
38000, 1.5314876902719607
39000, 1.543314025666255
40000, 1.513574937328539
41000, 1.4522709489247896
42000, 1.4832396974191326
43000, 1.4270121360253514
44000, 1.4142135623730951
45000, 1.4206272622267313
46000, 1.4012980994907414
47000, 1.381698559415515
48000, 1.3684762594679065
49000, 1.4396969378057567
50000, 1.667878347427708
51000, 1.6733200530681511
52000, 1.6733200530681511
53000, 1.555050423035156
54000, 1.6236882817719773
55000, 1.543314025666255
56000, 1.4459976109624424
57000, 1.388262485005169
58000, 1.3751033019046572
59000, 1.3751033019046572
60000, 1.433368568981982
61000, 1.4270121360253514
62000, 1.4270121360253514
63000, 1.2720777563426766
64000, 1.257703534947001
65000, 1.257703534947001
66000, 1.2504544628399563
67000, 1.1755076272905174
68000, 1.1755076272905174
69000, 1.2135597524338357
70000, 1.2060453783110545
71000, 1.1908743922772957
72000, 1.2504544628399563
73000, 1.1832159566199232
74000, 1.1832159566199232
75000, 1.1599373023808421
76000, 1.1599373023808421
77000, 1.1832159566199232
78000, 1.1832159566199232
79000, 1.243163121016122
80000, 1.243163121016122
81000, 1.2358287613066494
82000, 1.2358287613066494
83000, 1.2358287613066494
84000, 1.1832159566199232
85000, 1.1832159566199232
86000, 1.1599373023808421
87000, 1.1599373023808421
88000, 1.2284506132079176
89000, 1.2284506132079176
90000, 1.2060453783110545
91000, 1.2060453783110545
92000, 1.2060453783110545
93000, 1.2284506132079176
94000, 1.2504544628399563
95000, 1.2649110640673518
96000, 1.2720777563426766
97000, 1.2720777563426766
98000, 1.2720777563426766
99000, 1.3073220372543672
100000, 1.3073220372543672
