1, 33.80285983956585
2, 33.17227758234276
3, 32.44944786381837
4, 32.44790696896591
5, 31.534108517603602
6, 30.999462360929208
7, 30.834504482262506
8, 30.32325840011261
9, 30.305115079801297
10, 30.03886371574886
15, 27.046256672597043
20, 25.72288216096063
25, 24.620452202725005
30, 23.390168874978222
35, 23.068737864622474
40, 22.63551781308894
45, 20.750100401363525
50, 20.122955382680082
55, 19.676551188322275
60, 19.309755738140932
65, 18.67172550498034
70, 17.043082663258623
75, 14.802026888233922
80, 14.42104943014435
85, 13.676013064242566
90, 13.614942771332778
95, 13.563431227630664
100, 13.520355024924458
150, 9.214119599831555
200, 8.850612031567836
250, 8.014570065407959
300, 7.585073060513875
350, 6.8068592855540455
400, 6.683312551921141
450, 6.465291950097845
500, 6.421318660005383
550, 6.258327785172862
600, 6.226288353960702
650, 5.856620185738529
700, 5.816642788871716
750, 5.747463208523682
800, 5.805170109479997
850, 5.738757124441958
900, 5.128352561983234
950, 4.919349550499537
1000, 4.91256891385081
1250, 4.219004621945797
1500, 3.415650255319866
1750, 3.119829055146024
2000, 2.6832815729997477
2250, 2.689485700525908
2500, 2.6770630673681683
2750, 2.4765567494675613
3000, 2.48327740429189
3250, 2.206052281036573
3500, 2.2211108331943574
3750, 2.2211108331943574
4000, 2.160246899469287
4250, 2.3021728866442674
4500, 2.330951164939612
4750, 2.309401076758503
5000, 2.32379000772445
5250, 2.3166067138525404
5500, 2.345207879911715
5750, 2.32379000772445
6000, 2.008316044185609
6250, 2.016597794967223
6500, 1.879716290649558
6750, 1.8439088914585775
7000, 1.816590212458495
7250, 1.6733200530681511
7500, 1.9578900207451218
7750, 1.8973665961010275
8000, 1.7224014243685084
8250, 1.7320508075688772
8500, 1.6832508230603465
8750, 1.622754859285078
9000, 1.51657508881031
9250, 1.4142135623730951
9500, 1.4142135623730951
9750, 1.5491933384829668
10000, 1.4944341180973264
11000, 1.2516655570345725
12000, 1.0327955589886444
13000, 1.2110601416389966
14000, 1.0954451150103321
15000, 1.140175425099138
16000, 1.0954451150103321
17000, 1.0645812948447542
18000, 1.0165300454651272
19000, 1.0327955589886444
20000, 1.0954451150103321
21000, 1.0801234497346435
22000, 1.0954451150103321
23000, 1.0954451150103321
24000, 1.1547005383792515
25000, 1.0801234497346435
26000, 0.9486832980505138
27000, 0.8944271909999159
28000, 0.9309493362512627
29000, 0.9309493362512627
30000, 1.0165300454651272
31000, 0.9486832980505138
32000, 0.9486832980505138
33000, 0.8563488385776752
34000, 0.8563488385776752
35000, 0.7302967433402214
36000, 0.7302967433402214
37000, 0.7302967433402214
38000, 0.6582805886043833
39000, 0.6582805886043833
40000, 0.6582805886043833
41000, 0.6831300510639732
42000, 0.7302967433402214
43000, 0.7958224257542215
44000, 0.7958224257542215
45000, 0.7958224257542215
46000, 0.816496580927726
47000, 0.816496580927726
48000, 0.8366600265340756
49000, 0.7071067811865476
50000, 0.7071067811865476
51000, 0.7302967433402214
52000, 0.7302967433402214
53000, 0.7302967433402214
54000, 0.7071067811865476
55000, 0.7071067811865476
56000, 0.7071067811865476
57000, 0.8366600265340756
58000, 0.8366600265340756
59000, 0.8366600265340756
60000, 0.8366600265340756
61000, 0.8366600265340756
62000, 0.7745966692414834
63000, 0.752772652709081
64000, 0.7302967433402214
65000, 0.7302967433402214
66000, 0.7302967433402214
67000, 0.7302967433402214
68000, 0.7302967433402214
69000, 0.752772652709081
70000, 0.752772652709081
71000, 0.7958224257542215
72000, 0.7745966692414834
73000, 0.7745966692414834
74000, 0.7958224257542215
75000, 0.7958224257542215
76000, 0.7745966692414834
77000, 0.7745966692414834
78000, 0.752772652709081
79000, 0.7745966692414834
80000, 0.7745966692414834
81000, 0.7745966692414834
82000, 0.7745966692414834
83000, 0.7745966692414834
84000, 0.752772652709081
85000, 0.752772652709081
86000, 0.6582805886043833
87000, 0.6582805886043833
88000, 0.6582805886043833
89000, 0.6831300510639732
90000, 0.6831300510639732
91000, 0.7302967433402214
92000, 0.7302967433402214
93000, 0.7302967433402214
94000, 0.7302967433402214
95000, 0.7958224257542215
96000, 0.7958224257542215
97000, 0.7958224257542215
98000, 0.7958224257542215
99000, 0.7958224257542215
100000, 0.7958224257542215
