1, 10.677078252031311
2, 10.03493896344168
3, 9.15969431804359
4, 9.137833441248533
5, 8.270429251254134
6, 8.276472678623424
7, 8.270429251254134
8, 8.264381404557755
9, 8.252272414311102
10, 8.246211251235321
15, 8.264381404557755
20, 7.58946638440411
25, 7.582875444051551
30, 7.58946638440411
35, 7.58946638440411
40, 7.2180329730474355
45, 6.3796551630946325
50, 6.324555320336759
55, 6.324555320336759
60, 6.332456079595025
65, 6.332456079595025
70, 6.332456079595025
75, 6.332456079595025
80, 6.332456079595025
85, 6.324555320336759
90, 6.324555320336759
95, 6.324555320336759
100, 6.324555320336759
150, 5.594640292279746
200, 5.594640292279746
250, 5.585696017507576
300, 5.558776843874918
350, 4.8270073544588685
400, 4.527692569068709
450, 4.527692569068709
500, 3.714835124201342
550, 3.714835124201342
600, 3.714835124201342
650, 3.0495901363953815
700, 3.0495901363953815
750, 3.0495901363953815
800, 3.03315017762062
850, 3.03315017762062
900, 3.03315017762062
950, 3.03315017762062
1000, 3.0
1250, 2.792848008753788
1500, 2.792848008753788
1750, 2.5298221281347035
2000, 2.5298221281347035
2250, 2.756809750418044
2500, 3.0
2750, 2.701851217221259
3000, 2.7386127875258306
3250, 3.0659419433511785
3500, 3.0495901363953815
3750, 3.0495901363953815
4000, 3.146426544510455
4250, 3.146426544510455
4500, 2.949576240750525
4750, 3.082207001484488
5000, 3.082207001484488
5250, 3.082207001484488
5500, 2.8284271247461903
5750, 2.6076809620810595
6000, 2.5099800796022267
6250, 2.3021728866442674
6500, 2.4698178070456938
6750, 2.4698178070456938
7000, 2.1908902300206643
7250, 2.1908902300206643
7500, 2.1908902300206643
7750, 2.23606797749979
8000, 2.23606797749979
8250, 2.16794833886788
8500, 2.073644135332772
8750, 2.0
9000, 2.0
9250, 2.3021728866442674
9500, 2.3021728866442674
9750, 2.4083189157584592
10000, 2.4083189157584592
11000, 2.9154759474226504
12000, 3.0983866769659336
13000, 3.1144823004794873
14000, 3.0495901363953815
15000, 3.1304951684997055
16000, 2.898275349237888
17000, 3.24037034920393
18000, 3.24037034920393
19000, 3.2093613071762426
20000, 2.8460498941515415
21000, 2.9154759474226504
22000, 2.932575659723036
23000, 2.9154759474226504
24000, 2.9154759474226504
25000, 2.949576240750525
26000, 2.7386127875258306
27000, 2.7748873851023217
28000, 2.6832815729997477
29000, 2.6832815729997477
30000, 2.569046515733026
31000, 2.569046515733026
32000, 2.5099800796022267
33000, 2.5099800796022267
34000, 2.6645825188948455
35000, 2.569046515733026
36000, 2.6267851073127395
37000, 2.4698178070456938
38000, 2.6457513110645907
39000, 2.588435821108957
40000, 2.4698178070456938
41000, 2.5099800796022267
42000, 2.6267851073127395
43000, 2.4698178070456938
44000, 2.4289915602982237
45000, 2.32379000772445
46000, 2.4698178070456938
47000, 2.4698178070456938
48000, 2.4698178070456938
49000, 2.5495097567963922
50000, 2.5495097567963922
51000, 2.5495097567963922
52000, 2.6645825188948455
53000, 2.6645825188948455
54000, 2.6645825188948455
55000, 2.9832867780352594
56000, 2.9832867780352594
57000, 2.932575659723036
58000, 2.932575659723036
59000, 2.8460498941515415
60000, 2.6645825188948455
61000, 2.6645825188948455
62000, 2.6645825188948455
63000, 3.0166206257996713
64000, 2.949576240750525
65000, 3.0
66000, 3.0
67000, 2.949576240750525
68000, 2.8106938645110393
69000, 2.701851217221259
70000, 2.5495097567963922
71000, 2.5495097567963922
72000, 2.5495097567963922
73000, 2.701851217221259
74000, 2.8106938645110393
75000, 2.932575659723036
76000, 2.932575659723036
77000, 2.932575659723036
78000, 2.932575659723036
79000, 2.932575659723036
80000, 2.932575659723036
81000, 2.8284271247461903
82000, 2.6832815729997477
83000, 2.6076809620810595
84000, 2.701851217221259
85000, 2.701851217221259
86000, 2.701851217221259
87000, 2.6076809620810595
88000, 2.8106938645110393
89000, 2.8106938645110393
90000, 2.8106938645110393
91000, 2.7748873851023217
92000, 2.7748873851023217
93000, 2.8809720581775866
94000, 2.8809720581775866
95000, 2.8460498941515415
96000, 2.8460498941515415
97000, 2.7386127875258306
98000, 2.701851217221259
99000, 2.701851217221259
100000, 2.701851217221259
