1, 4.5
2, 4.55521678957215
3, 4.242640687119285
4, 4.387482193696061
5, 4.242640687119285
6, 4.031128874149275
7, 3.4641016151377544
8, 3.2015621187164243
9, 3.0413812651491097
10, 2.8284271247461903
15, 3.3541019662496847
20, 3.8078865529319543
25, 3.7080992435478315
30, 2.7838821814150108
35, 2.598076211353316
40, 2.3979157616563596
45, 3.0
50, 2.692582403567252
55, 3.5355339059327378
60, 2.9154759474226504
65, 3.2015621187164243
70, 2.449489742783178
75, 3.0413812651491097
80, 2.8284271247461903
85, 3.2015621187164243
90, 1.9364916731037085
95, 2.0
100, 1.5
150, 2.3979157616563596
200, 2.5
250, 2.6457513110645907
300, 1.6583123951777
350, 2.1213203435596424
400, 2.1213203435596424
450, 2.3979157616563596
500, 2.598076211353316
550, 2.5495097567963922
600, 3.0413812651491097
650, 2.5495097567963922
700, 2.692582403567252
750, 2.1213203435596424
800, 2.0
850, 1.7320508075688772
900, 1.4142135623730951
950, 1.118033988749895
1000, 1.4142135623730951
1250, 0.7071067811865476
1500, 1.118033988749895
1750, 0.5
2000, 0.5
2250, 0.8660254037844386
2500, 1.118033988749895
2750, 0.7071067811865476
3000, 0.7071067811865476
3250, 0.7071067811865476
3500, 0.7071067811865476
3750, 0.7071067811865476
4000, 0.7071067811865476
4250, 0.7071067811865476
4500, 0.7071067811865476
4750, 0.7071067811865476
5000, 1.3228756555322954
5250, 1.3228756555322954
5500, 1.3228756555322954
5750, 1.3228756555322954
6000, 1.3228756555322954
6250, 1.3228756555322954
6500, 1.3228756555322954
6750, 1.3228756555322954
7000, 0.7071067811865476
7250, 0.7071067811865476
7500, 0.7071067811865476
7750, 0.7071067811865476
8000, 0.7071067811865476
8250, 0.7071067811865476
8500, 0.7071067811865476
8750, 0.7071067811865476
9000, 0.5
9250, 0.7071067811865476
9500, 0.7071067811865476
9750, 0.7071067811865476
10000, 0.5
11000, 0.7071067811865476
12000, 0.5
13000, 0.5
14000, 0.5
15000, 0.5
16000, 0.5
17000, 0.5
18000, 0.5
19000, 0.5
20000, 0.5
21000, 0.5
22000, 0.5
23000, 0.5
24000, 0.5
25000, 0.5
26000, 0.5
27000, 0.5
28000, 0.5
29000, 0.5
30000, 0.5
31000, 0.5
32000, 0.5
33000, 0.5
34000, 0.5
35000, 0.5
36000, 0.5
37000, 0.5
38000, 0.5
39000, 0.0
40000, 0.0
41000, 0.0
42000, 0.0
43000, 0.0
44000, 0.0
45000, 0.0
46000, 0.0
47000, 0.0
48000, 0.0
49000, 0.0
50000, 0.0
51000, 0.0
52000, 0.0
53000, 0.0
54000, 0.0
55000, 0.0
56000, 0.0
57000, 0.0
58000, 0.0
59000, 0.0
60000, 0.0
61000, 0.0
62000, 0.0
63000, 0.0
64000, 0.0
65000, 0.0
66000, 0.0
67000, 0.0
68000, 0.0
69000, 0.0
70000, 0.0
71000, 0.0
72000, 0.0
73000, 0.0
74000, 0.0
75000, 0.0
76000, 0.0
77000, 0.0
78000, 0.0
79000, 0.0
80000, 0.0
81000, 0.0
82000, 0.0
83000, 0.0
84000, 0.0
85000, 0.0
86000, 0.0
87000, 0.0
88000, 0.0
89000, 0.0
90000, 0.0
91000, 0.0
92000, 0.0
93000, 0.0
94000, 0.0
95000, 0.0
96000, 0.0
97000, 0.0
98000, 0.0
99000, 0.0
100000, 0.0
