1, 51.15206089038186
2, 50.40833264451424
3, 49.83104788516225
4, 49.79535899838235
5, 49.06277158452787
6, 48.97187401401384
7, 48.655934889795304
8, 48.62418236958963
9, 48.2189451011391
10, 48.194052191807515
15, 45.744702182632885
20, 44.260842990415604
25, 43.84214106693848
30, 42.72105907967274
35, 40.09876695250256
40, 37.22185737797977
45, 36.36267928033418
50, 35.85743375585536
55, 33.57082066318904
60, 32.623781373579476
65, 31.64244687827483
70, 30.350910658129813
75, 29.71120252624514
80, 29.41617091178101
85, 28.77344454720552
90, 28.761471141480612
95, 27.800479612169763
100, 27.258841582951476
150, 21.63947011057957
200, 20.86517566558105
250, 18.715412543320188
300, 17.449609992457965
350, 15.977066898109511
400, 14.602891646672054
450, 12.549457712940782
500, 12.64383907943575
550, 13.257283113653248
600, 12.236557250032924
650, 11.615124240020469
700, 11.418308884321608
750, 11.246727919216722
800, 10.636415436289301
850, 10.239357618739783
900, 9.919677414109795
950, 9.480975102218594
1000, 9.118966803073446
1250, 7.60116950066092
1500, 7.011102306738617
1750, 6.904105059069326
2000, 6.955413559075965
2250, 6.656659155395529
2500, 6.836178269569434
2750, 6.552353266829661
3000, 6.828046735503662
3250, 6.674994798166929
3500, 6.538773245460922
3750, 6.196773353931867
4000, 5.946053780075955
4250, 5.5837064551942355
4500, 5.707694611467732
4750, 5.571754162240509
5000, 5.6075346137535735
5250, 5.4016458397212395
5500, 5.3520504897136805
5750, 5.14241620684717
6000, 5.053051883103254
6250, 4.9955535784891305
6500, 4.923864787384443
6750, 4.788875998951459
7000, 5.08592829940284
7250, 4.756282395129858
7500, 4.7702783519995515
7750, 4.572866837238005
8000, 4.857983120596447
8250, 4.9035134795822115
8500, 4.536273556321067
8750, 4.555826550205303
9000, 4.417138339593985
9250, 4.273952113286562
9500, 4.417138339593985
9750, 4.407065034943575
10000, 3.708848278853633
11000, 3.7918040268159663
12000, 3.7741812945915094
13000, 4.232152066161034
14000, 4.079760341545131
15000, 3.8873012632302
16000, 3.7267799624996494
17000, 3.8268060369509773
18000, 3.73571352696584
19000, 3.5118845842842465
20000, 3.3333333333333335
21000, 3.441575866437415
22000, 3.4512477614786095
23000, 3.197221015541813
24000, 3.2591750830880843
25000, 3.272783388968954
26000, 3.2006943691087475
27000, 3.2489314482696545
28000, 3.252349578040125
29000, 3.003701420285016
30000, 3.1763011332190922
31000, 3.1692971530679235
32000, 2.9097537123726926
33000, 2.816617356570348
34000, 2.8557933320805193
35000, 2.851899951494325
36000, 2.70801280154532
37000, 2.760837232113154
38000, 2.4988886418655083
39000, 2.4720661623652207
40000, 2.3944379994757297
41000, 2.4899799195977463
42000, 2.5254262566501082
43000, 2.4899799195977463
44000, 2.5254262566501082
45000, 2.481039208790453
46000, 2.463060426921489
47000, 2.6331223544175333
48000, 2.581988897471611
49000, 2.4765567494675613
50000, 2.4765567494675613
51000, 2.389793110524656
52000, 2.4129281427805145
53000, 2.3285665595430642
54000, 2.3142073276946373
55000, 2.4129281427805145
56000, 2.4358434541926814
57000, 2.3333333333333335
58000, 2.280350850198276
59000, 2.2459840703897354
60000, 2.2754730887834684
61000, 2.155097316699282
62000, 2.3190036174568114
63000, 2.2459840703897354
64000, 2.1343747458109497
65000, 2.2010098692292237
66000, 2.1343747458109497
67000, 2.1499353995462798
68000, 2.1756225162774294
69000, 2.1705094128132942
70000, 2.3523038352503134
71000, 2.2211108331943574
72000, 2.1959558789334137
73000, 2.1705094128132942
74000, 2.1705094128132942
75000, 2.2997584414213788
76000, 2.2310934040908683
77000, 2.2558565754251507
78000, 2.211083193570267
79000, 2.309401076758503
80000, 2.494438257849294
81000, 2.4037008503093262
82000, 2.3333333333333335
83000, 2.250925735484551
84000, 2.250925735484551
85000, 2.211083193570267
86000, 2.185812841434
87000, 2.1134489978863145
88000, 2.1343747458109497
89000, 2.342837785440744
90000, 2.2211108331943574
91000, 2.1908902300206643
92000, 2.016597794967223
93000, 2.0110804171997807
94000, 2.0976176963403033
95000, 2.1447610589527217
96000, 2.0330600909302543
97000, 2.2410315085295482
98000, 2.2261077142752
99000, 2.1499353995462798
100000, 2.211083193570267
