1, 56.868268832451726
2, 56.16137462705129
3, 55.292675826007915
4, 54.44630382312467
5, 54.445018137567004
6, 54.44299771320459
7, 53.56491388959754
8, 52.78067828287166
9, 52.038062992390486
10, 52.031528903156406
15, 49.55562531136097
20, 49.55138746796098
25, 48.80553247327602
30, 47.92389800506632
35, 47.26774798951183
40, 46.3885761799174
45, 45.08902305439762
50, 43.32181898304825
55, 43.282097915882034
60, 43.28163582860518
65, 43.28094268843968
70, 43.28094268843968
75, 43.27493500861671
80, 43.26800203383558
85, 43.267539796017985
90, 43.26684643003232
95, 42.400707541266335
100, 42.400235848400655
150, 42.04164601915581
200, 41.48927572276961
250, 40.07368213678399
300, 39.10652119531984
350, 38.21308676356831
400, 36.82553461933716
450, 36.95429609666513
500, 36.132810574324274
550, 35.57105564922132
600, 33.79053121807942
650, 33.74996296294264
700, 32.93630216038224
750, 32.91777635260316
800, 32.91777635260316
850, 32.91595357877392
900, 32.88981605299732
950, 32.86122334910859
1000, 32.86122334910859
1250, 32.16395498069228
1500, 31.288336485022658
1750, 29.167104758614627
2000, 29.081953166869656
2250, 28.08344708186657
2500, 28.113697729043043
2750, 28.042467794400693
3000, 27.23967694375247
3250, 26.517918470347556
3500, 25.946483384073456
3750, 25.3357454991954
4000, 25.298221281347036
4250, 25.076283616197998
4500, 25.236481529722006
4750, 24.55361480515649
5000, 24.675088652323016
5250, 24.63290482261481
5500, 24.689673954914838
5750, 24.331872102244823
6000, 24.38196054463217
6250, 24.706274506691614
6500, 23.94201328209472
6750, 23.754157530840786
7000, 23.75752512363188
7250, 23.75752512363188
7500, 23.578804040917767
7750, 23.26628461959494
8000, 23.05168106668145
8250, 22.75697695213492
8500, 22.76093143964016
8750, 22.942101037176172
9000, 22.942101037176172
9250, 23.17584949899356
9500, 22.88798811604026
9750, 23.165923249462775
10000, 23.20991167583367
11000, 22.979991296778163
12000, 22.41740395317888
13000, 21.95130975591206
14000, 21.412613105363857
15000, 21.079373804740975
16000, 19.5202459000905
17000, 19.751455642559613
18000, 20.228692493584454
19000, 20.403431084011338
20000, 19.840866916543742
21000, 19.328217714005604
22000, 19.601530552484927
23000, 19.024195120950584
24000, 18.572560405070703
25000, 18.676723481381845
26000, 18.820733248202632
27000, 18.715234436148535
28000, 18.50297273413113
29000, 18.506215172206335
30000, 18.668690366493305
31000, 19.057282072740595
32000, 18.802659386374046
33000, 18.6392059916725
34000, 18.196702998070833
35000, 18.189007669468943
36000, 17.99777764058663
37000, 17.963852593472257
38000, 17.906981878585793
39000, 18.07152456213919
40000, 18.100276240985938
41000, 18.23951753747889
42000, 18.09419796509367
43000, 18.086459023258257
44000, 18.30573680571203
45000, 18.844627881706764
46000, 19.03417978269618
47000, 18.856829001717124
48000, 18.498648599289623
49000, 18.353746211604868
50000, 18.40326058066885
51000, 18.729121709252677
52000, 18.805850153609118
53000, 19.27433526739638
54000, 19.43450539633052
55000, 19.285746031719903
56000, 19.20520762709948
57000, 19.369563753476744
58000, 18.659046063504963
59000, 18.563943546563593
60000, 18.635986692418516
61000, 18.83082579177026
62000, 18.615047676543835
63000, 18.955737917580525
64000, 18.912958520548813
65000, 18.81169848790906
66000, 18.306829326784033
67000, 17.797752667120644
68000, 17.6
69000, 17.090348153270604
70000, 17.368937791356153
71000, 17.1743995528228
72000, 17.341280229556293
73000, 17.196511274092778
74000, 17.205812971202494
75000, 17.252825855493935
76000, 17.10204666114556
77000, 17.485422499899737
78000, 17.34358671094304
79000, 17.307223925286227
80000, 17.802808767158062
81000, 17.682759965570984
82000, 17.66918221084383
83000, 17.738094598913378
84000, 17.507141400011598
85000, 17.704801608603244
86000, 17.75274626642312
87000, 18.439631232755172
88000, 18.5056748053131
89000, 18.206592212712405
90000, 18.340665200586372
91000, 18.175257907386072
92000, 18.17415747703315
93000, 18.156541520895438
94000, 18.382056468197458
95000, 18.570945048650593
96000, 18.683682720491696
97000, 18.478095139921756
98000, 18.261982367749674
99000, 18.33739348980656
100000, 18.409236811991963
