1, 85.73602898820698
2, 84.88611979195028
3, 84.20704641932684
4, 83.42397736861987
5, 82.56020025815506
6, 81.70401866901449
7, 81.08711364945727
8, 81.08366049951124
9, 80.26514395011905
10, 79.40789213506007
15, 78.51921208638473
20, 76.12796244919909
25, 74.4135292358408
30, 72.69855569404388
35, 71.85383311510482
40, 71.85244138742492
45, 70.94796215067304
50, 71.0655096841405
55, 71.0
60, 71.01661777358873
65, 70.25534380624248
70, 69.41200664630483
75, 69.4118145563131
80, 69.38299503480663
85, 69.36983013769986
90, 69.36454425713471
95, 69.36608200938939
100, 69.36637033414199
150, 66.73659665680692
200, 66.68753006872174
250, 65.92874941935423
300, 65.93542295306825
350, 65.9337040771511
400, 65.1917172653091
450, 65.20429433710636
500, 64.33620028154186
550, 63.45728221935342
600, 63.45371016208062
650, 63.37654666094285
700, 63.37707261568124
750, 63.37286485555154
800, 61.76644180567093
850, 61.76579420142943
900, 61.747442592116045
950, 61.85218939805876
1000, 61.85197382999726
1250, 61.09009739720506
1500, 58.70309475090162
1750, 58.38675648923592
2000, 56.77769515105968
2250, 55.64278929025755
2500, 55.64147134407333
2750, 55.19734293121967
3000, 53.41260775010584
3250, 53.45590082800339
3500, 53.150729063673246
3750, 53.11810739600323
4000, 52.69648944664151
4250, 52.05074447114085
4500, 52.069312779537746
4750, 50.89623430733031
5000, 50.705818206592426
5250, 49.915395086753215
5500, 49.77964778233503
5750, 49.22709281144547
6000, 48.72562638557525
6250, 48.726310483488625
6500, 48.765561618830965
6750, 49.011971326741524
7000, 48.67292197242049
7250, 48.609189803300914
7500, 48.19917011733708
7750, 48.16623990583723
8000, 47.42699653151146
8250, 47.251666637273225
8500, 46.71074109167326
8750, 46.376143292286244
9000, 46.31529624936741
9250, 46.26488949516685
9500, 46.26474539718841
9750, 45.61549444359157
10000, 45.571921179603564
11000, 45.156468713426506
12000, 45.062179263768414
13000, 42.86521511280058
14000, 42.188308016953386
15000, 41.528624666206646
16000, 41.651730656320474
17000, 41.548525846292065
18000, 41.60400621735043
19000, 41.50903516103452
20000, 41.94456659290529
21000, 42.00047618777673
22000, 41.968241961432376
23000, 42.41760640740273
24000, 42.602190866980855
25000, 41.59230698097907
26000, 41.36890942080377
27000, 41.556708243074304
28000, 40.715271500179554
29000, 40.52900196155834
30000, 40.195356282370064
31000, 40.696109560169674
32000, 40.569939610504726
33000, 40.62429486567531
34000, 40.195356282370064
35000, 40.26561808789231
36000, 40.023659669417206
37000, 40.20862262417519
38000, 39.75608968028252
39000, 39.97415831926087
40000, 39.746697976058336
41000, 39.92576444686647
42000, 40.21525415394843
43000, 39.331412382471086
44000, 39.03434385256143
45000, 38.67160887955573
46000, 38.618993599868276
47000, 38.214831326768056
48000, 38.45152792802907
49000, 38.32614425341184
50000, 38.38298234026811
51000, 38.42516536507466
52000, 38.48705410048077
53000, 38.191098439296034
54000, 38.08604293788824
55000, 37.43901708111473
56000, 37.56966861711719
57000, 37.754999668918025
58000, 37.97139274067606
59000, 37.971743880592754
60000, 37.65403918129722
61000, 37.84336137290132
62000, 37.59024696203347
63000, 37.16808666943547
64000, 36.866606389341925
65000, 36.825353585086816
66000, 37.18781162334419
67000, 37.09752911807829
68000, 37.01999459751446
69000, 37.07092301701339
70000, 37.05833239637207
71000, 37.146915529197486
72000, 37.21343843291022
73000, 37.161270161284854
74000, 37.37931691903068
75000, 37.14117212295092
76000, 37.15857909016436
77000, 37.40178248871748
78000, 37.3538039116054
79000, 37.37574971377386
80000, 37.50271101311655
81000, 37.476926234684726
82000, 37.259092849933964
83000, 37.07847533722676
84000, 37.46144684872702
85000, 37.2152298573223
86000, 37.235108880374355
87000, 37.15176083758794
88000, 37.102201192561786
89000, 37.35326848706371
90000, 37.20985532534806
91000, 37.43189370933118
92000, 37.17633655969883
93000, 37.21791683226418
94000, 37.27304656182534
95000, 37.33630940518894
96000, 37.40570366490473
97000, 38.03682426281143
98000, 37.854458125827136
99000, 37.65492442341816
100000, 37.42441270970951
