19.78599793504776
17.806098473757324
14.434086640409816
13.403624243358317
11.06216202066434
10.619389274879632
9.665845613735584
8.468428763016531
8.228869042236953
8.012490249604053
7.915626498082313
8.199303106275034
8.166132149660223
8.995236834807947
8.688251509119327
8.211490207542807
7.791937224739796
7.153420760127882
7.490946917065005
7.367883976130073
7.638249612500049
7.05691150575094
7.254555219210301
7.354299034286972
7.338742593737898
7.048809423279529
7.095270054258481
7.185302459087677
6.561794179730332
6.40981390414061
6.652604216180523
6.380774695464941
6.502746672423452
6.215188768538847
6.148170459575759
5.664425327049011
5.414266867664145
5.8700206862619195
5.7644229050765725
5.5549205986353085
5.704634707223342
5.146427332209625
5.529143565818179
5.406345478099918
5.403702434442518
5.406345478099918
5.275279274936203
5.539468772880148
5.296899362565128
5.5472000659277265
4.948304182820038
5.2317710740655095
4.979959839195493
4.893143891493192
4.7479318806041375
4.573213937078137
4.8047595450463785
5.0878005351737485
4.860922898850735
4.632185537858221
4.604345773288535
4.535573676110727
4.919349550499537
4.714718594844387
4.860922898850735
4.789870263676997
4.898979485566356
4.563832975533989
4.494441010848846
4.7086546455891805
4.2895221179054435
4.570089089472358
4.5071371971891105
4.6352685235824564
4.638349460129725
4.753945729601885
4.750939756661683
4.84325746343748
4.510305659581969
4.632185537858221
4.414262598182655
4.266145801540309
4.319391491534757
4.6012420683363935
4.744922097810007
4.497618417403974
4.306141793166725
4.566962103755937
4.535573676110727
4.786886849956422
4.857983120596447
4.860922898850735
4.644505202002531
4.417497675640103
4.391550328268399
4.266145801540309
4.329302154257328
4.478520163753074
4.262795863213317
4.0813163142720095
4.161043825085926
4.09878030638384
4.161043825085926
3.906039280030714
3.4475664294853385
3.63318042491699
3.8913824205360674
3.722518348798681
3.561701038227982
3.6488745818794204
3.8321944477954513
3.6955571781725767
3.63318042491699
3.5132402626147194
3.3551665915633544
3.565709706956767
3.439269025326665
3.320929301953209
3.4434202266268428
3.4142558277233497
3.541589635016618
3.5496478698597698
3.5496478698597698
3.734013543475324
3.714835124201342
3.56971387408811
3.7984959429452374
3.8321944477954513
3.7071359757712075
3.488757453797637
3.525417908358019
3.760699023168052
3.760699023168052
3.680062111277083
3.6645015252516173
3.5050983275386565
3.3551665915633544
3.303677604471374
2.980891525318271
2.9856801091687157
3.1121880222303866
3.1532296368734616
3.0189875313233268
3.1847852585154217
3.198213787189879
3.255764119219941
3.198213787189879
3.1532296368734616
3.102993945945017
3.251373336211726
3.102993945945017
3.04255531702266
3.251373336211726
3.286335345030997
3.2425739335111103
3.359421718944242
3.1532296368734616
3.04255531702266
3.093772546815388
3.255764119219941
3.3252282413607124
3.2204702407301595
3.2906794782493525
3.1396087108337016
3.1259284335103663
2.9760952365713798
3.1350552512789034
3.3252282413607124
3.277629805645711
3.430951554806417
3.60951124510943
3.541589635016618
3.5976182597459037
3.4475664294853385
3.6174181795466067
3.56971387408811
3.359421718944242
3.093772546815388
2.8535691936340255
2.699206232527312
2.7979584393931636
2.6186146828319083
2.833473385894321
2.971291205616075
2.715037489875337
2.903200204700225
2.7825989906663056
2.8284271247461903
2.8585710716070314
2.9568322818274866
2.792848008753788
2.7516228977511745
2.84855853271189
2.843539042410757
2.8233718443429607
2.833473385894321
2.903200204700225
2.7774602993176543
2.8284271247461903
2.808151400069855
2.8132340311971404
2.7979584393931636
2.792848008753788
2.9952343099378003
2.932575659723036
2.9856801091687157
2.932575659723036
3.051931472737505
3.0612789110808856
3.180296482135858
3.1304951684997055
3.0659419433511785
3.0798886807341406
2.833473385894321
2.917924898671265
3.03315017762062
2.9664793948382653
2.843539042410757
2.8635642126552705
2.7619868624907378
2.8735244660769563
2.8535691936340255
2.7360033416855116
2.7202941017470885
2.8030595529069404
2.951996902824546
2.990461025135948
3.102993945945017
3.0659419433511785
2.9471535904520287
2.898275349237888
2.6021968740717085
2.6295029405356662
2.6886002731107927
2.6457513110645907
2.6832815729997477
2.7202941017470885
2.7516228977511745
2.9568322818274866
2.8385106758902383
2.893342111024649
3.093772546815388
2.8635642126552705
2.917924898671265
3.0378563870880115
2.8132340311971404
2.7516228977511745
2.8735244660769563
2.8385106758902383
2.7825989906663056
2.6726124191242437
2.8635642126552705
2.9130249373656736
2.8385106758902383
2.7723120830300267
2.8233718443429607
2.971291205616075
2.7877282097486784
2.6295029405356662
2.7774602993176543
2.6726124191242437
2.6349301969610397
2.5634797778466227
2.53546276418555
2.5634797778466227
2.5579009251449016
2.3421601750764798
2.311462122306386
2.6349301969610397
2.4842360136324753
2.4553149347021512
2.5298221281347035
2.437797600880176
2.715037489875337
2.756809750418044
2.585674822114004
2.5185029566901727
2.6403462976338106
2.5185029566901727
2.6886002731107927
2.613153540948451
2.667261838343906
2.8834503141697647
2.8535691936340255
2.7202941017470885
2.704493615131253
2.756809750418044
2.81830749615033
2.9081167199998794
2.8735244660769563
2.715037489875337
2.6240644591385873
2.4319304501333328
2.5410908793553326
2.715037489875337
2.6886002731107927
2.7307769694983985
2.6295029405356662
2.767154288640743
2.8385106758902383
2.843539042410757
2.8132340311971404
2.8030595529069404
2.656528346760647
2.84855853271189
2.7360033416855116
2.7774602993176543
2.767154288640743
2.8535691936340255
2.7255405754769875
2.7979584393931636
2.8685486624025445
2.833473385894321
2.8385106758902383
2.8233718443429607
2.5746012173871566
2.5579009251449016
2.7464262493023806
2.7360033416855116
2.756809750418044
2.7464262493023806
2.6886002731107927
2.5746012173871566
2.6076809620810595
2.5071326821120348
2.3664319132398464
2.5523098781859765
2.2866069685390684
2.390457218668787
2.3543273227945902
2.32379000772445
2.4319304501333328
2.3421601750764798
2.2168188275738085
2.390457218668787
2.5128242505765725
2.461126339126632
2.5071326821120348
2.4784787961282104
2.4319304501333328
2.3844735867092943
2.3724610489050035
2.449489742783178
2.3603873774083293
2.2866069685390684
2.210365192839022
2.2677868380553634
2.274077520980446
2.4436506647695313
2.4023797725231892
2.3603873774083293
2.29906813420444
2.242447642325552
2.3421601750764798
2.3964259101539405
2.461126339126632
2.5185029566901727
2.495710605933995
2.0701966780270626
2.32992949004287
2.1908902300206643
2.3176342617912282
2.305273457593635
2.274077520980446
2.3482516292522218
2.3603873774083293
2.274077520980446
2.3964259101539405
2.32379000772445
2.32379000772445
2.3176342617912282
2.305273457593635
2.311462122306386
2.2614786566062732
2.2232537288526344
2.336052836975837
2.4083189157584592
2.2038926600773587
2.3421601750764798
2.32379000772445
2.2928460168844436
2.3543273227945902
2.2677868380553634
2.32379000772445
2.311462122306386
2.274077520980446
2.210365192839022
2.177810171446801
2.2168188275738085
2.197401062294143
2.1246848505803664
2.1313979316066587
2.1447610589527217
2.1712405933672376
2.2551528297909846
2.2232537288526344
2.1908902300206643
2.311462122306386
2.274077520980446
2.210365192839022
