1, 85.88045955474
2, 85.22761680738626
3, 85.14881091359996
4, 84.77751274168561
5, 84.50790890009448
6, 84.35464816278156
7, 84.22762808801714
8, 83.5649846925533
9, 83.58030070935774
10, 83.14509406252823
15, 81.26778779647772
20, 80.03682485789484
25, 79.00472559705949
30, 77.14194708457909
35, 76.26576339791444
40, 75.48995518168847
45, 75.19361675035987
50, 74.9621237692743
55, 73.44884841393589
60, 72.72083607880207
65, 71.23145372656661
70, 70.46805422790293
75, 69.68835388116631
80, 68.35719908441735
85, 67.66564859661068
90, 67.68485798167859
95, 66.95819591356982
100, 66.1982879939756
150, 55.026902511408
200, 51.7833950219566
250, 49.259584515773845
300, 46.873446640928805
350, 44.827967460801375
400, 41.9885698732405
450, 40.18324692372847
500, 37.33345238076257
550, 35.98055030151707
600, 34.03253345452456
650, 33.21244746577202
700, 32.425915561476444
750, 31.02837411144838
800, 31.255932770169142
850, 31.856134940280082
900, 31.162156536414486
950, 30.982360572859303
1000, 30.207283889817038
1250, 25.407348018503097
1500, 24.135174883697584
1750, 22.887551201471947
2000, 21.77307205395386
2250, 21.137013349414655
2500, 20.297454684434367
2750, 19.00456085610329
3000, 18.591754444735262
3250, 18.247922256154716
3500, 17.07786091210879
3750, 16.24766649912124
4000, 16.17034322455773
4250, 15.921473968616516
4500, 15.279179733654988
4750, 14.622813226827
5000, 13.795651488784427
5250, 13.541048703848606
5500, 12.785408349625234
5750, 12.768189639360259
6000, 12.425243123040557
6250, 12.607405231318086
6500, 12.495332461896854
6750, 11.959375680472066
7000, 11.825396399275586
7250, 11.727460651536347
7500, 11.46821694946516
7750, 11.349008767288886
8000, 11.436782764396638
8250, 11.270610749496527
8500, 11.135528725660043
8750, 10.929470862458682
9000, 10.744300814850634
9250, 10.670832519848986
9500, 10.545141061171254
9750, 10.23458189994426
10000, 10.185610765519497
11000, 9.773433378296494
12000, 9.78502256853129
13000, 8.852871473896666
14000, 8.515867542417507
15000, 8.5759353231392
16000, 7.873161160973822
17000, 7.912016177940993
18000, 7.826450877206943
19000, 7.724420150837645
20000, 7.942291860665912
21000, 8.036583021823807
22000, 7.891767862779544
23000, 7.654192750817467
24000, 7.809396050058331
25000, 7.294746968424151
26000, 7.472616676907762
27000, 7.2645256784826175
28000, 7.3130021195128885
29000, 7.226801966753113
30000, 7.342115952957068
31000, 7.345747068882783
32000, 7.400900846068223
33000, 7.616648431779777
34000, 7.447594690010102
35000, 7.343023900274328
36000, 7.353910524340094
37000, 7.275529763071094
38000, 6.998094978873417
39000, 6.956052520407438
40000, 6.448772493014982
41000, 6.613118276073197
42000, 6.254598308444756
43000, 6.070694633510512
44000, 5.817215828899595
45000, 6.076183012385325
46000, 6.32771680782255
47000, 6.348753158429352
48000, 6.042074698865172
49000, 5.5665668653728275
50000, 5.590468078196435
