1, 22.73348191544797
2, 56.5965193276053
3, 76.76231106474062
4, 92.64558705086822
5, 106.1927003140988
6, 118.20959182739783
7, 129.12420222406024
8, 139.20134482109
9, 148.6016056440845
10, 157.45093330939642
15, 188.7983961796286
20, 222.0195694077439
25, 245.5428728348677
30, 261.9166630819811
35, 282.27658776455405
40, 291.9967938180144
45, 292.45370505432135
50, 292.92119008361277
55, 293.3995610085332
60, 293.6917921903845
65, 294.1911113545071
70, 294.685564627791
75, 295.1388812067973
80, 295.4716466938918
85, 296.0110842519246
90, 296.562173582539
95, 297.24551670294375
100, 297.31800147317017
150, 325.4226390403716
200, 324.37910721869866
250, 359.7146596957094
300, 380.88532342425583
350, 392.70197809534903
400, 415.8393959210695
450, 413.74508528803096
500, 408.3622347867148
550, 423.0576546996875
600, 457.730884254056
650, 505.191237849589
700, 546.3879109204375
750, 558.9193183277887
800, 558.9440762723942
850, 554.8014105966206
900, 540.4633730420592
950, 560.8215174188665
1000, 601.1351731515966
1250, 608.0679179170695
1500, 610.7797226496635
1750, 615.8964922777203
2000, 617.5132889258335
2250, 617.6854390383506
2500, 615.7732469018121
2750, 606.547399961454
3000, 599.1063047573444
3250, 594.7508358968485
