1, 62.657655702889315
2, 62.58201891045935
3, 61.95467551510393
4, 61.94601755487669
5, 61.63160346327641
6, 60.92842298363488
7, 60.53999429377995
8, 59.66070733740927
9, 59.717516845409925
10, 58.92043942315927
15, 55.989122320159815
20, 55.02627471572929
25, 51.987935663434975
30, 50.44601074416093
35, 49.44068990398312
40, 48.69944931553501
45, 47.24423966811384
50, 46.81899381467079
55, 45.4980519063479
60, 43.85824272067287
65, 42.36314865111378
70, 42.324503970674435
75, 42.21051140092089
80, 41.846038152863514
85, 40.9680585112575
90, 40.351861509386744
95, 38.44169138271151
100, 38.48352658192617
150, 36.93433977405654
200, 32.175089178374684
250, 32.070377155703845
300, 29.488980992906487
350, 27.4971072858748
400, 27.069943076811562
450, 26.53059982873978
500, 24.1679727964699
550, 24.16345851223966
600, 24.24646178498853
650, 24.120530674095875
700, 24.060151892515332
750, 23.643180835073778
800, 22.950539704487838
850, 22.853287012434933
900, 22.739633002555454
950, 22.75721663760551
1000, 22.117455056624806
1250, 21.605134069980178
1500, 19.920752085108724
1750, 19.86820209645187
2000, 19.049218547560614
2250, 18.92521165967864
2500, 18.088670487352022
2750, 17.359304552471407
3000, 16.41451685662309
3250, 16.302258627675993
3500, 16.054452794955502
3750, 14.75496834659739
4000, 14.80049139233375
4250, 14.471916377465828
4500, 13.642180577498998
4750, 13.564659966250536
5000, 13.265813890667175
5250, 13.336211810500966
5500, 12.789910796476189
5750, 12.68141087648302
6000, 12.43821092075106
6250, 12.011358260943151
6500, 10.91371114282813
6750, 10.776236482523606
7000, 11.119188982851385
7250, 11.125727759648722
7500, 11.159993483217386
7750, 11.194966401346308
8000, 11.0667396857759
8250, 10.847706083441203
8500, 10.737360434059624
8750, 10.82085528463019
9000, 10.60960114064786
9250, 10.641257615355604
9500, 10.856920708595384
9750, 10.946149177595828
10000, 11.029711938874263
11000, 11.226591808575016
12000, 10.596740493704141
13000, 10.330889251524901
14000, 10.29386401521005
15000, 10.33176918758131
16000, 10.093202032691472
17000, 10.535653752852738
18000, 9.930668749796352
19000, 9.632331918171122
20000, 9.45515732285825
21000, 9.048354948427216
22000, 9.373075560057407
23000, 9.329328144961117
24000, 9.247112571451204
25000, 9.124392881422054
26000, 9.197825830053535
27000, 9.199802369418792
28000, 9.087453888841372
29000, 9.083451486582119
30000, 8.89126230939935
31000, 8.760448307333053
32000, 8.955445270895245
33000, 8.796693593721347
34000, 8.611831185272756
35000, 8.468122041461784
36000, 8.201995322647244
37000, 7.714213563876159
38000, 7.703600102903482
39000, 7.74009631135756
40000, 8.38721971486705
41000, 8.473488065725943
42000, 8.073525759036023
43000, 8.252823208399105
44000, 8.23407554009556
45000, 8.130749713838872
46000, 8.168676314267369
47000, 8.17312669668102
48000, 7.897065047448727
49000, 7.963553341202771
50000, 7.920055096227092
51000, 7.534164609539426
52000, 7.477238187264795
53000, 7.58587203592669
54000, 7.547425810409557
55000, 7.419875029577348
56000, 7.478453899521794
57000, 7.469939758793239
58000, 7.389181280764467
59000, 7.329888998291361
60000, 7.547425810409557
61000, 7.494240212565671
62000, 7.567874686642695
63000, 7.46263419248921
64000, 7.444338910755059
65000, 7.812577272345128
66000, 8.122919314003937
67000, 8.420753583206844
68000, 8.389387235181017
69000, 8.262731223556003
70000, 8.211964663609047
71000, 8.221921916437786
72000, 8.165336935652274
73000, 8.057746131969704
74000, 8.10947818072386
75000, 8.165336935652274
76000, 8.253924686309702
77000, 8.768746152723837
78000, 8.456304802281604
79000, 8.498128136135735
80000, 8.711538847465992
81000, 8.765635381212457
82000, 8.64239024176235
83000, 8.74174935686112
84000, 8.807021991776583
85000, 8.743828992755144
86000, 8.75006493482399
87000, 8.691688820100184
88000, 8.647648130088214
89000, 8.704230946133976
90000, 8.708407640686307
91000, 8.759410523960659
92000, 8.644493780856848
93000, 8.598097041047671
94000, 8.597039659620682
95000, 8.460603889901606
96000, 8.250619811427944
97000, 8.293480462496923
98000, 8.132985586207228
99000, 8.12963154705729
100000, 8.08252885718775
