1, 144.29966042926088
2, 144.05471182852713
3, 143.2375928309325
4, 142.46276706564421
5, 142.40067415570758
6, 141.7592889372686
7, 141.6280480695826
8, 141.378074679209
9, 140.70710003407788
10, 139.9175471483116
15, 138.03564756974916
20, 135.4235134679351
25, 134.03656217614656
30, 131.02775278543092
35, 129.52096355416757
40, 127.24615514820084
45, 125.54877936483493
50, 123.80455565123603
55, 123.00699167120541
60, 120.53311578151458
65, 119.12024177275666
70, 117.40231684255639
75, 117.07214869472585
80, 115.4887353814215
85, 113.75274941732178
90, 112.34069609896495
95, 110.40257243379793
100, 109.96177517664945
150, 101.23758195452912
200, 94.11507849436242
250, 92.49077791866603
300, 86.14819789177253
350, 82.79888888143367
400, 79.56290592983643
450, 77.46142265670053
500, 73.78964697028981
550, 69.89042852923424
600, 66.8937665257384
650, 64.83276949197835
700, 62.59060632395248
750, 60.78045738557748
800, 60.70881319874405
850, 58.64885335622513
900, 57.805674461941884
950, 56.76851239904037
1000, 54.258787306757974
1250, 49.86742423666978
1500, 46.41999569151208
1750, 40.976676292739995
2000, 39.94826654562122
2250, 37.75436398616721
2500, 36.91189510171484
2750, 34.1134577549682
3000, 32.40987503832744
3250, 30.913815681665696
3500, 29.31648000698583
3750, 28.970605792768644
4000, 27.888348821685373
4250, 26.49241400854214
4500, 25.97645087382031
4750, 25.009278278271047
5000, 25.021750538281687
5250, 24.140422531513405
5500, 24.034142381204287
5750, 23.450202557760562
6000, 22.91881323280069
6250, 21.679298881652056
6500, 21.394578752571878
6750, 21.676715618377244
7000, 21.602036940992395
7250, 21.930800258996477
7500, 21.30239423163509
7750, 21.0826943249671
8000, 21.0005714207971
8250, 20.952517748471184
8500, 20.522378029848294
8750, 20.186926462440983
9000, 19.977186989163414
9250, 19.74679720866146
9500, 19.2166594391429
9750, 18.76187623879872
10000, 18.74459922217597
11000, 18.844840142596063
12000, 17.962627870108538
13000, 17.141761869772896
14000, 17.23948955160796
15000, 17.13359273474189
16000, 16.849451029632984
17000, 15.8348981682864
18000, 15.437616396322328
19000, 14.905301070424576
20000, 14.711628054025836
21000, 14.603561209513247
22000, 14.892414176351663
23000, 14.749372868023915
24000, 14.89993288575489
25000, 15.042606157179014
26000, 14.36913358557154
27000, 14.019415109055014
28000, 13.885820105416892
29000, 13.34526133127411
30000, 12.976902558006667
31000, 12.803124618623377
32000, 12.709051892253804
33000, 12.393223955048985
34000, 11.898571342812547
35000, 11.63958762156117
36000, 11.245977058486291
37000, 11.197499720919845
38000, 11.327841806805036
39000, 11.150246634043572
40000, 10.947876506428084
41000, 11.024336714741617
42000, 10.492664104030016
43000, 10.247341118553631
44000, 10.136271503861762
