1, 45.364358256234596
2, 44.75405009605276
3, 44.19219388082018
4, 44.19134530651901
5, 43.29722854871891
6, 43.29203159936018
7, 42.57375952391332
8, 42.579337712087536
9, 41.86973847541921
10, 41.042356170181066
15, 38.541211709026484
20, 37.94996706190929
25, 35.86397914342467
30, 34.69798265029251
35, 33.53244697304388
40, 32.1947200640105
45, 32.21878334139885
50, 32.31833844738927
55, 32.22033519378717
60, 31.730111881302907
65, 29.852135601996718
70, 29.32362528747085
75, 28.42534080710379
80, 28.214801080284087
85, 26.569249142570815
90, 25.946579736065406
95, 25.88435821108957
100, 26.05187133393684
150, 22.634597411926727
200, 18.70561413052242
250, 15.73928206748961
300, 15.432109382712397
350, 14.953260514014994
400, 15.263518598278708
450, 13.896942109687297
500, 13.072872675888801
550, 12.270900537450379
600, 11.629703349613008
650, 11.570436465406134
700, 10.838588468984327
750, 10.825894882179487
800, 10.685270235235045
850, 10.796990321381232
900, 10.809717850156867
950, 10.0024996875781
1000, 9.783915371669973
1250, 9.372833082905082
1500, 8.533756499924285
1750, 8.094751385929033
2000, 6.822756041366275
2250, 6.578373659195713
2500, 6.6011362658257555
2750, 6.652067347825035
3000, 6.082762530298219
3250, 5.822370651203855
3500, 5.709640969448079
3750, 5.7857583772570385
4000, 5.73149195236284
4250, 5.824517147369385
4500, 5.594640292279746
4750, 5.203364296299078
5000, 5.1599418601375735
5250, 5.004997502496879
5500, 4.954795656734998
5750, 5.029910535983717
6000, 5.054700782440045
6250, 5.1161508969145935
6500, 4.782781617427248
6750, 4.5083256315399405
7000, 4.620606020859169
7250, 4.55521678957215
7500, 4.687749993333689
7750, 4.76182738032365
8000, 4.967393682807917
8250, 4.8554093545240855
8500, 4.387482193696061
8750, 4.080441152620633
9000, 4.177319714841085
9250, 4.341658669218482
9500, 4.068169121361598
9750, 4.135214625627067
10000, 4.2485291572496005
11000, 4.132190702278877
12000, 3.5812009158939966
13000, 3.5742132001323035
14000, 3.5742132001323035
15000, 3.274904578762563
16000, 3.4713109915419564
17000, 3.40587727318528
18000, 3.3689761055846033
19000, 3.615936946352909
20000, 3.7616485747608057
21000, 3.6503424496887957
22000, 3.3090784215548594
23000, 3.2596012026013246
24000, 2.962262648719725
25000, 2.9748949561287032
26000, 3.181980515339464
27000, 3.09434968935316
28000, 3.29772648956823
29000, 3.181980515339464
30000, 3.1543620591175006
31000, 3.0041637771599605
32000, 2.962262648719725
33000, 2.9068883707497264
34000, 2.7064737205448717
35000, 2.797320146139873
36000, 2.7294688127912363
37000, 2.958039891549808
38000, 2.9368350311176825
39000, 2.7748873851023217
40000, 2.9706901555025893
41000, 2.8591956910991594
42000, 2.7883686987197374
43000, 2.8284271247461903
44000, 2.8939592256975564
45000, 3.0454884665682123
46000, 3.122498999199199
47000, 3.078148794324277
48000, 3.078148794324277
49000, 2.8591956910991594
50000, 2.806243040080456
51000, 2.8939592256975564
52000, 2.701851217221259
53000, 2.7202941017470885
54000, 2.797320146139873
55000, 2.7202941017470885
56000, 2.6362852652928135
57000, 2.692582403567252
58000, 2.711088342345192
59000, 2.7883686987197374
60000, 2.711088342345192
61000, 2.6172504656604803
62000, 2.7431733448690405
63000, 2.6362852652928135
64000, 2.7748873851023217
65000, 2.434132288927617
66000, 2.5787593916455256
67000, 2.6172504656604803
68000, 2.5495097567963922
69000, 2.715695122800054
70000, 2.5049950099750697
71000, 2.4949949899749297
72000, 2.355843797877949
73000, 2.32379000772445
74000, 2.39269722280108
75000, 2.3664319132398464
76000, 2.4135036772294343
77000, 2.307596151842865
78000, 2.2693611435820435
79000, 2.258317958127243
80000, 2.274862633215465
81000, 2.29128784747792
82000, 2.3769728648009427
83000, 2.4545875417267156
84000, 2.3664319132398464
85000, 2.355843797877949
86000, 2.2304708023195463
87000, 2.202271554554524
88000, 2.179449471770337
89000, 2.224859546128699
90000, 2.19658826364888
91000, 2.1447610589527217
92000, 2.1095023109728985
93000, 2.179449471770337
94000, 2.091650066335189
95000, 2.115419580130618
96000, 2.185177338341216
97000, 2.224859546128699
98000, 2.207940216581962
99000, 2.138924963620744
100000, 2.138924963620744
