1, 63.06331594660892
2, 62.29008384530033
3, 61.624670384514026
4, 61.47800789343661
5, 60.64876525761038
6, 60.248425102011815
7, 60.31372525839748
8, 59.44195029224272
9, 59.406458173562854
10, 59.406458173562854
15, 57.09274750948511
20, 54.938974408801165
25, 53.201332860952064
30, 51.09242961179634
35, 49.20014781943795
40, 48.228810702920946
45, 47.52205229728042
50, 46.68014956741638
55, 46.50943208347391
60, 45.6842921084977
65, 44.7993506446446
70, 44.38918787272414
75, 42.96531370557164
80, 42.53875238585935
85, 42.17991766878469
90, 41.59217583763912
95, 41.4064114490849
100, 40.69822421857561
150, 31.286941801216802
200, 27.329304950746717
250, 25.36640584423709
300, 24.033310217279684
350, 21.988840144698194
400, 21.2957528842981
450, 20.20800921327077
500, 19.835688681125884
550, 17.61043079334724
600, 16.4786363072147
650, 15.426659333174443
700, 14.828719064400307
750, 14.668457190980801
800, 14.04343910223496
850, 13.85771855813083
900, 13.713298124614132
950, 13.289777342686438
1000, 12.353873150481261
1250, 11.399362023615819
1500, 9.935244884203454
1750, 9.213626272587199
2000, 8.697962143775142
2250, 8.229658117277578
2500, 8.01702733391419
2750, 7.10825384516287
3000, 6.470913944160228
3250, 6.262442160865186
3500, 6.357529537342459
3750, 6.4031242374328485
4000, 6.265344799334308
4250, 6.099180272790763
4500, 6.2216630340360695
4750, 6.180614856144977
5000, 6.0241936465313835
5250, 5.674504383644443
5500, 5.5169161346139415
5750, 5.46060269733862
6000, 5.587323314269707
6250, 5.556323179291074
6500, 5.378408010487186
6750, 4.891551157585161
7000, 4.9211971935883465
7250, 4.915652180905028
7500, 4.915652180905028
7750, 4.900834808293564
8000, 4.795831523312719
8250, 4.863593882567238
8500, 4.725174359457302
8750, 4.753945729601885
9000, 4.707827138249276
9250, 4.773030293410904
9500, 4.750119615718783
9750, 4.69622672520668
10000, 4.383854675759887
11000, 4.1429019254185055
12000, 4.038451548439192
13000, 3.8281255797773217
14000, 3.4876405152533088
15000, 3.5470858717852014
16000, 3.147870853305597
17000, 2.926369143432927
18000, 2.8155412849526336
19000, 2.987854201140465
20000, 3.006054496572482
21000, 3.0659419433511785
22000, 2.76339711883103
23000, 2.6628760937957834
24000, 2.5584085962673253
25000, 2.565505443731933
26000, 2.590191288127367
27000, 2.5298221281347035
28000, 2.3741027013091993
29000, 2.362587179728651
30000, 2.2197460952263723
31000, 2.1991733984303368
32000, 2.2441844033776808
33000, 2.3393860888547815
34000, 2.1277388766652563
35000, 2.0932792890147702
36000, 2.013590190318143
37000, 1.9259000257258705
38000, 1.9679246105293955
39000, 1.7989896154129508
40000, 1.9069251784911847
41000, 1.8925692013287605
42000, 1.8190906819317472
43000, 1.9021518914592015
44000, 1.9306145983268455
45000, 1.7056057308448835
46000, 1.694912172570388
47000, 1.7267941920849115
48000, 1.618079669911781
49000, 1.689540012709215
50000, 1.6011359603844901
51000, 1.6569413222726221
52000, 1.589739830057965
53000, 1.651445647689541
54000, 1.6236882817719773
55000, 1.618079669911781
56000, 1.689540012709215
57000, 1.747725795010606
58000, 1.7425164665975574
59000, 1.7529196424044293
60000, 1.651445647689541
61000, 1.5075567228888183
62000, 1.5491933384829668
63000, 1.6292775867068985
64000, 1.662418829187267
65000, 1.694912172570388
66000, 1.6733200530681511
67000, 1.6733200530681511
68000, 1.6403990645294488
69000, 1.6403990645294488
70000, 1.6011359603844901
71000, 1.6011359603844901
72000, 1.6403990645294488
73000, 1.651445647689541
74000, 1.5840110192454184
75000, 1.5954480704349312
76000, 1.5840110192454184
77000, 1.5255401427929476
78000, 1.4893561757289013
79000, 1.4832396974191326
80000, 1.5075567228888183
81000, 1.513574937328539
82000, 1.5075567228888183
83000, 1.4832396974191326
84000, 1.4206272622267313
85000, 1.4396969378057567
86000, 1.4206272622267313
87000, 1.4077706424763168
88000, 1.464737022627115
89000, 1.5015143870590966
90000, 1.464737022627115
91000, 1.4709304414677002
92000, 1.4832396974191326
93000, 1.4396969378057567
94000, 1.4585173044131932
95000, 1.4206272622267313
96000, 1.433368568981982
97000, 1.4770978917519928
98000, 1.4142135623730951
99000, 1.3947955210189578
100000, 1.3751033019046572
