1, 68.68163267327493
2, 68.14995720223651
3, 67.44244459784457
4, 66.6189412504682
5, 66.01338248163525
6, 65.27148433019327
7, 65.32648773659885
8, 65.30467058335108
9, 64.80894999920922
10, 63.91413510849276
15, 62.237180741632784
20, 60.15673971662139
25, 58.08384743914037
30, 56.50206485902381
35, 53.10932121577153
40, 51.978521205077264
45, 49.75104689015766
50, 48.63297920821494
55, 48.290958435991584
60, 48.158073051151035
65, 47.21546356862336
70, 46.75557007815575
75, 45.195501251046366
80, 44.832465914781
85, 45.050712166032035
90, 44.9531237327656
95, 44.260968508758744
100, 43.9370762189141
150, 35.90403877003254
200, 31.480152477394387
250, 28.40979877905978
300, 26.415273359680885
350, 25.25173261382276
400, 23.96838195067271
450, 23.958297101421877
500, 23.850576512948276
550, 23.891072251645245
600, 24.007290559328016
650, 23.104112188093268
700, 22.618944861921978
750, 21.227340860315028
800, 20.525187778272173
850, 19.32959734017585
900, 19.116310662189328
950, 19.665112932975152
1000, 19.121976885249076
1250, 16.91843176341511
1500, 15.46770829825802
1750, 13.836545811726277
2000, 14.017251275957541
2250, 13.079882772155619
2500, 12.12435565298214
2750, 11.307814407155197
3000, 10.928555866780082
3250, 11.078507721409654
3500, 10.961295543867067
3750, 10.678639114294167
4000, 10.352133435513023
4250, 10.224969437607136
4500, 10.341663309158735
4750, 10.409931155712158
5000, 9.884331034521255
5250, 10.162840810193444
5500, 9.788598810180478
5750, 9.616825533060966
6000, 9.738240771994361
6250, 9.396807968666806
6500, 9.059985283284588
6750, 8.854377448471462
7000, 8.824209124146291
7250, 8.618777948951541
7500, 8.272444217601793
7750, 7.591662092936786
8000, 7.368853370776216
8250, 7.371114795831994
8500, 6.893233397083452
8750, 7.180993431738165
9000, 7.142595233293474
9250, 6.931810730249348
9500, 7.060453243241541
9750, 6.922186552431729
10000, 7.003570517957251
11000, 6.669582695591481
12000, 6.173869667126661
13000, 6.294177203309951
14000, 6.41482657598785
15000, 6.262321188398649
16000, 5.8395205282625735
17000, 6.030478145774733
18000, 5.759050847723665
19000, 5.6139706684900545
20000, 5.23131595936115
21000, 5.509083408335728
22000, 5.478746815346249
23000, 5.259911279353167
24000, 5.26149535145032
25000, 5.1478150704935
26000, 5.167204273105526
27000, 5.207366576943347
28000, 5.1478150704935
29000, 4.946379147079878
30000, 4.667261866805133
31000, 4.54972526643093
32000, 4.351245032554859
33000, 4.473998956936251
34000, 4.442221666388715
35000, 4.279797502997854
36000, 4.127145906474999
37000, 4.045573712919673
38000, 3.888015775002291
39000, 3.7859388972001824
40000, 4.090639721771319
41000, 4.228869037146142
42000, 4.151305015694864
43000, 4.0579140782755205
44000, 3.8643671323171835
45000, 3.8751344062711772
46000, 4.173328008516305
47000, 4.139243087006769
48000, 3.987480407475377
49000, 4.016632088371218
50000, 3.8858718455450894
51000, 3.7549966711037173
52000, 3.836230789025429
53000, 3.7125911885546103
54000, 3.7549966711037173
55000, 3.6606010435446255
56000, 3.591656999213594
57000, 3.490463197533149
58000, 3.4856850115866753
59000, 3.5800372437541297
60000, 3.6170890690351176
61000, 3.605551275463989
62000, 3.52845575287547
63000, 3.468909530866052
64000, 3.63318042491699
65000, 3.3960761671866746
66000, 3.3565855667130946
67000, 3.415650255319866
68000, 3.4737107920301407
69000, 3.364025366531392
70000, 3.3541019662496847
71000, 3.3291640592396967
72000, 3.3065591380365986
73000, 3.3689761055846033
74000, 3.5846896657869842
75000, 3.559026084010437
76000, 3.478505426185217
77000, 3.398529093593286
78000, 3.3491292400662394
79000, 3.478505426185217
80000, 3.4253953543107007
81000, 3.388706734630976
82000, 3.40587727318528
83000, 3.1963520874063085
84000, 3.3015148038438356
85000, 3.2685368796042877
86000, 3.273632029820497
87000, 3.2223180062391936
88000, 3.286335345030997
89000, 3.286335345030997
90000, 3.25832267687942
91000, 3.101075082397501
92000, 3.1754264805429417
93000, 3.2761766334148303
94000, 3.0983866769659336
95000, 3.0903074280724887
96000, 2.9944392908634274
97000, 2.988868236194653
98000, 3.022140521771503
99000, 3.046856303361439
100000, 3.063222703842039
