1, 86.38093925552481
2, 85.8853499342777
3, 85.3693153305097
4, 85.37001815625905
5, 84.75706460230911
6, 84.0905067967445
7, 83.93124170017582
8, 83.89835119555886
9, 83.07980099478654
10, 82.3086062733823
15, 80.76236747396649
20, 79.9345565655639
25, 78.9041612759851
30, 77.27940648495345
35, 75.58042074505803
40, 73.90263865383969
45, 72.79111667412904
50, 70.65238849465742
55, 70.59187866414474
60, 69.78662718123962
65, 69.31849200129308
70, 67.691850814309
75, 67.0053729188936
80, 65.03670758374331
85, 64.53898046917072
90, 63.54316118461005
95, 61.89647270510116
100, 60.159676417569486
150, 53.04639478795897
200, 51.038547523742615
250, 48.6946951251708
300, 46.183113797144514
350, 44.13056386073791
400, 41.689327171351664
450, 39.586698102603435
500, 38.17189192761256
550, 37.17167380322459
600, 36.84526202014763
650, 36.26200950489828
700, 35.4071555856534
750, 34.139322391244576
800, 34.31986790961371
850, 33.07889558817424
900, 31.315172041679734
950, 30.429152688389685
1000, 30.1115703122017
1250, 26.900309787559447
1500, 24.03497451631684
1750, 22.77044868537582
2000, 21.489222104735823
2250, 20.473071744774078
2500, 20.614557962760202
2750, 19.881314510531407
3000, 19.624134800461057
3250, 19.083326055311566
3500, 18.50045044496665
3750, 18.62865176728221
4000, 18.122177941222557
4250, 17.64388468185696
4500, 16.48110028689428
4750, 15.608971779076288
5000, 14.974645237867907
5250, 14.71189994528239
5500, 14.11996222846695
5750, 14.023313921228938
6000, 13.750636348911275
6250, 13.624977064200879
6500, 13.233291351738615
6750, 12.829133511919917
7000, 13.279056191361393
7250, 12.715345060201866
7500, 12.745718235287226
7750, 12.555476892575605
8000, 12.394084610544393
8250, 11.967177333579265
8500, 12.079735096433199
8750, 11.880516262632137
9000, 11.218437205481578
9250, 10.926420578884317
9500, 10.950799057603056
9750, 10.536286505848887
10000, 10.494442973942606
11000, 10.849270328767123
12000, 9.927738916792686
13000, 9.519803919549323
14000, 9.782296935450963
15000, 9.71253485622231
16000, 9.23832596668177
17000, 9.16951470907812
18000, 8.5463442476886
19000, 8.133879763065101
20000, 8.107609594284455
21000, 8.014154145427119
22000, 8.089499366462674
23000, 7.560423268574319
24000, 7.463689882803724
25000, 6.982836100038436
26000, 7.0266160655989545
27000, 7.2571803523590805
28000, 7.239705334703432
29000, 7.211102550927978
30000, 7.010468362860406
31000, 6.885734044626857
32000, 6.765599258996452
33000, 6.360293494276292
34000, 6.453939365483173
35000, 6.531972647421808
36000, 6.74882705858334
37000, 6.427026269330682
38000, 6.610093292332063
39000, 6.368673331236264
40000, 6.2311047709588925
41000, 6.1924685438576645
42000, 6.105735008989499
43000, 6.1946213228359115
44000, 6.191391873668904
45000, 5.862877564245507
46000, 6.215035532212721
47000, 6.135144660071187
48000, 6.150338744058466
49000, 6.019966777316965
50000, 6.057502235520292
51000, 6.237520875048569
52000, 6.136231199468721
53000, 5.813776741499453
54000, 5.782732917920384
55000, 5.868560300448483
56000, 5.909314681077663
57000, 5.573747990954262
58000, 5.305343218554919
59000, 5.605949220842682
60000, 5.507570547286102
61000, 5.412331598611945
62000, 5.607138307550475
63000, 5.454050482592425
64000, 5.278888771954441
65000, 5.290242590530861
66000, 5.409867527644892
67000, 5.217917847826532
68000, 5.143280405862909
69000, 5.135497379352202
70000, 5.231953108862247
71000, 5.402468571557512
72000, 5.224302186257351
73000, 4.9866488413228645
74000, 5.022615520489963
75000, 5.064911976859355
76000, 5.0424861592935155
77000, 5.106858133921482
78000, 5.253570214625479
79000, 5.087238936790762
80000, 5.081994359173047
81000, 4.977281721314691
82000, 4.951767361255979
83000, 5.019960159204453
84000, 5.129002502111563
85000, 5.280151512977634
86000, 5.317894320123332
87000, 5.035871324805669
88000, 4.932882862316247
89000, 5.130302135352264
90000, 4.994663819184097
91000, 4.961182654703748
92000, 4.753945729601885
93000, 4.714516588863239
94000, 4.73849483837783
95000, 4.57675285182264
96000, 4.638965401897281
97000, 4.607240678178933
98000, 4.853864439804639
99000, 4.841487374764082
100000, 4.72299340108227
