12.706578723525183
12.678440643188623
11.031124796942255
9.968521884985185
8.419365432484463
8.07995756707387
7.598872096756014
7.143428548573257
6.572670690061994
6.570496828355415
6.561794179730332
6.25642526870234
5.94498588247753
5.505841054215579
5.408987230262506
4.872664275615255
4.484895284651104
4.665986344968079
4.427188724235731
4.312771730569565
4.063777271736939
4.133486940310116
3.884033249820898
3.63318042491699
3.4475664294853385
3.281985461794213
3.3166247903554
3.198213787189879
3.268901082277389
3.089151524748688
3.116774889895918
3.238165265349236
3.4226138716316967
3.4517076519145875
3.589667712437223
3.1213550171131033
3.1213550171131033
3.1622776601683795
2.9856801091687157
2.8585710716070314
2.7877282097486784
2.7307769694983985
2.7464262493023806
2.767154288640743
2.7464262493023806
2.7877282097486784
2.6886002731107927
2.8635642126552705
2.501428163498376
2.3482516292522218
2.29906813420444
2.0213149892370277
2.083952289006911
2.0976176963403033
2.1514114968019085
1.9712215212183246
2.056349053193895
1.9346465162548798
1.8126539343499315
1.8973665961010275
1.889822365046136
1.889822365046136
1.9123657749350298
1.927248223318863
1.8973665961010275
1.8126539343499315
1.8593393604027366
2.1111946516469904
1.9639610121239315
1.9346465162548798
1.8516401995451028
1.7320508075688772
1.7154757774032086
1.8973665961010275
1.8593393604027366
1.8822478962286404
1.8973665961010275
2.056349053193895
2.117950491799628
1.9639610121239315
1.9198214202665531
2.0354009783964297
2.083952289006911
2.1447610589527217
2.2232537288526344
2.1712405933672376
2.1447610589527217
2.138089935299395
2.104417123236605
2.117950491799628
2.0701966780270626
2.1313979316066587
2.0701966780270626
2.02837021134844
2.2168188275738085
2.197401062294143
2.274077520980446
2.274077520980446
2.3724610489050035
2.2551528297909846
2.2866069685390684
2.242447642325552
2.242447642325552
2.3724610489050035
2.3724610489050035
2.2928460168844436
2.1908902300206643
2.2296700588716196
2.248809208701987
2.1908902300206643
2.2232537288526344
2.2866069685390684
2.2677868380553634
2.2168188275738085
2.1580414400893364
2.164651077128664
2.1111946516469904
2.1246848505803664
2.1111946516469904
2.0632844828435215
1.9493588689617927
1.8822478962286404
1.8516401995451028
1.8126539343499315
1.8593393604027366
1.9712215212183246
1.9566735620873066
2.1447610589527217
2.1313979316066587
2.138089935299395
2.1908902300206643
2.1111946516469904
2.0213149892370277
2.0
1.9566735620873066
1.8973665961010275
1.9566735620873066
1.9123657749350298
1.8593393604027366
1.8973665961010275
1.9123657749350298
2.007130147392398
1.992844341996778
1.9048809486609468
1.9198214202665531
1.8973665961010275
1.9784553859730358
1.985662897587892
2.042407542932745
2.02837021134844
2.1313979316066587
2.0770858707058104
2.0213149892370277
2.056349053193895
2.0632844828435215
2.1580414400893364
2.1712405933672376
2.0701966780270626
2.1111946516469904
2.1580414400893364
2.02837021134844
2.014235055087379
1.8973665961010275
1.7968225924034427
1.7968225924034427
1.8822478962286404
1.8516401995451028
1.8126539343499315
1.889822365046136
1.8516401995451028
2.0
1.9639610121239315
1.9198214202665531
1.9123657749350298
1.942016624910449
1.9639610121239315
1.9493588689617927
2.02837021134844
2.02837021134844
2.02837021134844
2.02837021134844
1.9048809486609468
1.8593393604027366
1.9123657749350298
1.942016624910449
1.8973665961010275
1.9123657749350298
1.867006771737662
1.9712215212183246
1.9712215212183246
1.7647338933351153
1.867006771737662
1.8746428231227714
1.7320508075688772
1.8361450300639575
1.7968225924034427
1.7566201313073597
1.740279123753264
1.6733200530681511
1.65615734242165
1.5856499343441837
1.7071279138616748
1.5856499343441837
1.6818357317441643
1.6733200530681511
1.6212869667555552
1.6987390281365427
1.647508942095828
1.61245154965971
1.6733200530681511
1.7484687178050562
1.740279123753264
1.6987390281365427
1.7320508075688772
1.6818357317441643
1.7728105208558367
1.8283482006601322
1.8361450300639575
1.804755622554715
1.867006771737662
1.7154757774032086
1.6903085094570331
1.61245154965971
1.647508942095828
1.6388149028228556
1.61245154965971
1.7071279138616748
1.804755622554715
1.804755622554715
1.7728105208558367
1.8516401995451028
1.780850519113991
1.7728105208558367
1.6300744943538186
1.6300744943538186
1.6300744943538186
1.647508942095828
1.647508942095828
1.7237832147426693
1.6647608150808246
1.6818357317441643
1.6903085094570331
1.7071279138616748
1.6987390281365427
1.7154757774032086
1.5675276256394517
1.5675276256394517
1.6388149028228556
1.6212869667555552
1.5766148184367308
1.61245154965971
1.4832396974191326
1.558387444947959
1.4040757000349275
1.4142135623730951
1.424279266355945
1.3835771443203715
1.4040757000349275
1.4832396974191326
1.4040757000349275
1.5023790657297036
1.3835771443203715
1.4342743312012722
1.4735767952260144
1.5023790657297036
1.4832396974191326
1.4832396974191326
1.4638501094227998
1.4638501094227998
1.3522468075656264
1.3732131246511903
1.4928400545843579
1.3835771443203715
1.4928400545843579
1.4928400545843579
1.6035674514745464
1.5491933384829668
1.5675276256394517
1.5306394555404428
1.4540583599999397
1.4540583599999397
1.4540583599999397
1.4540583599999397
1.4342743312012722
1.3522468075656264
1.3093073414159542
1.230563169563316
1.2071217242444348
1.218898800440088
1.1710800875382399
1.2421180068162376
1.230563169563316
1.3835771443203715
1.4142135623730951
1.4040757000349275
1.4540583599999397
1.5023790657297036
1.3938641048743392
1.4928400545843579
1.4735767952260144
1.4638501094227998
1.52127765851133
1.5399443403670703
1.4928400545843579
1.5118578920369088
1.4442002235542986
1.4142135623730951
1.3416407864998738
1.2983506020002016
1.3938641048743392
1.4142135623730951
1.4040757000349275
1.3835771443203715
1.4142135623730951
1.3522468075656264
1.424279266355945
1.4442002235542986
1.3627702877384937
1.3201731488169053
1.4142135623730951
1.4040757000349275
1.4442002235542986
1.424279266355945
1.3093073414159542
1.3732131246511903
1.424279266355945
1.4540583599999397
1.4342743312012722
1.3835771443203715
1.4142135623730951
1.3938641048743392
1.3938641048743392
1.4142135623730951
1.4832396974191326
1.4735767952260144
1.4928400545843579
1.5491933384829668
1.5766148184367308
1.5766148184367308
1.6035674514745464
1.6212869667555552
1.6035674514745464
1.52127765851133
1.4342743312012722
1.52127765851133
1.4735767952260144
1.4540583599999397
1.4540583599999397
1.5023790657297036
1.5118578920369088
1.5118578920369088
1.4540583599999397
1.4342743312012722
1.4342743312012722
1.424279266355945
1.3309502512973848
1.3732131246511903
1.3835771443203715
1.3835771443203715
1.3627702877384937
1.3835771443203715
1.424279266355945
1.3627702877384937
1.3522468075656264
1.3309502512973848
1.3416407864998738
1.3201731488169053
1.2983506020002016
1.3093073414159542
1.3093073414159542
1.3093073414159542
1.3201731488169053
1.3201731488169053
1.3093073414159542
1.3093073414159542
1.3309502512973848
1.3938641048743392
1.4142135623730951
1.424279266355945
1.3627702877384937
1.3522468075656264
1.3522468075656264
1.3416407864998738
1.3416407864998738
1.3416407864998738
1.3309502512973848
1.2983506020002016
1.2873006086935783
1.1952286093343936
1.2071217242444348
1.1832159566199232
1.1464230084422218
1.1464230084422218
1.1588171308956141
1.1588171308956141
1.1832159566199232
1.1832159566199232
1.2071217242444348
1.2421180068162376
1.2535663410560174
