1, 28.6174771774173
2, 28.272247876672278
3, 27.832355272236665
4, 27.078404679744338
5, 27.01703166522925
6, 26.196946386936016
7, 25.90829982843336
8, 25.59218630754317
9, 25.730915257720625
10, 25.787593916455254
15, 24.003333101883996
20, 22.059918404200864
25, 21.12818023399081
30, 19.53458471531965
35, 19.077735714701575
40, 17.804493814764857
45, 17.61590190708384
50, 17.6136310850432
55, 16.964669168598604
60, 16.074825037928093
65, 15.459624833740307
70, 14.244999122499095
75, 13.209087780766694
80, 13.003076559030175
85, 12.666491226855209
90, 12.96148139681572
95, 11.949895397031725
100, 11.62067123706716
150, 11.58792474949678
200, 11.308403954581742
250, 10.927030703718188
300, 10.223502335305646
350, 10.309219175087899
400, 9.387225362161068
450, 9.130169768410662
500, 8.18535277187245
550, 8.192679659305616
600, 7.533923280734945
650, 7.402702209328699
700, 7.177743377970544
750, 7.252585745787498
800, 7.1693793315739685
850, 6.878953408767935
900, 6.684309986827361
950, 6.334035048845246
1000, 6.4621977685614045
1250, 5.892367945062494
1500, 5.455272678794342
1750, 5.242136968832463
2000, 4.591296113299598
2250, 4.427188724235731
2500, 4.132795663954365
2750, 4.123105625617661
3000, 4.317406628984581
3250, 3.4
3500, 3.1304951684997055
3750, 3.1368774282716245
4000, 3.026549190084311
4250, 2.9189039038652846
4500, 2.986636904613616
4750, 2.7712812921102037
5000, 2.749545416973504
5250, 3.059411708155671
5500, 3.2741411087489802
5750, 3.3466401061363023
6000, 3.6441734316577197
6250, 3.3823069050575527
6500, 3.249615361854384
6750, 3.3226495451672298
7000, 3.059411708155671
7250, 3.117691453623979
7500, 3.0919249667480613
7750, 2.986636904613616
8000, 3.1304951684997055
8250, 3.2186953878862163
8500, 2.835489375751565
8750, 3.0133038346638727
9000, 2.6683328128252666
9250, 2.6608269391300143
9500, 2.4166091947189146
9750, 2.4
10000, 2.545584412271571
11000, 2.2891046284519194
12000, 2.2891046284519194
13000, 2.449489742783178
14000, 2.4819347291981715
15000, 2.3323807579381204
16000, 2.3579652245103193
17000, 2.2891046284519194
18000, 1.9183326093250879
19000, 1.5620499351813308
20000, 1.7088007490635062
21000, 1.7320508075688772
22000, 1.9390719429665315
23000, 1.6733200530681511
24000, 1.624807680927192
25000, 1.7663521732655694
26000, 1.8439088914585775
27000, 1.7776388834631178
28000, 1.5748015748023623
29000, 1.7776388834631178
30000, 1.5620499351813308
31000, 1.6733200530681511
32000, 1.61245154965971
33000, 1.5620499351813308
34000, 1.3266499161421599
35000, 1.3711309200802089
36000, 1.4
37000, 1.3564659966250536
38000, 1.42828568570857
39000, 1.3856406460551018
40000, 1.624807680927192
41000, 1.6
42000, 1.6370705543744901
43000, 1.6613247725836149
44000, 1.5620499351813308
45000, 1.6733200530681511
46000, 1.5748015748023623
47000, 1.469693845669907
48000, 1.3266499161421599
49000, 1.61245154965971
50000, 1.4966629547095767
51000, 1.42828568570857
52000, 1.4
53000, 1.4
54000, 1.42828568570857
55000, 1.4
56000, 1.3114877048604001
57000, 1.2649110640673518
58000, 1.2489995996796797
59000, 1.296148139681572
60000, 1.2165525060596438
61000, 1.2165525060596438
62000, 1.1832159566199232
63000, 1.0770329614269007
64000, 1.2
65000, 1.2649110640673518
66000, 1.2649110640673518
67000, 1.0583005244258363
68000, 1.1489125293076057
69000, 1.0770329614269007
70000, 1.1135528725660044
71000, 1.2
72000, 1.2649110640673518
73000, 1.2328828005937953
74000, 1.019803902718557
75000, 0.9797958971132712
76000, 1.0770329614269007
77000, 1.0
78000, 1.0392304845413265
79000, 1.0770329614269007
80000, 1.1135528725660044
81000, 1.1661903789690602
82000, 1.2165525060596438
83000, 1.1489125293076057
84000, 1.1661903789690602
85000, 1.2328828005937953
86000, 1.2489995996796797
87000, 1.2
88000, 1.0770329614269007
89000, 1.0954451150103321
90000, 1.1489125293076057
91000, 1.2165525060596438
92000, 1.2649110640673518
93000, 1.2
94000, 1.1661903789690602
95000, 1.131370849898476
96000, 1.1832159566199232
97000, 1.1135528725660044
98000, 1.2
99000, 1.1489125293076057
100000, 1.1489125293076057
