1, 28.0349781523011
2, 27.35543821619387
3, 26.591728037117107
4, 25.946097972527586
5, 25.944556269090437
6, 24.99759988478894
7, 24.090662091358137
8, 24.077375272234306
9, 23.173260452512935
10, 23.17067111673721
15, 22.44192505111805
20, 22.375879870968202
25, 22.34099371111321
30, 22.341888908505478
35, 22.297085011274458
40, 22.293496809607955
45, 22.29887889558576
50, 21.50348808914498
55, 21.46625258399798
60, 20.99619013059274
65, 20.993332274796206
70, 20.960916010518243
75, 20.960916010518243
80, 20.959961832026316
85, 20.957099035887577
90, 20.170275159253528
95, 20.16730026552885
100, 20.166308536764976
150, 20.170275159253528
200, 19.463812576162976
250, 18.16259893297212
300, 18.16259893297212
350, 17.44820907715173
400, 15.57562197795003
450, 14.804053498957641
500, 14.771594362153328
550, 14.799999999999999
600, 14.755338017138069
650, 14.756693396557374
700, 14.779715829473853
750, 14.718695594379279
800, 14.74584687293341
850, 14.702380759591284
900, 14.22251735804882
950, 14.219704638282751
1000, 14.221111067704943
1250, 13.8
1500, 13.802898246382895
1750, 13.72443077143821
2000, 13.499629624548964
2250, 13.498148021117563
2500, 13.061393493804557
2750, 13.02459212413195
3000, 12.691729590564085
3250, 12.727922061357855
3500, 11.781341180018513
3750, 11.667047612828192
4000, 11.8490505948789
4250, 11.149887891813083
4500, 11.137324633860683
4750, 11.124747188138704
5000, 11.121151019566275
5250, 11.187493016757596
5500, 11.113955191559844
5750, 10.941663493271944
6000, 10.954451150103322
6250, 10.573551910309043
6500, 10.9288608738514
6750, 10.811105401391663
7000, 10.860939185908371
7250, 10.783320453366857
7500, 10.537551897855593
7750, 10.613199329137279
8000, 10.613199329137279
8250, 10.605658866850282
8500, 10.637668917577761
8750, 10.69579356569675
9000, 10.69392350823588
9250, 10.386529738079028
9500, 10.49571341072154
9750, 10.89219904335208
10000, 11.074294559925702
11000, 10.650821564555478
12000, 10.662082348209472
13000, 11.160645142642965
14000, 10.969047360641671
15000, 10.579224924350555
16000, 10.190191362285598
17000, 10.361467077590895
18000, 10.041912168506554
19000, 9.787747442593725
20000, 10.08959860450355
21000, 9.804080783020915
22000, 9.34237657130133
23000, 8.811356308764276
24000, 8.414273587185052
25000, 8.153526844255804
26000, 8.46640419540669
27000, 8.226785520481254
28000, 8.221921916437786
29000, 8.229216244576394
30000, 7.879086241436884
31000, 7.733045971672482
32000, 7.879086241436884
33000, 7.8204859184068605
34000, 7.853661566428745
35000, 7.258098924649622
36000, 7.149825172687791
37000, 7.343023900274328
38000, 7.288346863315439
39000, 7.383765976789893
40000, 7.2083285163760396
41000, 7.397296803562772
42000, 7.4806416837060175
43000, 7.096477999684069
44000, 6.919537556802478
45000, 6.832276341015489
46000, 7.05691150575094
47000, 7.445804187594514
48000, 7.517978451685001
49000, 7.461903242471052
50000, 7.66550715869472
51000, 7.77946013551069
52000, 7.774316690230724
53000, 7.541883053985921
54000, 7.397296803562772
55000, 7.405403432629448
56000, 7.174956445860839
57000, 7.586830695356263
58000, 7.4565407529228995
59000, 7.405403432629448
60000, 7.626270385975047
61000, 7.730459236035075
62000, 7.636753236814713
63000, 7.525955088890711
64000, 7.418894796396563
65000, 7.488658090739622
66000, 7.657675887630659
67000, 7.652450587883597
68000, 7.696752561957543
69000, 7.64198926981712
70000, 7.678541528180987
71000, 7.807688518377254
72000, 8.361817984146748
73000, 8.207313811473277
74000, 7.997499609252882
75000, 7.751128950030441
76000, 7.725283166331186
77000, 7.863841300535
78000, 7.675936424958196
79000, 7.6131465242697125
80000, 7.504665215717488
81000, 7.4806416837060175
82000, 7.533923280734945
83000, 7.50199973340442
84000, 7.408103670980854
85000, 7.334848328356899
86000, 7.241546796092669
87000, 7.293833011524188
88000, 7.367496182557545
89000, 7.437741592714821
90000, 7.581556568409946
91000, 7.628892449104261
92000, 7.491328320131217
93000, 8.158431221748456
94000, 7.904429138147801
95000, 7.979974937304001
96000, 8.224354077980836
97000, 8.224354077980836
98000, 7.994998436522674
99000, 7.929691040639604
100000, 7.563068160475615
