10.251829105091442
8.67179335547152
7.351870510285121
7.605918747922567
6.00416522091123
6.180614856144977
6.523036102920173
6.453681120105021
6.148170459575759
6.511528238439882
7.021395872616783
6.800735254367722
6.4265076052238514
6.534523701081817
6.332456079595025
6.336402764976355
6.371812928829597
6.078651166171653
6.371812928829597
6.296824596572466
6.434283176858165
6.461423991660043
6.41482657598785
6.434283176858165
6.367888189973187
6.360031446463139
6.391400472509918
6.29285308902091
6.320601237224193
6.387487769068525
6.2809234989768825
6.34428877022476
6.621933252457322
6.774953874381729
6.892024376045111
6.844705983459042
6.496152707564686
6.629479617586889
6.682065548915245
6.418722614352485
6.232976816898969
6.082762530298219
6.6670833203133135
6.375735251718032
6.422616289332565
6.793379129711516
6.96419413859206
6.9390201037322266
7.078135347674555
7.280109889280518
7.214568594171102
7.155417527999327
7.078135347674555
7.010706098532443
7.172865536171719
6.960603422117942
7.00713921654194
7.158910531638177
7.280109889280518
7.26636084983398
7.280109889280518
7.095773389842717
7.19027120489902
7.053367989832942
7.003570517957251
6.9390201037322266
6.7712628068920795
6.745368781616021
6.756478372643548
6.726812023536855
6.689544080129826
6.565059024867941
6.730527468185536
6.719374970932936
6.734240862933253
6.826419266350405
6.88113362753551
6.85200700525036
6.819090848492928
6.895650803223725
6.719374970932936
6.819090848492928
6.7379522111692065
6.782329983125268
6.906518659932803
6.98212002188447
6.935416353759881
7.053367989832942
7.0992957397195395
6.957010852370434
6.726812023536855
6.830080526611674
6.877499545619759
6.767569726275452
6.603029607687671
6.6332495807108
6.793379129711516
6.844705983459042
6.726812023536855
6.844705983459042
6.895650803223725
6.756478372643548
6.848357467305573
6.884765791223402
6.786015030929419
6.866585760041158
6.80808343074613
6.648308055437865
6.708203932499369
6.917369442208505
6.917369442208505
6.967783004657938
6.931810730249348
6.98212002188447
7.014271166700073
7.0710678118654755
6.902897942168926
6.957010852370434
7.095773389842717
7.307530362578044
7.0178344238090995
6.931810730249348
6.960603422117942
6.978538528947161
6.920982589199311
6.906518659932803
6.88113362753551
6.760177512462229
6.752777206453653
6.830080526611674
6.819090848492928
6.689544080129826
