1, 33.91410719253371
2, 33.38263021393012
3, 32.664455707491385
4, 31.790459784868375
5, 31.708043143656784
6, 31.238331154742138
7, 31.274057406525728
8, 30.44010512465422
9, 30.3402922420555
10, 30.13248523880277
15, 27.134848442547085
20, 25.837956575549857
25, 24.018048768929308
30, 22.826884734160874
35, 21.44294755857972
40, 21.212417746845045
45, 20.509347462397074
50, 20.24927982258464
55, 20.118813748992924
60, 18.34393632784414
65, 18.02590728183559
70, 17.740725276417912
75, 16.734196524880822
80, 15.783958100974969
85, 15.641824275533422
90, 14.390969390558789
95, 14.286357128393508
100, 14.06176849949299
150, 12.794530081249565
200, 10.371435130523965
250, 9.9498743710662
300, 9.23038460737146
350, 8.406346808612328
400, 7.897256907728574
450, 7.715784686817883
500, 7.213413431471492
550, 6.5625198412398476
600, 6.18331087147762
650, 5.890670590009257
700, 5.683308895353129
750, 5.793674711844519
800, 5.773502691896258
850, 5.776388721914988
900, 5.70379990298865
950, 5.918896293510584
1000, 5.977736472389306
1250, 5.300943312279429
1500, 5.046450898073483
1750, 5.039841267341661
2000, 5.237683966538391
2250, 5.029910535983717
2500, 4.774934554525329
2750, 4.2972859651955515
3000, 4.08248290463863
3250, 3.759432581299116
3500, 3.582364210034113
3750, 3.65604522218567
4000, 3.582364210034113
4250, 3.521363372331802
4500, 3.5308167138307627
4750, 3.3516165253998453
5000, 3.3115957885386114
5250, 3.1937438845342623
5500, 3.1304951684997055
5750, 3.1937438845342623
6000, 3.1989581637360205
6250, 3.157002798013753
6500, 3.0
6750, 3.1091263510296048
7000, 2.9776948578836393
7250, 3.1304951684997055
7500, 2.9268868558020253
7750, 2.7507574714370344
8000, 2.8225284173355396
8250, 2.701851217221259
8500, 2.756809750418044
8750, 2.6708300832013507
9000, 2.456284456925405
9250, 2.48327740429189
9500, 2.8106938645110393
9750, 2.7141603981096374
10000, 2.6457513110645907
11000, 2.695675549220764
12000, 2.48327740429189
13000, 2.41522945769824
14000, 2.594866727470475
15000, 2.6457513110645907
16000, 2.556038601690775
17000, 2.3380903889000244
18000, 2.280350850198276
19000, 2.073644135332772
20000, 2.04939015319192
21000, 2.04939015319192
22000, 2.1908902300206643
23000, 2.105548226313834
24000, 1.9916492328386208
25000, 2.0248456731316584
26000, 1.9321835661585918
27000, 1.906130460732773
28000, 1.879716290649558
29000, 1.8257418583505538
30000, 1.7126976771553504
31000, 1.8973665961010275
32000, 1.906130460732773
33000, 1.6832508230603465
34000, 1.8529256146249728
35000, 1.7416467303484175
36000, 1.5811388300841898
37000, 1.6431676725154984
38000, 1.7224014243685084
39000, 1.6431676725154984
40000, 1.5383974345619102
41000, 1.4944341180973264
42000, 1.4259499757471625
43000, 1.4832396974191326
44000, 1.4375905768565218
45000, 1.6431676725154984
46000, 1.5275252316519468
47000, 1.6020819787597222
48000, 1.5811388300841898
49000, 1.61245154965971
50000, 1.61245154965971
51000, 1.2649110640673518
52000, 1.6020819787597222
53000, 1.6733200530681511
54000, 1.51657508881031
55000, 1.51657508881031
56000, 1.4944341180973264
57000, 1.632993161855452
58000, 1.591644851508443
59000, 1.6931233465600393
60000, 1.7416467303484175
61000, 1.8618986725025255
62000, 1.8439088914585775
63000, 1.760681686165901
64000, 1.6832508230603465
65000, 1.6733200530681511
66000, 1.6733200530681511
67000, 1.6733200530681511
68000, 1.7320508075688772
69000, 1.760681686165901
70000, 1.7416467303484175
71000, 1.7416467303484175
72000, 1.6431676725154984
73000, 1.6020819787597222
74000, 1.570562531918633
75000, 1.61245154965971
76000, 1.632993161855452
77000, 1.6020819787597222
78000, 1.632993161855452
79000, 1.559914527573012
80000, 1.4719601443879744
81000, 1.5275252316519468
82000, 1.6431676725154984
83000, 1.591644851508443
84000, 1.6020819787597222
85000, 1.5491933384829668
86000, 1.4944341180973264
87000, 1.449137674618944
88000, 1.3416407864998738
89000, 1.3038404810405297
90000, 1.378404875209022
91000, 1.378404875209022
92000, 1.4259499757471625
93000, 1.4605934866804429
94000, 1.4142135623730951
95000, 1.5275252316519468
96000, 1.505545305418162
97000, 1.449137674618944
98000, 1.505545305418162
99000, 1.4259499757471625
100000, 1.4944341180973264
