3.3166247903554
3.3466401061363023
1.5491933384829668
2.0976176963403033
2.8284271247461903
3.0983866769659336
3.3166247903554
3.492849839314596
3.7682887362833544
3.687817782917155
3.714835124201342
3.847076812334269
3.7682887362833544
3.924283374069717
3.82099463490856
3.9496835316262997
4.024922359499621
3.847076812334269
3.924283374069717
3.924283374069717
3.5777087639996634
3.5777087639996634
3.794733192202055
3.492849839314596
3.605551275463989
3.605551275463989
3.5496478698597698
3.5496478698597698
3.5496478698597698
3.5496478698597698
3.5496478698597698
3.6606010435446255
3.5496478698597698
3.5496478698597698
3.5496478698597698
3.492849839314596
3.492849839314596
3.40587727318528
3.5496478698597698
3.5496478698597698
3.5496478698597698
3.5496478698597698
3.5496478698597698
3.605551275463989
3.605551275463989
3.605551275463989
3.6606010435446255
3.6606010435446255
3.4351128074635335
3.6606010435446255
3.6606010435446255
3.6606010435446255
3.5496478698597698
3.6606010435446255
3.5777087639996634
3.4641016151377544
3.4641016151377544
3.4641016151377544
3.5777087639996634
3.5777087639996634
3.5777087639996634
3.5777087639996634
3.3466401061363023
3.5496478698597698
3.255764119219941
3.255764119219941
3.03315017762062
3.3166247903554
3.40587727318528
3.4641016151377544
3.40587727318528
3.40587727318528
3.286335345030997
3.286335345030997
2.756809750418044
2.756809750418044
2.6457513110645907
2.7202941017470885
2.792848008753788
2.7202941017470885
3.1937438845342623
3.03315017762062
3.03315017762062
3.03315017762062
3.1937438845342623
3.40587727318528
3.3166247903554
3.255764119219941
3.255764119219941
3.255764119219941
3.4641016151377544
3.255764119219941
3.3166247903554
3.605551275463989
3.5496478698597698
3.3166247903554
3.3166247903554
3.0983866769659336
3.3166247903554
3.1937438845342623
3.1937438845342623
3.1937438845342623
3.40587727318528
3.0659419433511785
3.0659419433511785
3.0659419433511785
2.756809750418044
3.0659419433511785
3.03315017762062
3.03315017762062
3.1937438845342623
3.1937438845342623
3.1937438845342623
3.03315017762062
3.03315017762062
3.03315017762062
3.03315017762062
2.7202941017470885
2.7202941017470885
2.7202941017470885
2.7202941017470885
2.7202941017470885
2.7202941017470885
2.569046515733026
2.569046515733026
2.569046515733026
2.6457513110645907
2.569046515733026
2.7202941017470885
2.7202941017470885
2.7202941017470885
2.792848008753788
2.792848008753788
2.792848008753788
2.792848008753788
2.6457513110645907
2.792848008753788
2.792848008753788
2.792848008753788
2.792848008753788
2.792848008753788
2.792848008753788
2.6457513110645907
2.569046515733026
2.792848008753788
2.792848008753788
2.7202941017470885
2.7202941017470885
2.7202941017470885
2.7202941017470885
2.7202941017470885
2.7202941017470885
2.7202941017470885
2.7202941017470885
2.7202941017470885
2.7202941017470885
2.792848008753788
2.792848008753788
2.792848008753788
3.03315017762062
2.792848008753788
3.03315017762062
2.932575659723036
3.03315017762062
3.03315017762062
3.03315017762062
3.03315017762062
3.03315017762062
3.03315017762062
3.03315017762062
3.03315017762062
3.03315017762062
3.03315017762062
3.03315017762062
3.03315017762062
3.03315017762062
2.792848008753788
2.8635642126552705
2.792848008753788
2.932575659723036
2.6832815729997477
2.6832815729997477
2.6832815729997477
2.6832815729997477
2.5298221281347035
2.5298221281347035
2.5298221281347035
2.6076809620810595
2.756809750418044
2.5298221281347035
2.5298221281347035
2.5298221281347035
2.6457513110645907
2.7202941017470885
2.6457513110645907
2.6457513110645907
2.7202941017470885
2.7202941017470885
2.756809750418044
2.756809750418044
2.6076809620810595
2.6076809620810595
2.6832815729997477
2.6832815729997477
2.8284271247461903
2.569046515733026
2.569046515733026
2.569046515733026
2.569046515733026
2.569046515733026
2.569046515733026
2.7202941017470885
2.7202941017470885
2.569046515733026
2.569046515733026
2.569046515733026
2.569046515733026
2.569046515733026
2.569046515733026
2.569046515733026
2.569046515733026
2.569046515733026
2.569046515733026
2.569046515733026
2.569046515733026
2.569046515733026
2.569046515733026
2.569046515733026
2.569046515733026
2.569046515733026
2.569046515733026
2.569046515733026
2.569046515733026
2.569046515733026
2.569046515733026
2.569046515733026
2.6832815729997477
2.4083189157584592
2.280350850198276
2.280350850198276
2.280350850198276
2.569046515733026
2.280350850198276
2.569046515733026
2.569046515733026
2.569046515733026
2.569046515733026
2.569046515733026
2.569046515733026
2.569046515733026
2.280350850198276
2.280350850198276
2.280350850198276
2.280350850198276
2.280350850198276
2.4083189157584592
2.4083189157584592
2.4083189157584592
2.6832815729997477
2.6832815729997477
2.4083189157584592
2.4083189157584592
2.4083189157584592
2.4083189157584592
2.280350850198276
2.280350850198276
2.280350850198276
2.280350850198276
2.280350850198276
2.280350850198276
2.4083189157584592
2.4083189157584592
2.4083189157584592
2.4083189157584592
2.280350850198276
2.4083189157584592
2.4083189157584592
2.4083189157584592
2.4083189157584592
2.4083189157584592
2.280350850198276
2.1447610589527217
2.1447610589527217
2.1447610589527217
2.32379000772445
2.6076809620810595
2.6076809620810595
2.6076809620810595
2.6076809620810595
2.6076809620810595
2.6076809620810595
2.6076809620810595
2.32379000772445
2.6076809620810595
2.6076809620810595
2.6076809620810595
2.32379000772445
2.32379000772445
2.32379000772445
2.6076809620810595
2.6832815729997477
2.6832815729997477
2.6076809620810595
2.6076809620810595
2.6076809620810595
2.6076809620810595
2.7202941017470885
2.7202941017470885
2.7202941017470885
2.7202941017470885
2.7202941017470885
2.7202941017470885
2.7202941017470885
2.8635642126552705
2.7202941017470885
2.7202941017470885
2.7202941017470885
2.7202941017470885
2.6076809620810595
2.7202941017470885
2.7202941017470885
2.6076809620810595
2.7202941017470885
2.6076809620810595
2.6076809620810595
2.6076809620810595
2.7202941017470885
2.6076809620810595
2.7202941017470885
2.7202941017470885
2.6076809620810595
2.6832815729997477
2.6832815729997477
2.6832815729997477
2.792848008753788
2.6832815729997477
2.756809750418044
2.6832815729997477
2.6832815729997477
2.6832815729997477
2.8284271247461903
2.8284271247461903
2.6832815729997477
2.6832815729997477
2.8284271247461903
2.8284271247461903
2.8284271247461903
2.8284271247461903
2.6832815729997477
2.6832815729997477
2.6832815729997477
2.6832815729997477
2.6832815729997477
2.8284271247461903
2.6832815729997477
2.8284271247461903
2.6832815729997477
2.6832815729997477
2.6832815729997477
2.6832815729997477
2.6832815729997477
2.6832815729997477
2.6832815729997477
2.6832815729997477
2.6832815729997477
2.6832815729997477
2.6832815729997477
2.6832815729997477
2.6832815729997477
2.6832815729997477
2.792848008753788
2.792848008753788
2.6832815729997477
2.792848008753788
2.792848008753788
2.792848008753788
2.6832815729997477
2.6832815729997477
2.6832815729997477
2.6832815729997477
2.6832815729997477
2.6832815729997477
2.792848008753788
2.792848008753788
2.6832815729997477
2.6832815729997477
2.6832815729997477
2.6832815729997477
2.792848008753788
2.792848008753788
2.792848008753788
2.792848008753788
2.792848008753788
2.792848008753788
2.7202941017470885
2.6457513110645907
2.7202941017470885
2.7202941017470885
2.6076809620810595
2.792848008753788
