1, 57.0498028042166
2, 56.19483962073386
3, 55.51162040510077
4, 54.86857023834319
5, 54.20184498704818
6, 53.29071213635637
7, 52.723239657668984
8, 51.897976839179385
9, 51.04174761898343
10, 50.50623723858272
15, 48.28146642346315
20, 46.650616287461844
25, 44.36687953868291
30, 41.49264995152756
35, 39.85247796561715
40, 38.795618309288486
45, 37.73539452556446
50, 36.40549409086491
55, 36.146922413948325
60, 36.05052010720511
65, 34.21753936214584
70, 32.92537015737256
75, 32.89498442012095
80, 32.84509095740184
85, 32.50569180928164
90, 32.34656086819741
95, 31.39522256649887
100, 31.187818134649945
150, 26.222890763605754
200, 22.195495038408133
250, 19.968475154603066
300, 19.144189719076646
350, 17.88295277631745
400, 16.867127793433
450, 14.560906565183364
500, 14.333178293735134
550, 14.007854939283174
600, 13.627912532739561
650, 13.530705820466277
700, 13.25292420562345
750, 13.080519867344723
800, 12.841339493993608
850, 12.065653732807021
900, 10.912378292562991
950, 10.09554357129917
1000, 9.884331034521255
1250, 9.158602513484249
1500, 8.661408661412992
1750, 8.17801932010435
2000, 7.754998388136518
2250, 7.6249590162833005
2500, 7.590783885739338
2750, 7.421590126111789
3000, 7.465922581972037
3250, 7.260853944268539
3500, 7.303423854604086
3750, 7.0285133563222315
4000, 6.880406964707829
4250, 6.780855403265874
4500, 6.767569726275452
4750, 6.6932802122726045
5000, 6.830812543175226
5250, 6.90941386804988
5500, 6.305553108173778
5750, 5.948108943185221
6000, 5.808614292583043
6250, 5.6956123463592565
6500, 5.573149917237109
6750, 5.431390245600108
7000, 5.420332093147061
7250, 5.43323108288245
7500, 5.236410984634419
7750, 5.194227565288221
8000, 5.102940328869229
8250, 5.06951674225463
8500, 4.901020301937138
8750, 4.728636167014756
9000, 4.802082881417188
9250, 4.806245936279167
9500, 4.739198244429114
9750, 4.621688003316537
10000, 4.6604720790924175
11000, 4.806245936279167
12000, 4.319722213291035
13000, 3.9899874686520005
14000, 4.144876355212541
15000, 3.8652296180175374
16000, 3.7094473981982814
17000, 3.5071355833500366
18000, 3.4985711369071804
19000, 3.1906112267087634
20000, 3.529872518944558
21000, 3.3555923471125033
22000, 3.449637662132068
23000, 3.552463933666322
24000, 3.478505426185217
25000, 3.402939905434711
26000, 3.095157508108432
27000, 2.9899832775452104
28000, 3.0528675044947495
29000, 3.127299154222378
30000, 3.1622776601683795
31000, 3.1400636936215163
32000, 3.0886890422961
33000, 3.023243291566195
34000, 2.824889378365107
35000, 2.929163703175362
36000, 2.7129319932501073
37000, 2.814249455894058
38000, 2.7676705006196096
39000, 2.831960451701259
40000, 2.9631064780058107
41000, 2.6343879744638983
42000, 2.6343879744638983
43000, 2.6419689627245813
44000, 2.619160170741759
45000, 2.5729360660537215
46000, 2.5806975801127883
47000, 2.493992782667985
48000, 2.4859605789312105
49000, 2.592296279363144
50000, 2.619160170741759
51000, 2.7313000567495327
52000, 2.694438717061496
53000, 2.7640549922170505
54000, 2.7092434368288134
55000, 2.6343879744638983
56000, 2.6038433132583076
57000, 2.592296279363144
58000, 2.545584412271571
59000, 2.493992782667985
60000, 2.513961017995307
61000, 2.3790754506740637
62000, 2.4738633753705965
63000, 2.4166091947189146
64000, 2.5729360660537215
65000, 2.5298221281347035
66000, 2.6115129714401193
67000, 2.493992782667985
68000, 2.4979991993593593
69000, 2.5377155080899043
70000, 2.553429066960741
71000, 2.5219040425836985
72000, 2.4576411454889016
73000, 2.477902338672773
74000, 2.4979991993593593
75000, 2.4657656011875906
76000, 2.3874672772626644
77000, 2.3958297101421877
78000, 2.4413111231467406
79000, 2.345207879911715
80000, 2.4289915602982237
81000, 2.3958297101421877
82000, 2.3706539182259396
83000, 2.4899799195977463
84000, 2.4738633753705965
85000, 2.4899799195977463
86000, 2.513961017995307
87000, 2.3874672772626644
88000, 2.293468988235943
89000, 2.2181073012818833
90000, 2.172556098240043
91000, 2.3194827009486403
92000, 2.2759613353482084
93000, 2.172556098240043
94000, 2.1213203435596424
95000, 2.244994432064365
96000, 2.1118712081942874
97000, 2.1260291625469296
98000, 2.083266665599966
99000, 2.06881608655772
100000, 2.1166010488516727
