1, 7.788880963698615
2, 6.97614984548545
3, 6.501281924871945
4, 6.44980619863884
5, 5.621387729022079
6, 5.597618541248888
7, 5.561774297230456
8, 5.621387729022079
9, 4.788875998951459
10, 4.857983120596447
15, 4.74692883171144
20, 4.788875998951459
25, 4.704607670500627
30, 4.704607670500627
35, 3.7058512292499457
40, 3.0550504633038935
45, 3.03315017762062
50, 2.9664793948382653
55, 2.9664793948382653
60, 2.309401076758503
65, 2.280350850198276
70, 2.280350850198276
75, 1.9321835661585918
80, 1.9321835661585918
85, 2.160246899469287
90, 2.160246899469287
95, 2.160246899469287
100, 2.1908902300206643
150, 1.7888543819998317
200, 1.4605934866804429
250, 0.816496580927726
300, 0.6324555320336759
350, 0.7302967433402214
400, 0.6324555320336759
450, 0.5163977794943222
500, 0.5163977794943222
550, 0.5163977794943222
600, 0.5163977794943222
650, 0.5163977794943222
700, 0.5163977794943222
750, 0.5163977794943222
800, 0.5163977794943222
850, 0.5163977794943222
900, 0.5163977794943222
950, 0.5163977794943222
1000, 0.5163977794943222
1250, 0.5163977794943222
1500, 0.5163977794943222
1750, 0.3651483716701107
2000, 0.3651483716701107
2250, 0.3651483716701107
2500, 0.3651483716701107
2750, 0.3651483716701107
3000, 0.3651483716701107
3250, 0.3651483716701107
3500, 0.3651483716701107
3750, 0.3651483716701107
4000, 0.3651483716701107
4250, 0.3651483716701107
4500, 0.3651483716701107
4750, 0.3651483716701107
5000, 0.3651483716701107
5250, 0.3651483716701107
5500, 0.3651483716701107
5750, 0.3651483716701107
6000, 0.3651483716701107
6250, 0.3651483716701107
6500, 0.3651483716701107
6750, 0.3651483716701107
7000, 0.3651483716701107
7250, 0.6324555320336759
7500, 0.3651483716701107
7750, 0.3651483716701107
8000, 0.3651483716701107
8250, 0.3651483716701107
8500, 0.3651483716701107
8750, 0.3651483716701107
9000, 0.3651483716701107
9250, 0.3651483716701107
9500, 0.3651483716701107
9750, 0.3651483716701107
10000, 0.6324555320336759
11000, 0.6324555320336759
12000, 0.6324555320336759
13000, 0.6324555320336759
14000, 0.6324555320336759
15000, 0.6324555320336759
16000, 0.6324555320336759
17000, 0.6324555320336759
18000, 0.6324555320336759
19000, 0.6324555320336759
20000, 0.6324555320336759
21000, 0.6324555320336759
22000, 0.6324555320336759
23000, 0.6324555320336759
24000, 0.6324555320336759
25000, 0.6324555320336759
26000, 0.6324555320336759
27000, 0.6324555320336759
28000, 0.6324555320336759
29000, 0.6324555320336759
30000, 0.3651483716701107
31000, 0.3651483716701107
32000, 0.3651483716701107
33000, 0.3651483716701107
34000, 0.3651483716701107
35000, 0.3651483716701107
36000, 0.3651483716701107
37000, 0.3651483716701107
38000, 0.3651483716701107
39000, 0.3651483716701107
40000, 0.3651483716701107
41000, 0.3651483716701107
42000, 0.3651483716701107
43000, 0.3651483716701107
44000, 0.3651483716701107
45000, 0.3651483716701107
46000, 0.3651483716701107
47000, 0.3651483716701107
48000, 0.3651483716701107
49000, 0.3651483716701107
50000, 0.0
51000, 0.0
52000, 0.0
53000, 0.0
54000, 0.0
55000, 0.0
56000, 0.0
57000, 0.0
58000, 0.0
59000, 0.0
60000, 0.0
61000, 0.0
62000, 0.0
63000, 0.0
64000, 0.0
65000, 0.0
66000, 0.0
67000, 0.0
68000, 0.0
69000, 0.0
70000, 0.0
71000, 0.0
72000, 0.0
73000, 0.0
74000, 0.0
75000, 0.0
76000, 0.0
77000, 0.0
78000, 0.0
79000, 0.0
80000, 0.0
81000, 0.0
82000, 0.0
83000, 0.0
84000, 0.0
85000, 0.0
86000, 0.0
87000, 0.0
88000, 0.0
89000, 0.0
90000, 0.0
91000, 0.0
92000, 0.0
93000, 0.0
94000, 0.0
95000, 0.0
96000, 0.0
97000, 0.0
98000, 0.0
99000, 0.0
100000, 0.0
