11.430223094935636
9.884331034521255
11.027239001672177
9.47100839404126
8.709190547921201
7.516648189186454
7.259476565152615
6.844705983459042
6.837397165588672
6.767569726275452
6.356099432828281
5.572252686302013
5.0990195135927845
5.300943312279429
5.0
4.706378650300037
4.236744032862972
3.640054944640259
4.4328320518603
4.018706259482023
3.8078865529319543
4.571651780264984
4.560701700396552
5.0099900199501395
4.652956049652737
4.8373546489791295
4.8373546489791295
5.612486080160912
5.300943312279429
5.113707070218238
5.044799302251775
4.716990566028302
5.039841267341661
4.893873721296862
4.544227107000705
4.701063709417263
4.511097427455985
4.33589667773576
4.381780460041329
4.571651780264984
4.415880433163924
4.54972526643093
4.330127018922194
4.701063709417263
4.306971093471606
3.5846896657869842
4.104875150354759
4.488875137492688
4.415880433163924
4.183300132670378
3.905124837953327
4.147288270665544
4.219004621945797
4.201190307520001
4.219004621945797
3.9749213828703582
4.03732584763727
4.272001872658765
4.466542286825459
4.189272013130682
4.505552130427524
4.165333119931706
4.207136793592526
3.9937451095431715
4.092676385936225
4.1952353926806065
4.376071297408213
4.207136793592526
3.905124837953327
3.9370039370059056
3.8078865529319543
3.521363372331802
3.7815340802378077
3.7682887362833544
4.11703777004778
3.7282703764614498
3.653765181289022
3.892300091205713
3.492849839314596
3.4351128074635335
3.361547262794322
3.24037034920393
3.0083217912982647
2.9154759474226504
2.9748949561287032
3.0983866769659336
3.03315017762062
3.057776970284131
2.9748949561287032
2.6267851073127395
2.7748873851023217
2.6645825188948455
2.539685019840059
2.9916550603303182
2.701851217221259
2.6076809620810595
2.5099800796022267
2.6267851073127395
2.7202941017470885
2.6076809620810595
2.598076211353316
2.6645825188948455
2.539685019840059
2.3021728866442674
2.32379000772445
2.073644135332772
2.280350850198276
2.0615528128088303
2.280350850198276
2.202271554554524
2.1330729007701543
2.1095023109728985
2.4289915602982237
2.3345235059857505
2.3769728648009427
2.23606797749979
1.70293863659264
1.6278820596099706
1.9235384061671346
1.9235384061671346
