18.411952639521967
17.29079028186475
15.242796893708752
14.985707476506693
12.848568569522222
12.364696287645495
11.648421106987602
10.160146230668701
9.847407200447668
9.637723501206823
8.392173224414009
8.513854255606816
7.854025355555856
8.530617127232272
8.065800819332377
7.919235172305828
7.859480171832522
7.598872096756014
7.383379017379895
7.317298486658662
7.242730345466608
6.855654600401044
7.069047218078867
6.648308055437865
6.828511655446699
6.689010176614858
6.703943402420484
6.288311151879903
6.0592314458424275
5.947388382427078
5.874886017131372
5.985697238298261
6.026133562599298
5.843188953205018
5.694608979427072
5.694608979427072
5.6467436886859215
5.2317710740655095
5.430074979750674
5.69711706542378
5.611213263253704
5.3452248382484875
5.3745431699554045
5.149202434774313
5.045507195232493
5.017113569716015
5.16582174350938
5.005711024134619
4.922252678253264
4.959838707054898
4.959838707054898
4.828486896977739
5.118593556827891
4.956957592256421
5.090607597751541
4.774934554525329
4.711687595755898
4.8225660033993165
4.933848106990845
4.8047595450463785
4.58257569495584
4.607447387499008
4.358898943540674
4.322697570466188
4.3490557267395085
4.322697570466188
4.358898943540674
4.174754056057845
4.133486940310116
4.039094665180022
4.039094665180022
3.985688683993556
3.7301857479602427
3.8247315498700596
3.9388178066884123
3.722518348798681
3.80225497003329
3.6527875852363962
