1, 51.52539826790926
2, 51.01807958404985
3, 50.82147402646073
4, 50.478378209552915
5, 50.511164882407705
6, 50.16395341499933
7, 50.189861747391
8, 50.15974481593781
9, 49.52552652701208
10, 49.532705245008465
15, 47.61979047039628
20, 44.30751127693312
25, 42.56785432955509
30, 41.49243572293897
35, 39.85362105394077
40, 38.225355168759094
45, 35.06977172564556
50, 34.993967734136376
55, 33.73293807410067
60, 33.832594409008074
65, 33.04945788763662
70, 32.608451528876856
75, 32.22490410295187
80, 32.26625344088016
85, 31.299982250616196
90, 31.35531144089555
95, 30.8822135073105
100, 30.805122229193564
150, 24.930570256882078
200, 21.56746520932758
250, 20.607981193918263
300, 18.583146486355137
350, 17.601767588007238
400, 17.318583467862876
450, 16.03260566609322
500, 15.850692238651423
550, 14.573186946504796
600, 13.82590161817867
650, 13.269848864583533
700, 13.017082793177758
750, 12.687701832001641
800, 12.108766337749781
850, 11.854675589544124
900, 11.749231653365442
950, 12.101423240447566
1000, 12.449899597988733
1250, 10.573551910309043
1500, 9.59629558157151
1750, 8.716523262045353
2000, 8.22732574345327
2250, 8.137703743822469
2500, 7.9021797274197985
2750, 7.611394966320781
3000, 7.177124153246279
3250, 6.731352844050823
3500, 6.821534529219458
3750, 6.70157527086812
4000, 6.280481227138924
4250, 6.765927710061479
4500, 6.5149400952306875
4750, 6.384007797266193
5000, 6.658328118479393
5250, 6.902495522957219
5500, 6.788879796320516
5750, 6.626545941220894
6000, 6.437735971942655
6250, 6.310485101972924
6500, 6.422183775355891
6750, 6.6932802122726045
7000, 6.854033686653267
7250, 6.643292356454993
7500, 6.506407098647712
7750, 6.1895970071654185
8000, 5.792715732327589
8250, 5.729068180971686
8500, 6.214677966091423
8750, 6.142746399887703
9000, 5.855671514770009
9250, 5.955389715767279
9500, 6.082762530298219
9750, 5.910442735813733
10000, 5.895384258515771
11000, 5.426273532033235
12000, 5.028805910838963
13000, 5.068420748999523
14000, 5.247221486971303
15000, 4.955356249106169
16000, 4.671426144361294
17000, 4.543615789703663
18000, 4.219004621945797
19000, 4.221637386396684
20000, 4.192586048941367
21000, 3.9693268390944523
22000, 4.033195589934446
23000, 3.738686638082654
24000, 4.08248290463863
25000, 3.690829476177709
26000, 3.6575644598253874
27000, 3.6666666666666665
28000, 3.4992062592028557
29000, 3.5118845842842465
30000, 3.245509718570156
31000, 3.2829526005987018
32000, 3.32665998663324
33000, 3.3099177566150426
34000, 3.4351128074635335
35000, 3.2006943691087475
36000, 3.238655413730965
37000, 3.0912061651652345
38000, 3.151719107619417
39000, 2.936362072739365
40000, 3.02948473800047
41000, 3.1233884733659942
42000, 3.155242550986462
43000, 3.0695638488590236
44000, 3.011090610836324
45000, 2.848001248439177
46000, 2.8557933320805193
47000, 2.7527763762750106
48000, 2.716206504995115
49000, 2.9514591494904874
50000, 2.8635642126552705
51000, 2.932575659723036
52000, 2.848001248439177
53000, 2.913569784454954
54000, 2.973961069759395
55000, 2.96273147243853
56000, 3.022140521771503
57000, 2.996294007232564
58000, 2.9287843515318395
59000, 2.851899951494325
60000, 2.988868236194653
61000, 3.0983866769659336
62000, 3.1797973380564852
63000, 2.882899774725287
64000, 2.8751811537130436
65000, 2.764858847110363
66000, 2.851899951494325
67000, 2.736583433569839
68000, 2.74469184669852
69000, 2.573367875415838
70000, 2.5342103744997617
71000, 2.7325202042558927
72000, 2.6457513110645907
73000, 2.4675674031095665
74000, 2.6915505650915135
75000, 2.507765716507204
76000, 2.4083189157584592
77000, 2.3142073276946373
78000, 2.2558565754251507
79000, 2.3944379994757297
80000, 2.5385910352879693
81000, 2.6331223544175333
82000, 2.5121924908555697
83000, 2.3944379994757297
84000, 2.573367875415838
85000, 2.4129281427805145
86000, 2.449489742783178
87000, 2.4267032964268394
88000, 2.679137506321349
89000, 2.4312776705080625
90000, 2.4312776705080625
91000, 2.3804761428476167
92000, 2.503331114069145
93000, 2.6161889160464775
94000, 2.4312776705080625
95000, 2.5121924908555697
96000, 2.4358434541926814
97000, 2.494438257849294
98000, 2.560381915956203
99000, 2.573367875415838
100000, 2.6246692913372702
