1, 51.13315949557586
2, 50.712479288194494
3, 50.201372269867065
4, 49.573738567466904
5, 49.03672093441811
6, 48.71983397162004
7, 48.3160888777687
8, 47.80237093143672
9, 47.800046489982044
10, 47.102016941952705
15, 44.926112179394686
20, 42.74290064508439
25, 40.97072125310952
30, 39.83410041102417
35, 38.7301203486669
40, 37.71619163053332
45, 37.45990449059427
50, 37.45901463970692
55, 37.46553972207883
60, 36.32262839241309
65, 35.19122365338014
70, 33.25557597356169
75, 31.69472441204617
80, 31.592193128471894
85, 30.201545214331887
90, 29.105173270590765
95, 29.094100203764107
100, 28.99080313938658
150, 23.4785954529747
200, 21.57416150037921
250, 18.852055590836773
300, 16.42491332633989
350, 14.406788523316205
400, 13.563021623353535
450, 13.086889113409141
500, 12.413254564733977
550, 12.371113306588233
600, 12.293629786736435
650, 11.142511187140695
700, 10.750710570831018
750, 9.826268648655784
800, 8.878188003315891
850, 8.333333333333334
900, 8.35463942968217
950, 8.162243700247023
1000, 8.031880919878676
1250, 7.711463328491336
1500, 7.7631608682718065
1750, 6.915361322607968
2000, 6.485882103975269
2250, 6.390965845976995
2500, 6.223610956135781
2750, 5.955389715767279
3000, 5.773502691896258
3250, 5.601587076693335
3500, 5.551776492459168
3750, 4.7865552447570385
4000, 4.73990154609425
4250, 4.83045891539648
4500, 4.548504027577517
4750, 4.5117131508503014
5000, 4.366539438350084
5250, 4.361447262345633
5500, 4.242640687119285
5750, 4.181971890016585
6000, 4.163331998932265
6250, 4.038701661562922
6500, 4.087922591134904
6750, 4.00277681394082
7000, 4.03594956471075
7250, 3.9384147967311813
7500, 3.9384147967311813
7750, 3.409138046812159
8000, 3.1269438398822866
8250, 3.235222815613581
8500, 2.973961069759395
8750, 2.940143609493326
9000, 2.9552213679068666
9250, 2.9021065146238554
9500, 2.9021065146238554
9750, 2.9287843515318395
10000, 3.0147784145586702
11000, 2.6915505650915135
12000, 2.9552213679068666
13000, 2.958978802822953
14000, 2.7768887466211374
15000, 2.577681990557494
16000, 2.3990738953928776
17000, 2.422120283277993
18000, 2.3475755815545347
19000, 2.250925735484551
20000, 2.4129281427805145
21000, 2.0976176963403033
22000, 2.1343747458109497
23000, 2.092313976863362
24000, 2.0330600909302543
25000, 1.9493588689617927
26000, 1.9090428084368471
27000, 1.7826322609494583
28000, 1.8499249234015476
29000, 1.8618986725025255
30000, 1.7701224063135672
31000, 1.7448336437736534
32000, 1.8439088914585775
33000, 1.7638342073763937
34000, 1.7320508075688772
35000, 1.6261747890200624
36000, 1.6261747890200624
37000, 1.5986105077709065
38000, 1.6055459438389728
39000, 1.61245154965971
40000, 1.577621275493231
41000, 1.5986105077709065
42000, 1.5563490039905001
43000, 1.577621275493231
44000, 1.61245154965971
45000, 1.498147003616282
46000, 1.4142135623730951
47000, 1.4529663145135578
48000, 1.4832396974191326
49000, 1.4757295747452437
50000, 1.4832396974191326
51000, 1.5846485765339617
52000, 1.5986105077709065
53000, 1.5275252316519468
54000, 1.5347819244295118
55000, 1.5634719199411433
56000, 1.4529663145135578
57000, 1.4681810363696826
58000, 1.390443574307614
59000, 1.3498971154211057
60000, 1.3662601021279464
61000, 1.3662601021279464
62000, 1.3743685418725535
63000, 1.390443574307614
64000, 1.3581032524975576
65000, 1.3498971154211057
66000, 1.3498971154211057
67000, 1.3416407864998738
68000, 1.3080944580232388
69000, 1.2909944487358056
70000, 1.3080944580232388
71000, 1.2649110640673518
72000, 1.1925695879998879
73000, 1.1832159566199232
74000, 1.0852547064066471
75000, 1.1055415967851334
76000, 1.1254628677422756
77000, 1.1254628677422756
78000, 1.1155467020454342
79000, 1.0954451150103321
80000, 1.0645812948447542
81000, 1.043498389499902
82000, 1.021980647783726
83000, 1.0852547064066471
84000, 1.0645812948447542
85000, 1.0852547064066471
86000, 1.0852547064066471
87000, 1.0540925533894598
88000, 1.043498389499902
89000, 0.9775252199076787
90000, 1.043498389499902
91000, 1.0110500592068734
92000, 1.0110500592068734
93000, 1.0110500592068734
94000, 1.0110500592068734
95000, 1.0
96000, 0.9888264649460884
97000, 1.0749676997731399
98000, 1.0645812948447542
99000, 1.0
100000, 0.9775252199076787
