1, 56.868268832451726
2, 56.22437193957794
3, 55.762173558784454
4, 55.80107525845716
5, 55.11515218159159
6, 54.483759047995214
7, 54.16844099658029
8, 54.1475761230362
9, 53.87318442416412
10, 53.04375552315277
15, 51.21445108560669
20, 48.57386128361632
25, 45.887688980814886
30, 43.486779600241725
35, 40.647263130498715
40, 40.31897816165484
45, 38.78298596034091
50, 37.55236344093405
55, 37.04294804682802
60, 36.20027624203992
65, 36.11454000814631
70, 35.21647341799005
75, 34.636108326427205
80, 34.39273179030709
85, 32.47306576225903
90, 31.628152016834623
95, 31.360165815888156
100, 31.09694518759037
150, 26.59924810967408
200, 23.619483482921467
250, 20.998571379977257
300, 19.242660938653987
350, 17.362027531368565
400, 16.772596698186003
450, 15.895911424010892
500, 15.512575543732252
550, 14.768209099278083
600, 14.718695594379279
650, 13.875157656761958
700, 13.435028842544403
750, 13.294359706281458
800, 12.418534535121283
850, 12.273548794053006
900, 11.79152237838694
950, 10.469001862641921
1000, 10.519505691808908
1250, 9.370165420097983
1500, 8.488816171881684
1750, 8.223138087129511
2000, 8.105553651663778
2250, 7.520638270785266
2500, 7.117583859709698
2750, 7.001428425685718
3000, 6.2944419927424855
3250, 5.854912467321779
3500, 5.88727441181401
3750, 5.761944116355173
4000, 5.240229002629561
4250, 4.975942121849892
4500, 5.00199960015992
4750, 4.8083261120685235
5000, 4.688283267892417
5250, 4.608687448721165
5500, 4.632493928760188
5750, 4.347413023856832
6000, 4.235563716909474
6250, 4.259107887809371
6500, 4.125530268947253
6750, 4.190465367951393
7000, 4.120679555607303
7250, 4.039801975344831
7500, 4.049691346263317
7750, 3.880721582386451
8000, 3.666060555964672
8250, 3.5552777669262356
8500, 3.5128336140500593
8750, 3.509985754956849
9000, 3.1968734726291563
9250, 3.4263683398023628
9500, 3.423448553724738
9750, 3.358571124749333
10000, 3.304542328371661
11000, 2.9966648127543394
12000, 2.5219040425836985
13000, 2.293468988235943
14000, 2.130727575266252
15000, 2.06881608655772
16000, 2.1400934559032696
17000, 2.092844953645635
18000, 2.181742422927143
19000, 2.130727575266252
20000, 2.1354156504062622
21000, 2.0976176963403033
22000, 2.0248456731316584
23000, 2.1260291625469296
24000, 2.1166010488516727
25000, 2.1587033144922905
26000, 2.0639767440550294
27000, 2.1587033144922905
28000, 2.130727575266252
29000, 2.1260291625469296
30000, 2.1354156504062622
31000, 2.1118712081942874
32000, 2.0591260281974
33000, 2.0445048300260873
34000, 2.004993765576342
35000, 1.9949937343260002
36000, 1.9798989873223332
37000, 1.8867962264113207
38000, 1.8601075237738274
39000, 1.8439088914585775
40000, 1.9078784028338913
41000, 1.8814887722226779
42000, 1.96468827043885
43000, 1.9595917942265424
44000, 1.9748417658131499
45000, 1.8
46000, 1.8
47000, 1.8384776310850235
48000, 1.8384776310850235
49000, 1.5556349186104046
50000, 1.4142135623730951
51000, 1.4212670403551895
52000, 1.3266499161421599
53000, 1.2727922061357855
54000, 1.2489995996796797
55000, 1.2489995996796797
56000, 1.2569805089976536
57000, 1.2569805089976536
58000, 1.2569805089976536
59000, 1.2884098726725126
60000, 1.2649110640673518
61000, 1.2328828005937953
62000, 1.2083045973594573
63000, 1.1916375287812984
64000, 1.1135528725660044
65000, 1.1224972160321824
66000, 1.1224972160321824
67000, 1.1224972160321824
68000, 1.1224972160321824
69000, 1.1224972160321824
70000, 1.0954451150103321
71000, 1.0954451150103321
72000, 1.0954451150103321
73000, 1.2165525060596438
74000, 1.224744871391589
75000, 1.224744871391589
76000, 1.224744871391589
77000, 1.2569805089976536
78000, 1.2569805089976536
79000, 1.2806248474865698
80000, 1.2569805089976536
81000, 1.2409673645990857
82000, 1.104536101718726
83000, 1.104536101718726
84000, 1.104536101718726
85000, 1.104536101718726
86000, 1.104536101718726
87000, 1.0954451150103321
88000, 1.0954451150103321
89000, 1.0954451150103321
90000, 1.0099504938362078
91000, 1.0099504938362078
92000, 1.0099504938362078
93000, 1.0099504938362078
94000, 0.9591663046625439
95000, 0.9591663046625439
96000, 0.9591663046625439
97000, 1.0295630140987
98000, 0.848528137423857
99000, 0.848528137423857
100000, 0.812403840463596
