1, 16.673332000533065
2, 15.788181233652807
3, 15.207454312496443
4, 14.364307617610162
5, 13.86602562620835
6, 12.897028081435403
7, 12.881511298498067
8, 12.842637320010766
9, 12.816655830077778
10, 12.415044636783765
15, 10.807404868885037
20, 10.795060598872677
25, 10.20457413777436
30, 10.26645021416848
35, 10.122582015803411
40, 9.223159256278006
45, 7.954034615631659
50, 7.380153566604605
55, 6.324555320336759
60, 6.3456021516217564
65, 4.898979485566356
70, 4.932882862316247
75, 4.892170615721955
80, 4.919349550499537
85, 4.926120853842978
90, 4.919349550499537
95, 4.857983120596447
100, 4.442221666388715
150, 4.147288270665544
200, 3.803507153492243
250, 3.5023801430836525
300, 3.559026084010437
350, 3.366501646120693
400, 3.3763886032268267
450, 3.2761766334148303
500, 3.151719107619417
550, 3.0550504633038935
600, 2.7325202042558927
650, 2.463060426921489
700, 2.695675549220764
750, 2.695675549220764
800, 2.594866727470475
850, 2.463060426921489
900, 2.3664319132398464
950, 2.3664319132398464
1000, 2.309401076758503
1250, 1.9148542155126762
1500, 1.632993161855452
1750, 1.5275252316519468
2000, 1.6532795690182993
2250, 1.5275252316519468
2500, 1.591644851508443
2750, 1.4605934866804429
3000, 1.4142135623730951
3250, 1.1832159566199232
3500, 1.1254628677422756
3750, 1.2909944487358056
4000, 1.1547005383792515
4250, 1.0645812948447542
4500, 1.2110601416389966
4750, 1.1547005383792515
5000, 1.1254628677422756
5250, 1.3416407864998738
5500, 1.3165611772087666
5750, 1.0645812948447542
6000, 1.1254628677422756
6250, 1.0645812948447542
6500, 1.3165611772087666
6750, 1.2909944487358056
7000, 1.2909944487358056
7250, 1.3416407864998738
7500, 1.2110601416389966
7750, 1.2909944487358056
8000, 1.2110601416389966
8250, 1.2382783747337807
8500, 1.2649110640673518
8750, 1.2649110640673518
9000, 1.3165611772087666
9250, 1.3165611772087666
9500, 1.3662601021279464
9750, 1.3416407864998738
10000, 1.4375905768565218
11000, 1.3662601021279464
12000, 1.0
13000, 0.9309493362512627
14000, 0.9660917830792959
15000, 0.9660917830792959
16000, 0.7302967433402214
17000, 0.7302967433402214
18000, 0.7302967433402214
19000, 0.7302967433402214
20000, 0.6831300510639732
21000, 0.6324555320336759
22000, 0.6324555320336759
23000, 0.6324555320336759
24000, 0.5773502691896257
25000, 0.5773502691896257
26000, 0.7745966692414834
27000, 0.6324555320336759
28000, 0.6324555320336759
29000, 0.6324555320336759
30000, 0.6831300510639732
31000, 0.5773502691896257
32000, 0.6831300510639732
33000, 0.6324555320336759
34000, 0.6324555320336759
35000, 0.5773502691896257
36000, 0.5773502691896257
37000, 0.5773502691896257
38000, 0.6324555320336759
39000, 0.5773502691896257
40000, 0.6324555320336759
41000, 0.3651483716701107
42000, 0.2581988897471611
43000, 0.5773502691896257
44000, 0.3651483716701107
45000, 0.3651483716701107
46000, 0.4472135954999579
47000, 0.4472135954999579
48000, 0.4472135954999579
49000, 0.4472135954999579
50000, 0.4472135954999579
51000, 0.5773502691896257
52000, 0.5773502691896257
53000, 0.5773502691896257
54000, 0.5773502691896257
55000, 0.5773502691896257
56000, 0.4472135954999579
57000, 0.3651483716701107
58000, 0.5773502691896257
59000, 0.5773502691896257
60000, 0.4472135954999579
61000, 0.5773502691896257
62000, 0.5163977794943222
63000, 0.5773502691896257
64000, 0.5163977794943222
65000, 0.5773502691896257
66000, 0.4472135954999579
67000, 0.4472135954999579
68000, 0.4472135954999579
69000, 0.2581988897471611
70000, 0.4472135954999579
71000, 0.4472135954999579
72000, 0.5163977794943222
73000, 0.5773502691896257
74000, 0.5163977794943222
75000, 0.4472135954999579
76000, 0.4472135954999579
77000, 0.0
78000, 0.0
79000, 0.0
80000, 0.4472135954999579
81000, 0.2581988897471611
82000, 0.0
83000, 0.0
84000, 0.0
85000, 0.2581988897471611
86000, 0.2581988897471611
87000, 0.5163977794943222
88000, 0.2581988897471611
89000, 0.5163977794943222
90000, 0.5163977794943222
91000, 0.5163977794943222
92000, 0.5163977794943222
93000, 0.0
94000, 0.0
95000, 0.0
96000, 0.0
97000, 0.0
98000, 0.0
99000, 0.0
100000, 0.0
