1, 7.849546777705361
2, 11.286479317511523
3, 14.470659971127786
4, 16.933807786609783
5, 19.659407612954865
6, 22.01188490164068
7, 24.205847990167104
8, 26.281025621012354
9, 28.23391305068864
10, 27.970863961794795
15, 27.34705721757898
20, 26.65390720383729
25, 27.537666511944632
30, 26.907533974992667
35, 27.0503803471056
40, 26.69716205027159
45, 27.43692066148487
50, 26.79322532053435
55, 26.1036395929763
60, 25.983130622060862
65, 27.70281851808862
70, 28.598009613365644
75, 29.505931607051487
80, 29.356168268093427
85, 28.073803830946414
90, 27.370955971051337
95, 27.289332939954623
100, 28.092429859031693
150, 30.177933864128146
200, 26.748112801869564
250, 27.643332761334083
300, 24.641428530018302
350, 23.889811152938755
400, 23.651638421048126
450, 25.02460327818943
500, 23.75451374111714
550, 23.53001356696461
600, 22.921941117963474
650, 22.092811222031198
700, 20.678863233151493
750, 20.22108571991889
800, 20.321644391368302
850, 20.123082804045247
900, 18.846342228257857
950, 18.45701867749877
1000, 17.7426040929735
1250, 16.489623777020878
1500, 15.981720327154541
1750, 14.803845654215872
2000, 14.295238583313191
2250, 13.868614261650713
2500, 12.582649837100169
2750, 12.346908675703155
3000, 11.861378827619818
3250, 11.61630154302399
3500, 11.553221329002707
3750, 12.106577995834774
4000, 11.810686165177183
4250, 11.819800857361866
4500, 11.11478571716349
4750, 11.085680299030264
5000, 10.861364130220052
5250, 10.315037566582102
5500, 9.383291205443527
5750, 9.333974336962628
6000, 9.216206461362589
6250, 9.425007651496589
6500, 9.478721108153454
6750, 9.134886635648733
7000, 9.108744741688108
7250, 8.896844730231395
7500, 8.571868120597928
7750, 8.643361169573577
8000, 8.385885577747702
8250, 8.264846780654334
8500, 7.736029591861309
8750, 7.503845168158276
9000, 7.201495571167038
9250, 7.295941970079617
9500, 7.339042067023357
9750, 7.296996220785224
10000, 7.185455394807572
11000, 6.861262498762388
12000, 6.766432988260165
13000, 6.777791789252716
14000, 6.440257997698779
15000, 6.453383131827355
16000, 6.154423049882343
17000, 5.922577401513895
18000, 6.0561475441837676
19000, 6.2659028448850425
20000, 6.27203806895825
21000, 6.149421486236296
22000, 6.124352399045332
23000, 5.870395085642742
24000, 6.135646163702226
25000, 6.535112264352641
26000, 6.424711906142024
27000, 6.063763746158879
28000, 5.829632525692797
29000, 5.674504383644443
30000, 5.670436151994497
31000, 5.422176684690384
32000, 5.0550812212907275
33000, 4.936520107244654
34000, 4.875369808458715
35000, 4.947415797860846
36000, 4.37826801021029
37000, 4.577537127522414
38000, 4.5302402721132715
39000, 4.3536015152797525
