16.01784718903975
10.014275524755362
8.658604308514656
7.319250547113999
6.922014570505159
6.456447497325002
6.351602722373082
6.387487769068525
6.075712774176023
5.976143046671968
5.358571238146015
5.521386989309324
5.623928469368314
5.0426750270636544
5.096217084409628
4.404543109109048
4.468940430507949
3.854496446637726
4.0035698356056475
4.014260294784796
4.024922359499621
4.286190449738388
3.8321944477954513
3.8877095717511763
3.8950518060006045
3.6566964013202643
3.847076812334269
3.8692930325097596
3.5816995167896803
3.3636714634883287
3.0612789110808856
3.3252282413607124
3.0237157840738176
3.0472470011002204
3.166791977470486
3.0189875313233268
3.0612789110808856
2.9856801091687157
3.299350585450762
3.268901082277389
3.359421718944242
3.238165265349236
3.2293298729878046
3.1396087108337016
3.0142518616920992
2.7516228977511745
2.9856801091687157
2.81830749615033
2.81830749615033
2.9423023055326687
3.0798886807341406
2.8585710716070314
2.5071326821120348
2.7774602993176543
2.65114530506561
2.6886002731107927
2.667261838343906
2.704493615131253
2.704493615131253
2.8030595529069404
2.8233718443429607
2.8233718443429607
2.8284271247461903
3.0
2.8132340311971404
2.613153540948451
2.3784749015162756
2.699206232527312
2.715037489875337
2.5410908793553326
2.596701204000403
2.3724610489050035
2.5634797778466227
2.437797600880176
2.32992949004287
2.4023797725231892
2.4319304501333328
2.3421601750764798
