1, 13.766626311482419
2, 13.013838787997953
3, 12.073110618229256
4, 11.135528725660043
5, 11.131936040060596
6, 11.121151019566275
7, 11.121151019566275
8, 11.124747188138704
9, 11.124747188138704
10, 11.106754701531857
15, 11.103152705425607
20, 11.11035552986492
25, 10.40768946500615
30, 10.40768946500615
35, 9.566608594481119
40, 9.562426470305537
45, 9.562426470305537
50, 9.55405672999695
55, 9.558242516278817
60, 9.558242516278817
65, 9.558242516278817
70, 9.3637599285757
75, 8.840814442120138
80, 8.840814442120138
85, 8.836288813749809
90, 8.836288813749809
95, 8.836288813749809
100, 8.836288813749809
150, 7.552483035399682
200, 6.705221845696084
250, 6.717142249498666
300, 6.717142249498666
350, 6.729041536504289
400, 6.717142249498666
450, 5.858327406350724
500, 5.789645930452052
550, 5.782732917920384
600, 5.789645930452052
650, 5.0517323761260355
700, 5.0517323761260355
750, 5.1146847410177685
800, 5.1146847410177685
850, 5.1146847410177685
900, 5.1146847410177685
950, 4.68187996428785
1000, 4.68187996428785
1250, 3.794733192202055
1500, 3.4176014981270124
1750, 2.8
2000, 3.358571124749333
2250, 3.358571124749333
2500, 3.730951621235526
2750, 3.03315017762062
3000, 3.0983866769659336
3250, 3.0854497241083023
3500, 3.1240998703626617
3750, 3.1874754901018454
4000, 3.752332607858744
4250, 3.3823069050575527
4500, 3.3226495451672298
4750, 3.3226495451672298
5000, 3.0854497241083023
5250, 2.9933259094191533
5500, 2.9933259094191533
5750, 2.9933259094191533
6000, 2.9933259094191533
6250, 3.1874754901018454
6500, 3.1368774282716245
6750, 3.1496031496047245
7000, 3.1496031496047245
7250, 3.1496031496047245
7500, 3.0199337741082997
7750, 3.0199337741082997
8000, 2.870540018881465
8250, 2.9664793948382653
8500, 3.1368774282716245
8750, 2.925747767665559
9000, 2.925747767665559
9250, 2.925747767665559
9500, 2.925747767665559
9750, 2.925747767665559
10000, 2.925747767665559
11000, 2.3151673805580453
12000, 2.3151673805580453
13000, 2.262741699796952
14000, 2.244994432064365
15000, 2.449489742783178
16000, 2.1166010488516727
17000, 2.1166010488516727
18000, 2.4657656011875906
19000, 2.545584412271571
20000, 2.5768197453450252
21000, 2.4166091947189146
22000, 2.4166091947189146
23000, 2.3323807579381204
24000, 2.4
25000, 2.3151673805580453
26000, 2.4166091947189146
27000, 2.4819347291981715
28000, 2.4819347291981715
29000, 2.349468024894146
30000, 2.349468024894146
31000, 2.7712812921102037
32000, 2.5768197453450252
33000, 2.4166091947189146
34000, 2.4331050121192876
35000, 2.6683328128252666
36000, 2.3323807579381204
37000, 2.349468024894146
38000, 2.349468024894146
39000, 2.280350850198276
40000, 2.5612496949731396
41000, 2.6076809620810595
42000, 2.6076809620810595
43000, 2.349468024894146
44000, 2.5768197453450252
45000, 2.4
46000, 2.6229754097208002
47000, 2.6076809620810595
48000, 2.8
49000, 2.842534080710379
50000, 2.842534080710379
51000, 2.842534080710379
52000, 2.7712812921102037
53000, 2.7712812921102037
54000, 2.4166091947189146
55000, 2.3323807579381204
56000, 2.3832750575625967
57000, 2.3832750575625967
58000, 2.1354156504062622
59000, 1.9390719429665315
60000, 2.0199009876724157
61000, 2.3323807579381204
62000, 1.9595917942265424
63000, 1.9595917942265424
64000, 1.9390719429665315
65000, 1.9390719429665315
66000, 2.4331050121192876
67000, 2.6981475126464085
68000, 2.6532998322843198
69000, 2.7129319932501073
70000, 2.6832815729997477
71000, 2.7422618401604177
72000, 2.7129319932501073
73000, 2.898275349237888
74000, 2.6832815729997477
75000, 2.6981475126464085
76000, 2.449489742783178
77000, 2.7712812921102037
78000, 2.8284271247461903
79000, 2.6683328128252666
80000, 2.7856776554368237
81000, 2.6532998322843198
82000, 2.592296279363144
83000, 2.6076809620810595
84000, 2.4331050121192876
85000, 2.1166010488516727
86000, 2.1166010488516727
87000, 2.1908902300206643
88000, 2.1908902300206643
89000, 2.209072203437452
90000, 2.1540659228538015
91000, 2.1540659228538015
92000, 2.0976176963403033
93000, 2.078460969082653
94000, 2.1540659228538015
95000, 2.1540659228538015
96000, 2.244994432064365
97000, 2.1166010488516727
98000, 2.1354156504062622
99000, 2.4
100000, 2.4
