9.871676655968834
8.142481194328912
6.391400472509918
7.085195833567341
6.553624951124378
5.722761571129799
5.389805191284746
4.949747468305833
5.142956348249516
5.253570214625479
4.738143096192854
4.104875150354759
3.5355339059327378
3.5
3.271085446759225
3.0413812651491097
2.958039891549808
3.4132096331752027
3.3541019662496847
3.6193922141707713
2.958039891549808
2.8548204847240397
2.8809720581775866
2.5787593916455256
2.1213203435596424
2.0
2.0248456731316584
2.23606797749979
2.345207879911715
2.3130067012440754
2.4392621835300936
2.5199206336708304
2.4289915602982237
2.23606797749979
2.085665361461421
1.9748417658131499
1.9874606914351791
1.8027756377319946
1.857417562100671
1.8841443681416772
1.7320508075688772
1.8439088914585775
1.8973665961010275
1.8708286933869707
1.91049731745428
1.8973665961010275
2.04939015319192
2.1563858652847827
2.1447610589527217
2.2135943621178655
2.345207879911715
2.1447610589527217
2.449489742783178
2.4186773244895647
2.4289915602982237
2.449489742783178
2.4698178070456938
2.16794833886788
2.29128784747792
2.258317958127243
1.9621416870348585
2.04939015319192
2.085665361461421
1.9235384061671346
1.9235384061671346
1.9621416870348585
1.7888543819998317
1.9621416870348585
1.9874606914351791
1.9493588689617927
2.0
2.0371548787463363
1.8841443681416772
1.7748239349298849
1.8841443681416772
1.8439088914585775
2.0124611797498106
1.746424919657298
1.746424919657298
1.9874606914351791
1.6733200530681511
1.5811388300841898
1.6733200530681511
1.5491933384829668
1.61245154965971
1.466287829861518
1.466287829861518
1.5652475842498528
1.746424919657298
1.6733200530681511
1.6733200530681511
1.61245154965971
1.70293863659264
1.6583123951777
1.61245154965971
1.7175564037317668
1.6583123951777
1.6881943016134133
1.6733200530681511
1.6431676725154984
1.6278820596099706
1.5652475842498528
1.5968719422671311
1.449137674618944
1.6431676725154984
1.3416407864998738
1.3601470508735443
1.3038404810405297
1.1832159566199232
1.161895003862225
1.224744871391589
1.284523257866513
1.4317821063276353
1.5
1.5329709716755893
1.466287829861518
1.4832396974191326
