1, 40.356270534188006
2, 40.29604730704276
3, 40.04711510922389
4, 39.63440064244335
5, 39.52648298473894
6, 38.97471707951927
7, 38.93914666318643
8, 38.851732816660096
9, 38.648969677636394
10, 38.66855496210251
15, 37.821762442880875
20, 37.463887373614305
25, 36.74973274927122
30, 35.914978968192564
35, 34.971008400837235
40, 33.65242508773646
45, 32.79198508346644
50, 33.30894345796207
55, 32.25390341825754
60, 32.244157831857144
65, 31.226819974411193
70, 31.179205524561674
75, 30.976949955917682
80, 30.504800558975255
85, 30.734345608781066
90, 30.617921922578986
95, 30.732021457384526
100, 30.168100465794755
150, 26.759777919215143
200, 24.37973397253195
250, 24.67618863832674
300, 25.335463569583926
350, 25.3765921386507
400, 25.798671062119237
450, 25.90807926938181
500, 25.472674434718137
550, 26.824296023248348
600, 26.862613424609304
650, 26.09816632858113
700, 25.926269083140916
750, 26.612027356065905
800, 26.407250086725373
850, 26.31892312169543
900, 27.33391404725743
950, 26.336829183266754
1000, 25.504061301234806
1250, 24.331050121192877
1500, 23.105348793237095
1750, 21.987009151509703
2000, 21.368200672962615
2250, 21.094345891054044
2500, 20.50714161317606
2750, 22.421928042495747
3000, 21.793839234320984
3250, 20.60998371109081
3500, 17.838161340227867
3750, 17.681305704855948
4000, 15.12613632095123
4250, 16.116539862602554
4500, 15.842077785802864
4750, 16.89716797911075
5000, 16.318263212907013
5250, 16.693026773390823
5500, 16.332264299320446
5750, 16.863316060948055
6000, 16.405573965663535
6250, 15.769772169746597
6500, 15.757991170015476
6750, 15.974980438172686
7000, 15.81319521340146
7250, 15.169518308578086
7500, 15.640606491711612
7750, 14.573949361789344
8000, 14.726070176973314
8250, 15.708050711111712
8500, 15.419838798490359
8750, 15.680743422609602
9000, 14.674564972865708
9250, 14.728980180000825
9500, 14.191546779685433
9750, 14.216690392432612
10000, 14.81794279147509
11000, 14.116859221714803
12000, 13.503438715484926
13000, 13.540415693133545
14000, 12.317235311314212
15000, 12.557297252423162
16000, 13.672704821755538
17000, 11.992855015740473
18000, 12.810709805248331
19000, 11.775276763505087
20000, 12.634420106541157
21000, 13.070140451753815
22000, 12.432675841162617
23000, 12.523121473042231
24000, 11.600492600378166
25000, 11.749772034262744
26000, 10.73844894359915
27000, 10.518011762142665
28000, 9.613977919080709
29000, 10.12916580968048
30000, 10.652967393440866
31000, 10.765022725740726
32000, 9.866248382382087
33000, 9.424891056589006
34000, 9.889388252060893
35000, 9.79066610896025
36000, 9.670278471392937
37000, 9.204036381625494
38000, 9.19161108216151
39000, 9.242757782641036
40000, 8.707960233520328
41000, 8.796103033243106
42000, 8.141603913585719
43000, 8.802597019386624
44000, 8.995236834807947
45000, 8.89622712968015
46000, 9.367115732329625
47000, 8.525591726426635
48000, 8.750510189207745
49000, 8.587366135367535
50000, 8.412575620547406
51000, 8.16963017173098
52000, 7.694153624668538
53000, 7.736739808029145
54000, 7.242730345466608
55000, 7.258492562902733
56000, 7.881261682896065
57000, 7.962411694957753
58000, 8.249675318286343
59000, 8.296298658351892
60000, 8.164382576603257
61000, 8.078189330360043
62000, 8.545675598135668
63000, 7.515697857532213
64000, 7.797435475847171
65000, 7.7182529481371995
66000, 7.329003050503235
67000, 7.365944804106453
68000, 7.690439333539869
69000, 7.5346817166638544
70000, 7.19325080494606
71000, 6.703943402420484
72000, 6.733710503344879
73000, 6.799159611935245
74000, 6.905484362860746
75000, 6.826419266350405
76000, 6.563970923588426
77000, 6.469709642413858
78000, 6.6932802122726045
79000, 6.870225614927067
80000, 6.6868741362676865
81000, 6.555259611291422
82000, 6.590035768383312
83000, 6.317775377004607
84000, 6.1667310163952695
85000, 6.226670745384613
86000, 6.28149208844068
87000, 6.254141484991023
88000, 6.502746672423452
89000, 6.561794179730332
90000, 5.908831163122341
91000, 6.235841104912335
92000, 6.5224885697758905
93000, 6.712461758337462
94000, 6.581358956498705
95000, 6.661188225191402
96000, 6.120224085533376
97000, 5.908831163122341
98000, 6.099180272790763
99000, 5.925730816893872
100000, 5.664425327049011
