1, 45.4064973324303
2, 44.572693434433596
3, 43.744999714253055
4, 42.83456548162943
5, 42.83252269012415
6, 42.83252269012415
7, 42.83223085481306
8, 42.83164717822559
9, 42.83164717822559
10, 41.92463476286943
15, 41.92284580035091
20, 41.17523527558768
25, 41.175538855004675
30, 41.17523527558768
35, 39.50348085928631
40, 38.73209263646879
45, 37.89821895551294
50, 37.898878611378464
55, 37.00067566950636
60, 36.997635059554824
65, 36.997635059554824
70, 36.99729719857925
75, 36.99729719857925
80, 36.99729719857925
85, 36.94353800057596
90, 36.94353800057596
95, 36.94353800057596
100, 36.94353800057596
150, 36.926277906119914
200, 36.229476949025916
250, 36.21739913356562
300, 36.214983087114646
350, 36.214983087114646
400, 36.21532824647596
450, 36.21636370482271
500, 36.21636370482271
550, 35.51161781727214
600, 34.763846162356664
650, 34.67960495738093
700, 33.826764551165695
750, 32.4037034920393
800, 32.34424214601418
850, 32.344628611254755
900, 32.03045425840851
950, 31.90532870854021
1000, 31.30934365329302
1250, 30.21754457264852
1500, 29.586314403791494
1750, 28.572714256787016
2000, 28.589770897997766
2250, 28.305476501906835
2500, 28.331078341637475
2750, 28.196631004430298
3000, 28.052629110299094
3250, 27.52408036610851
3500, 26.346252105375445
3750, 26.346252105375445
4000, 26.447589682237584
4250, 26.346726551888757
4500, 26.000961520682267
4750, 26.00721053861794
5000, 25.916693461936845
5250, 26.117522853440754
5500, 26.111300235721696
5750, 26.202576209220346
6000, 26.1873060852009
6250, 26.183964558485027
6500, 26.415431096236155
6750, 26.377073378219958
7000, 26.334388164527386
7250, 26.1270932175778
7500, 26.472627372438875
7750, 26.472155182379844
8000, 26.332964132432945
8250, 26.16199533674754
8500, 25.86600085053737
8750, 25.741017850893154
9000, 25.540164447395398
9250, 25.540164447395398
9500, 25.540164447395398
9750, 25.534290669607408
10000, 25.127176522641776
11000, 24.73054791143941
12000, 24.13400091157701
13000, 23.561090806666826
14000, 23.39658094679648
15000, 23.466465434743256
16000, 23.472856664666956
17000, 23.200215516240362
18000, 23.02987190585306
19000, 22.847319317591726
20000, 22.793639463674946
21000, 22.615813051933376
22000, 21.541239518653516
23000, 20.958888329298382
24000, 20.455439374406016
25000, 20.145719148245863
26000, 19.98436889171134
27000, 20.112185361118765
28000, 20.072991804910398
29000, 19.85635918289151
30000, 19.856988694160048
31000, 19.759807691371897
32000, 20.163705016687782
33000, 20.013745276684222
34000, 20.166804407243106
35000, 19.778776504121787
36000, 20.0274811197015
37000, 20.41690476051647
38000, 20.701449224631595
39000, 20.868037761131255
40000, 20.732824216685966
41000, 20.767763480933617
42000, 20.056794360016756
43000, 20.084197768394933
44000, 20.29901475441604
45000, 20.854855549727503
46000, 20.610676844781203
47000, 20.257714579882894
48000, 20.707486568871655
49000, 20.26079958935481
50000, 20.5924743535108
51000, 20.571825392998065
52000, 20.82186350930195
53000, 21.010116610813945
