10.175952043912156
8.689073598491383
7.700649323271382
6.7379522111692065
6.078651166171653
6.387487769068525
5.9497899122574065
5.449770637375485
5.220153254455275
5.054700782440045
4.949747468305833
4.538722287164087
4.236744032862972
4.33589667773576
4.201190307520001
3.9812058474788765
3.7549966711037173
4.159326868617084
3.646916505762094
3.866522985836241
3.774917217635375
4.189272013130682
4.6475800154489
3.9812058474788765
3.2171415884290826
3.5496478698597698
3.7549966711037173
3.6945906403822333
3.892300091205713
3.968626966596886
3.840572873934304
3.7549966711037173
3.8987177379235853
3.640054944640259
3.5777087639996634
3.847076812334269
3.7682887362833544
3.24037034920393
3.521363372331802
3.6193922141707713
3.420526275297414
2.8635642126552705
3.492849839314596
3.2326459750489227
2.6832815729997477
3.122498999199199
2.7477263328068173
2.6832815729997477
2.6551836094703507
3.2171415884290826
2.9068883707497264
2.9154759474226504
2.2693611435820435
2.29128784747792
2.4083189157584592
2.4899799195977463
2.224859546128699
2.247220505424423
2.4186773244895647
2.449489742783178
2.7294688127912363
2.949576240750525
2.2135943621178655
2.247220505424423
2.3021728866442674
2.1330729007701543
2.1095023109728985
1.9364916731037085
1.91049731745428
1.6583123951777
1.857417562100671
1.9748417658131499
1.91049731745428
1.9874606914351791
1.9235384061671346
2.0
2.073644135332772
1.9235384061671346
1.9621416870348585
1.816590212458495
1.8303005217723127
1.9748417658131499
1.9748417658131499
1.7888543819998317
1.6278820596099706
2.0248456731316584
1.816590212458495
2.073644135332772
2.0976176963403033
2.1330729007701543
1.9621416870348585
1.857417562100671
1.6733200530681511
1.8841443681416772
1.7888543819998317
2.0615528128088303
1.9364916731037085
1.6881943016134133
1.7748239349298849
1.8439088914585775
1.9364916731037085
2.0
1.8027756377319946
1.9235384061671346
2.0
2.073644135332772
1.9621416870348585
2.085665361461421
2.0371548787463363
1.857417562100671
1.5652475842498528
1.8708286933869707
1.8303005217723127
1.8027756377319946
1.8708286933869707
1.9874606914351791
2.1095023109728985
2.280350850198276
2.202271554554524
2.224859546128699
2.0615528128088303
2.23606797749979
2.280350850198276
2.355843797877949
2.0371548787463363
2.345207879911715
2.0976176963403033
2.29128784747792
2.1330729007701543
2.3345235059857505
2.224859546128699
2.202271554554524
2.3664319132398464
2.5298221281347035
2.29128784747792
2.3021728866442674
2.3769728648009427
2.1563858652847827
2.179449471770337
2.085665361461421
2.355843797877949
2.1330729007701543
2.280350850198276
2.1908902300206643
2.085665361461421
2.0615528128088303
2.3130067012440754
2.4698178070456938
2.5099800796022267
2.1330729007701543
2.4392621835300936
2.479919353527449
2.449489742783178
2.1095023109728985
2.1908902300206643
2.179449471770337
2.280350850198276
1.9493588689617927
2.1330729007701543
2.1213203435596424
1.9748417658131499
1.9874606914351791
2.0124611797498106
2.179449471770337
2.0
2.0976176963403033
2.1330729007701543
1.9493588689617927
2.0976176963403033
2.1908902300206643
2.073644135332772
2.0
2.085665361461421
2.1563858652847827
2.16794833886788
2.085665361461421
2.1095023109728985
1.9874606914351791
1.9621416870348585
2.0248456731316584
1.816590212458495
1.6881943016134133
1.857417562100671
1.760681686165901
1.7748239349298849
1.9235384061671346
1.8841443681416772
1.760681686165901
1.7175564037317668
1.6431676725154984
1.9364916731037085
1.8708286933869707
1.7175564037317668
1.7888543819998317
1.8973665961010275
1.857417562100671
1.8841443681416772
1.5
1.5491933384829668
1.5652475842498528
1.4832396974191326
1.378404875209022
1.4317821063276353
1.51657508881031
1.396424004376894
1.449137674618944
1.5968719422671311
1.6583123951777
1.7320508075688772
1.8708286933869707
1.8708286933869707
1.5491933384829668
1.816590212458495
1.8973665961010275
1.8303005217723127
1.466287829861518
1.3416407864998738
1.3416407864998738
1.4142135623730951
1.3228756555322954
1.4832396974191326
1.5968719422671311
1.5811388300841898
1.5491933384829668
1.51657508881031
1.6431676725154984
1.6278820596099706
1.51657508881031
1.466287829861518
1.4142135623730951
1.378404875209022
1.378404875209022
1.4142135623730951
1.4317821063276353
1.5
1.3228756555322954
1.449137674618944
1.5652475842498528
1.2449899597988732
1.378404875209022
1.284523257866513
1.161895003862225
1.2449899597988732
1.3416407864998738
1.3601470508735443
1.5
1.4832396974191326
1.5652475842498528
1.5
1.3601470508735443
1.5652475842498528
1.5491933384829668
1.6733200530681511
1.6583123951777
1.7320508075688772
1.746424919657298
1.6881943016134133
1.6733200530681511
1.61245154965971
1.449137674618944
1.5329709716755893
1.61245154965971
1.396424004376894
1.5811388300841898
1.4832396974191326
1.466287829861518
1.5
1.6733200530681511
1.466287829861518
1.5
1.6278820596099706
1.6278820596099706
1.61245154965971
1.6431676725154984
1.6431676725154984
1.5652475842498528
1.5811388300841898
1.5968719422671311
1.5968719422671311
1.6278820596099706
1.6278820596099706
1.5968719422671311
1.7175564037317668
1.760681686165901
1.6881943016134133
1.6583123951777
1.6583123951777
1.6733200530681511
1.6881943016134133
1.61245154965971
1.7175564037317668
1.5811388300841898
1.8027756377319946
1.760681686165901
1.70293863659264
1.5811388300841898
1.4832396974191326
1.61245154965971
1.6733200530681511
1.6278820596099706
1.6583123951777
1.466287829861518
1.5
1.5
1.4832396974191326
1.5
1.5
1.466287829861518
1.6583123951777
1.760681686165901
1.760681686165901
1.746424919657298
1.7888543819998317
1.7888543819998317
1.7320508075688772
1.7888543819998317
2.0371548787463363
2.0248456731316584
1.9748417658131499
1.760681686165901
1.8439088914585775
1.746424919657298
1.7748239349298849
1.6733200530681511
1.746424919657298
1.6881943016134133
1.6583123951777
1.8708286933869707
1.9874606914351791
1.9493588689617927
2.0976176963403033
2.0248456731316584
2.0248456731316584
1.8973665961010275
1.91049731745428
1.6733200530681511
1.746424919657298
1.746424919657298
1.760681686165901
1.91049731745428
1.8439088914585775
1.91049731745428
1.9493588689617927
1.9874606914351791
1.9874606914351791
2.073644135332772
1.9874606914351791
2.179449471770337
2.0248456731316584
2.04939015319192
1.9235384061671346
1.7748239349298849
1.6583123951777
1.8439088914585775
1.9493588689617927
1.816590212458495
1.7748239349298849
1.8439088914585775
1.7320508075688772
1.7320508075688772
1.9364916731037085
1.61245154965971
1.5652475842498528
1.70293863659264
1.746424919657298
1.6733200530681511
1.61245154965971
1.6278820596099706
1.70293863659264
1.7320508075688772
1.8708286933869707
1.816590212458495
1.8303005217723127
1.7888543819998317
1.6881943016134133
1.8027756377319946
1.816590212458495
1.5968719422671311
1.5329709716755893
1.61245154965971
1.816590212458495
1.816590212458495
1.5491933384829668
1.4832396974191326
1.3228756555322954
1.2041594578792296
1.2449899597988732
1.3228756555322954
1.3601470508735443
1.161895003862225
1.396424004376894
1.5491933384829668
1.396424004376894
1.3038404810405297
1.3228756555322954
1.378404875209022
1.3416407864998738
1.3038404810405297
1.3228756555322954
1.466287829861518
