18.45612558010406
13.557285864065861
10.947928701683386
10.469001862641921
8.933084573650918
8.83337825684893
8.792854241614933
8.410877311128557
8.138093844910578
7.121396331779724
7.217043320204908
7.412344915265152
7.3367957194248925
7.21902249021886
6.607355208942748
6.502746672423452
6.2289646009589745
6.0379750626466535
6.310988149931152
6.710333183126709
6.458659745975609
6.1388691373667745
5.8578396798039565
5.843188953205018
5.143650732421755
5.2671488627963745
4.729844455310192
4.6475800154489
4.653723547563054
4.901894677425396
4.6934604961128015
4.959838707054898
5.096217084409628
4.717747646615157
4.6965032585044435
4.5229573132125465
4.262795863213317
4.329302154257328
4.0918036539962594
3.913347124174613
3.971325795175784
4.157609203101499
4.088310863215481
4.046162202807565
3.884033249820898
3.865599195837192
3.7109875466550104
3.847076812334269
3.8950518060006045
3.7071359757712075
3.734013543475324
3.737837419073838
3.60951124510943
3.5976182597459037
3.3636714634883287
3.488757453797637
3.5576878526850635
3.255764119219941
3.5050983275386565
3.303677604471374
3.3123146848433
3.359421718944242
3.1847852585154217
3.1121880222303866
2.9081167199998794
3.0189875313233268
2.903200204700225
2.833473385894321
2.843539042410757
2.8535691936340255
2.596701204000403
2.8233718443429607
2.613153540948451
2.756809750418044
2.8385106758902383
2.6886002731107927
2.6726124191242437
2.8132340311971404
