1, 28.2588039378881
2, 27.5826032128949
3, 26.826106687329787
4, 26.82163305990148
5, 26.82163305990148
6, 26.406059910558408
7, 26.404545063303022
8, 25.719253488388812
9, 25.546036874630868
10, 25.541339040856883
15, 23.874672772626646
20, 22.317705975301315
25, 20.98094373473224
30, 19.866554809528502
35, 18.25486236595609
40, 17.23136674788161
45, 17.03408347989407
50, 16.178998732925347
55, 15.488059917239474
60, 14.619165502859595
65, 12.446686306001288
70, 11.551623262554921
75, 11.59655121145938
80, 11.56027681329474
85, 11.249888888340188
90, 11.18212859879549
95, 11.081516141756055
100, 10.332473082471592
150, 8.23164625090267
200, 7.386474125047755
250, 6.78527818147495
300, 5.834380858325929
350, 5.8206528843421
400, 5.76541412215983
450, 5.642694391866354
500, 5.506359959174482
550, 5.149757275833493
600, 5.1146847410177685
650, 5.0
700, 5.067543783727971
750, 4.955804677345546
800, 4.967896939349688
850, 3.82099463490856
900, 3.778888725538237
950, 3.6110940170535577
1000, 3.7202150475476548
1250, 3.481379037105842
1500, 3.4176014981270124
1750, 2.6907248094147422
2000, 2.4738633753705965
2250, 2.32379000772445
2500, 2.1447610589527217
2750, 2.1354156504062622
3000, 2.078460969082653
3250, 1.98997487421324
3500, 1.8867962264113207
3750, 1.7435595774162693
4000, 1.697056274847714
4250, 1.6852299546352716
4500, 1.7088007490635062
4750, 1.6613247725836149
5000, 1.3711309200802089
5250, 1.3856406460551018
5500, 1.3564659966250536
5750, 1.4966629547095767
6000, 1.4966629547095767
6250, 1.5099668870541498
6500, 1.5099668870541498
6750, 1.6
7000, 1.42828568570857
7250, 1.4142135623730951
7500, 1.4142135623730951
7750, 1.3266499161421599
8000, 1.3266499161421599
8250, 1.3266499161421599
8500, 1.3266499161421599
8750, 1.3266499161421599
9000, 1.3266499161421599
9250, 1.3266499161421599
9500, 1.4142135623730951
9750, 1.4142135623730951
10000, 1.3711309200802089
11000, 1.3114877048604001
12000, 1.1489125293076057
13000, 1.1661903789690602
14000, 1.1661903789690602
15000, 1.131370849898476
16000, 1.131370849898476
17000, 1.131370849898476
18000, 1.131370849898476
19000, 1.1832159566199232
20000, 1.2328828005937953
21000, 1.2489995996796797
22000, 1.2489995996796797
23000, 1.2649110640673518
24000, 1.2489995996796797
25000, 1.2489995996796797
26000, 1.1832159566199232
27000, 1.1832159566199232
28000, 1.1832159566199232
29000, 1.1832159566199232
30000, 1.1832159566199232
31000, 1.1832159566199232
32000, 1.1832159566199232
33000, 1.1832159566199232
34000, 1.0770329614269007
35000, 1.0770329614269007
36000, 1.0954451150103321
37000, 1.0954451150103321
38000, 1.0954451150103321
39000, 1.0954451150103321
40000, 1.0954451150103321
41000, 1.0770329614269007
42000, 1.0583005244258363
43000, 1.0583005244258363
44000, 1.0583005244258363
45000, 1.0770329614269007
46000, 1.0954451150103321
47000, 1.0770329614269007
48000, 1.0770329614269007
49000, 1.0770329614269007
50000, 1.0770329614269007
51000, 1.0770329614269007
52000, 1.0770329614269007
53000, 1.0770329614269007
54000, 1.0770329614269007
55000, 1.0770329614269007
56000, 1.0770329614269007
57000, 1.0770329614269007
58000, 1.0770329614269007
59000, 1.0954451150103321
60000, 1.0954451150103321
61000, 1.0583005244258363
62000, 1.0583005244258363
63000, 0.6928203230275509
64000, 0.6928203230275509
65000, 0.565685424949238
66000, 0.565685424949238
67000, 0.565685424949238
68000, 0.565685424949238
69000, 0.565685424949238
70000, 0.565685424949238
71000, 0.4472135954999579
72000, 0.34641016151377546
73000, 0.4472135954999579
74000, 0.4472135954999579
75000, 0.6633249580710799
76000, 0.4472135954999579
77000, 0.4472135954999579
78000, 0.4472135954999579
79000, 0.34641016151377546
80000, 0.34641016151377546
81000, 0.282842712474619
82000, 0.282842712474619
83000, 0.282842712474619
84000, 0.282842712474619
85000, 0.282842712474619
86000, 0.2
87000, 0.2
88000, 0.2
89000, 0.2
90000, 0.2
91000, 0.282842712474619
92000, 0.2
93000, 0.2
94000, 0.2
95000, 0.2
96000, 0.2
97000, 0.2
98000, 0.2
99000, 0.2
100000, 0.2
