1, 17.183325250563893
2, 16.41137816678823
3, 15.826138716271467
4, 15.468247045695472
5, 14.805404418657398
6, 14.057026712644463
7, 13.208583068091242
8, 13.163079680176166
9, 12.832251036613439
10, 11.801129889407484
15, 11.301917241483116
20, 11.087530533591929
25, 10.446690065917211
30, 9.136009340333812
35, 7.745966692414834
40, 7.160074487508259
45, 6.319282659711728
50, 6.186005711819758
55, 5.627314338711377
60, 5.409867527644892
65, 5.033222956847166
70, 5.039841267341661
75, 4.781910357447813
80, 4.83045891539648
85, 4.611579628139003
90, 4.58257569495584
95, 4.654746681256314
100, 4.6475800154489
150, 4.412104562073146
200, 4.501851470969102
250, 4.187282332651255
300, 3.847076812334269
350, 3.5870136139505613
400, 3.63318042491699
450, 3.022140521771503
500, 2.9664793948382653
550, 2.816617356570348
600, 2.988868236194653
650, 2.7202941017470885
700, 2.8284271247461903
750, 2.780887148615228
800, 2.7325202042558927
850, 2.5298221281347035
900, 2.3664319132398464
950, 2.0976176963403033
1000, 1.983263304085802
1250, 2.265686062395524
1500, 1.9148542155126762
1750, 2.32379000772445
2000, 1.983263304085802
2250, 2.1291625896895083
2500, 1.7888543819998317
2750, 1.9148542155126762
3000, 1.7511900715418263
3250, 1.8073922282301278
3500, 1.6931233465600393
3750, 1.7511900715418263
4000, 1.570562531918633
4250, 1.5275252316519468
4500, 1.3416407864998738
4750, 1.390443574307614
5000, 1.5275252316519468
5250, 1.6733200530681511
5500, 1.4605934866804429
5750, 1.3165611772087666
6000, 1.2382783747337807
6250, 1.2382783747337807
6500, 1.1832159566199232
6750, 1.2110601416389966
7000, 1.0954451150103321
7250, 1.1254628677422756
7500, 1.0954451150103321
7750, 1.0954451150103321
8000, 1.1832159566199232
8250, 0.9660917830792959
8500, 0.9660917830792959
8750, 0.9660917830792959
9000, 0.9309493362512627
9250, 0.8944271909999159
9500, 0.9309493362512627
9750, 0.9309493362512627
10000, 1.0
11000, 1.0645812948447542
12000, 0.8944271909999159
13000, 0.9309493362512627
14000, 0.8944271909999159
15000, 0.8944271909999159
16000, 0.8944271909999159
17000, 1.0
18000, 1.0
19000, 1.0
20000, 1.0
21000, 0.9309493362512627
22000, 1.1254628677422756
23000, 0.9660917830792959
24000, 0.9660917830792959
25000, 0.9660917830792959
26000, 0.9660917830792959
27000, 0.9660917830792959
28000, 0.816496580927726
29000, 0.816496580927726
30000, 0.6831300510639732
31000, 0.6831300510639732
32000, 0.6831300510639732
33000, 0.6831300510639732
34000, 0.6831300510639732
35000, 0.6831300510639732
36000, 0.6831300510639732
37000, 0.5773502691896257
38000, 0.6831300510639732
39000, 0.6831300510639732
40000, 0.6831300510639732
41000, 0.6831300510639732
42000, 0.6831300510639732
43000, 0.6831300510639732
44000, 0.6831300510639732
45000, 0.6831300510639732
46000, 0.6831300510639732
47000, 0.6831300510639732
48000, 0.6324555320336759
49000, 0.6324555320336759
50000, 0.6324555320336759
51000, 0.6324555320336759
52000, 0.6324555320336759
53000, 0.6324555320336759
54000, 0.6324555320336759
55000, 0.6324555320336759
56000, 0.6324555320336759
57000, 0.6324555320336759
58000, 0.6324555320336759
59000, 0.6324555320336759
60000, 0.5163977794943222
61000, 0.5163977794943222
62000, 0.5163977794943222
63000, 0.5163977794943222
64000, 0.5163977794943222
65000, 0.5163977794943222
66000, 0.5163977794943222
67000, 0.5163977794943222
68000, 0.6324555320336759
69000, 0.6324555320336759
70000, 0.6324555320336759
71000, 0.6324555320336759
72000, 0.6324555320336759
73000, 0.6324555320336759
74000, 0.6324555320336759
75000, 0.6324555320336759
76000, 0.5163977794943222
77000, 0.5163977794943222
78000, 0.5163977794943222
79000, 0.6324555320336759
80000, 0.6324555320336759
81000, 0.6324555320336759
82000, 0.5163977794943222
83000, 0.5163977794943222
84000, 0.5163977794943222
85000, 0.5163977794943222
86000, 0.5163977794943222
87000, 0.5163977794943222
88000, 0.5163977794943222
89000, 0.5163977794943222
90000, 0.5163977794943222
91000, 0.5163977794943222
92000, 0.5163977794943222
93000, 0.3651483716701107
94000, 0.3651483716701107
95000, 0.3651483716701107
96000, 0.3651483716701107
97000, 0.3651483716701107
98000, 0.3651483716701107
99000, 0.3651483716701107
100000, 0.3651483716701107
