1, 28.102668912400475
2, 27.21911093331301
3, 26.7424755772535
4, 25.895945628611443
5, 25.88204010506127
6, 25.57655176133014
7, 25.59218630754317
8, 25.148359787469243
9, 25.132449144482518
10, 24.21817499317403
15, 22.45528890929707
20, 20.986662431172803
25, 20.272148381461694
30, 19.403092537015844
35, 17.317043627594174
40, 15.916029655664756
45, 15.863164879682742
50, 15.276125163142648
55, 15.280052355931245
60, 14.412494579357176
65, 13.243866504914644
70, 13.128594745821047
75, 13.055267136294072
80, 12.560254774486065
85, 12.385475364312828
90, 11.025425161870176
95, 10.188228501560022
100, 9.56869897112455
150, 8.899438184514796
200, 7.769169839822013
250, 6.428063471995279
300, 6.3118935352238
350, 5.685068161420758
400, 5.321653878260029
450, 5.362835071116769
500, 5.261178575186362
550, 4.983974317750845
600, 4.983974317750845
650, 4.47213595499958
700, 4.358898943540674
750, 4.308131845707603
800, 4.223742416388575
850, 4.180908992073374
900, 4.069397989875161
950, 4.059556626036888
1000, 4.044749683231337
1250, 3.8987177379235853
1500, 3.0066592756745814
1750, 2.4819347291981715
2000, 2.4166091947189146
2250, 2.2978250586152114
2500, 2.4413111231467406
2750, 2.280350850198276
3000, 2.2181073012818833
3250, 2.1354156504062622
3500, 2.1447610589527217
3750, 2.1633307652783933
4000, 2.0591260281974
4250, 1.7776388834631178
4500, 1.7776388834631178
4750, 1.7888543819998317
5000, 1.7320508075688772
5250, 1.7320508075688772
5500, 1.7320508075688772
5750, 1.7320508075688772
6000, 1.7320508075688772
6250, 1.7320508075688772
6500, 1.7549928774784245
6750, 1.7549928774784245
7000, 1.7776388834631178
7250, 1.7663521732655694
7500, 1.7663521732655694
7750, 1.7663521732655694
8000, 1.7663521732655694
8250, 1.7435595774162693
8500, 1.7435595774162693
8750, 1.7435595774162693
9000, 1.7435595774162693
9250, 1.7776388834631178
9500, 1.7776388834631178
9750, 1.7776388834631178
10000, 1.7776388834631178
11000, 1.7776388834631178
12000, 1.0954451150103321
13000, 1.0954451150103321
14000, 1.0954451150103321
15000, 1.019803902718557
16000, 0.916515138991168
17000, 0.916515138991168
18000, 0.916515138991168
19000, 0.916515138991168
20000, 0.8717797887081347
21000, 0.848528137423857
22000, 0.848528137423857
23000, 0.8717797887081347
24000, 0.8944271909999159
25000, 0.6324555320336759
26000, 0.6633249580710799
27000, 0.7483314773547883
28000, 0.7483314773547883
29000, 0.7483314773547883
30000, 0.6324555320336759
31000, 0.5291502622129182
32000, 0.565685424949238
33000, 0.4898979485566356
34000, 0.4898979485566356
35000, 0.4898979485566356
36000, 0.4898979485566356
37000, 0.4472135954999579
38000, 0.4472135954999579
39000, 0.4472135954999579
40000, 0.4472135954999579
41000, 0.7211102550927979
42000, 0.7211102550927979
43000, 0.7211102550927979
44000, 0.7211102550927979
45000, 0.7211102550927979
46000, 0.7211102550927979
47000, 0.7211102550927979
48000, 0.7211102550927979
49000, 0.7211102550927979
50000, 0.7211102550927979
51000, 0.7211102550927979
52000, 0.848528137423857
53000, 0.4898979485566356
54000, 0.4898979485566356
55000, 0.4472135954999579
56000, 0.4472135954999579
57000, 0.4472135954999579
58000, 0.4472135954999579
59000, 0.4472135954999579
60000, 0.4472135954999579
61000, 0.4472135954999579
62000, 0.4472135954999579
63000, 0.4472135954999579
64000, 0.4472135954999579
65000, 0.4472135954999579
66000, 0.4472135954999579
67000, 0.4472135954999579
68000, 0.4472135954999579
69000, 0.4472135954999579
70000, 0.4472135954999579
71000, 0.4472135954999579
72000, 0.5291502622129182
73000, 0.5291502622129182
74000, 0.5291502622129182
75000, 0.5291502622129182
76000, 0.5291502622129182
77000, 0.5291502622129182
78000, 0.5291502622129182
79000, 0.4472135954999579
80000, 0.4472135954999579
81000, 0.4472135954999579
82000, 0.4472135954999579
83000, 0.4472135954999579
84000, 0.4472135954999579
85000, 0.4472135954999579
86000, 0.4472135954999579
87000, 0.4472135954999579
88000, 0.4472135954999579
89000, 0.4472135954999579
90000, 0.4472135954999579
91000, 0.4472135954999579
92000, 0.4472135954999579
93000, 0.4472135954999579
94000, 0.4472135954999579
95000, 0.4472135954999579
96000, 0.4472135954999579
97000, 0.4472135954999579
98000, 0.4472135954999579
99000, 0.4472135954999579
100000, 0.4472135954999579
