10.705138952858109
8.459989868281674
8.253137931374086
7.525195773438152
7.2859943923746116
6.729466121893644
6.975467214254746
6.491753010001008
6.4031242374328485
5.968967367021822
6.169047159581685
5.464168999687222
4.616739727804212
4.774934554525329
4.9106298694043025
4.345769700031777
4.355620342893602
4.316082880178673
4.296177703161597
4.067291130821243
4.371988759624814
4.154171741411621
3.985688683993556
3.913347124174613
3.813509819425819
3.760699023168052
3.82099463490856
3.8060102844992794
3.641035959331198
3.641035959331198
3.6606010435446255
3.6488745818794204
3.5976182597459037
3.439269025326665
3.2732683535398857
3.2732683535398857
3.2906794782493525
3.22490309931942
3.3932706514932924
3.585685828003181
3.561701038227982
3.4517076519145875
3.4641016151377544
3.307998963551401
3.198213787189879
3.056608765095256
3.0378563870880115
3.004758131459407
2.9471535904520287
3.1622776601683795
2.767154288640743
2.6240644591385873
2.7877282097486784
2.699206232527312
2.917924898671265
2.937443008565686
2.8834503141697647
2.767154288640743
2.6186146828319083
2.6886002731107927
2.596701204000403
2.888400447108597
2.937443008565686
2.980891525318271
2.903200204700225
2.8030595529069404
2.8284271247461903
2.6779523094014523
2.5410908793553326
2.4842360136324753
2.613153540948451
2.3176342617912282
2.2551528297909846
2.3421601750764798
2.3176342617912282
1.992844341996778
2.117950491799628
1.8822478962286404
2.164651077128664
2.2168188275738085
2.117950491799628
2.2296700588716196
2.18435999126256
2.1514114968019085
2.0632844828435215
1.985662897587892
2.197401062294143
2.1514114968019085
2.0354009783964297
1.9639610121239315
1.9639610121239315
2.138089935299395
2.1246848505803664
2.23606797749979
2.164651077128664
1.9784553859730358
2.0354009783964297
1.7566201313073597
1.7968225924034427
1.8746428231227714
1.8516401995451028
1.8283482006601322
1.942016624910449
1.9639610121239315
1.9712215212183246
1.9566735620873066
1.9639610121239315
2.0
2.0354009783964297
1.985662897587892
1.927248223318863
1.8973665961010275
1.8593393604027366
1.65615734242165
1.7484687178050562
1.8283482006601322
1.8361450300639575
1.7484687178050562
1.6987390281365427
1.6647608150808246
1.647508942095828
1.5766148184367308
1.5491933384829668
1.61245154965971
1.5491933384829668
1.5023790657297036
1.5118578920369088
1.5306394555404428
1.6035674514745464
1.6212869667555552
1.6903085094570331
1.65615734242165
1.6818357317441643
1.740279123753264
1.804755622554715
1.6035674514745464
1.6388149028228556
1.7888543819998317
1.820517979665599
1.8126539343499315
1.8283482006601322
1.7968225924034427
1.804755622554715
1.7728105208558367
1.7647338933351153
1.7566201313073597
1.7566201313073597
1.7484687178050562
1.6987390281365427
1.7320508075688772
1.6733200530681511
1.740279123753264
1.7484687178050562
1.7566201313073597
1.7484687178050562
1.8439088914585775
1.7647338933351153
1.820517979665599
1.8746428231227714
1.8593393604027366
1.8516401995451028
1.8822478962286404
1.7728105208558367
1.780850519113991
1.9346465162548798
1.9493588689617927
1.9639610121239315
1.9639610121239315
1.9048809486609468
1.9639610121239315
1.8973665961010275
1.8361450300639575
1.8593393604027366
1.867006771737662
1.780850519113991
1.780850519113991
1.6647608150808246
1.61245154965971
1.5306394555404428
1.5856499343441837
1.61245154965971
1.65615734242165
1.5946338585572373
1.61245154965971
1.8439088914585775
1.7566201313073597
1.7728105208558367
1.7237832147426693
1.7071279138616748
1.780850519113991
1.7888543819998317
1.7728105208558367
1.7237832147426693
1.7237832147426693
1.7237832147426693
1.7237832147426693
1.7237832147426693
1.7071279138616748
1.7728105208558367
1.7320508075688772
1.6903085094570331
1.6987390281365427
1.740279123753264
1.740279123753264
1.7237832147426693
1.6818357317441643
1.6647608150808246
1.61245154965971
1.6388149028228556
1.5766148184367308
1.4928400545843579
1.4442002235542986
1.4928400545843579
1.5118578920369088
1.5023790657297036
1.4540583599999397
1.4342743312012722
1.4638501094227998
1.4342743312012722
1.5675276256394517
1.5306394555404428
1.5491933384829668
1.5491933384829668
1.5491933384829668
1.5491933384829668
1.558387444947959
1.5399443403670703
1.52127765851133
1.5399443403670703
1.424279266355945
1.424279266355945
1.4540583599999397
1.5306394555404428
1.52127765851133
1.52127765851133
1.5491933384829668
1.5491933384829668
1.5766148184367308
1.558387444947959
1.558387444947959
1.558387444947959
1.5399443403670703
1.5399443403670703
1.5023790657297036
1.4638501094227998
1.4832396974191326
1.4928400545843579
1.5118578920369088
1.5118578920369088
1.4832396974191326
1.4735767952260144
1.4638501094227998
1.424279266355945
1.4540583599999397
1.4540583599999397
1.424279266355945
1.3732131246511903
1.3732131246511903
1.3732131246511903
1.3627702877384937
1.3938641048743392
1.4442002235542986
1.4442002235542986
1.4442002235542986
1.4342743312012722
1.4540583599999397
1.52127765851133
1.5023790657297036
1.4928400545843579
1.5118578920369088
1.5118578920369088
1.5306394555404428
1.5306394555404428
1.5118578920369088
1.5856499343441837
1.5023790657297036
1.4638501094227998
1.4928400545843579
1.4928400545843579
1.6300744943538186
1.6300744943538186
1.6300744943538186
1.6300744943538186
1.7071279138616748
1.7320508075688772
1.7071279138616748
1.6987390281365427
1.6733200530681511
1.6818357317441643
1.6818357317441643
1.6818357317441643
1.65615734242165
1.6818357317441643
1.740279123753264
1.7237832147426693
1.7071279138616748
1.647508942095828
1.6300744943538186
1.6388149028228556
1.5946338585572373
1.61245154965971
1.6212869667555552
1.6212869667555552
1.6035674514745464
1.61245154965971
1.5946338585572373
1.558387444947959
1.5856499343441837
1.6212869667555552
1.5946338585572373
1.6212869667555552
1.61245154965971
1.6212869667555552
1.6300744943538186
1.6818357317441643
1.6903085094570331
1.61245154965971
1.52127765851133
1.5023790657297036
1.4928400545843579
1.4735767952260144
1.558387444947959
1.5675276256394517
1.7154757774032086
1.6903085094570331
1.5766148184367308
1.5118578920369088
1.4832396974191326
1.4832396974191326
1.5306394555404428
1.3835771443203715
1.3732131246511903
1.3732131246511903
1.3627702877384937
1.3938641048743392
1.424279266355945
1.3416407864998738
1.3201731488169053
1.3309502512973848
1.2535663410560174
1.2421180068162376
1.2535663410560174
1.2761549390929883
1.3627702877384937
1.3835771443203715
1.3835771443203715
1.4040757000349275
1.4040757000349275
1.4040757000349275
1.4540583599999397
1.4540583599999397
1.4638501094227998
1.4735767952260144
1.4832396974191326
1.6300744943538186
1.6987390281365427
1.6987390281365427
1.6818357317441643
1.61245154965971
1.5946338585572373
1.5675276256394517
1.5856499343441837
1.5766148184367308
1.5766148184367308
1.61245154965971
1.61245154965971
1.6903085094570331
1.6300744943538186
1.6300744943538186
1.65615734242165
1.65615734242165
1.6647608150808246
1.7154757774032086
1.6035674514745464
1.4540583599999397
1.4442002235542986
1.424279266355945
1.424279266355945
1.424279266355945
1.3938641048743392
1.2983506020002016
1.3416407864998738
1.3309502512973848
1.2535663410560174
1.2535663410560174
1.2535663410560174
1.2873006086935783
1.2873006086935783
1.4832396974191326
1.424279266355945
1.4735767952260144
1.4142135623730951
1.4540583599999397
1.424279266355945
1.3732131246511903
1.3416407864998738
1.3416407864998738
1.3627702877384937
1.424279266355945
1.3938641048743392
