3.3466401061363023
4.358898943540674
3.40587727318528
3.4641016151377544
3.255764119219941
3.22490309931942
3.1304951684997055
2.6832815729997477
2.23606797749979
2.23606797749979
2.32379000772445
2.23606797749979
2.23606797749979
2.1908902300206643
2.5298221281347035
2.6076809620810595
2.449489742783178
2.3664319132398464
2.3664319132398464
2.3664319132398464
2.280350850198276
2.3664319132398464
2.4083189157584592
2.4083189157584592
2.4083189157584592
2.4083189157584592
2.0976176963403033
2.0976176963403033
2.0976176963403033
1.9493588689617927
1.9493588689617927
1.9493588689617927
1.9493588689617927
1.7888543819998317
2.1908902300206643
1.6733200530681511
1.9493588689617927
1.6733200530681511
1.7320508075688772
1.8439088914585775
1.6733200530681511
1.9493588689617927
1.9493588689617927
1.7888543819998317
1.6733200530681511
2.04939015319192
2.04939015319192
2.04939015319192
1.6733200530681511
1.7888543819998317
1.7888543819998317
1.6733200530681511
1.6733200530681511
1.6733200530681511
1.6733200530681511
1.6733200530681511
1.6733200530681511
1.6733200530681511
1.6733200530681511
1.6733200530681511
1.8973665961010275
1.9493588689617927
1.8973665961010275
1.9493588689617927
1.9493588689617927
1.8973665961010275
1.9493588689617927
2.1908902300206643
2.1908902300206643
2.1908902300206643
2.1908902300206643
2.1908902300206643
2.1908902300206643
2.1908902300206643
2.0976176963403033
2.1908902300206643
2.1908902300206643
2.1908902300206643
2.1908902300206643
2.1908902300206643
2.1908902300206643
2.1908902300206643
2.1908902300206643
2.1908902300206643
2.1908902300206643
2.1908902300206643
1.9493588689617927
2.1908902300206643
1.9493588689617927
2.1908902300206643
2.1908902300206643
2.1908902300206643
2.32379000772445
2.32379000772445
2.32379000772445
2.32379000772445
2.32379000772445
2.32379000772445
2.32379000772445
2.0976176963403033
2.32379000772445
2.0976176963403033
2.0976176963403033
2.32379000772445
2.32379000772445
2.32379000772445
2.32379000772445
2.32379000772445
2.0976176963403033
2.0976176963403033
2.0976176963403033
2.0976176963403033
2.0976176963403033
2.0
2.0
2.23606797749979
2.32379000772445
2.32379000772445
2.23606797749979
2.23606797749979
2.0
2.0
2.0
2.0
2.0976176963403033
2.32379000772445
2.5298221281347035
2.6076809620810595
2.6076809620810595
2.6076809620810595
2.6076809620810595
2.6076809620810595
2.6076809620810595
2.5298221281347035
2.5298221281347035
2.6076809620810595
2.8284271247461903
2.756809750418044
2.756809750418044
2.8284271247461903
2.8284271247461903
2.8284271247461903
2.8284271247461903
2.8284271247461903
2.756809750418044
2.756809750418044
2.6457513110645907
2.6457513110645907
2.6457513110645907
2.6457513110645907
2.6457513110645907
2.6457513110645907
2.6457513110645907
2.6457513110645907
2.3664319132398464
2.6457513110645907
2.6457513110645907
2.6457513110645907
2.6457513110645907
2.3664319132398464
2.6457513110645907
2.3664319132398464
2.3664319132398464
2.6457513110645907
2.3664319132398464
2.3664319132398464
2.0976176963403033
1.9493588689617927
1.9493588689617927
1.9493588689617927
2.3664319132398464
2.3664319132398464
2.0976176963403033
2.1447610589527217
2.3664319132398464
2.1908902300206643
1.9493588689617927
2.1908902300206643
1.9493588689617927
1.9493588689617927
1.9493588689617927
1.9493588689617927
1.9493588689617927
1.9493588689617927
2.1908902300206643
2.23606797749979
2.04939015319192
2.1908902300206643
2.23606797749979
2.23606797749979
2.23606797749979
2.23606797749979
2.23606797749979
2.23606797749979
2.32379000772445
2.1908902300206643
2.23606797749979
2.1908902300206643
2.23606797749979
2.23606797749979
2.23606797749979
2.23606797749979
2.23606797749979
2.23606797749979
2.23606797749979
2.32379000772445
2.32379000772445
2.32379000772445
2.32379000772445
2.23606797749979
2.32379000772445
2.32379000772445
2.32379000772445
2.32379000772445
2.32379000772445
2.32379000772445
2.32379000772445
2.32379000772445
2.32379000772445
2.32379000772445
2.32379000772445
2.32379000772445
2.23606797749979
2.23606797749979
2.23606797749979
2.23606797749979
2.32379000772445
2.23606797749979
2.32379000772445
2.32379000772445
2.32379000772445
2.32379000772445
2.4083189157584592
2.4083189157584592
2.4083189157584592
2.4083189157584592
2.32379000772445
2.32379000772445
2.32379000772445
2.32379000772445
2.32379000772445
2.32379000772445
2.32379000772445
2.32379000772445
2.32379000772445
2.32379000772445
2.32379000772445
2.1447610589527217
2.1447610589527217
2.280350850198276
2.32379000772445
2.32379000772445
2.1447610589527217
2.1447610589527217
2.1447610589527217
2.1447610589527217
2.32379000772445
2.280350850198276
2.280350850198276
2.280350850198276
2.280350850198276
2.280350850198276
2.0976176963403033
2.32379000772445
2.32379000772445
2.32379000772445
2.32379000772445
2.280350850198276
2.280350850198276
2.32379000772445
2.4083189157584592
2.449489742783178
2.449489742783178
2.449489742783178
2.449489742783178
2.449489742783178
2.449489742783178
2.449489742783178
2.449489742783178
2.449489742783178
2.449489742783178
2.449489742783178
2.449489742783178
2.449489742783178
2.3664319132398464
2.3664319132398464
2.449489742783178
2.449489742783178
2.449489742783178
2.449489742783178
2.3664319132398464
2.3664319132398464
2.3664319132398464
2.3664319132398464
2.3664319132398464
2.449489742783178
2.449489742783178
2.3664319132398464
2.3664319132398464
2.3664319132398464
2.3664319132398464
2.3664319132398464
2.3664319132398464
2.32379000772445
2.32379000772445
2.3664319132398464
2.3664319132398464
2.3664319132398464
2.3664319132398464
2.3664319132398464
2.3664319132398464
2.3664319132398464
2.32379000772445
2.32379000772445
2.32379000772445
2.3664319132398464
2.3664319132398464
2.3664319132398464
2.32379000772445
2.32379000772445
2.3664319132398464
2.32379000772445
2.32379000772445
2.4083189157584592
2.4083189157584592
2.4083189157584592
2.4083189157584592
2.23606797749979
2.32379000772445
2.32379000772445
2.32379000772445
2.4083189157584592
2.32379000772445
2.23606797749979
2.23606797749979
2.32379000772445
2.3664319132398464
2.23606797749979
2.23606797749979
2.23606797749979
2.23606797749979
2.280350850198276
2.280350850198276
2.32379000772445
2.3664319132398464
2.3664319132398464
2.32379000772445
2.3664319132398464
2.3664319132398464
2.32379000772445
2.32379000772445
2.32379000772445
2.32379000772445
2.32379000772445
2.32379000772445
2.32379000772445
2.32379000772445
2.32379000772445
2.32379000772445
2.32379000772445
2.32379000772445
2.32379000772445
2.32379000772445
2.32379000772445
2.32379000772445
2.32379000772445
2.32379000772445
2.23606797749979
2.32379000772445
2.23606797749979
2.1447610589527217
2.23606797749979
2.23606797749979
2.32379000772445
2.23606797749979
2.23606797749979
2.23606797749979
2.32379000772445
2.32379000772445
2.32379000772445
2.32379000772445
2.32379000772445
2.32379000772445
2.32379000772445
2.32379000772445
2.32379000772445
2.32379000772445
2.32379000772445
2.32379000772445
2.32379000772445
2.32379000772445
2.23606797749979
2.23606797749979
2.23606797749979
2.23606797749979
2.23606797749979
2.23606797749979
2.23606797749979
2.23606797749979
2.23606797749979
