1, 51.39325506977221
2, 50.75759384893391
3, 50.06329327294933
4, 49.65167558994247
5, 48.980494984114735
6, 48.533379120857525
7, 48.52605256743822
8, 47.68228182459392
9, 46.76560939645951
10, 45.87059091739621
15, 43.43986904011362
20, 42.44316461130369
25, 40.8245568799521
30, 39.84525623514604
35, 38.9638008641069
40, 38.258477637134376
45, 37.60673698510237
50, 37.51177592881112
55, 36.01604580677279
60, 36.007098065674654
65, 35.27384930007561
70, 34.69325903143466
75, 34.661858640939094
80, 34.71246974151444
85, 32.750572514079806
90, 31.665614017591874
95, 31.67157856641959
100, 30.526491227566044
150, 27.12112747574399
200, 25.926820090400597
250, 24.31414768766896
300, 24.234044006085508
350, 23.9114105722677
400, 23.107959186777567
450, 23.099783548769455
500, 21.362480089061652
550, 21.332812493642017
600, 20.227593914144993
650, 20.143374979271858
700, 20.07153872194822
750, 19.50897229481861
800, 19.39530298236606
850, 17.78326304266021
900, 17.715028146244144
950, 17.69682959678874
1000, 17.677355257189603
1250, 17.198837169994952
1500, 15.932496491273564
1750, 15.882904856060389
2000, 14.715826703096077
2250, 14.081508757547569
2500, 13.881242339534632
2750, 13.810623929907488
3000, 13.75419128039805
3250, 13.753383422109469
3500, 12.901334986909086
3750, 12.459712855617678
4000, 11.529671865813587
4250, 11.53063552262214
4500, 11.322543883774529
4750, 11.29601699715435
5000, 11.444552318801193
5250, 11.445523142259598
5500, 11.595018087284059
5750, 11.373458381493096
6000, 11.133532932342526
6250, 10.748643325244974
6500, 10.73519652565543
6750, 10.532489417670133
7000, 10.516653460107925
7250, 10.201307105791232
7500, 10.158740079360236
7750, 10.14122499723009
8000, 10.136841497999047
8250, 10.374113081233606
8500, 10.389096848780135
8750, 9.484490263348661
9000, 9.484490263348661
9250, 9.41511786673138
9500, 9.602083107326242
9750, 9.22797678559908
10000, 9.267625849638563
11000, 9.098229375970787
12000, 9.100671525894242
13000, 9.083562688235883
14000, 8.939301488992925
15000, 8.898189578660244
16000, 8.93681524183345
17000, 8.97403662424738
18000, 8.528383981349183
19000, 8.568676806965135
20000, 8.885693870236333
21000, 8.949239570426577
22000, 8.851867348506504
23000, 8.386497083606082
24000, 8.128140418734574
25000, 8.418234177466594
26000, 8.57515791885685
27000, 8.586811592979862
28000, 8.610071621846902
29000, 8.611362003513472
30000, 8.637129152675673
31000, 8.466929129790143
32000, 8.64998394346615
33000, 8.673074554171793
34000, 8.667948623136464
35000, 8.767363723871998
36000, 8.385172097882734
37000, 8.480041928617517
38000, 8.607490278175682
39000, 8.46299132826108
40000, 8.514040691051981
41000, 8.369255907453448
42000, 8.43405793988477
43000, 8.440642418942081
44000, 8.502287273956867
45000, 8.359957469322968
46000, 8.17312669668102
47000, 8.34399318205751
48000, 8.393118874676114
49000, 8.230026326405849
50000, 8.265053606063976
51000, 7.821622451753714
52000, 7.7631608682718065
53000, 7.838650677536565
54000, 7.931652483001957
55000, 7.895146188218008
56000, 7.848566748139434
57000, 7.666666666666667
58000, 7.6681158050723255
59000, 7.7746025264604
60000, 7.934453702401669
61000, 8.159520683090262
62000, 7.656515018088988
63000, 7.874007874011811
64000, 7.780317045810751
65000, 7.895146188218008
66000, 7.858470306335422
67000, 7.813094421830856
68000, 7.869773397838932
69000, 7.9232428826698085
70000, 7.841485120108874
71000, 7.855641992295163
72000, 7.874007874011811
73000, 7.7746025264604
74000, 7.751702321999271
75000, 7.9456487043748245
76000, 7.92464510246358
77000, 7.980531867544223
78000, 8.0083289975708
79000, 7.9456487043748245
80000, 8.136338242723197
81000, 8.034647195462632
82000, 7.934453702401669
83000, 8.084278295281253
84000, 8.18535277187245
85000, 8.052604823561408
86000, 7.8258829817755675
87000, 7.940053176424226
88000, 7.855641992295163
89000, 7.757433710820723
90000, 7.639080805669983
91000, 7.760297817881877
92000, 7.9021797274197985
93000, 7.948444991177694
94000, 7.9833159359587755
95000, 7.904991390816874
96000, 7.935853941308255
97000, 7.813094421830856
98000, 7.868361399370971
99000, 7.878240074195928
100000, 7.861297602813418
