14.843950186620042
12.87966281723688
13.036213297689523
11.810407033024488
11.430535545508917
9.112001505079519
8.518886580500327
8.2010452295511
8.188842583487784
7.502380574571933
7.628892449104261
7.404631755095687
6.81175454637056
6.360592964271716
6.385250862059264
5.744562646538029
5.6593790674040765
5.651801229949364
5.474616751100352
5.011415539973283
5.212622043792219
4.675162334843877
4.468940430507949
4.401298509693312
4.420730385678044
4.481708857758867
4.875595201760352
4.705619740571601
4.604345773288535
4.613644360558612
4.570089089472358
4.5229573132125465
4.27617987059879
3.8321944477954513
3.8913824205360674
3.927922024247863
4.212227100104783
4.38829612231705
4.105745103771404
4.604345773288535
4.44007721940573
4.541868715470696
4.272837799067834
4.181592314623018
4.417497675640103
4.299501632249287
4.140393356054125
4.2594432902501635
4.21561722306812
4.212227100104783
4.18500725379129
4.077814540727843
4.08481508586549
3.924283374069717
3.9023802260378764
3.7568984168174833
3.4142558277233497
3.764495792457281
3.7186787208054732
3.7682887362833544
3.6371103129505746
3.4517076519145875
3.4641016151377544
3.4226138716316967
3.8172540616821107
3.5294677866702306
3.5335130232835263
3.4641016151377544
3.255764119219941
3.0142518616920992
3.102993945945017
3.0
2.9277002188455996
2.9568322818274866
2.878491668515698
2.893342111024649
2.917924898671265
2.893342111024649
2.922816645439317
2.6619005025947695
2.6619005025947695
2.6779523094014523
2.7360033416855116
2.888400447108597
2.990461025135948
3.004758131459407
3.0845235797908424
2.980891525318271
2.9471535904520287
2.990461025135948
3.0472470011002204
3.1075943842694236
2.893342111024649
2.756809750418044
2.715037489875337
2.833473385894321
2.9081167199998794
2.84855853271189
3.251373336211726
2.7464262493023806
2.8284271247461903
2.9471535904520287
3.1121880222303866
3.070597894314954
2.961659766318301
2.961659766318301
3.056608765095256
3.03315017762062
3.0189875313233268
3.04255531702266
3.04255531702266
2.8132340311971404
2.9081167199998794
3.0142518616920992
3.1075943842694236
3.1532296368734616
3.1532296368734616
3.056608765095256
3.051931472737505
2.888400447108597
2.888400447108597
2.9760952365713798
2.843539042410757
2.6076809620810595
2.7097706808616007
2.704493615131253
2.699206232527312
2.704493615131253
2.524168887263404
2.5185029566901727
2.4319304501333328
2.4436506647695313
2.4899799195977463
2.5579009251449016
2.5128242505765725
2.5410908793553326
2.5746012173871566
2.6403462976338106
2.569046515733026
2.5801439605461662
2.667261838343906
2.667261838343906
2.699206232527312
2.699206232527312
2.6186146828319083
2.715037489875337
2.878491668515698
2.6726124191242437
2.6832815729997477
2.6403462976338106
2.6779523094014523
2.7464262493023806
2.7307769694983985
2.7097706808616007
2.5746012173871566
2.5410908793553326
2.4669240534954224
2.3844735867092943
2.495710605933995
2.5634797778466227
2.524168887263404
2.5467065566559266
2.569046515733026
2.5467065566559266
2.5467065566559266
2.3543273227945902
2.2928460168844436
2.2677868380553634
2.437797600880176
2.4201534780139164
2.4553149347021512
2.280350850198276
2.2614786566062732
2.305273457593635
2.3664319132398464
2.5185029566901727
2.2232537288526344
2.2866069685390684
2.32379000772445
2.4319304501333328
2.4319304501333328
2.248809208701987
2.23606797749979
2.280350850198276
2.2168188275738085
2.18435999126256
2.117950491799628
2.1908902300206643
2.2614786566062732
2.164651077128664
2.2928460168844436
2.3176342617912282
2.4023797725231892
2.5185029566901727
2.3421601750764798
2.305273457593635
2.3603873774083293
2.305273457593635
2.2928460168844436
2.449489742783178
2.3421601750764798
2.23606797749979
2.2168188275738085
2.32992949004287
2.32992949004287
2.311462122306386
2.461126339126632
2.336052836975837
2.4201534780139164
2.4436506647695313
2.501428163498376
2.5185029566901727
2.5071326821120348
2.4669240534954224
2.5467065566559266
2.5128242505765725
2.3603873774083293
2.2928460168844436
2.311462122306386
2.390457218668787
2.5071326821120348
2.495710605933995
2.4727081741050063
2.4436506647695313
2.461126339126632
2.4319304501333328
2.390457218668787
2.3664319132398464
2.4142434484888695
2.3964259101539405
2.4669240534954224
2.4023797725231892
2.437797600880176
2.3844735867092943
2.4260491103261463
2.449489742783178
2.4727081741050063
2.4436506647695313
2.53546276418555
2.591193878173865
2.591193878173865
2.6186146828319083
2.501428163498376
2.524168887263404
2.5071326821120348
2.5410908793553326
2.449489742783178
2.4899799195977463
2.4553149347021512
2.4142434484888695
2.5467065566559266
2.6349301969610397
2.6726124191242437
2.6619005025947695
2.656528346760647
2.699206232527312
2.6832815729997477
2.756809750418044
2.704493615131253
2.7307769694983985
2.6295029405356662
2.6021968740717085
2.6403462976338106
2.5746012173871566
2.5467065566559266
2.569046515733026
2.585674822114004
2.6457513110645907
2.6240644591385873
2.8535691936340255
2.833473385894321
2.792848008753788
2.84855853271189
2.8834503141697647
2.833473385894321
2.833473385894321
2.8233718443429607
2.81830749615033
2.6939084723024385
2.7516228977511745
2.6619005025947695
2.656528346760647
2.585674822114004
2.591193878173865
2.4436506647695313
2.449489742783178
2.4553149347021512
2.4436506647695313
2.4727081741050063
2.449489742783178
2.4436506647695313
2.4784787961282104
2.5185029566901727
2.5298221281347035
2.5298221281347035
2.53546276418555
2.596701204000403
2.4319304501333328
2.4319304501333328
2.4669240534954224
2.495710605933995
2.4784787961282104
2.449489742783178
2.4436506647695313
2.53546276418555
2.5801439605461662
2.5746012173871566
2.5634797778466227
2.5071326821120348
2.5071326821120348
2.501428163498376
2.4899799195977463
2.501428163498376
2.4899799195977463
2.5128242505765725
2.4260491103261463
2.4083189157584592
2.3844735867092943
2.4142434484888695
2.4553149347021512
2.3784749015162756
2.3603873774083293
2.3964259101539405
2.3784749015162756
2.3664319132398464
2.3844735867092943
2.4083189157584592
2.461126339126632
2.4260491103261463
2.501428163498376
2.437797600880176
2.461126339126632
2.437797600880176
2.4436506647695313
2.3844735867092943
2.3784749015162756
2.3964259101539405
2.3724610489050035
2.4083189157584592
2.4142434484888695
2.390457218668787
2.437797600880176
2.4669240534954224
2.4260491103261463
2.4260491103261463
2.4436506647695313
2.501428163498376
2.449489742783178
2.4319304501333328
2.2614786566062732
2.1908902300206643
2.210365192839022
2.2168188275738085
2.2614786566062732
2.2614786566062732
2.3176342617912282
2.29906813420444
2.2928460168844436
2.2928460168844436
2.274077520980446
2.2038926600773587
2.2614786566062732
2.2928460168844436
2.274077520980446
2.2866069685390684
2.1580414400893364
2.1580414400893364
2.1514114968019085
2.197401062294143
2.2168188275738085
2.2168188275738085
2.1313979316066587
2.1313979316066587
2.056349053193895
2.02837021134844
2.0
2.042407542932745
2.0701966780270626
2.0976176963403033
2.0632844828435215
2.04939015319192
2.04939015319192
2.0
2.007130147392398
1.985662897587892
1.9566735620873066
2.042407542932745
2.02837021134844
2.0213149892370277
2.0354009783964297
1.9123657749350298
1.927248223318863
1.889822365046136
1.9639610121239315
1.9639610121239315
1.9566735620873066
2.0
1.9712215212183246
1.942016624910449
1.9048809486609468
