1, 16.816658407662327
2, 16.11417595369576
3, 15.209646062066446
4, 15.200877167672484
5, 15.220600075774499
6, 15.150357531534803
7, 14.569374271624252
8, 14.576236368372554
9, 14.551059526142188
10, 13.894843168120563
15, 11.667619008749528
20, 11.123548594460912
25, 10.36018017861337
30, 9.956572368708688
35, 9.848857801796104
40, 8.438009243891594
45, 7.66376756780458
50, 7.681145747868608
55, 6.957010852370434
60, 6.54217089351845
65, 6.439461675223067
70, 6.434283176858165
75, 5.89349924351682
80, 5.882176467941097
85, 4.953113498935123
90, 4.8373546489791295
95, 4.898979485566356
100, 4.857983120596447
150, 5.221749387577564
200, 4.442221666388715
250, 3.7682887362833544
300, 3.1622776601683795
350, 2.695675549220764
400, 2.5298221281347035
450, 2.463060426921489
500, 2.309401076758503
550, 2.3523038352503134
600, 2.280350850198276
650, 2.4083189157584592
700, 2.449489742783178
750, 2.23606797749979
800, 2.3523038352503134
850, 2.265686062395524
900, 2.206052281036573
950, 2.449489742783178
1000, 2.3804761428476167
1250, 1.9321835661585918
1500, 1.632993161855452
1750, 1.505545305418162
2000, 1.9321835661585918
2250, 1.8618986725025255
2500, 1.7320508075688772
2750, 1.7701224063135672
3000, 1.4832396974191326
3250, 1.3165611772087666
3500, 1.6532795690182993
3750, 1.4142135623730951
4000, 1.3662601021279464
4250, 1.4375905768565218
4500, 1.2382783747337807
4750, 1.2909944487358056
5000, 1.0954451150103321
5250, 1.0645812948447542
5500, 1.0645812948447542
5750, 1.0645812948447542
6000, 1.1254628677422756
6250, 1.1254628677422756
6500, 1.2649110640673518
6750, 1.2110601416389966
7000, 1.1547005383792515
7250, 1.2909944487358056
7500, 1.1254628677422756
7750, 1.3165611772087666
8000, 1.3416407864998738
8250, 1.1547005383792515
8500, 1.1254628677422756
8750, 1.0327955589886444
9000, 1.0
9250, 0.8944271909999159
9500, 1.0
9750, 0.9660917830792959
10000, 0.9660917830792959
11000, 1.0
12000, 0.816496580927726
13000, 0.7302967433402214
14000, 0.7302967433402214
15000, 0.6324555320336759
16000, 0.7745966692414834
17000, 0.7745966692414834
18000, 0.7302967433402214
19000, 0.7745966692414834
20000, 0.6831300510639732
21000, 0.7302967433402214
22000, 0.6831300510639732
23000, 0.7745966692414834
24000, 0.6831300510639732
25000, 0.7302967433402214
26000, 0.7302967433402214
27000, 0.7302967433402214
28000, 0.7745966692414834
29000, 0.7302967433402214
30000, 0.7302967433402214
31000, 0.7302967433402214
32000, 0.6831300510639732
33000, 0.7302967433402214
34000, 0.6831300510639732
35000, 0.7302967433402214
36000, 0.9309493362512627
37000, 0.7745966692414834
38000, 0.7745966692414834
39000, 0.7745966692414834
40000, 0.7302967433402214
41000, 0.7745966692414834
42000, 0.7745966692414834
43000, 0.7745966692414834
44000, 0.8944271909999159
45000, 0.9309493362512627
46000, 0.9309493362512627
47000, 0.8944271909999159
48000, 0.6831300510639732
49000, 0.816496580927726
50000, 0.6831300510639732
51000, 0.7302967433402214
52000, 0.6831300510639732
53000, 0.816496580927726
54000, 0.7302967433402214
55000, 0.4472135954999579
56000, 0.5773502691896257
57000, 0.5773502691896257
58000, 0.5773502691896257
59000, 0.5773502691896257
60000, 0.5773502691896257
61000, 0.5773502691896257
62000, 0.5773502691896257
63000, 0.5773502691896257
64000, 0.5773502691896257
65000, 0.5773502691896257
66000, 0.5773502691896257
67000, 0.5773502691896257
68000, 0.7302967433402214
69000, 0.7302967433402214
70000, 0.6324555320336759
71000, 0.6324555320336759
72000, 0.6831300510639732
73000, 0.6831300510639732
74000, 0.6324555320336759
75000, 0.6831300510639732
76000, 0.6831300510639732
77000, 0.6831300510639732
78000, 0.6831300510639732
79000, 0.6324555320336759
80000, 0.6831300510639732
81000, 0.6831300510639732
82000, 0.6831300510639732
83000, 0.6831300510639732
84000, 0.5163977794943222
85000, 0.5163977794943222
86000, 0.5163977794943222
87000, 0.6831300510639732
88000, 0.5163977794943222
89000, 0.5163977794943222
90000, 0.5163977794943222
91000, 0.6831300510639732
92000, 0.5163977794943222
93000, 0.5163977794943222
94000, 0.2581988897471611
95000, 0.6831300510639732
96000, 0.6831300510639732
97000, 0.5163977794943222
98000, 0.5163977794943222
99000, 0.5163977794943222
100000, 0.5773502691896257
