1, 13.70255450636851
2, 13.145341380123988
3, 12.912009913255178
4, 12.006664815842907
5, 11.946547618454463
6, 11.794914158229385
7, 11.723480711802276
8, 11.288932633336067
9, 11.288932633336067
10, 10.598113039593416
15, 9.991996797437437
20, 8.98443097808648
25, 7.2
30, 7.161005515987263
35, 5.291502622129181
40, 5.344155686354955
45, 5.314132102234569
50, 5.176871642217914
55, 4.824935232725927
60, 4.698936049788292
65, 4.6303347611160905
70, 4.604345773288535
75, 4.656178690729126
80, 4.664761515876241
85, 4.69041575982343
90, 4.019950248448356
95, 3.9899874686520005
100, 3.97994974842648
150, 3.3105890714493698
200, 3.2741411087489802
250, 3.0199337741082997
300, 2.449489742783178
350, 2.4331050121192876
400, 2.3664319132398464
450, 2.3664319132398464
500, 1.8973665961010275
550, 1.833030277982336
600, 1.7888543819998317
650, 1.7888543819998317
700, 1.8110770276274832
750, 1.8110770276274832
800, 1.8547236990991407
850, 1.697056274847714
900, 1.697056274847714
950, 1.1661903789690602
1000, 1.2649110640673518
1250, 1.2649110640673518
1500, 1.0954451150103321
1750, 0.938083151964686
2000, 0.938083151964686
2250, 0.938083151964686
2500, 0.938083151964686
2750, 0.938083151964686
3000, 0.938083151964686
3250, 0.938083151964686
3500, 0.938083151964686
3750, 0.938083151964686
4000, 0.938083151964686
4250, 0.938083151964686
4500, 0.938083151964686
4750, 0.938083151964686
5000, 0.938083151964686
5250, 0.938083151964686
5500, 0.938083151964686
5750, 0.8944271909999159
6000, 0.8944271909999159
6250, 0.8944271909999159
6500, 0.8944271909999159
6750, 0.8944271909999159
7000, 0.8944271909999159
7250, 0.8944271909999159
7500, 0.565685424949238
7750, 0.565685424949238
8000, 0.565685424949238
8250, 0.565685424949238
8500, 0.565685424949238
8750, 0.565685424949238
9000, 0.565685424949238
9250, 0.565685424949238
9500, 0.6324555320336759
9750, 0.6324555320336759
10000, 0.6324555320336759
11000, 0.6324555320336759
12000, 0.6324555320336759
13000, 0.6324555320336759
14000, 0.6324555320336759
15000, 0.6324555320336759
16000, 0.565685424949238
17000, 0.565685424949238
18000, 0.565685424949238
19000, 0.565685424949238
20000, 0.4898979485566356
21000, 0.4898979485566356
22000, 0.4898979485566356
23000, 0.4898979485566356
24000, 0.4898979485566356
25000, 0.4898979485566356
26000, 0.4898979485566356
27000, 0.4898979485566356
28000, 0.4898979485566356
29000, 0.0
30000, 0.0
31000, 0.0
32000, 0.282842712474619
33000, 0.282842712474619
34000, 0.282842712474619
35000, 0.282842712474619
36000, 0.282842712474619
37000, 0.282842712474619
38000, 0.282842712474619
39000, 0.282842712474619
40000, 0.282842712474619
41000, 0.282842712474619
42000, 0.282842712474619
43000, 0.282842712474619
44000, 0.4898979485566356
45000, 0.4898979485566356
46000, 0.4898979485566356
47000, 0.4898979485566356
48000, 0.282842712474619
49000, 0.282842712474619
50000, 0.282842712474619
51000, 0.282842712474619
52000, 0.282842712474619
53000, 0.282842712474619
54000, 0.282842712474619
55000, 0.282842712474619
56000, 0.282842712474619
57000, 0.4898979485566356
58000, 0.4898979485566356
59000, 0.4898979485566356
60000, 0.4898979485566356
61000, 0.4898979485566356
62000, 0.4898979485566356
63000, 0.4898979485566356
64000, 0.4898979485566356
65000, 0.4898979485566356
66000, 0.4898979485566356
67000, 0.4898979485566356
68000, 0.565685424949238
69000, 0.565685424949238
70000, 0.565685424949238
71000, 0.565685424949238
72000, 0.565685424949238
73000, 0.565685424949238
74000, 0.565685424949238
75000, 0.565685424949238
76000, 0.565685424949238
77000, 0.565685424949238
78000, 0.565685424949238
79000, 0.565685424949238
80000, 0.565685424949238
81000, 0.565685424949238
82000, 0.565685424949238
83000, 0.565685424949238
84000, 0.565685424949238
85000, 0.565685424949238
86000, 0.565685424949238
87000, 0.565685424949238
88000, 0.565685424949238
89000, 0.565685424949238
90000, 0.565685424949238
91000, 0.565685424949238
92000, 0.565685424949238
93000, 0.565685424949238
94000, 0.565685424949238
95000, 0.565685424949238
96000, 0.565685424949238
97000, 0.565685424949238
98000, 0.565685424949238
99000, 0.565685424949238
100000, 0.565685424949238
