1, 577.118006996836
2, 576.6696784121739
3, 576.6683310187929
4, 576.5428379574236
5, 576.1093837111143
6, 575.8216772578122
7, 575.7973914494577
8, 574.9768690999665
9, 574.2815703119855
10, 573.8094718632658
15, 573.131037372781
20, 571.7691946931034
25, 571.7831774370421
30, 570.8171038082163
35, 569.552735047423
40, 568.2179705007577
45, 567.3624520533589
50, 566.3021967112612
55, 565.4079465306444
60, 564.7686588329774
65, 563.4639953004984
70, 563.1508181650809
75, 562.5584645172446
80, 562.3567906587418
85, 561.5125644186423
90, 559.4682260861648
95, 557.3881950669569
100, 557.1513995315815
150, 548.6066769553576
200, 539.5020222390274
250, 529.8175704900697
300, 520.2769128070166
350, 515.6476839858781
400, 508.6924434272638
450, 502.14835457263024
500, 495.07627493144935
550, 488.7376740133709
600, 484.09093773794194
650, 481.32524762368325
700, 482.03983652806124
750, 481.4023784735593
800, 476.8043351312989
850, 474.0343173231238
900, 471.6129557168675
950, 470.1714963712709
1000, 468.32317687682297
1250, 462.1243404106734
1500, 454.38295962766915
1750, 449.3554962387797
2000, 446.879234245674
2250, 441.4990826717537
2500, 436.5257403636125
