1, 62.704211834757814
2, 61.96846705455049
3, 61.08459112351717
4, 61.08265636898013
5, 60.26532245752188
6, 59.57714632001405
7, 58.692573480962494
8, 58.692573480962494
9, 57.778102174691504
10, 57.77448320055238
15, 55.43677807770184
20, 55.42759404681193
25, 55.421033092959476
30, 53.823955464255704
35, 53.822773145676074
40, 53.002229798720386
45, 52.99759857338306
50, 51.26384513652695
55, 51.26118503223556
60, 50.4924836890691
65, 50.49266373354738
70, 50.48726211990146
75, 50.479158615664886
80, 49.63686313434988
85, 49.63539792600365
90, 49.63429899135915
95, 49.628620774710235
100, 49.62898713087306
150, 47.85337453665577
200, 47.10336795524575
250, 46.36887670919717
300, 46.37083723046788
350, 46.36652397424834
400, 45.24840529585747
450, 45.21866066932183
500, 44.123586765934036
550, 43.456561383440445
600, 43.03444709025128
650, 39.9731728219633
700, 39.983178281053966
750, 39.83853776067956
800, 39.83602754930631
850, 39.84196052131243
900, 39.8545081287151
950, 38.98158073197695
1000, 38.982280356825996
1250, 38.55739523454259
1500, 38.5550374022761
1750, 37.94254028971128
2000, 38.097005370262615
2250, 37.786962638647545
2500, 37.15397935374059
2750, 36.2752106691458
3000, 35.491100036744164
3250, 33.837579969345
3500, 34.02138364991268
3750, 33.25275108236091
4000, 32.59001520265203
4250, 31.88388022468122
4500, 31.118833817831575
4750, 30.587579178483544
5000, 29.468318889645168
5250, 29.511168918040013
5500, 29.03446228191595
5750, 28.641038579442103
6000, 28.641673389406815
6250, 28.641038579442103
6500, 28.578122592449823
6750, 28.577486370790684
7000, 28.574623198024693
7250, 27.8221625197023
7500, 28.237628022970277
7750, 27.040037654626822
8000, 27.11021276868989
8250, 27.16782856782833
8500, 26.814853414411267
8750, 26.891701998267724
9000, 26.891701998267724
9250, 26.83823595341
9500, 26.58878779417438
9750, 26.303473673124
10000, 25.674536377154276
11000, 26.12696273618849
12000, 26.657763665325785
13000, 25.158407233874218
14000, 24.40566253221501
15000, 24.54976393147008
16000, 24.370250119953443
17000, 25.11138821693891
18000, 24.783058729704855
19000, 25.001818115707287
20000, 25.779484443677656
21000, 25.67489045740994
22000, 26.212765800447134
23000, 25.934182427480113
24000, 25.477976229035004
25000, 25.883304552267948
26000, 25.617820502000697
27000, 26.425882629105747
28000, 26.119306687164993
29000, 26.320403423269113
30000, 26.545672477312138
31000, 26.243960344152605
32000, 26.046811007038148
33000, 26.082386951560032
34000, 25.835493555818267
35000, 25.452272625802628
36000, 25.73360024983255
37000, 26.101201644229473
38000, 26.494253236229447
39000, 27.023895150235266
40000, 26.723159856709923
41000, 27.403715740089634
42000, 26.87141096542434
43000, 27.151427218472328
44000, 26.505574027842794
45000, 26.5662123074336
46000, 26.77991105966628
47000, 26.880205626919125
48000, 26.42829062679888
49000, 26.418657319126847
50000, 26.0858721777273
51000, 26.00699206681996
52000, 25.565601890039673
53000, 25.178273462361446
54000, 25.362104873932754
55000, 25.294268125407385
56000, 25.523251431515607
57000, 25.48011702556257
58000, 25.40400827357046
59000, 24.922425097234672
60000, 24.79919353527449
61000, 24.3635345995161
62000, 24.416462404771835
63000, 24.44065168004844
64000, 24.142757242550555
65000, 23.896747591556167
66000, 23.989391594846857
67000, 23.754425425017697
68000, 23.998484800655074
69000, 23.757486858213387
70000, 23.439671111561736
71000, 23.56306817496783
72000, 23.448202102041467
73000, 23.381033494538414
74000, 23.628565147064915
75000, 23.421047255523277
76000, 23.388419823027416
77000, 23.308211584605267
78000, 23.603158494343315
79000, 23.62779564988506
80000, 23.860960888980447
81000, 23.862103846894975
82000, 23.9176617890325
83000, 23.897128013063146
84000, 23.56846892084268
85000, 23.649332106655972
86000, 23.7720232817716
87000, 23.852958650105364
88000, 24.04200868933754
89000, 24.154051043627895
90000, 24.302263269086687
91000, 24.160824790256118
92000, 24.229583720582724
93000, 24.34860458947382
94000, 24.603030116412306
95000, 24.44883339845594
96000, 24.208563473584
97000, 24.479304802962922
98000, 24.511592804593132
99000, 24.749655644987357
100000, 24.834360361109656
