1, 34.55382275040877
2, 33.73820781646035
3, 33.28763534207059
4, 32.49923076012723
5, 31.918646587848926
6, 31.00430077693523
7, 30.980639115421745
8, 30.265491900843113
9, 30.26439051646891
10, 30.268795813510653
15, 28.014282071829005
20, 27.02714684658125
25, 25.16479021702082
30, 25.166777041700566
35, 23.58671942711265
40, 21.463146709340332
45, 21.12581359380036
50, 21.06814340815694
55, 20.349447166937978
60, 20.506096654409877
65, 20.437710243566915
70, 19.73068675946177
75, 19.607821568615588
80, 18.677080428518085
85, 18.722535440835287
90, 18.922649567823917
95, 18.414668066516974
100, 18.29389697868299
150, 14.043978543608407
200, 10.871982339941507
250, 10.09785455761107
300, 9.500877152487904
350, 9.086620200419222
400, 8.455767262643882
450, 7.13909424693824
500, 7.0285133563222315
550, 6.930608438898661
600, 6.400520812142295
650, 6.44980619863884
700, 6.142746399887703
750, 5.96936624218462
800, 6.19408319823577
850, 5.988878581726855
900, 6.06630035524124
950, 6.052547672950072
1000, 5.689170999949524
1250, 5.307227776030219
1500, 5.300943312279429
1750, 5.1478150704935
2000, 5.477225575051661
2250, 5.385164807134504
2500, 5.558776843874918
2750, 5.10881590977792
3000, 4.686861067566081
3250, 4.339738855430512
3500, 3.96232255123179
3750, 4.273952113286562
4000, 4.09878030638384
4250, 4.370354676682432
4500, 3.966526608171604
4750, 3.719318934070233
5000, 3.5071355833500366
5250, 3.483293460696835
5500, 3.6285901761795403
5750, 3.7859388972001824
6000, 3.286335345030997
6250, 3.3065591380365986
6500, 3.1937438845342623
6750, 3.1780497164141406
7000, 3.03315017762062
7250, 2.840187787218772
7500, 2.9154759474226504
7750, 2.8460498941515415
8000, 2.9664793948382653
8250, 2.9097537123726926
8500, 2.932575659723036
8750, 2.932575659723036
9000, 2.8809720581775866
9250, 2.8809720581775866
9500, 3.0550504633038935
9750, 2.932575659723036
10000, 2.949576240750525
11000, 2.857738033247041
12000, 2.7386127875258306
13000, 2.6012817353502227
14000, 2.3874672772626644
15000, 2.2949219304078006
16000, 2.37346441585572
17000, 1.9916492328386208
18000, 2.23606797749979
19000, 2.258317958127243
20000, 2.4083189157584592
21000, 2.265686062395524
22000, 2.330951164939612
23000, 2.273030282830976
24000, 2.258317958127243
25000, 2.206052281036573
26000, 1.9407902170679516
27000, 1.9578900207451218
28000, 2.0330600909302543
29000, 2.105548226313834
30000, 1.8973665961010275
31000, 1.888562063228706
32000, 2.0248456731316584
33000, 1.9235384061671346
34000, 2.073644135332772
35000, 2.073644135332772
36000, 2.073644135332772
37000, 1.9148542155126762
38000, 1.8973665961010275
39000, 1.8618986725025255
40000, 1.9407902170679516
41000, 1.879716290649558
42000, 1.7701224063135672
43000, 1.8439088914585775
44000, 1.8529256146249728
45000, 1.8439088914585775
46000, 1.816590212458495
47000, 1.7701224063135672
48000, 1.7511900715418263
49000, 1.7888543819998317
50000, 1.8529256146249728
51000, 1.5491933384829668
52000, 1.5811388300841898
53000, 1.632993161855452
54000, 1.61245154965971
55000, 1.390443574307614
56000, 1.570562531918633
57000, 1.559914527573012
58000, 1.5383974345619102
59000, 1.5491933384829668
60000, 1.4944341180973264
61000, 1.505545305418162
62000, 1.3416407864998738
63000, 1.3038404810405297
64000, 1.2909944487358056
65000, 1.4259499757471625
66000, 1.3416407864998738
67000, 1.3165611772087666
68000, 1.2649110640673518
69000, 1.4142135623730951
70000, 1.4142135623730951
71000, 1.378404875209022
72000, 1.35400640077266
73000, 1.4375905768565218
74000, 1.4944341180973264
75000, 1.4259499757471625
76000, 1.4142135623730951
77000, 1.4142135623730951
78000, 1.51657508881031
79000, 1.632993161855452
80000, 1.5275252316519468
81000, 1.4605934866804429
82000, 1.4375905768565218
83000, 1.378404875209022
84000, 1.378404875209022
85000, 1.390443574307614
86000, 1.570562531918633
87000, 1.390443574307614
88000, 1.4375905768565218
89000, 1.4142135623730951
90000, 1.4142135623730951
91000, 1.559914527573012
92000, 1.591644851508443
93000, 1.4142135623730951
94000, 1.4259499757471625
95000, 1.4259499757471625
96000, 1.4259499757471625
97000, 1.378404875209022
98000, 1.3662601021279464
99000, 1.3662601021279464
100000, 1.3416407864998738
