1, 28.778464170278443
2, 28.16309642067079
3, 27.34373785714016
4, 27.121946832777326
5, 26.790296750876053
6, 26.61052423384402
7, 26.533752090497867
8, 25.84027863626861
9, 25.769749707748424
10, 25.663982543634962
15, 24.2816803372419
20, 23.310941636922347
25, 21.61110825478416
30, 20.653329029480936
35, 19.195832881122925
40, 18.89338508579127
45, 18.74459922217597
50, 17.67031408888931
55, 16.93517050401324
60, 16.27144738491324
65, 16.73200525938239
70, 15.576905982896603
75, 14.473423921104501
80, 14.44714504668656
85, 14.653327267211361
90, 14.969301920931384
95, 15.371402018033358
100, 14.805404418657398
150, 15.20657752421629
200, 13.087398519186308
250, 12.379014500355026
300, 10.939835464941876
350, 10.105444077327824
400, 9.275774900244183
450, 8.644073113989723
500, 8.959910713840847
550, 8.16333265278342
600, 8.180464534487024
650, 6.913754406977442
700, 7.152621896899066
750, 7.353910524340094
800, 7.531268153505092
850, 7.152621896899066
900, 7.238784428341543
950, 6.870225614927067
1000, 6.9656299069072
1250, 5.768882040742383
1500, 5.2839379254491625
1750, 4.494441010848846
2000, 4.331281565541543
2250, 3.7841775856849003
2500, 3.7735924528226414
2750, 3.3645207682521443
3000, 3.4698703145794942
3250, 3.687817782917155
3500, 3.2924155266308657
3750, 3.9899874686520005
4000, 4.009987531152684
4250, 3.671511950137164
4500, 3.671511950137164
4750, 3.6606010435446255
5000, 3.6606010435446255
5250, 3.5496478698597698
5500, 3.54400902933387
5750, 3.286335345030997
6000, 3.334666400106613
6250, 3.6606010435446255
6500, 3.4641016151377544
6750, 3.3763886032268267
7000, 3.63318042491699
7250, 3.560898762952971
7500, 3.2924155266308657
7750, 3.243454948045371
8000, 3.54400902933387
8250, 2.85657137141714
8500, 2.9189039038652846
8750, 3.334666400106613
9000, 3.423448553724738
9250, 3.1496031496047245
9500, 3.0724582991474434
9750, 3.104834939252005
10000, 3.059411708155671
11000, 3.2310988842807022
12000, 3.0919249667480613
13000, 2.85657137141714
14000, 2.5059928172283334
15000, 2.7640549922170505
16000, 2.227105745132009
17000, 2.227105745132009
18000, 2.2181073012818833
19000, 2.3664319132398464
20000, 2.3065125189341593
21000, 2.1908902300206643
22000, 2.1540659228538015
23000, 2.1071307505705477
24000, 2.1447610589527217
25000, 2.029778313018444
26000, 2.08806130178211
27000, 2.029778313018444
28000, 2.0591260281974
29000, 2.08806130178211
30000, 1.9798989873223332
31000, 1.9078784028338913
32000, 1.8547236990991407
33000, 1.9595917942265424
34000, 1.9183326093250879
35000, 2.009975124224178
36000, 1.876166303929372
37000, 1.98997487421324
38000, 1.9798989873223332
39000, 1.833030277982336
40000, 1.9078784028338913
41000, 1.7776388834631178
42000, 1.833030277982336
43000, 1.7888543819998317
44000, 1.8439088914585775
45000, 1.9078784028338913
46000, 2.0199009876724157
47000, 2.009975124224178
48000, 1.876166303929372
49000, 1.969771560359221
50000, 1.9078784028338913
51000, 1.8
52000, 1.7088007490635062
53000, 1.7663521732655694
54000, 1.7204650534085253
55000, 1.9183326093250879
56000, 1.969771560359221
57000, 1.9595917942265424
58000, 1.833030277982336
59000, 2.1260291625469296
60000, 2.1633307652783933
61000, 1.8220867158288598
62000, 1.833030277982336
63000, 1.8
64000, 1.8
65000, 1.6733200530681511
66000, 1.7776388834631178
67000, 1.697056274847714
68000, 1.6852299546352716
69000, 1.7663521732655694
70000, 1.8867962264113207
71000, 1.7320508075688772
72000, 1.7204650534085253
73000, 1.7549928774784245
74000, 1.7888543819998317
75000, 1.7320508075688772
76000, 1.7088007490635062
77000, 1.7663521732655694
78000, 1.6492422502470643
79000, 1.5748015748023623
80000, 1.7088007490635062
81000, 1.6370705543744901
82000, 1.5620499351813308
83000, 1.5748015748023623
84000, 1.5491933384829668
85000, 1.5748015748023623
86000, 1.469693845669907
87000, 1.4142135623730951
88000, 1.0954451150103321
89000, 1.1489125293076057
90000, 1.3416407864998738
91000, 1.4832396974191326
92000, 1.3711309200802089
93000, 1.3564659966250536
94000, 1.3416407864998738
95000, 1.131370849898476
96000, 0.9797958971132712
97000, 1.1832159566199232
98000, 1.2
99000, 1.2
100000, 1.2328828005937953
