1, 56.9699921011053
2, 56.47070036753573
3, 56.38936069862825
4, 56.3540593036562
5, 55.931028955312456
6, 55.197282541806345
7, 54.78868496322941
8, 54.326973042863344
9, 53.86353126188442
10, 53.71219600798314
15, 51.25582893681459
20, 48.765561618830965
25, 47.25018518482229
30, 46.539015889896085
35, 44.84462063614765
40, 43.27793895277362
45, 43.135831972966514
50, 41.46492493662565
55, 39.540106221405125
60, 37.56540962108626
65, 36.52642878793382
70, 34.73845131838781
75, 34.81522655390885
80, 33.630640790802666
85, 32.211799080461184
90, 31.76476034853718
95, 30.61241578183597
100, 29.46726997874082
150, 27.03405260037792
200, 25.091034255287283
250, 21.437817053049034
300, 19.78433723934163
350, 18.310106498871054
400, 17.027624614138052
450, 15.70350279396288
500, 15.155197128378106
550, 14.874138630522442
600, 15.110261414019282
650, 14.957272478630587
700, 14.769563297538625
750, 14.720733677368122
800, 13.85712812959453
850, 13.009996156801892
900, 12.93213052826177
950, 12.792966817747946
1000, 12.720849028268514
1250, 11.673045875006231
1500, 10.894035065117057
1750, 10.427847332982967
2000, 10.51284928076114
2250, 10.554619841567009
2500, 9.589577675789482
2750, 9.372299611087985
3000, 9.621850133939938
3250, 9.500526301210897
3500, 8.787491109526085
3750, 8.461678320522472
4000, 8.353442404182841
4250, 7.60920495189872
4500, 7.524626236564844
4750, 7.357988855658862
5000, 7.286974680894672
5250, 7.096477999684069
5500, 6.884765791223402
5750, 6.786751800382861
6000, 6.5375836514724615
6250, 6.203224967708329
6500, 6.087692502089769
6750, 6.278534860936905
7000, 5.959865770300536
7250, 5.44426303552648
7500, 5.544366510251645
7750, 5.340411969127476
8000, 5.610704055642215
8250, 5.551576352712804
8500, 5.449770637375485
8750, 5.4662601474865795
9000, 5.416641025580336
9250, 5.407402333838309
9500, 5.3065996645686395
9750, 5.134199061197374
10000, 5.071488933242386
11000, 4.770744176750625
12000, 4.256759330758553
13000, 4.069397989875161
14000, 4.135214625627067
15000, 4.13763217311544
16000, 4.171330722922842
17000, 3.736308338453881
18000, 3.6959437225152656
19000, 3.6578682316343767
20000, 3.3852621759621515
21000, 3.4292856398964493
22000, 3.455430508634199
23000, 3.4985711369071804
24000, 3.4409301068170506
25000, 3.57211421989835
26000, 3.5242020373412193
27000, 3.181194744117373
28000, 3.1432467291003423
29000, 3.0528675044947495
30000, 3.082207001484488
31000, 3.0364452901377956
32000, 2.9631064780058107
33000, 2.9359836511806394
34000, 2.9832867780352594
35000, 2.8106938645110393
36000, 2.824889378365107
37000, 2.6419689627245813
38000, 2.592296279363144
39000, 2.705549851693737
40000, 2.5612496949731396
41000, 2.5179356624028344
42000, 2.6229754097208002
43000, 2.5219040425836985
44000, 2.4124676163629637
45000, 2.3622023622035435
46000, 2.3706539182259396
47000, 2.453568829277059
48000, 2.32379000772445
49000, 2.345207879911715
50000, 2.32379000772445
51000, 2.2494443758403984
52000, 2.222611077089287
53000, 2.244994432064365
54000, 2.3194827009486403
55000, 2.2494443758403984
56000, 2.209072203437452
57000, 2.23606797749979
58000, 2.130727575266252
59000, 2.078460969082653
60000, 2.222611077089287
61000, 2.195449840010015
62000, 2.3832750575625967
63000, 2.2759613353482084
64000, 2.293468988235943
65000, 2.073644135332772
66000, 2.1213203435596424
67000, 2.073644135332772
68000, 2.1908902300206643
69000, 2.06881608655772
70000, 1.9183326093250879
71000, 2.0976176963403033
72000, 2.04939015319192
73000, 2.1023796041628637
74000, 2.0976176963403033
75000, 2.1118712081942874
76000, 2.073644135332772
77000, 1.8973665961010275
78000, 1.969771560359221
79000, 1.849324200890693
80000, 1.9544820285692064
81000, 1.8973665961010275
82000, 1.944222209522358
83000, 2.0
84000, 1.96468827043885
85000, 1.8110770276274832
86000, 1.7378147196982767
87000, 1.865475810617763
88000, 1.8708286933869707
89000, 1.876166303929372
90000, 1.8973665961010275
91000, 1.8384776310850235
92000, 1.7262676501632068
93000, 1.833030277982336
94000, 1.8920887928424501
95000, 1.8384776310850235
96000, 1.9235384061671346
97000, 1.8708286933869707
98000, 1.8814887722226779
99000, 1.9131126469708992
100000, 1.9544820285692064
