1, 39.621062219841754
2, 39.06587842533247
3, 39.08708226511669
4, 38.47893672424657
5, 38.45071056374827
6, 38.39568428129093
7, 38.00488690381052
8, 37.94130805787878
9, 37.322915213043046
10, 36.56422920208844
15, 35.220124117571515
20, 33.69018509044691
25, 33.22176567080254
30, 32.16475444599925
35, 31.22773492540611
40, 29.688862750677593
45, 28.515158875838054
50, 28.22359701688338
55, 26.741620850544678
60, 26.357975209466623
65, 25.185596790909795
70, 24.715524328994984
75, 23.769127635894183
80, 23.825556506766905
85, 23.363585830457254
90, 22.816660579497604
95, 22.801002484226746
100, 22.770281383542766
150, 19.48112639747214
200, 15.591206312717253
250, 14.10876120916159
300, 13.376952460962741
350, 12.781683323077152
400, 12.438419743451567
450, 10.714476188783099
500, 10.643576198144789
550, 10.366153715681765
600, 9.461198957546856
650, 8.732533587518736
700, 8.740709353364863
750, 8.800973972075072
800, 8.320370870854942
850, 8.24274572838791
900, 7.546049108166282
950, 7.360124222554166
1000, 7.418124522315019
1250, 7.2722564782682335
1500, 7.5308887731984
1750, 7.387247699341654
2000, 7.103319143692113
2250, 7.042726744663604
2500, 6.3358391032961965
2750, 5.966573556070519
3000, 6.026133562599298
3250, 5.8700206862619195
3500, 5.419541361723201
3750, 5.299595671908781
4000, 5.379856609878849
4250, 4.9684720272649505
4500, 5.045507195232493
4750, 4.8314446227662735
5000, 4.904808136629083
5250, 4.925154094761184
5500, 5.11021386189323
5750, 5.0
6000, 4.798809376144402
6250, 4.705619740571601
6500, 4.919349550499537
6750, 4.436858605558023
7000, 4.619833021101211
7250, 4.753945729601885
7500, 4.699544050832409
7750, 4.604345773288535
8000, 4.644505202002531
8250, 4.98282765391012
8500, 4.529269887552045
8750, 4.585692033768887
9000, 4.545012965563779
9250, 4.560701700396552
9500, 4.516635916254486
9750, 4.468940430507949
10000, 4.345769700031777
11000, 4.21561722306812
12000, 4.133486940310116
13000, 3.7186787208054732
14000, 3.6955571781725767
15000, 3.5294677866702306
16000, 3.676178139628943
17000, 3.561701038227982
18000, 3.3338094898007764
19000, 3.2425739335111103
20000, 3.3123146848433
21000, 2.878491668515698
22000, 3.03315017762062
23000, 3.1396087108337016
24000, 2.9856801091687157
25000, 2.9081167199998794
26000, 3.04255531702266
27000, 3.307998963551401
28000, 3.1892677171144745
29000, 2.84855853271189
30000, 2.596701204000403
31000, 2.524168887263404
32000, 2.613153540948451
33000, 2.6457513110645907
34000, 2.4669240534954224
35000, 2.6619005025947695
36000, 2.613153540948451
37000, 2.3964259101539405
38000, 2.4784787961282104
39000, 2.5128242505765725
40000, 2.767154288640743
41000, 2.591193878173865
42000, 2.4669240534954224
43000, 2.596701204000403
44000, 2.4727081741050063
45000, 2.4899799195977463
46000, 2.4669240534954224
47000, 2.1246848505803664
48000, 2.138089935299395
49000, 2.197401062294143
50000, 2.007130147392398
51000, 1.942016624910449
52000, 2.0976176963403033
53000, 2.138089935299395
54000, 2.1111946516469904
55000, 2.104417123236605
56000, 2.117950491799628
57000, 2.1580414400893364
58000, 2.1712405933672376
59000, 2.2614786566062732
60000, 2.23606797749979
61000, 2.1313979316066587
62000, 2.0354009783964297
63000, 2.04939015319192
64000, 2.1246848505803664
65000, 2.3421601750764798
66000, 2.3482516292522218
67000, 2.1246848505803664
68000, 2.29906813420444
69000, 2.0976176963403033
70000, 2.02837021134844
71000, 1.8361450300639575
72000, 1.740279123753264
73000, 1.9048809486609468
74000, 1.9493588689617927
75000, 2.0
76000, 2.0
77000, 2.090796157311509
78000, 1.992844341996778
79000, 2.083952289006911
80000, 1.927248223318863
81000, 2.0
82000, 2.0
83000, 2.02837021134844
84000, 2.02837021134844
85000, 2.1313979316066587
86000, 2.04939015319192
87000, 2.197401062294143
88000, 2.197401062294143
89000, 2.2168188275738085
90000, 2.197401062294143
91000, 2.104417123236605
92000, 1.9712215212183246
93000, 1.9784553859730358
94000, 2.083952289006911
95000, 2.0
96000, 2.0976176963403033
97000, 1.9198214202665531
98000, 1.985662897587892
99000, 1.8973665961010275
100000, 1.9198214202665531
