1, 45.385570394124166
2, 45.385570394124166
3, 44.529484614129544
4, 44.52892318482449
5, 43.78498601118881
6, 43.78555697944243
7, 43.00784812101159
8, 42.12896865578364
9, 41.29921306756341
10, 41.29588357209469
15, 38.631916856402555
20, 38.11889295349486
25, 38.119220873464876
30, 38.1165974347134
35, 38.11626949217355
40, 38.11626949217355
45, 38.11626949217355
50, 37.295777240862
55, 37.295777240862
60, 36.48253006577257
65, 36.48253006577257
70, 36.47670489504226
75, 36.47670489504226
80, 36.47464873031679
85, 36.47601951967895
90, 36.47533413143737
95, 36.47533413143737
100, 36.47533413143737
150, 34.97248918793171
200, 34.97248918793171
250, 34.969987131824915
300, 34.19283550687191
350, 34.19246993125826
400, 33.414442985032686
450, 31.62435770098738
500, 31.426501555216102
550, 31.428490259635446
600, 31.428490259635446
650, 31.428490259635446
700, 31.428887985418765
750, 31.428887985418765
800, 31.428887985418765
850, 30.701384333609454
900, 30.6198465051672
950, 30.6198465051672
1000, 30.6198465051672
1250, 30.537681640884266
1500, 29.0766229125736
1750, 28.303268362505417
2000, 28.021866461747333
2250, 27.19007171744863
2500, 27.07858932810201
2750, 27.11595471304671
3000, 25.9379066233187
3250, 25.9379066233187
3500, 24.5606392424953
3750, 24.441767530193065
4000, 24.23066239292686
4250, 24.283224662305457
4500, 24.305349205473266
4750, 24.314604664686613
5000, 24.570307283385773
5250, 24.570307283385773
5500, 24.12778481336403
5750, 24.1567795866916
6000, 24.306377763870945
6250, 24.305863490112834
6500, 23.65586608010791
6750, 23.678048906107108
7000, 23.678048906107108
7250, 23.65586608010791
7500, 23.86419912756345
7750, 23.415272793627665
8000, 23.8385192493158
8250, 23.67118501469667
8500, 23.44248280366224
8750, 22.777181564012697
9000, 22.11221381951613
9250, 22.11221381951613
9500, 22.051077071199945
9750, 22.036333633342913
10000, 22.198535987762796
11000, 21.37580407844346
12000, 20.543855529087036
13000, 19.703426098016557
14000, 20.519502917955883
15000, 20.190963325210614
16000, 19.897235988950825
17000, 20.21818488391082
18000, 20.53655277791285
19000, 20.868636754709208
20000, 21.001785638368943
21000, 21.07723890835799
22000, 20.73644135332772
23000, 20.795432190748045
24000, 20.644611887851028
25000, 21.400934559032695
26000, 21.08376152397859
27000, 20.743071132308252
28000, 20.247222031676344
29000, 19.865799757371963
30000, 19.88592467047987
31000, 19.310618840420418
32000, 19.884667460131183
33000, 19.956202043475106
34000, 19.83872475740313
35000, 18.95125325671102
36000, 18.955869803308946
37000, 19.0840247327444
38000, 19.28730152198591
39000, 18.806248961448958
40000, 18.97168943452322
41000, 18.893120441049433
42000, 18.614510468986285
43000, 18.836799091140723
44000, 18.645374761586318
45000, 18.470923095503377
46000, 18.86729975380685
47000, 18.908331496988303
48000, 18.876572782155133
49000, 18.83613548475377
50000, 18.972348299564818
51000, 18.898412631752965
52000, 18.82020191177555
53000, 18.964440408301005
54000, 18.588975227268445
55000, 18.65743819499344
56000, 18.831489585266482
57000, 18.856033517153072
58000, 18.815552078001858
59000, 18.7136313953225
60000, 18.837462674150146
61000, 19.46021582614129
62000, 19.40682869507535
63000, 19.50769079107007
64000, 19.71737812184977
65000, 19.620142710999836
66000, 19.778776504121787
67000, 19.460858151684885
68000, 20.07672782103697
69000, 19.973732750790475
70000, 19.91042440532095
71000, 19.752847895936423
72000, 19.408116858675392
73000, 19.3952313726854
74000, 18.946635585243097
75000, 18.938056922503954
76000, 18.901719498500658
77000, 18.573502631437076
78000, 18.690906880084764
79000, 18.850729428857655
80000, 19.038776221175564
81000, 19.25681697477545
82000, 19.46471165982173
83000, 19.385561637466168
84000, 19.3481265242917
85000, 19.175505208468433
86000, 19.189189665017125
87000, 19.144189719076646
88000, 19.118708115351307
89000, 19.67676294515945
90000, 19.424855211815608
91000, 19.726885207756442
92000, 19.528184759470093
93000, 19.30543964793343
94000, 19.28730152198591
95000, 19.50769079107007
96000, 19.792675412889487
97000, 19.280171161065972
98000, 19.17420141752975
99000, 18.938716957597734
100000, 18.549932614432862
