1, 56.88567482240146
2, 56.21067514271644
3, 55.325401037859635
4, 54.46191329727592
5, 53.82713070562094
6, 53.014714938401774
7, 52.47913871244459
8, 51.77238646228316
9, 51.75828436105664
10, 51.75828436105664
15, 49.181500587111
20, 46.8945625845897
25, 44.95642334527959
30, 44.13773895432343
35, 44.130035123484774
40, 43.242109106749176
45, 43.21920869243212
50, 43.21851455105786
55, 43.197916616429545
60, 42.44266721119209
65, 42.43253468743059
70, 42.43135632995957
75, 41.68572897287512
80, 40.686361351194826
85, 40.68414924758781
90, 40.68414924758781
95, 40.66595627794827
100, 40.33856715353187
150, 38.82447681553481
200, 37.25801927102406
250, 36.718115420048456
300, 35.87784831898368
350, 35.87255218129872
400, 35.628359490720314
450, 35.626956086648775
500, 35.62639470954085
550, 35.656976876903066
600, 34.97456218453635
650, 34.261932228057425
700, 34.029105189528565
750, 34.02998677637122
800, 33.23762927767262
850, 31.227872165743218
900, 29.163676037152793
950, 29.143781497945664
1000, 29.143781497945664
1250, 28.739171873942368
1500, 28.652050537439724
1750, 28.526829476827597
2000, 27.96712355606132
2250, 26.987775010178222
2500, 27.057346507002492
2750, 26.310834270315336
3000, 25.34797822312462
3250, 25.346005602461307
3500, 25.175384803414623
3750, 24.005416055548796
4000, 24.000833318866242
4250, 24.019991673603887
4500, 23.108872754853273
4750, 23.25037634104016
5000, 23.186202793903103
5250, 23.48318547386619
5500, 23.283041038489795
5750, 23.27917524312234
6000, 23.197844727474145
6250, 23.031717261203084
6500, 23.224986544667793
6750, 22.437022975430587
7000, 22.43524013689178
7250, 22.417850030723287
7500, 22.285869962826222
7750, 21.985449733858072
8000, 21.808713854787495
8250, 21.518364250100426
8500, 21.48348202689685
8750, 21.104028051535565
9000, 20.905501668221216
9250, 20.599514557387025
9500, 20.720038610002636
9750, 20.84994004787544
10000, 20.88971038573776
11000, 20.648002324680224
12000, 20.9093280618962
13000, 20.346006979257623
14000, 20.491461636496307
15000, 20.202970078679026
16000, 20.2538885155419
17000, 19.84892944216388
18000, 19.704821744943544
19000, 19.738794289418998
20000, 19.165594172892213
21000, 19.183847372203523
22000, 18.94835085172322
23000, 18.958902921846505
24000, 18.9356806056714
25000, 19.621416870348583
26000, 19.364400326372103
27000, 19.13530767978399
28000, 18.38803959099501
29000, 17.975538934897056
30000, 17.8801565988668
31000, 18.151033028453227
32000, 17.856651421809186
33000, 17.504856468991683
34000, 17.17789276948718
35000, 17.186622704883003
36000, 17.57782694191748
37000, 17.555056251689997
38000, 17.42813816791685
39000, 16.85882558187254
40000, 16.50696822557068
41000, 16.718253497300488
42000, 16.991762710207556
43000, 16.942845097562568
44000, 17.123667831396403
45000, 17.366058850527946
46000, 17.363179432350517
47000, 17.224401295836092
48000, 17.10438540258024
49000, 16.982343772283023
50000, 16.912717108732117
51000, 16.782133356638543
52000, 16.794642002734086
53000, 16.889641796083183
54000, 16.906803364326443
55000, 17.068098898237025
56000, 17.209880882795208
57000, 17.22556240010758
58000, 17.15575705120587
59000, 17.120163550620656
60000, 17.113152836341992
61000, 16.89023386457393
62000, 16.982343772283023
63000, 17.109646401956997
64000, 16.850519279832298
65000, 16.70628624201082
66000, 16.739175606940744
67000, 16.431676725154983
68000, 16.438369748852836
69000, 16.201234520862908
70000, 16.699101772251105
71000, 16.294170736800325
72000, 16.586741693292268
73000, 16.499090884045703
74000, 16.40243884305014
75000, 16.50878553982697
76000, 16.45235545446305
77000, 16.519079877523446
78000, 16.58613879117138
79000, 16.355427233796124
80000, 16.438369748852836
81000, 16.39573115173581
82000, 16.2505384526175
83000, 16.421936548409874
84000, 16.95346572238255
85000, 17.072785361504433
86000, 17.14934401077779
87000, 17.163333009645882
88000, 17.58180878066873
89000, 17.489425376495365
90000, 17.473980656965374
91000, 17.428711943227473
92000, 17.257462154094384
93000, 17.068684776513976
94000, 17.005293293560097
95000, 17.036431551237484
96000, 16.870684633410704
97000, 16.90266251216062
98000, 16.92926460304759
99000, 16.6054208016539
100000, 16.48939052845799
