1, 57.35939330223081
2, 56.61342596946417
3, 56.112565437698535
4, 55.647641459454505
5, 55.647641459454505
6, 54.96526175685876
7, 54.14480584506698
8, 53.59888058532566
9, 53.588244979659486
10, 52.68111616129636
15, 49.66548097018693
20, 47.692766747170374
25, 45.58398841698695
30, 44.704585894514224
35, 42.7450581939012
40, 40.88618348537804
45, 39.44667286350016
50, 37.38555870921284
55, 37.13058038867693
60, 36.32657429486023
65, 35.77764665262376
70, 35.67267862103994
75, 35.2036929880943
80, 33.95114136520303
85, 32.61165435852649
90, 32.00812396876768
95, 31.088261450264472
100, 30.978056749899597
150, 24.197933796090936
200, 22.111535450981236
250, 20.716177253537875
300, 17.81516208177742
350, 16.353592877407703
400, 15.492578868606737
450, 15.329709716755891
500, 15.037286989347514
550, 14.696938456699069
600, 14.214077528985129
650, 13.230268326832983
700, 13.079755349393963
750, 12.955307792561317
800, 12.074767078498866
850, 11.918053532351665
900, 11.974138799930456
950, 12.109500402576483
1000, 11.910499569707394
1250, 9.684007434941384
1500, 8.083316151184487
1750, 7.649836599562111
2000, 7.483314773547883
2250, 7.248448109768049
2500, 7.22357252334328
2750, 6.702238432046416
3000, 6.603029607687671
3250, 5.767148342118485
3500, 5.841232746604093
3750, 5.8
4000, 5.544366510251645
4250, 5.594640292279746
4500, 5.499090833947008
4750, 5.44426303552648
5000, 5.3981478305063115
5250, 5.083306010855534
5500, 5.091168824543142
5750, 5.0099900199501395
6000, 4.868264577855234
6250, 4.797916214358063
6500, 4.841487374764082
6750, 4.305810028322197
7000, 4.3886216514983385
7250, 4.338202392696772
7500, 4.296510211788167
7750, 4.277849927241488
8000, 4.296510211788167
8250, 4.301162633521313
8500, 4.096339829652808
8750, 4.047221268969612
9000, 3.4899856733230297
9250, 3.40587727318528
9500, 3.394112549695428
9750, 3.334666400106613
10000, 3.2680269276736382
11000, 3.3286633954186478
12000, 3.24037034920393
13000, 3.062678566222711
14000, 2.986636904613616
15000, 3.0133038346638727
16000, 2.9597297173897483
17000, 2.8635642126552705
18000, 2.701851217221259
19000, 2.6419689627245813
20000, 2.7892651361962706
21000, 2.705549851693737
22000, 2.181742422927143
23000, 2.2045407685048604
24000, 1.8814887722226779
25000, 1.8708286933869707
26000, 1.9183326093250879
27000, 1.8275666882497066
28000, 1.7435595774162693
29000, 1.7320508075688772
30000, 1.760681686165901
31000, 1.7262676501632068
32000, 1.6733200530681511
33000, 1.6792855623746665
34000, 1.6673332000533065
35000, 1.6673332000533065
36000, 1.6309506430300091
37000, 1.6733200530681511
38000, 1.6613247725836149
39000, 1.6733200530681511
40000, 1.70293863659264
41000, 1.7088007490635062
42000, 1.4352700094407325
43000, 1.4422205101855958
44000, 1.4422205101855958
45000, 1.4422205101855958
46000, 1.5099668870541498
47000, 1.5033296378372907
48000, 1.4212670403551895
49000, 1.42828568570857
50000, 1.42828568570857
51000, 1.407124727947029
52000, 1.3711309200802089
53000, 1.3711309200802089
54000, 1.3711309200802089
55000, 1.3856406460551018
56000, 1.3856406460551018
57000, 1.3490737563232043
58000, 1.3928388277184118
59000, 1.1916375287812984
60000, 1.1916375287812984
61000, 1.1489125293076057
62000, 1.1916375287812984
63000, 1.1916375287812984
64000, 1.2083045973594573
65000, 1.2083045973594573
66000, 1.378404875209022
67000, 1.378404875209022
68000, 1.378404875209022
69000, 1.3490737563232043
70000, 1.2569805089976536
71000, 1.2569805089976536
72000, 1.2649110640673518
73000, 1.2649110640673518
74000, 1.3416407864998738
75000, 1.3416407864998738
76000, 1.3416407864998738
77000, 1.3266499161421599
78000, 1.3190905958272918
79000, 1.3190905958272918
80000, 1.3490737563232043
81000, 1.3490737563232043
82000, 1.3490737563232043
83000, 1.3190905958272918
84000, 1.3190905958272918
85000, 1.3190905958272918
86000, 1.3190905958272918
87000, 1.3190905958272918
88000, 1.3190905958272918
89000, 1.3190905958272918
90000, 1.3341664064126333
91000, 1.3190905958272918
92000, 1.3190905958272918
93000, 1.2409673645990857
94000, 1.1489125293076057
95000, 1.0862780491200215
96000, 1.0862780491200215
97000, 1.0862780491200215
98000, 1.0862780491200215
99000, 1.104536101718726
100000, 1.0954451150103321
