21.36352030916253
20.019990009987517
18.763185839753945
16.976454282328802
15.737126257901817
15.065570967322431
14.060075187768886
13.029636547940568
11.855077272749307
10.549204438521148
10.346842168369191
10.161552187394545
9.615463735938214
9.001587161638298
8.127554543473877
8.171378621225953
8.444778606587962
8.221921916437786
7.625146368618582
7.859480171832522
8.206269380349218
8.56571237968148
7.933653454925866
8.010707120562365
7.7182529481371995
7.619523794643787
7.069047218078867
7.095270054258481
6.697547525560595
6.524678426668135
6.548718522406829
6.720969317846093
6.729466121893644
6.557438524302
6.308724118235001
6.122557822161771
6.106202935189288
6.313251369709815
5.874886017131372
5.469395370083033
5.361236531142526
5.403702434442518
5.516209878945092
5.193402408000806
5.132529312420646
5.034168962485977
5.291502622129181
5.1074175750289195
5.451081150953975
5.20713795806158
5.059644256269407
5.140872632984737
5.2671488627963745
5.379856609878849
5.712142455206402
5.752018279327204
5.500649312321488
