1, 10.677078252031311
2, 10.677078252031311
3, 10.677078252031311
4, 9.843779761859771
5, 9.843779761859771
6, 9.843779761859771
7, 9.843779761859771
8, 9.843779761859771
9, 9.843779761859771
10, 9.843779761859771
15, 9.843779761859771
20, 9.843779761859771
25, 9.843779761859771
30, 9.843779761859771
35, 9.843779761859771
40, 9.843779761859771
45, 9.843779761859771
50, 9.843779761859771
55, 9.843779761859771
60, 9.843779761859771
65, 9.843779761859771
70, 9.843779761859771
75, 9.843779761859771
80, 9.843779761859771
85, 9.2951600308978
90, 9.2951600308978
95, 9.2951600308978
100, 9.2951600308978
150, 7.956129712366434
200, 7.956129712366434
250, 7.956129712366434
300, 7.489993324429602
350, 7.489993324429602
400, 7.489993324429602
450, 6.618156843109719
500, 6.496152707564686
550, 6.496152707564686
600, 6.3796551630946325
650, 6.3796551630946325
700, 6.3796551630946325
750, 6.3796551630946325
800, 6.058052492344384
850, 6.058052492344384
900, 5.272570530585627
950, 5.272570530585627
1000, 4.806245936279167
1250, 4.679743582719036
1500, 4.33589667773576
1750, 3.96232255123179
2000, 3.8078865529319543
2250, 3.7815340802378077
2500, 3.687817782917155
2750, 3.687817782917155
3000, 4.358898943540674
3250, 3.521363372331802
3500, 4.110960958218893
3750, 3.794733192202055
4000, 3.8600518131237567
4250, 3.9370039370059056
4500, 4.277849927241488
4750, 4.266145801540309
5000, 4.147288270665544
5250, 4.33589667773576
5500, 4.6475800154489
5750, 4.58257569495584
6000, 4.183300132670378
6250, 4.381780460041329
6500, 4.370354676682432
6750, 4.012480529547776
7000, 4.012480529547776
7250, 4.024922359499621
7500, 4.159326868617084
7750, 4.219004621945797
8000, 4.123105625617661
8250, 4.560701700396552
8500, 4.43846820423443
8750, 4.370354676682432
9000, 4.69041575982343
9250, 4.753945729601885
9500, 4.753945729601885
9750, 4.753945729601885
10000, 5.0
11000, 5.079370039680118
12000, 4.9396356140913875
13000, 4.626013402488151
14000, 4.427188724235731
15000, 4.39317652729776
16000, 4.43846820423443
17000, 4.516635916254486
18000, 4.527692569068709
19000, 4.277849927241488
20000, 4.427188724235731
21000, 4.230839160261236
22000, 4.110960958218893
23000, 4.494441010848846
24000, 4.312771730569565
25000, 4.312771730569565
26000, 4.171330722922842
27000, 4.183300132670378
28000, 4.347413023856832
29000, 4.415880433163924
30000, 4.505552130427524
31000, 4.857983120596447
32000, 4.43846820423443
33000, 4.626013402488151
34000, 4.764451699828638
35000, 4.43846820423443
36000, 4.39317652729776
37000, 4.242640687119285
38000, 4.347413023856832
39000, 4.449719092257398
40000, 4.979959839195493
41000, 4.888762624632126
42000, 4.8270073544588685
43000, 4.909175083453431
44000, 4.898979485566356
45000, 4.898979485566356
46000, 4.9899899799498595
47000, 5.0
48000, 4.857983120596447
49000, 4.949747468305833
50000, 5.1478150704935
51000, 4.878524367060187
52000, 4.979959839195493
53000, 5.029910535983717
54000, 4.969909455915671
55000, 5.118593556827891
56000, 5.118593556827891
57000, 5.205766033928148
58000, 5.263078946776307
59000, 5.029910535983717
60000, 4.711687595755898
61000, 4.527692569068709
62000, 4.722287581247038
63000, 4.58257569495584
64000, 4.722287581247038
65000, 4.604345773288535
66000, 4.370354676682432
67000, 4.171330722922842
68000, 4.242640687119285
69000, 4.135214625627067
70000, 5.0099900199501395
71000, 4.8270073544588685
72000, 4.505552130427524
73000, 4.312771730569565
74000, 3.9749213828703582
75000, 4.312771730569565
76000, 4.266145801540309
77000, 4.324349662087931
78000, 4.505552130427524
79000, 4.415880433163924
80000, 4.301162633521313
81000, 4.254409477236529
82000, 4.207136793592526
83000, 4.460941604639093
84000, 4.123105625617661
85000, 4.254409477236529
86000, 4.679743582719036
87000, 5.310367218940701
88000, 5.357238094391549
89000, 5.357238094391549
90000, 5.291502622129181
91000, 5.272570530585627
92000, 5.176871642217914
93000, 4.888762624632126
94000, 4.8270073544588685
95000, 4.732863826479693
96000, 5.0099900199501395
97000, 4.9899899799498595
98000, 4.701063709417263
99000, 4.47213595499958
100000, 4.658325879540846
