1, 68.42989112953491
2, 67.59869328125606
3, 66.9646673005001
4, 66.96230282778512
5, 66.07054310860981
6, 66.07054310860981
7, 65.27033527312899
8, 65.2689308425788
9, 65.26624957306291
10, 64.49819118910752
15, 61.869351594037795
20, 60.974994874948536
25, 60.21669203800554
30, 59.362867181429166
35, 58.69752976062962
40, 58.68006475797381
45, 57.19192833492036
50, 55.61939110298374
55, 55.61954093062377
60, 54.90689088508533
65, 54.904614256605676
70, 53.649790307139135
75, 53.62555361019595
80, 53.62477661181133
85, 53.62462121078339
90, 53.62431040737649
95, 53.57129206331814
100, 53.570358719475955
150, 50.82469872020886
200, 50.8214193688711
250, 48.40334010513462
300, 47.69765892228534
350, 46.15354807596053
400, 45.68095883407002
450, 44.71632811401222
500, 43.01763204392667
550, 42.99263502818438
600, 42.10126680596044
650, 41.01930439845773
700, 40.98434660534027
750, 40.97641598122836
800, 40.57790860390253
850, 40.507201005911696
900, 40.038731248629745
950, 39.21883051120554
1000, 39.20948014617554
1250, 37.25251669350676
1500, 35.79129316840433
1750, 33.74833329217904
2000, 33.74314745248285
2250, 32.38569643119217
2500, 32.38698298185039
2750, 32.28002478313795
3000, 32.25807392472981
3250, 32.178408910323704
3500, 32.155092909211135
3750, 31.398513765251163
4000, 31.070886694782303
4250, 30.559504795289687
4500, 30.30786476587664
4750, 30.307039886248653
5000, 29.558698663281284
5250, 29.257477676655586
5500, 29.25947140101247
5750, 28.32284119457886
6000, 28.328725115448925
6250, 27.456935978607177
6500, 27.37578004976905
6750, 27.116723007521884
7000, 27.203247355171893
7250, 27.298046328141016
7500, 25.98396941705918
7750, 25.9297126864144
8000, 26.229754097208
8250, 26.203371284372295
8500, 26.203371284372295
8750, 25.58384907189169
9000, 25.58384907189169
9250, 25.526130402654715
9500, 25.276800957927144
9750, 25.30052700373387
10000, 25.437505118754604
11000, 24.969648242082492
12000, 24.48673110074107
13000, 24.42096094205413
14000, 23.900139469607005
15000, 23.780594329550862
16000, 23.485456492618294
17000, 23.405839727156412
18000, 23.8565155321001
19000, 23.69950773047125
20000, 23.472679154000865
21000, 23.518786816784008
22000, 23.615672761960436
23000, 23.400142449708863
24000, 23.801610589761918
25000, 24.008678986288825
26000, 24.052373410261755
27000, 23.735346356576866
28000, 23.472324128641375
29000, 23.302360395462088
30000, 23.206320977986437
31000, 23.244354153213205
32000, 23.40761984198023
33000, 23.34130816099789
34000, 22.989852834094727
35000, 22.725536297302206
36000, 22.401264845241812
37000, 22.335696392396933
38000, 22.4150247230141
39000, 21.97271034715563
40000, 21.981052446747555
41000, 21.76541599265526
42000, 21.859780419757193
43000, 21.618664775296985
44000, 21.112397621618758
45000, 21.06181378704123
46000, 20.833866659840176
47000, 20.939993632600114
48000, 21.142374511865974
49000, 21.662563714082104
50000, 22.001515099344104
51000, 21.82162535956782
52000, 21.590121197745354
53000, 21.022606879262142
54000, 21.034495477667154
55000, 21.080401640702515
56000, 21.243822631532208
57000, 21.30688464636098
58000, 21.765033118896618
59000, 21.12581359380036
60000, 21.241468875762806
61000, 20.937207709402575
62000, 20.90414631917155
63000, 20.508128469788105
64000, 20.328141413649536
65000, 20.15481745555307
66000, 20.645015540480145
67000, 20.615932350167107
68000, 20.885800599131137
69000, 20.53290042833696
70000, 20.52843556305903
71000, 20.410781464706343
72000, 20.304761346377195
73000, 20.59206967095181
74000, 20.2266326081893
75000, 20.746887316735812
76000, 20.910125139112232
77000, 20.775386077439492
78000, 20.955110752908624
79000, 21.207310060448496
80000, 21.29162589689508
81000, 21.166010488516726
82000, 21.22577050034541
83000, 21.246568350363468
84000, 21.05073237047427
85000, 21.0535032714273
86000, 21.45887539768413
87000, 21.232443728093727
88000, 21.35844875765404
89000, 20.807851082383944
90000, 21.190406634449783
91000, 21.134489978863144
92000, 20.688563668526307
93000, 20.7340299990137
94000, 21.0150739549813
95000, 21.04043725781382
96000, 21.162072992344896
97000, 21.401713327052423
98000, 21.771158291035718
99000, 21.702918390545236
100000, 21.642935722000995
