1, 86.2986288033207
2, 85.43574583666175
3, 85.12038533747365
4, 84.66435692387519
5, 84.58668137872928
6, 84.20585886187888
7, 84.0903482372779
8, 83.29985994385984
9, 83.24221685338917
10, 83.07972075061399
15, 81.06450106756553
20, 79.57277591404404
25, 77.60008591060537
30, 74.71867236507886
35, 73.77126811977682
40, 73.87340522813335
45, 72.83323417231999
50, 71.88629911186136
55, 71.42977903741081
60, 70.20550785610295
65, 68.94142441232268
70, 67.5296478099311
75, 65.87402118184882
80, 64.48358964367084
85, 63.692595069338054
90, 62.66514182541998
95, 62.28536478713652
100, 61.00819617067857
150, 54.176501671235044
200, 49.120803467913
250, 46.23101412111427
300, 43.39662045213505
350, 42.15700811648442
400, 39.582487710265674
450, 38.116488120846945
500, 34.72501499879686
550, 33.11495130601885
600, 32.51912257938909
650, 31.892318824444235
700, 30.981284673170027
750, 29.485589700733474
800, 28.500760223778826
850, 28.345487589150178
900, 26.70205984563738
950, 25.266314861227126
1000, 25.80852572310166
1250, 22.386603136697627
1500, 22.29050620032364
1750, 20.750582321146233
2000, 19.796632710303708
2250, 18.926524597329887
2500, 18.337211710980853
2750, 17.831806788245924
3000, 16.906803364326443
3250, 16.531585929164006
3500, 15.759441614473529
3750, 14.854404509549797
4000, 14.333643407498784
4250, 13.663576886501328
4500, 13.103689047999676
4750, 12.881511298498067
5000, 12.507064670284018
5250, 12.127104628338401
5500, 12.214745187681975
5750, 12.242548754242312
6000, 12.491597175701752
6250, 12.12270596855339
6500, 12.084701072016635
6750, 12.228382286031678
7000, 12.230017715986078
7250, 11.65561381195059
7500, 11.509995655950526
7750, 11.077304124500088
8000, 10.848041297856494
8250, 10.560934302102885
8500, 10.562827904180459
8750, 10.517287356221344
9000, 10.569768209379049
9250, 10.082327773551768
9500, 10.263852428141524
9750, 10.318268588608587
10000, 10.235884589684144
11000, 10.276186062932103
12000, 9.6850400102426
13000, 9.798639361326313
14000, 9.735844424941611
15000, 9.503683496413377
16000, 8.990365213197219
17000, 8.754427451295715
18000, 8.31143790207206
19000, 7.921279357948858
20000, 8.020806277010642
21000, 7.764019577512669
22000, 7.382863039950468
23000, 7.493997598078078
24000, 7.461009761866464
25000, 7.247988226627671
26000, 7.462796616104002
27000, 7.192588778272628
28000, 7.29657453878188
29000, 7.292918940086107
30000, 7.052186422190875
31000, 6.823488843692792
32000, 7.1311523145515086
33000, 7.025667228100119
34000, 6.864400920692205
35000, 6.980926395066298
36000, 7.095538504346704
37000, 6.957010852370434
38000, 7.025667228100119
39000, 7.101173611922657
40000, 6.871195917257296
41000, 6.623191577077223
42000, 6.569627082262737
43000, 6.650313275828942
44000, 6.478682993736716
45000, 6.442566776267567
46000, 6.3256093250637395
47000, 6.205374015050718
48000, 6.173059749157355
49000, 6.202150164795002
50000, 6.344551468254736
51000, 6.184927916583453
