15.038996927037008
15.491011218491469
13.16380318470746
10.63820607863133
9.79066610896025
8.902648081169044
8.530617127232272
7.922842202860573
7.974960814950754
7.684864530825696
7.091242083423347
7.127411872482185
6.913754406977442
6.518106648844761
6.502746672423452
5.94498588247753
6.04034057696371
6.861903109612834
6.244997998398398
6.322296147083635
5.855400437691199
5.8943071809040575
5.539468772880148
5.5472000659277265
5.430074979750674
5.406345478099918
5.101820403402243
4.8166378315169185
4.83440053899432
4.948304182820038
4.771941803021971
4.7207747548166585
4.6012420683363935
4.5888062562220755
4.741910404648562
4.47213595499958
4.433637655147617
4.500793580819149
4.21561722306812
4.0178174601214955
4.105745103771404
3.9928507538921543
3.783422486887463
3.56971387408811
3.6488745818794204
3.714835124201342
4.007136490954963
3.9023802260378764
3.7416573867739413
3.835920452027872
3.7263540204487127
3.6645015252516173
3.6134668750581977
3.5335130232835263
3.672290060127915
3.953298803350365
3.8913824205360674
3.927922024247863
3.687817782917155
3.7416573867739413
3.553670135025398
3.585685828003181
3.5173041624841845
3.372154885444702
3.7109875466550104
3.5294677866702306
3.4517076519145875
3.3848401523768974
3.4226138716316967
3.1622776601683795
3.307998963551401
3.202677451312083
3.1259284335103663
2.9664793948382653
2.898275349237888
2.8735244660769563
2.893342111024649
3.028436654683167
3.0983866769659336
2.878491668515698
2.8385106758902383
2.9081167199998794
2.524168887263404
2.5579009251449016
2.5410908793553326
2.7516228977511745
2.9568322818274866
2.888400447108597
2.7877282097486784
2.922816645439317
2.792848008753788
2.5523098781859765
2.4784787961282104
2.4083189157584592
2.5298221281347035
2.4142434484888695
2.4142434484888695
2.6076809620810595
2.5579009251449016
2.5128242505765725
2.5746012173871566
2.5746012173871566
2.613153540948451
2.4142434484888695
2.3664319132398464
2.4023797725231892
2.4142434484888695
2.4201534780139164
2.3664319132398464
2.4669240534954224
2.501428163498376
2.437797600880176
2.3421601750764798
2.3784749015162756
2.2866069685390684
2.2677868380553634
2.2038926600773587
2.3964259101539405
2.461126339126632
2.461126339126632
2.32992949004287
2.390457218668787
2.311462122306386
2.495710605933995
2.5298221281347035
2.4142434484888695
2.4083189157584592
2.3176342617912282
2.4842360136324753
2.7255405754769875
2.8030595529069404
2.596701204000403
2.5801439605461662
2.5467065566559266
2.5185029566901727
2.449489742783178
2.4899799195977463
2.5467065566559266
2.6779523094014523
2.6076809620810595
2.7360033416855116
2.699206232527312
2.53546276418555
2.5579009251449016
2.6240644591385873
2.524168887263404
2.6076809620810595
2.6619005025947695
2.6779523094014523
2.4319304501333328
2.4727081741050063
2.4319304501333328
2.449489742783178
2.4319304501333328
2.4727081741050063
2.6939084723024385
2.5523098781859765
2.501428163498376
2.2928460168844436
2.280350850198276
2.210365192839022
2.210365192839022
2.2038926600773587
2.2168188275738085
2.1908902300206643
2.177810171446801
2.2232537288526344
2.18435999126256
2.117950491799628
2.138089935299395
2.04939015319192
2.083952289006911
1.9712215212183246
1.9346465162548798
1.9639610121239315
2.04939015319192
2.0213149892370277
2.02837021134844
2.0976176963403033
2.04939015319192
1.9712215212183246
1.9198214202665531
1.9198214202665531
2.014235055087379
1.985662897587892
1.9493588689617927
1.740279123753264
1.7647338933351153
1.780850519113991
1.9048809486609468
1.8516401995451028
1.9493588689617927
1.927248223318863
1.7728105208558367
1.8746428231227714
1.9566735620873066
1.7484687178050562
1.7566201313073597
1.9712215212183246
1.9566735620873066
1.7888543819998317
1.7888543819998317
1.9346465162548798
1.9566735620873066
1.942016624910449
1.889822365046136
1.7320508075688772
1.6647608150808246
1.7237832147426693
1.7968225924034427
1.8126539343499315
1.7968225924034427
1.7728105208558367
1.8973665961010275
1.927248223318863
1.9639610121239315
2.0
1.8516401995451028
1.8361450300639575
1.804755622554715
1.7968225924034427
1.867006771737662
1.9639610121239315
1.8361450300639575
1.8283482006601322
1.8516401995451028
1.8593393604027366
1.7728105208558367
1.7888543819998317
1.8746428231227714
1.9566735620873066
1.8973665961010275
1.8746428231227714
1.9123657749350298
1.9784553859730358
1.9639610121239315
1.9784553859730358
2.014235055087379
1.9198214202665531
1.8126539343499315
1.8746428231227714
1.8439088914585775
1.8361450300639575
1.804755622554715
1.780850519113991
1.7237832147426693
1.7237832147426693
1.7566201313073597
1.7566201313073597
1.65615734242165
1.6035674514745464
1.6300744943538186
1.7320508075688772
1.6388149028228556
1.6388149028228556
1.740279123753264
1.740279123753264
1.7320508075688772
1.7566201313073597
1.7647338933351153
1.7154757774032086
1.8439088914585775
1.7728105208558367
1.867006771737662
1.9048809486609468
1.8973665961010275
1.9123657749350298
2.014235055087379
2.0354009783964297
1.9712215212183246
2.007130147392398
2.0976176963403033
2.0976176963403033
2.1246848505803664
2.090796157311509
2.090796157311509
2.0976176963403033
2.1111946516469904
2.0770858707058104
2.1111946516469904
2.007130147392398
1.9712215212183246
1.9493588689617927
1.7888543819998317
1.740279123753264
1.6818357317441643
1.7647338933351153
1.6903085094570331
1.7154757774032086
1.61245154965971
1.5946338585572373
1.65615734242165
1.6733200530681511
1.6903085094570331
1.6987390281365427
1.740279123753264
1.7566201313073597
1.7237832147426693
1.7484687178050562
1.7566201313073597
1.8126539343499315
1.8361450300639575
1.8516401995451028
1.804755622554715
1.8283482006601322
1.7728105208558367
1.7888543819998317
1.8593393604027366
1.8439088914585775
1.8593393604027366
1.8593393604027366
1.8283482006601322
1.8593393604027366
1.7728105208558367
1.8516401995451028
1.8361450300639575
1.7728105208558367
1.7237832147426693
1.7071279138616748
1.7154757774032086
1.7154757774032086
1.8126539343499315
1.867006771737662
1.889822365046136
1.9566735620873066
1.9123657749350298
1.9123657749350298
1.889822365046136
1.8593393604027366
1.8283482006601322
1.780850519113991
1.7484687178050562
1.7154757774032086
1.65615734242165
1.7154757774032086
1.7237832147426693
1.780850519113991
1.7484687178050562
1.7154757774032086
1.6903085094570331
1.7154757774032086
1.7154757774032086
1.6647608150808246
1.6300744943538186
1.4832396974191326
1.558387444947959
1.5856499343441837
1.558387444947959
1.5856499343441837
1.5491933384829668
1.5946338585572373
1.5766148184367308
1.5675276256394517
1.6035674514745464
1.5856499343441837
1.5306394555404428
1.5306394555404428
1.52127765851133
1.5023790657297036
1.5023790657297036
1.5306394555404428
1.5023790657297036
1.5023790657297036
1.5118578920369088
1.6212869667555552
1.5675276256394517
1.5399443403670703
1.558387444947959
1.5118578920369088
1.5491933384829668
1.52127765851133
1.5306394555404428
1.5023790657297036
1.4832396974191326
1.4928400545843579
1.4735767952260144
1.3938641048743392
1.4442002235542986
1.424279266355945
1.3835771443203715
1.4442002235542986
1.4442002235542986
1.4928400545843579
1.5118578920369088
1.4735767952260144
1.4735767952260144
1.52127765851133
1.6903085094570331
1.647508942095828
1.6212869667555552
1.558387444947959
1.6035674514745464
1.5675276256394517
1.558387444947959
1.5675276256394517
1.4342743312012722
1.4540583599999397
1.4040757000349275
1.3835771443203715
1.4342743312012722
