17.227055133464585
12.60498767495289
10.469001862641921
11.105982943569522
11.31118283570985
11.30865660835602
9.357960705807038
9.067997101266156
8.476859256655313
8.09232440561513
7.077126131821751
7.350413010747861
6.930264888773836
6.609516947986009
6.6138383063737765
6.594369893000717
6.07100838882165
6.016643582596529
5.884604611065337
5.31843156256751
5.090607597751541
5.1269595556932455
5.226307081896902
4.723799923185328
4.478520163753074
4.798809376144402
4.573213937078137
4.164475614390981
4.035556254807296
4.272837799067834
4.0743097574926725
4.1952353926806065
4.246006527146588
4.503966505838413
4.414262598182655
4.570089089472358
4.33589667773576
4.2895221179054435
4.462542516804262
4.529269887552045
4.133486940310116
4.306141793166725
3.971325795175784
4.171330722922842
4.053217416888888
3.9315573068623655
3.861901826080735
3.764495792457281
3.6371103129505746
3.6292462814513664
3.585685828003181
3.5132402626147194
3.561701038227982
3.56971387408811
3.6566964013202643
3.6683978597124463
3.60951124510943
3.835920452027872
3.625307868699863
3.676178139628943
3.3763886032268267
3.6449573777637356
3.6683978597124463
3.585685828003181
3.714835124201342
3.625307868699863
3.6683978597124463
3.9169959334746753
3.772077866186146
3.835920452027872
3.3380918415851206
3.484660262185848
3.722518348798681
3.687817782917155
3.687817782917155
3.4969374356101124
3.4226138716316967
3.480558247506528
