1, 57.40365841999968
2, 57.06259720692706
3, 56.42676669808399
4, 56.311988066485455
5, 55.734549428518754
6, 55.34925473753012
7, 54.80711632625822
8, 54.78886748236361
9, 54.0657007723011
10, 54.06107657085641
15, 50.809251126148276
20, 47.777191210869645
25, 44.84796539420712
30, 43.08456800294045
35, 42.48293775152561
40, 39.85774705123209
45, 38.566565831040755
50, 37.96524726641458
55, 36.771456321445854
60, 35.17101079013795
65, 32.91048465155139
70, 31.686905812969496
75, 30.07756639091667
80, 29.429916751496258
85, 29.127306775601483
90, 29.07782660378867
95, 28.936482163524992
100, 28.114053425288926
150, 23.950365341681117
200, 22.22970984965841
250, 19.502820308868152
300, 18.487833837418595
350, 17.877919342026352
400, 16.174671557716405
450, 15.968719422671311
500, 15.477725931156682
550, 14.833745312630926
600, 14.660832172833846
650, 13.36413109783049
700, 12.179490958164056
750, 11.999166637729472
800, 12.0523856559604
850, 11.911339135462477
900, 11.39034679015525
950, 11.376291135515125
1000, 11.370136322841516
1250, 10.21077861869505
1500, 9.913626985114984
1750, 9.499473669630333
2000, 8.505292469985967
2250, 7.708436936240706
2500, 7.528612089887485
2750, 6.922427319950712
3000, 6.923871749245504
3250, 6.75869809948632
3500, 6.679820356865894
3750, 6.566582063752802
4000, 5.7775427302617155
4250, 5.699122739510003
4500, 5.331041174104736
4750, 4.959838707054898
5000, 5.302829433425141
5250, 5.300943312279429
5500, 5.219195340279955
5750, 5.1788029504896205
6000, 5.215361924162119
6250, 5.159457335805772
6500, 5.173006862551025
6750, 5.027922035990614
7000, 5.00199960015992
7250, 4.993996395673509
7500, 4.9254441424099005
7750, 4.929503017546495
8000, 4.953786430600334
8250, 4.890807704254994
8500, 4.847679857416329
8750, 4.8559242168715935
9000, 4.847679857416329
9250, 4.8166378315169185
9500, 4.487761134463375
9750, 4.47213595499958
10000, 4.525483399593904
11000, 4.538722287164087
12000, 4.340506882842141
13000, 4.2731721238443
14000, 3.9319206502675
15000, 4.059556626036888
16000, 3.594440151122286
17000, 3.5383612025908264
18000, 3.5270384177096794
19000, 3.4146742157927745
20000, 3.2
21000, 3.111269837220809
22000, 3.104834939252005
23000, 2.8844410203711917
24000, 2.842534080710379
25000, 2.9120439557122073
26000, 2.8530685235374214
27000, 2.874021572639983
28000, 2.8530685235374214
29000, 2.6981475126464085
30000, 2.5179356624028344
31000, 2.3706539182259396
32000, 2.4166091947189146
33000, 2.513961017995307
34000, 2.493992782667985
35000, 2.513961017995307
36000, 2.493992782667985
37000, 2.493992782667985
38000, 2.4979991993593593
39000, 2.340939982143925
40000, 2.340939982143925
41000, 2.340939982143925
42000, 2.340939982143925
43000, 1.9798989873223332
44000, 1.9544820285692064
45000, 1.9544820285692064
46000, 1.944222209522358
47000, 1.9131126469708992
48000, 1.9078784028338913
49000, 1.8973665961010275
50000, 1.9026297590440449
51000, 1.8275666882497066
52000, 1.8220867158288598
53000, 1.8384776310850235
54000, 1.794435844492636
55000, 1.5362291495737217
56000, 1.6492422502470643
57000, 1.6431676725154984
58000, 1.6431676725154984
59000, 1.6309506430300091
60000, 1.6186414056238645
61000, 1.624807680927192
62000, 1.5231546211727816
63000, 1.5231546211727816
64000, 1.51657508881031
65000, 1.5033296378372907
66000, 1.5033296378372907
67000, 1.5231546211727816
68000, 1.4142135623730951
69000, 1.3711309200802089
70000, 1.3856406460551018
71000, 1.3490737563232043
72000, 1.3856406460551018
73000, 1.4
74000, 1.3711309200802089
75000, 1.3856406460551018
76000, 1.3856406460551018
77000, 1.3856406460551018
78000, 1.2806248474865698
79000, 1.2806248474865698
80000, 1.2806248474865698
81000, 1.489966442575134
82000, 1.5427248620541512
83000, 1.5427248620541512
84000, 1.42828568570857
85000, 1.3928388277184118
86000, 1.378404875209022
87000, 1.2806248474865698
88000, 1.2806248474865698
89000, 1.2884098726725126
90000, 1.3856406460551018
91000, 1.3856406460551018
92000, 1.3856406460551018
93000, 1.2727922061357855
94000, 1.2727922061357855
95000, 1.1661903789690602
96000, 1.1661903789690602
97000, 1.1661903789690602
98000, 1.2328828005937953
99000, 1.2328828005937953
100000, 1.3038404810405297
