1, 3.40587727318528
2, 3.40587727318528
3, 4.729844455310192
4, 8.434622525214577
5, 9.54538033366328
6, 10.158740079360236
7, 12.204214728644246
8, 12.249781339156339
9, 11.945112568984618
10, 11.661903789690601
15, 14.018355314168838
20, 13.943764607471378
25, 15.577456238331816
30, 15.726229227449462
35, 16.109447095238426
40, 17.01176063786462
45, 16.653613936406032
50, 18.259244234085923
55, 17.67484087622856
60, 18.26159123093369
65, 19.367867350699346
70, 19.225726811451665
75, 18.501737370157585
80, 18.414280172890667
85, 19.383350734955133
90, 18.76166303929372
95, 18.805014528805113
100, 18.915602025840997
150, 19.376716513825112
200, 18.508685219956295
250, 17.57595760447452
300, 16.91913540513057
350, 15.669807182695553
400, 16.83703401094487
450, 16.933483313921478
500, 17.113069358158484
550, 15.920337397716885
600, 15.931101656822104
650, 16.04190939828726
700, 15.117633979656246
750, 15.084523762547398
800, 14.94561569730162
850, 14.971401308590226
900, 14.574929551410237
950, 14.317821063276353
1000, 14.039739517323166
1250, 13.900668020946743
1500, 13.481203846202206
1750, 12.262602846517886
2000, 11.453009585756426
2250, 10.912640115284399
2500, 10.09242997781718
2750, 9.821259738808605
3000, 9.409721416856991
3250, 8.923484265048684
3500, 8.567379996241558
3750, 8.62554346113913
4000, 7.72380365216147
4250, 7.764387566686396
4500, 7.6681158050723255
4750, 7.608266181313209
5000, 7.511895328648518
5250, 7.278147330978438
5500, 7.075107268242854
5750, 6.559616713541382
6000, 6.5334305143404015
6250, 6.577016257935118
6500, 6.2381315884073585
6750, 6.148170459575759
7000, 6.155137227204142
7250, 5.877317172218728
7500, 5.848076606885378
7750, 5.709640969448079
8000, 5.843188953205018
8250, 5.742075284374855
8500, 5.694608979427072
8750, 5.626468062394281
9000, 5.529143565818179
9250, 5.734606724590125
9500, 5.403702434442518
9750, 5.513619500836088
10000, 5.157518783291051
11000, 5.017113569716015
12000, 4.557568273918513
13000, 4.292851200376205
14000, 4.414262598182655
15000, 4.653723547563054
16000, 4.551294949163998
17000, 4.326001122779063
18000, 4.161043825085926
19000, 4.0813163142720095
20000, 4.3094580368566735
21000, 4.11269810638779
22000, 4.391550328268399
23000, 4.332600670662895
24000, 4.191828786034631
25000, 3.40587727318528
26000, 3.3509060608395793
27000, 3.238165265349236
28000, 3.0612789110808856
29000, 2.53546276418555
30000, 2.704493615131253
31000, 2.6403462976338106
32000, 2.5746012173871566
33000, 3.0
34000, 3.0378563870880115
35000, 3.320929301953209
36000, 3.0659419433511785
37000, 2.917924898671265
38000, 2.4201534780139164
39000, 2.5410908793553326
40000, 2.932575659723036
41000, 2.7516228977511745
42000, 2.6186146828319083
43000, 3.009508740167215
44000, 3.093772546815388
45000, 2.990461025135948
46000, 2.888400447108597
47000, 3.0798886807341406
48000, 3.180296482135858
49000, 3.22490309931942
50000, 3.439269025326665
51000, 2.8635642126552705
52000, 2.8284271247461903
53000, 2.7774602993176543
54000, 2.7723120830300267
55000, 2.893342111024649
56000, 2.833473385894321
57000, 2.6886002731107927
58000, 2.6886002731107927
59000, 2.741219749360805
60000, 2.8735244660769563
61000, 2.9130249373656736
62000, 2.81830749615033
63000, 2.6021968740717085
64000, 2.8284271247461903
65000, 2.704493615131253
66000, 2.6186146828319083
67000, 2.197401062294143
68000, 2.3844735867092943
69000, 2.5523098781859765
70000, 2.4023797725231892
71000, 2.32992949004287
72000, 2.0632844828435215
73000, 2.4142434484888695
74000, 2.210365192839022
75000, 2.3664319132398464
76000, 2.2038926600773587
77000, 2.083952289006911
78000, 2.18435999126256
79000, 2.1514114968019085
80000, 2.18435999126256
81000, 2.1111946516469904
82000, 2.1246848505803664
83000, 2.2928460168844436
84000, 2.5746012173871566
85000, 2.4083189157584592
86000, 2.449489742783178
87000, 2.04939015319192
88000, 2.3964259101539405
89000, 2.3664319132398464
90000, 2.4842360136324753
91000, 2.32992949004287
92000, 2.3964259101539405
93000, 2.32379000772445
94000, 2.2038926600773587
95000, 2.1580414400893364
