1, 45.4064973324303
2, 44.55109426265532
3, 43.788697171758834
4, 43.2391604913879
5, 42.39074191377169
6, 41.70401659312925
7, 41.693224869275824
8, 41.34065795315793
9, 41.25651463708489
10, 40.32462027099574
15, 38.655853373066286
20, 36.45888094826828
25, 35.06850438784066
30, 33.83858744096745
35, 33.139855159611066
40, 32.195884830207724
45, 29.860509037858012
50, 30.12183593342212
55, 29.900250835068256
60, 29.101975877936535
65, 28.58189986687379
70, 28.142050387276335
75, 27.47043865685439
80, 27.471803726730432
85, 26.053310730116433
90, 25.972100415638316
95, 25.880494585691363
100, 24.526516263016237
150, 21.23263996774777
200, 17.97567801224755
250, 14.747033600015971
300, 13.438749941865872
350, 12.66491215919005
400, 12.371337841963577
450, 11.726039399558575
500, 11.562871615649808
550, 11.208255885729947
600, 10.625441167311596
650, 9.866610360199697
700, 9.663074045043844
750, 9.284395510748128
800, 9.092579392009728
850, 8.959631688858645
900, 8.860022573334675
950, 8.84024886527523
1000, 8.762134443159384
1250, 7.710382610480495
1500, 6.890210446713511
1750, 6.698880503487131
2000, 5.6258332716140815
2250, 4.873397172404482
2500, 4.780167361086848
2750, 4.801041553663121
3000, 4.631414470763764
3250, 4.407380174207803
3500, 4.39317652729776
3750, 4.407380174207803
4000, 4.028026812224566
4250, 3.9937451095431715
4500, 3.930648801406709
4750, 3.908324449172561
5000, 3.714835124201342
5250, 3.687817782917155
5500, 3.7282703764614498
5750, 3.7980258029665888
6000, 3.653765181289022
6250, 3.591656999213594
6500, 3.4132096331752027
6750, 3.398529093593286
7000, 3.40587727318528
7250, 3.271085446759225
7500, 3.0983866769659336
7750, 3.110466202999158
8000, 3.0740852297878796
8250, 2.9664793948382653
8500, 2.949576240750525
8750, 2.7064737205448717
9000, 2.6879360111431225
9250, 2.6832815729997477
9500, 2.669269563007828
9750, 2.6267851073127395
10000, 2.598076211353316
11000, 2.4949949899749297
12000, 2.602883016964074
13000, 2.564176280991617
14000, 2.5495097567963922
15000, 2.355843797877949
16000, 2.274862633215465
17000, 2.1272047386182646
18000, 2.138924963620744
19000, 2.103568396796263
20000, 2.073644135332772
21000, 2.0676073128135335
22000, 1.9493588689617927
23000, 1.9937402037376886
24000, 1.9937402037376886
25000, 1.8907670401189038
26000, 1.70293863659264
27000, 1.7175564037317668
28000, 1.7392527130926085
29000, 1.7175564037317668
30000, 1.70293863659264
31000, 1.4317821063276353
32000, 1.4053469322555197
33000, 1.4053469322555197
34000, 1.449137674618944
35000, 1.5247950681976907
36000, 1.5491933384829668
37000, 1.4577379737113252
38000, 1.4577379737113252
39000, 1.4916433890176297
40000, 1.4832396974191326
41000, 1.4832396974191326
42000, 1.4832396974191326
43000, 1.4832396974191326
44000, 1.4747881203752624
45000, 1.466287829861518
46000, 1.5329709716755893
47000, 1.5329709716755893
48000, 1.5083103128998356
49000, 1.449137674618944
50000, 1.4053469322555197
51000, 1.4053469322555197
52000, 1.4053469322555197
53000, 1.4053469322555197
54000, 1.4230249470757708
55000, 1.4230249470757708
56000, 1.4142135623730951
57000, 1.4142135623730951
58000, 1.4230249470757708
59000, 1.4230249470757708
60000, 1.3416407864998738
61000, 1.3416407864998738
62000, 1.3228756555322954
63000, 1.3228756555322954
64000, 1.3228756555322954
65000, 1.3228756555322954
66000, 1.3228756555322954
67000, 1.3228756555322954
68000, 1.02469507659596
69000, 1.02469507659596
70000, 0.806225774829855
71000, 0.8660254037844386
72000, 0.9746794344808963
73000, 0.9746794344808963
74000, 0.9746794344808963
75000, 0.9746794344808963
76000, 0.9746794344808963
77000, 0.9746794344808963
78000, 0.9746794344808963
79000, 0.9746794344808963
80000, 0.9746794344808963
81000, 0.9354143466934853
82000, 0.9354143466934853
83000, 1.0124228365658292
84000, 1.0124228365658292
85000, 1.140175425099138
86000, 1.140175425099138
87000, 1.140175425099138
88000, 1.140175425099138
89000, 1.140175425099138
90000, 1.1067971810589328
91000, 1.08397416943394
92000, 1.0488088481701516
93000, 1.08397416943394
94000, 1.08397416943394
95000, 1.0488088481701516
96000, 1.118033988749895
97000, 1.118033988749895
98000, 1.036822067666386
99000, 1.036822067666386
100000, 1.0723805294763609
