1, 22.22611077089287
2, 21.37755832643195
3, 21.376388843768723
4, 21.37755832643195
5, 21.376388843768723
6, 20.58275977608445
7, 20.58275977608445
8, 20.583974348992957
9, 20.58275977608445
10, 19.71167166934352
15, 19.71167166934352
20, 19.71167166934352
25, 19.710403344427025
30, 18.894443627691185
35, 18.894443627691185
40, 18.894443627691185
45, 18.894443627691185
50, 18.894443627691185
55, 18.894443627691185
60, 18.89576672167605
65, 18.894443627691185
70, 18.136978800230207
75, 18.138357147217054
80, 18.07622748252522
85, 18.074844397670482
90, 18.074844397670482
95, 18.074844397670482
100, 18.074844397670482
150, 16.44992401198255
200, 16.349311912126456
250, 16.349311912126456
300, 15.695540768001592
350, 15.660459763365825
400, 15.69394787808345
450, 15.096357176484664
500, 15.096357176484664
550, 15.096357176484664
600, 15.096357176484664
650, 15.096357176484664
700, 15.098013114314082
750, 15.098013114314082
800, 13.733171520082315
850, 13.840158958624716
900, 13.840158958624716
950, 13.814847085653899
1000, 13.814847085653899
1250, 13.425721582097552
1500, 12.71416532848303
1750, 12.443873994861889
2000, 11.99374837154757
2250, 12.06855418018248
2500, 11.666190466471907
2750, 11.61895003862225
3000, 10.920164833920778
3250, 10.786565718522276
3500, 10.564090116995406
3750, 10.348912986396204
4000, 10.561723344227493
4250, 10.483320084782301
4500, 10.634848376916334
4750, 10.530906893520616
5000, 10.634848376916334
5250, 10.634848376916334
5500, 10.205390732353171
5750, 10.205390732353171
6000, 10.237187113655782
6250, 10.237187113655782
6500, 10.229858259037611
6750, 10.229858259037611
7000, 10.222524150130436
7250, 10.25426740435415
7500, 10.131633629380802
7750, 10.173494974687902
8000, 10.079682534683322
8250, 10.064790112068906
8500, 10.166120203892929
8750, 10.131633629380802
9000, 10.114346246792227
9250, 9.787747442593725
9500, 9.86154146165801
9750, 9.944847912361455
10000, 9.992497185388645
11000, 10.012492197250394
12000, 9.10768905925098
13000, 8.62554346113913
14000, 8.520563361656317
15000, 8.526429498916883
16000, 8.613942186943213
17000, 8.888194417315589
18000, 8.264381404557755
19000, 8.312640976248161
20000, 7.829431652425353
21000, 7.622335600063802
22000, 8.133265027035575
23000, 8.420213774008355
24000, 7.78138805098422
25000, 8.327664738688751
26000, 7.987490219086343
27000, 7.774959806970066
28000, 7.446475676452586
29000, 7.6583287994183165
30000, 7.304108432930059
31000, 7.569676347110224
32000, 7.752418977325722
33000, 7.905694150420948
34000, 7.355270219373317
35000, 7.713624310270756
36000, 7.896201618499872
37000, 7.791020472312982
38000, 7.713624310270756
39000, 7.419568720619818
40000, 7.466592261534039
41000, 7.791020472312982
42000, 7.729812416870153
43000, 7.996874389409903
44000, 8.300602387778854
45000, 8.393449827097319
46000, 8.282511696339462
47000, 8.384509526501834
48000, 8.378544026261364
49000, 8.44393273303382
50000, 8.757853618324527
51000, 8.470537173048708
52000, 8.602325267042627
53000, 8.209750300709517
54000, 8.28854631404084
55000, 8.61103942622492
56000, 8.949860334105779
57000, 8.78635305459552
58000, 8.891006692158093
59000, 9.118662182579197
60000, 8.983317872590282
61000, 9.002777349240622
62000, 8.986100377805714
63000, 9.08019823572151
64000, 9.44986772394196
65000, 9.20326029187483
66000, 9.102197536858887
67000, 8.910667763978186
68000, 8.941476388158724
69000, 8.966604708583958
70000, 8.74642784226795
71000, 8.930285549745875
72000, 8.843076387773658
73000, 8.969392398596462
74000, 8.8289297199604
75000, 8.689073598491383
76000, 8.590692637965812
77000, 8.734987120768983
78000, 8.564461454172118
79000, 8.602325267042627
80000, 8.517628778010932
81000, 8.573214099741124
82000, 8.514693182963201
83000, 8.757853618324527
84000, 8.754998572244316
85000, 8.482334584299302
86000, 8.780660567406077
87000, 8.674675786448736
88000, 8.72066511224918
89000, 8.491171886141512
90000, 8.464632301523794
91000, 8.455767262643882
92000, 8.514693182963201
93000, 8.423182296495785
94000, 8.23407554009556
95000, 8.221921916437786
96000, 8.099382692526634
97000, 8.228000972289685
98000, 8.228000972289685
99000, 8.28854631404084
100000, 8.142481194328912
