1, 22.353970564532826
2, 21.834605560898048
3, 21.717504460687927
4, 21.642550681470055
5, 21.740515173288788
6, 21.699078321440293
7, 21.686401268998043
8, 20.915305400591215
9, 20.960677469967425
10, 20.989282979654163
15, 20.97975214343582
20, 20.233635362929718
25, 19.79898987322333
30, 19.594642124825857
35, 18.948614725092703
40, 18.658778095041487
45, 18.074844397670482
50, 17.85777141750896
55, 17.07776331959194
60, 17.599715906798043
65, 17.107016104511036
70, 17.44133022449836
75, 17.40976737351766
80, 17.488567694353932
85, 17.741194999210173
90, 17.60113632695344
95, 17.626684316683043
100, 17.45709025009609
150, 17.80028089666003
200, 16.75708805252273
250, 15.905973720586866
300, 16.16477652180815
350, 16.035897230900428
400, 16.84636459299157
450, 17.90809872655386
500, 17.161002301730512
550, 16.425589791541732
600, 15.203617990465297
650, 15.192103211866355
700, 13.805795884337853
750, 13.570187913216236
800, 13.209844813622906
850, 13.382824813917276
900, 13.207952150125317
950, 13.015375522819156
1000, 11.933147112141038
1250, 12.409673645990857
1500, 11.974973903938164
1750, 12.020815280171307
2000, 11.469524837585906
2250, 10.51427600931229
2500, 10.2810505299799
2750, 9.987492177719089
3000, 9.252026804976301
3250, 9.324698386543128
3500, 8.734987120768983
3750, 8.628441342444185
4000, 8.231038816577165
4250, 7.563068160475615
4500, 8.034301463101817
4750, 8.432081593533118
5000, 9.402127418834526
5250, 8.58195781858662
5500, 8.717797887081348
5750, 8.949860334105779
6000, 8.763560920082657
6250, 8.34565755348253
6500, 8.535221145348256
6750, 7.245688373094719
7000, 7.443117626371358
7250, 7.85175139698144
7500, 7.912016177940993
7750, 7.651797174520506
8000, 7.8453808065638215
8250, 7.749193506423749
8500, 6.704476116744694
8750, 7.269800547470337
9000, 7.546522377890362
9250, 8.037412518964047
9500, 7.235329985563893
9750, 7.503332592921628
10000, 8.083934685535256
11000, 8.090117428072352
12000, 7.355270219373317
13000, 6.4265076052238514
14000, 5.966573556070519
15000, 5.705260730238365
16000, 5.585696017507576
17000, 5.224940191045253
18000, 5.094114250780011
19000, 5.07444578254611
20000, 4.254409477236529
21000, 4.159326868617084
22000, 3.82099463490856
23000, 3.8535697735995385
24000, 3.7483329627982624
25000, 4.135214625627067
26000, 3.7549966711037173
27000, 3.8987177379235853
28000, 3.331666249791536
29000, 3.8144462245521304
30000, 4.08656334834051
31000, 4.024922359499621
32000, 3.6193922141707713
33000, 3.605551275463989
34000, 3.3090784215548594
35000, 3.361547262794322
36000, 3.5071355833500366
37000, 3.478505426185217
38000, 3.383784863137726
39000, 3.3015148038438356
40000, 3.2326459750489227
41000, 2.9410882339705484
42000, 2.9154759474226504
43000, 3.2093613071762426
44000, 3.0740852297878796
45000, 3.24037034920393
46000, 3.0903074280724887
47000, 2.949576240750525
48000, 2.7477263328068173
49000, 2.8372521918222215
50000, 2.4596747752497685
51000, 2.3874672772626644
52000, 2.6076809620810595
53000, 2.6172504656604803
54000, 2.449489742783178
55000, 2.6362852652928135
56000, 2.32379000772445
57000, 2.4186773244895647
58000, 2.7477263328068173
59000, 2.949576240750525
60000, 3.248076353782343
61000, 2.80178514522438
62000, 3.0
63000, 2.5592967784139455
64000, 2.7658633371878665
65000, 2.9154759474226504
66000, 2.8722813232690143
67000, 2.8372521918222215
68000, 2.958039891549808
69000, 2.6551836094703507
70000, 2.6362852652928135
71000, 2.280350850198276
72000, 2.7294688127912363
73000, 2.6076809620810595
74000, 2.6076809620810595
75000, 2.6267851073127395
76000, 2.711088342345192
77000, 2.6172504656604803
78000, 2.8284271247461903
79000, 2.8722813232690143
80000, 2.6172504656604803
81000, 2.6645825188948455
82000, 2.7477263328068173
83000, 3.0083217912982647
84000, 2.819574435974337
85000, 2.7294688127912363
86000, 2.80178514522438
87000, 2.479919353527449
88000, 2.4083189157584592
89000, 2.1330729007701543
90000, 2.073644135332772
91000, 2.5592967784139455
92000, 2.5495097567963922
93000, 2.4083189157584592
94000, 2.692582403567252
95000, 2.3874672772626644
96000, 2.345207879911715
97000, 2.4392621835300936
98000, 2.3874672772626644
99000, 2.449489742783178
100000, 2.2693611435820435
