1, 74.4476067704406
2, 74.30529539055021
3, 73.79681043764175
4, 73.55353884704037
5, 72.9126980604993
6, 72.23167853937346
7, 71.78814986847385
8, 70.96412961706564
9, 70.39700605521844
10, 70.1128760258441
15, 68.81536053929999
20, 66.93670948682103
25, 64.6339991502448
30, 63.435733681359025
35, 62.06039242296416
40, 61.12395979923471
45, 60.92151318894475
50, 60.680119669269956
55, 59.55721231271271
60, 58.14147202497344
65, 56.91626778401355
70, 56.398581542446614
75, 56.24725634334395
80, 55.24741553300863
85, 54.86613078842272
90, 54.01936974541917
95, 53.575683347521064
100, 53.28919648051058
150, 45.129386639544954
200, 41.73321864488214
250, 37.356700562590866
300, 35.28499354160022
350, 32.86850257523852
400, 30.03408320302376
450, 29.08211186914098
500, 27.463822357085302
550, 26.26726538429973
600, 25.91791777011536
650, 25.125224836345705
700, 24.068492011181498
750, 23.399868507191364
800, 22.845299129310877
850, 21.86109997936271
900, 21.147103820618085
950, 21.102314856614484
1000, 20.11887747289174
1250, 18.762483024130074
1500, 18.3412104289766
1750, 17.051054557958036
2000, 16.32930353218268
2250, 14.646081124577055
2500, 14.255902960906027
2750, 13.973050985599167
3000, 13.311649033834989
3250, 13.03486449134368
3500, 12.713409032622573
3750, 11.898933371719306
4000, 11.373383232523476
4250, 11.481758107135388
4500, 11.044664566414653
4750, 10.692916418754125
5000, 10.435884835877228
5250, 10.44104327236434
5500, 9.983833085389753
5750, 9.613292079999681
6000, 9.59326686956895
6250, 9.62049095180938
6500, 9.678683953767841
6750, 9.60528700568278
7000, 9.048586799988332
7250, 9.260337259184794
7500, 9.217875610422977
7750, 8.83350265923825
8000, 8.994015104073803
8250, 9.324079661739358
8500, 9.14834999834985
8750, 9.3216043518435
9000, 9.232051193032307
9250, 8.745988091251194
9500, 8.657588934215239
9750, 8.477118523504226
10000, 8.747746962679987
11000, 7.81320381445114
12000, 7.079765315536732
13000, 7.040541937182874
14000, 6.489044021093732
15000, 5.914779402870016
16000, 5.763278981221074
17000, 5.777942140988899
18000, 5.926472553136218
19000, 5.808481861765735
20000, 5.175385530046567
21000, 5.446240764191248
22000, 5.268191924545475
23000, 5.094491746371384
24000, 5.160500870145187
25000, 5.23743918635522
26000, 5.316158242710469
27000, 5.2652708309332885
28000, 5.2652708309332885
29000, 5.228619467743043
30000, 5.009222264215044
31000, 4.856399425975523
32000, 4.8611489620016
33000, 5.03526028660348
34000, 5.080884235581895
35000, 4.95207804089121
36000, 4.78941139791327
37000, 4.723101979387308
38000, 4.543803896093431
39000, 4.5573271518765
40000, 4.654195791061917
41000, 4.484160156338342
42000, 4.602674807610829
43000, 4.7878050214139805
44000, 4.688775467498458
45000, 4.629337882545324
46000, 4.669047011971501
47000, 4.303844435278409
48000, 4.439334669485092
49000, 4.509818348721103
50000, 4.2535053417514
51000, 4.249886876322528
52000, 4.473855676637839
53000, 4.362426988588947
54000, 4.45835430141247
55000, 4.434133338267858
56000, 4.266145801540309
57000, 4.387043861890811
58000, 4.387043861890811
59000, 4.575856372140797
60000, 4.341215710622296
61000, 4.2715516906803135
62000, 4.246265327410574
63000, 4.251696493980147
64000, 4.100656607835459
65000, 4.062965949610248
66000, 4.246265327410574
67000, 4.021098204375363
68000, 4.04589060272652
69000, 3.851073776334236
70000, 4.017270408929618
71000, 4.1175048456372405
72000, 3.912504608009083
73000, 3.63529704637525
74000, 3.599145197660988
75000, 3.599145197660988
76000, 3.685731322901248
77000, 3.847076812334269
78000, 3.7764452149526098
79000, 3.588442987832338
80000, 3.5453110962552734
81000, 3.5496478698597698
82000, 3.7396009659608582
83000, 3.712763847138057
84000, 3.609815678226415
85000, 3.5235471637803597
86000, 3.6836436810895226
87000, 3.650079029702908
88000, 3.514803857094469
89000, 3.7805168551810073
90000, 3.8230072737812852
91000, 3.5820063136138147
92000, 3.6542914708389307
93000, 3.67528125559015
94000, 3.6374124361651967
95000, 3.5235471637803597
96000, 3.6584990617212663
97000, 3.4618803249990293
98000, 3.586298713372669
99000, 3.3189432980068543
100000, 3.4351128074635335
