1, 288.4339369769098
2, 288.185773417079
3, 287.41291550659304
4, 286.8370059807486
5, 286.5471060750745
6, 285.92705363431423
7, 285.59521704678457
8, 285.33703580152365
9, 284.7509578561589
10, 284.59132804778153
15, 281.64337734092027
20, 279.9650120997265
25, 277.75147164326603
30, 275.92151782708066
35, 274.4729422001374
40, 273.6582540322875
45, 273.59774852874796
50, 271.5855298059895
55, 270.9237088185528
60, 268.45980704753555
65, 266.3685792281064
70, 264.35328634234907
75, 262.5601264472578
80, 259.0519175763808
85, 257.1835997881669
90, 256.27482123689015
95, 254.58594619499326
100, 252.77237982026438
150, 240.44376473512472
200, 230.3788966029658
250, 220.85416002421144
300, 208.81043077394386
350, 202.0925332613751
400, 194.68843828024305
450, 186.94261151487106
500, 179.25270430317084
550, 175.4678090135054
600, 171.97863820835423
650, 168.48805298892856
700, 166.1736802264426
750, 163.37076849914123
800, 158.74456211158855
850, 155.1132618443697
900, 151.94771469160042
950, 146.57002422050698
1000, 144.52350673852334
1250, 133.07518175828278
1500, 124.29559927849417
1750, 112.38857593189799
2000, 105.10958091439619
2250, 99.72309662259792
2500, 94.70446663172757
2750, 90.91217740215004
3000, 87.15602101977808
3250, 84.08662200374089
3500, 82.31442157969647
3750, 80.17600638595066
4000, 77.9979486909752
4250, 75.59756609838706
4500, 74.56892114011038
4750, 73.47138218381359
5000, 70.84941778165859
5250, 69.52144992734257
5500, 68.89838895068593
5750, 67.33590424134809
6000, 66.12397447219881
6250, 64.18971880293603
6500, 63.49762200271755
6750, 62.32071886620051
