1, 16.451950239004088
2, 15.609825965290794
3, 15.607690412101336
4, 15.121728296285006
5, 15.121728296285006
6, 15.121728296285006
7, 14.403703227526824
8, 13.522820218677266
9, 13.522820218677266
10, 13.49567832060817
15, 12.751470503436064
20, 10.714476188783099
25, 9.85900603509299
30, 9.75363180222287
35, 9.757048734120374
40, 8.390470785361213
45, 8.426149773176359
50, 8.318653737234168
55, 8.338664961091393
60, 8.378544026261364
65, 8.298594258467313
70, 8.298594258467313
75, 8.254291812949997
80, 7.920437698343024
85, 7.160074487508259
90, 7.146094504459528
95, 7.094598884597588
100, 7.052186422190875
150, 7.052186422190875
200, 7.042726744663604
250, 7.033254343948231
300, 6.762642481555071
350, 6.126445407684078
400, 6.126445407684078
450, 5.335416259924493
500, 5.310367218940701
550, 4.618802153517006
600, 4.611579628139003
650, 4.611579628139003
700, 4.611579628139003
750, 4.516635916254486
800, 4.47213595499958
850, 4.47213595499958
900, 4.47213595499958
950, 4.47213595499958
1000, 4.47213595499958
1250, 4.016632088371218
1500, 3.723797345005051
1750, 3.8815804341359033
2000, 3.924283374069717
2250, 4.041451884327381
2500, 3.9832984656772417
2750, 3.696845502136472
3000, 2.988868236194653
3250, 2.988868236194653
3500, 3.0659419433511785
3750, 3.141125063837266
4000, 3.0659419433511785
4250, 3.0659419433511785
4500, 3.03315017762062
4750, 2.8751811537130436
5000, 2.851899951494325
5250, 2.898275349237888
5500, 2.851899951494325
5750, 2.851899951494325
6000, 2.840187787218772
6250, 2.7202941017470885
6500, 2.7202941017470885
6750, 2.7202941017470885
7000, 3.0550504633038935
7250, 3.0550504633038935
7500, 3.0983866769659336
7750, 3.1937438845342623
8000, 3.1937438845342623
8250, 3.03315017762062
8500, 3.03315017762062
8750, 3.03315017762062
9000, 3.03315017762062
9250, 3.0876096471758427
9500, 2.6708300832013507
9750, 2.6708300832013507
10000, 2.6708300832013507
11000, 2.6708300832013507
12000, 2.6457513110645907
13000, 2.54296414970142
14000, 2.516611478423583
15000, 2.516611478423583
16000, 2.594866727470475
17000, 2.3944379994757297
18000, 2.309401076758503
19000, 2.309401076758503
20000, 2.2211108331943574
21000, 2.422120283277993
22000, 2.556038601690775
23000, 2.556038601690775
24000, 2.5298221281347035
25000, 2.449489742783178
26000, 2.449489742783178
27000, 2.695675549220764
28000, 2.695675549220764
29000, 2.695675549220764
30000, 2.6832815729997477
31000, 2.6708300832013507
32000, 2.6708300832013507
33000, 2.6832815729997477
34000, 2.6832815729997477
35000, 2.556038601690775
36000, 2.804757862395017
37000, 2.804757862395017
38000, 2.780887148615228
39000, 2.6457513110645907
40000, 2.4765567494675613
41000, 2.556038601690775
42000, 2.556038601690775
43000, 2.6457513110645907
44000, 2.581988897471611
45000, 2.581988897471611
46000, 2.569046515733026
47000, 2.569046515733026
48000, 2.6583202716502514
49000, 2.7688746209726918
50000, 2.6331223544175333
51000, 2.6331223544175333
52000, 2.6331223544175333
53000, 2.8635642126552705
54000, 2.8635642126552705
55000, 2.9097537123726926
56000, 2.780887148615228
57000, 2.780887148615228
58000, 2.6832815729997477
59000, 2.6832815729997477
60000, 2.7688746209726918
61000, 2.7688746209726918
62000, 2.7202941017470885
63000, 2.7202941017470885
64000, 2.6708300832013507
65000, 2.695675549220764
66000, 2.7202941017470885
67000, 2.594866727470475
68000, 2.594866727470475
69000, 2.594866727470475
70000, 2.594866727470475
71000, 2.4899799195977463
72000, 2.449489742783178
73000, 2.449489742783178
74000, 2.250925735484551
75000, 2.250925735484551
76000, 2.04939015319192
77000, 2.04939015319192
78000, 2.1134489978863145
79000, 2.1908902300206643
80000, 2.04939015319192
81000, 2.1134489978863145
82000, 2.280350850198276
83000, 2.04939015319192
84000, 2.265686062395524
85000, 2.265686062395524
86000, 2.3664319132398464
87000, 2.3664319132398464
88000, 2.250925735484551
89000, 2.1291625896895083
90000, 1.9493588689617927
91000, 2.1291625896895083
92000, 2.23606797749979
93000, 2.3380903889000244
94000, 2.2211108331943574
95000, 2.206052281036573
96000, 2.206052281036573
97000, 2.206052281036573
98000, 2.1291625896895083
99000, 2.1291625896895083
100000, 2.1291625896895083
