1, 39.93888187861906
2, 39.8016510784594
3, 39.76286853693674
4, 39.020873534924505
5, 38.50194800266605
6, 38.27307893844669
7, 37.9834550448331
8, 37.78283812980249
9, 37.77867879411046
10, 37.620283282900914
15, 37.250119846403564
20, 35.79904228567335
25, 34.93463283660745
30, 34.26410033006224
35, 33.34152280351248
40, 33.07394313180263
45, 32.001785664463874
50, 30.86653296278766
55, 30.91185625521148
60, 31.156746575065522
65, 30.738063885491737
70, 31.21995698724959
75, 31.28440962706961
80, 31.22498999199199
85, 30.93911070843135
90, 31.072265998567183
95, 31.21126170379623
100, 30.803988610011434
150, 30.408175592382108
200, 28.950203552208155
250, 28.698929795875166
300, 29.382210361276186
350, 29.409910865945466
400, 29.613703391697374
450, 29.145938212480214
500, 28.621170985328824
550, 28.825583874646593
600, 28.270630899019064
650, 27.20451643175659
700, 26.292856172623882
750, 24.748448724833526
800, 24.261668768420925
850, 24.783058729704855
900, 24.11046008922861
950, 23.954122818421048
1000, 24.753643310487796
1250, 23.242202993692317
1500, 22.869193252058544
1750, 21.88867939630634
2000, 20.36734080405617
2250, 19.795381856815563
2500, 19.90405558099727
2750, 19.677398201998148
3000, 20.10685739457348
3250, 20.539856725053227
3500, 19.469389894322394
3750, 18.751761821988126
4000, 17.901316791150947
4250, 17.062071554013766
4500, 16.667333320000534
4750, 17.720851317828142
5000, 18.270194306574847
5250, 16.336637178003137
5500, 17.826945896591486
5750, 17.21876053279429
6000, 17.44624396743977
6250, 16.588291912413062
6500, 16.253351302775332
6750, 16.33576269591178
7000, 16.083709593427578
7250, 16.66819040653698
7500, 17.368279789810586
7750, 16.776684501329303
8000, 16.678472009492612
8250, 16.77242635143424
8500, 16.374195727249802
8750, 16.497618875808367
9000, 15.699863511690612
9250, 14.598434358323694
9500, 14.78705998016992
9750, 14.91787039569848
10000, 15.246545276131995
11000, 14.039739517323166
12000, 14.09153748075165
13000, 13.130118049735882
14000, 12.469391095226515
15000, 11.8490505948789
16000, 12.118462891684855
17000, 11.414276774536102
18000, 11.35907440897239
19000, 11.41677963100178
20000, 12.129067800712704
21000, 11.290957190854737
22000, 11.92236793354647
23000, 11.990472408184282
24000, 11.852666969324426
25000, 11.34774993430101
26000, 11.177784089114315
27000, 10.26784161489509
28000, 10.597843446394446
29000, 9.238119783963462
30000, 10.338554748402423
31000, 10.415647569196755
32000, 10.078265156832726
33000, 8.831760866327848
34000, 8.774964387392123
35000, 9.039595439746499
36000, 8.632165760357346
37000, 8.633820541501725
38000, 9.163592558130713
39000, 8.580709261393922
40000, 8.693182879212227
41000, 9.003174043477271
42000, 8.419365432484463
43000, 8.053393251117374
44000, 7.901175319442762
45000, 8.258329128825032
46000, 7.736739808029145
47000, 8.030299763129287
48000, 7.841282693903739
49000, 8.1117199162693
50000, 8.023180701656205
51000, 7.287954837558045
52000, 7.496665925596525
53000, 7.8230428862431785
54000, 7.749654370173089
55000, 7.613897068612667
56000, 7.183313998427188
57000, 7.866747376502838
58000, 7.857662320490563
59000, 7.810249675906654
60000, 7.209121206598525
61000, 7.338742593737898
62000, 7.439277998761516
63000, 6.855654600401044
64000, 6.954957122184764
65000, 7.171371656006362
66000, 7.481405521118914
67000, 7.0
68000, 6.735831691144648
69000, 6.471917357763021
70000, 6.654751256486923
71000, 6.306459273746923
72000, 6.859820905617205
73000, 6.987744373442078
74000, 7.044754887756666
75000, 6.78443596981882
76000, 6.561794179730332
77000, 6.671902705696907
78000, 6.500549427328652
79000, 6.295122828712036
80000, 6.465291950097845
81000, 6.452020724437533
82000, 6.568322247184371
83000, 6.529055937007389
84000, 6.29285308902091
85000, 6.351602722373082
86000, 6.333583954940972
87000, 6.712461758337462
88000, 6.555259611291422
89000, 6.360592964271716
90000, 6.452020724437533
91000, 6.189853448530564
92000, 6.727342926976657
93000, 6.272388471934526
94000, 6.400892794870773
95000, 6.326813686886269
96000, 6.491753010001008
97000, 6.240421231203639
98000, 6.094494002200441
99000, 6.594369893000717
100000, 6.120224085533376
