1.9493588689617927
2.1447610589527217
1.4832396974191326
1.0954451150103321
1.2649110640673518
1.4142135623730951
1.2649110640673518
1.4142135623730951
1.3416407864998738
1.9493588689617927
1.8973665961010275
2.0976176963403033
1.7320508075688772
1.61245154965971
1.8439088914585775
1.2649110640673518
1.7888543819998317
1.61245154965971
1.6733200530681511
1.2649110640673518
1.4832396974191326
1.3416407864998738
1.2649110640673518
1.2649110640673518
1.4832396974191326
1.4832396974191326
1.4832396974191326
1.4832396974191326
1.3416407864998738
1.5491933384829668
1.0954451150103321
1.0954451150103321
1.3416407864998738
1.2649110640673518
1.2649110640673518
1.2649110640673518
1.2649110640673518
1.2649110640673518
1.2649110640673518
1.2649110640673518
1.2649110640673518
1.0954451150103321
1.0
1.0
1.0
1.0
1.0
1.0
1.0954451150103321
1.0954451150103321
1.1832159566199232
1.0954451150103321
1.1832159566199232
1.1832159566199232
1.1832159566199232
1.1832159566199232
1.1832159566199232
1.1832159566199232
1.1832159566199232
1.4142135623730951
1.4142135623730951
1.4142135623730951
1.5491933384829668
1.5491933384829668
1.5491933384829668
1.5491933384829668
1.5491933384829668
1.5491933384829668
1.6733200530681511
1.6733200530681511
1.5491933384829668
1.5491933384829668
1.5491933384829668
1.5491933384829668
1.5491933384829668
1.5491933384829668
1.5491933384829668
1.5491933384829668
1.5491933384829668
1.5491933384829668
1.5491933384829668
1.5491933384829668
1.5491933384829668
1.4142135623730951
1.4142135623730951
1.5491933384829668
1.5491933384829668
1.6733200530681511
1.5491933384829668
1.6733200530681511
1.6733200530681511
1.61245154965971
1.6733200530681511
1.6733200530681511
1.6733200530681511
1.6733200530681511
1.6733200530681511
1.6733200530681511
1.6733200530681511
1.6733200530681511
1.6733200530681511
1.61245154965971
1.61245154965971
1.61245154965971
1.61245154965971
1.5491933384829668
1.61245154965971
1.61245154965971
1.6733200530681511
1.6733200530681511
1.6733200530681511
1.6733200530681511
1.6733200530681511
1.6733200530681511
1.6733200530681511
1.6733200530681511
1.6733200530681511
1.6733200530681511
1.6733200530681511
1.6733200530681511
1.6733200530681511
1.61245154965971
1.61245154965971
1.61245154965971
1.61245154965971
1.61245154965971
1.61245154965971
1.61245154965971
1.61245154965971
1.5491933384829668
1.5491933384829668
1.5491933384829668
1.5491933384829668
1.5491933384829668
1.61245154965971
1.61245154965971
1.4832396974191326
1.4832396974191326
1.4832396974191326
1.4832396974191326
1.4832396974191326
1.4832396974191326
1.4832396974191326
1.5491933384829668
1.4832396974191326
1.4142135623730951
1.5491933384829668
1.5491933384829668
1.4832396974191326
1.4832396974191326
1.4832396974191326
1.5491933384829668
1.4832396974191326
1.4832396974191326
1.5491933384829668
1.5491933384829668
1.5491933384829668
1.4832396974191326
1.4832396974191326
1.5491933384829668
1.5491933384829668
1.5491933384829668
1.5491933384829668
1.5491933384829668
1.5491933384829668
1.5491933384829668
1.5491933384829668
1.5491933384829668
1.5491933384829668
1.5491933384829668
1.5491933384829668
1.5491933384829668
1.5491933384829668
1.5491933384829668
1.5491933384829668
1.5491933384829668
1.5491933384829668
1.5491933384829668
1.5491933384829668
1.4142135623730951
1.4142135623730951
1.5491933384829668
1.4142135623730951
1.4142135623730951
1.5491933384829668
1.5491933384829668
1.5491933384829668
1.6733200530681511
1.5491933384829668
1.5491933384829668
1.3416407864998738
1.61245154965971
1.3416407864998738
1.3416407864998738
1.3416407864998738
1.1832159566199232
1.3416407864998738
1.1832159566199232
1.5491933384829668
1.5491933384829668
1.5491933384829668
1.4832396974191326
1.5491933384829668
1.4832396974191326
1.1832159566199232
1.2649110640673518
1.2649110640673518
1.2649110640673518
1.1832159566199232
1.0954451150103321
1.0954451150103321
1.4142135623730951
1.1832159566199232
1.1832159566199232
1.1832159566199232
1.1832159566199232
1.1832159566199232
1.5491933384829668
1.1832159566199232
1.0954451150103321
1.4142135623730951
1.4142135623730951
1.4142135623730951
1.4142135623730951
1.1832159566199232
1.0954451150103321
1.0954451150103321
1.0954451150103321
1.0954451150103321
1.0954451150103321
1.0954451150103321
1.0954451150103321
1.0954451150103321
1.0954451150103321
1.2649110640673518
1.0954451150103321
1.0954451150103321
1.0954451150103321
1.0954451150103321
1.0954451150103321
1.0954451150103321
1.0954451150103321
1.0954451150103321
1.0954451150103321
1.0954451150103321
1.0954451150103321
1.0954451150103321
1.2649110640673518
1.2649110640673518
1.2649110640673518
1.2649110640673518
1.2649110640673518
1.2649110640673518
1.1832159566199232
1.2649110640673518
1.0954451150103321
1.0954451150103321
1.2649110640673518
1.2649110640673518
1.2649110640673518
1.2649110640673518
1.2649110640673518
1.4832396974191326
1.7320508075688772
1.7320508075688772
1.61245154965971
1.61245154965971
1.3416407864998738
1.1832159566199232
1.3416407864998738
1.5491933384829668
1.5491933384829668
1.5491933384829668
1.7888543819998317
1.8439088914585775
1.8439088914585775
1.7888543819998317
1.5491933384829668
1.5491933384829668
1.5491933384829668
1.5491933384829668
1.5491933384829668
1.5491933384829668
1.5491933384829668
1.3416407864998738
1.3416407864998738
1.5491933384829668
1.5491933384829668
1.3416407864998738
1.3416407864998738
1.5491933384829668
1.5491933384829668
1.7888543819998317
1.61245154965971
1.61245154965971
1.61245154965971
1.61245154965971
1.3416407864998738
1.4832396974191326
1.4832396974191326
1.5491933384829668
1.5491933384829668
1.5491933384829668
1.5491933384829668
1.5491933384829668
1.5491933384829668
1.5491933384829668
1.5491933384829668
1.7320508075688772
1.7320508075688772
1.4832396974191326
1.4832396974191326
1.4832396974191326
1.5491933384829668
1.7888543819998317
1.3416407864998738
1.8439088914585775
1.8439088914585775
1.8439088914585775
1.8439088914585775
1.8439088914585775
1.8973665961010275
1.8439088914585775
1.8973665961010275
1.5491933384829668
1.5491933384829668
1.6733200530681511
1.7888543819998317
1.7888543819998317
1.7888543819998317
1.7888543819998317
1.7888543819998317
1.7888543819998317
1.7888543819998317
1.7888543819998317
1.7888543819998317
1.5491933384829668
1.7888543819998317
1.7888543819998317
1.7888543819998317
1.7888543819998317
1.7888543819998317
1.7888543819998317
1.7888543819998317
1.7888543819998317
1.7888543819998317
1.7888543819998317
1.7888543819998317
1.7888543819998317
1.7888543819998317
1.7888543819998317
1.7888543819998317
1.7888543819998317
1.7888543819998317
1.7888543819998317
1.5491933384829668
1.5491933384829668
1.5491933384829668
1.7888543819998317
1.7888543819998317
1.7888543819998317
1.7888543819998317
1.5491933384829668
1.5491933384829668
1.7888543819998317
1.5491933384829668
1.5491933384829668
1.4142135623730951
1.4142135623730951
1.4142135623730951
1.4142135623730951
1.5491933384829668
1.4142135623730951
1.4142135623730951
1.4142135623730951
1.4142135623730951
1.5491933384829668
1.5491933384829668
1.5491933384829668
1.7888543819998317
1.7888543819998317
1.5491933384829668
1.7888543819998317
1.7888543819998317
1.7888543819998317
1.5491933384829668
1.5491933384829668
1.7888543819998317
1.5491933384829668
1.5491933384829668
1.5491933384829668
1.7888543819998317
1.5491933384829668
1.5491933384829668
1.5491933384829668
1.5491933384829668
1.5491933384829668
1.5491933384829668
1.5491933384829668
1.5491933384829668
