14.727040241871897
12.68857754044952
13.130118049735882
11.284629242596193
11.033714566856311
11.278297743897348
11.041480232028933
11.293487377371843
11.150912838994714
11.261819188238258
11.596797587511576
11.85748708622531
11.638605709325445
12.057007446768397
12.18312650466092
12.181953866272849
12.309113928885608
12.5288239101453
12.261437808954428
12.574350309828565
12.306792549529014
12.476263176814717
12.640072332523598
12.356606098994751
12.45563555756418
12.51513369599268
12.384321885813069
12.479697798538918
12.68182050923965
12.45563555756418
12.590245657424072
12.635550754009214
12.849680374012644
12.796204794502827
12.785035895809713
12.550469541586311
12.501428489805246
12.778329870750492
12.853015210447703
12.826312241415524
12.77162032454323
12.75371094455033
12.798437404620925
12.565258225986216
12.548192812399037
12.376244526164978
12.386628735397352
