1, 16.7710067278821
2, 15.954100831238762
3, 15.99166449539676
4, 15.728954192825409
5, 14.98666073546739
6, 14.38054240979804
7, 14.422205101855956
8, 13.992855319769443
9, 14.135062787267696
10, 13.973784979978284
15, 12.912526218108264
20, 11.322543883774529
25, 10.516653460107925
30, 9.154233993076646
35, 9.280804562823922
40, 8.744522094812654
45, 8.660254037844387
50, 7.633260552782583
55, 7.35753581937141
60, 6.947421584060281
65, 6.582805886043833
70, 6.5625198412398476
75, 6.1752192943516855
80, 5.955389715767279
85, 5.932958789676531
90, 5.966573556070519
95, 5.910442735813733
100, 6.485882103975269
150, 5.422176684690384
200, 5.561774297230456
250, 4.711687595755898
300, 4.993328882953068
350, 4.781910357447813
400, 4.575295983139597
450, 4.538722287164087
500, 4.024922359499621
550, 4.219004621945797
600, 4.553387017741116
650, 4.575295983139597
700, 4.234776656841932
750, 4.00832467081531
800, 3.63318042491699
850, 3.1728010758108782
900, 3.2145502536643185
950, 3.119829055146024
1000, 2.9211869733608857
1250, 2.756809750418044
1500, 2.6331223544175333
1750, 2.1447610589527217
2000, 2.1447610589527217
2250, 1.9321835661585918
2500, 2.4083189157584592
2750, 2.1756225162774294
3000, 2.23606797749979
3250, 2.3944379994757297
3500, 2.0976176963403033
3750, 2.1291625896895083
4000, 1.9493588689617927
4250, 2.065591117977289
4500, 1.8257418583505538
4750, 2.1756225162774294
5000, 1.9321835661585918
5250, 1.8073922282301278
5500, 1.8073922282301278
5750, 2.0
6000, 1.7888543819998317
6250, 1.61245154965971
6500, 1.6733200530681511
6750, 1.7320508075688772
7000, 1.879716290649558
7250, 1.6931233465600393
7500, 1.8073922282301278
7750, 1.6733200530681511
8000, 1.570562531918633
8250, 1.570562531918633
8500, 1.5275252316519468
8750, 1.6532795690182993
9000, 1.7511900715418263
9250, 1.7888543819998317
9500, 1.4605934866804429
9750, 1.5491933384829668
10000, 1.632993161855452
11000, 1.5275252316519468
12000, 1.570562531918633
13000, 1.2649110640673518
14000, 1.4375905768565218
15000, 1.591644851508443
16000, 1.6532795690182993
17000, 1.6532795690182993
18000, 1.390443574307614
19000, 1.505545305418162
20000, 1.3662601021279464
21000, 1.505545305418162
22000, 1.0954451150103321
23000, 1.2110601416389966
24000, 1.2110601416389966
25000, 1.0327955589886444
26000, 0.9660917830792959
27000, 0.9660917830792959
28000, 0.8563488385776752
29000, 1.0
30000, 1.1547005383792515
31000, 1.0954451150103321
32000, 1.1547005383792515
33000, 1.0327955589886444
34000, 1.2110601416389966
35000, 0.9309493362512627
36000, 0.9309493362512627
37000, 0.8563488385776752
38000, 0.7745966692414834
39000, 0.7302967433402214
40000, 0.7745966692414834
41000, 0.7302967433402214
42000, 0.5773502691896257
43000, 0.7745966692414834
44000, 0.7745966692414834
45000, 0.6324555320336759
46000, 0.8563488385776752
47000, 0.7745966692414834
48000, 0.816496580927726
49000, 0.6324555320336759
50000, 0.6831300510639732
51000, 0.816496580927726
52000, 0.5773502691896257
53000, 0.5773502691896257
54000, 0.5773502691896257
55000, 0.6831300510639732
56000, 0.2581988897471611
57000, 0.5773502691896257
58000, 0.2581988897471611
59000, 0.2581988897471611
60000, 0.3651483716701107
61000, 0.3651483716701107
62000, 0.3651483716701107
63000, 0.3651483716701107
64000, 0.6324555320336759
65000, 0.6324555320336759
66000, 0.6324555320336759
67000, 0.7302967433402214
68000, 0.7302967433402214
69000, 0.7302967433402214
70000, 0.5773502691896257
71000, 0.6324555320336759
72000, 0.4472135954999579
73000, 0.4472135954999579
74000, 0.5773502691896257
75000, 0.3651483716701107
76000, 0.3651483716701107
77000, 0.6324555320336759
78000, 0.4472135954999579
79000, 0.5773502691896257
80000, 0.5773502691896257
81000, 0.3651483716701107
82000, 0.3651483716701107
83000, 0.5773502691896257
84000, 0.5773502691896257
85000, 0.5773502691896257
86000, 0.5773502691896257
87000, 0.5773502691896257
88000, 0.5773502691896257
89000, 0.5163977794943222
90000, 0.3651483716701107
91000, 0.3651483716701107
92000, 0.3651483716701107
93000, 0.2581988897471611
94000, 0.3651483716701107
95000, 0.3651483716701107
96000, 0.3651483716701107
97000, 0.3651483716701107
98000, 0.2581988897471611
99000, 0.2581988897471611
100000, 0.2581988897471611
