4.994997497496871
4.153311931459037
3.5355339059327378
3.278719262151
3.3166247903554
2.1330729007701543
2.2693611435820435
2.179449471770337
2.258317958127243
2.0615528128088303
2.32379000772445
2.1330729007701543
2.179449471770337
2.1908902300206643
2.4186773244895647
2.085665361461421
2.0615528128088303
2.085665361461421
2.0
1.70293863659264
1.5
1.466287829861518
1.5811388300841898
1.466287829861518
1.4832396974191326
1.6881943016134133
1.466287829861518
1.378404875209022
1.4832396974191326
1.4832396974191326
1.5
1.449137674618944
1.449137674618944
1.4317821063276353
1.4142135623730951
1.466287829861518
1.3228756555322954
1.3416407864998738
1.3416407864998738
1.3416407864998738
1.3416407864998738
1.2649110640673518
1.2649110640673518
1.4142135623730951
1.4142135623730951
1.2041594578792296
1.0488088481701516
1.0954451150103321
1.0954451150103321
1.0488088481701516
1.0723805294763609
1.118033988749895
1.0488088481701516
1.0488088481701516
0.9746794344808963
0.9746794344808963
0.9486832980505138
0.9486832980505138
0.9486832980505138
1.118033988749895
0.806225774829855
0.806225774829855
0.806225774829855
0.8944271909999159
0.8944271909999159
0.7745966692414834
0.6708203932499369
0.806225774829855
0.7745966692414834
0.7416198487095663
0.8660254037844386
0.8660254037844386
0.8944271909999159
1.02469507659596
1.0488088481701516
1.02469507659596
1.0488088481701516
1.0723805294763609
1.0488088481701516
1.0954451150103321
1.0723805294763609
1.0954451150103321
1.0954451150103321
1.118033988749895
1.02469507659596
0.9746794344808963
1.118033988749895
0.9219544457292888
0.9219544457292888
0.8660254037844386
1.0488088481701516
1.118033988749895
1.118033988749895
1.1832159566199232
1.2649110640673518
1.2649110640673518
1.161895003862225
1.161895003862225
1.2041594578792296
1.161895003862225
1.161895003862225
1.0954451150103321
1.0488088481701516
1.118033988749895
1.1832159566199232
1.224744871391589
1.224744871391589
1.0954451150103321
1.118033988749895
1.140175425099138
1.02469507659596
1.02469507659596
1.0
0.9219544457292888
1.0
1.0488088481701516
1.02469507659596
1.02469507659596
1.0954451150103321
1.161895003862225
1.118033988749895
1.02469507659596
1.02469507659596
1.02469507659596
1.118033988749895
1.161895003862225
1.3038404810405297
1.284523257866513
1.284523257866513
1.118033988749895
1.0954451150103321
1.1832159566199232
1.118033988749895
1.118033988749895
1.118033988749895
1.0723805294763609
1.0723805294763609
1.0488088481701516
1.0488088481701516
1.02469507659596
1.0
1.0
0.8944271909999159
0.9486832980505138
0.9486832980505138
0.9486832980505138
0.9486832980505138
0.8660254037844386
0.8660254037844386
0.806225774829855
0.7745966692414834
0.9219544457292888
0.9219544457292888
0.8944271909999159
0.8944271909999159
0.8944271909999159
0.8944271909999159
0.8944271909999159
0.8944271909999159
0.8944271909999159
0.8944271909999159
0.9219544457292888
0.8944271909999159
0.8944271909999159
0.9219544457292888
0.9219544457292888
0.9486832980505138
0.9486832980505138
0.9219544457292888
0.9219544457292888
0.806225774829855
0.806225774829855
0.9219544457292888
0.9219544457292888
0.8660254037844386
0.8660254037844386
0.9486832980505138
0.9486832980505138
0.9486832980505138
0.9486832980505138
0.9486832980505138
0.9486832980505138
1.02469507659596
1.02469507659596
1.0
1.02469507659596
1.0
1.0
1.02469507659596
0.9486832980505138
0.9486832980505138
0.8944271909999159
0.8366600265340756
0.8366600265340756
0.8366600265340756
0.8366600265340756
0.8366600265340756
0.8944271909999159
0.8944271909999159
0.8944271909999159
0.8944271909999159
0.8944271909999159
0.8944271909999159
0.8660254037844386
0.8660254037844386
0.8660254037844386
0.8660254037844386
0.8660254037844386
0.8660254037844386
0.806225774829855
0.806225774829855
0.8660254037844386
0.8660254037844386
0.8660254037844386
0.8660254037844386
0.8660254037844386
0.8660254037844386
0.8660254037844386
0.8660254037844386
0.8660254037844386
0.8660254037844386
0.8660254037844386
0.8660254037844386
0.8660254037844386
0.8660254037844386
0.8660254037844386
0.8944271909999159
0.8944271909999159
0.8944271909999159
1.0954451150103321
1.0488088481701516
1.0488088481701516
1.0488088481701516
1.02469507659596
0.806225774829855
0.806225774829855
0.806225774829855
0.806225774829855
0.806225774829855
0.7745966692414834
0.7745966692414834
0.7745966692414834
0.7745966692414834
0.7745966692414834
0.7745966692414834
0.806225774829855
0.806225774829855
0.806225774829855
0.806225774829855
0.8660254037844386
0.8660254037844386
0.8660254037844386
0.8660254037844386
0.8660254037844386
0.8660254037844386
0.8660254037844386
0.8660254037844386
0.8660254037844386
0.8660254037844386
0.806225774829855
0.7745966692414834
0.7745966692414834
0.7745966692414834
0.7745966692414834
0.7745966692414834
0.7745966692414834
0.7745966692414834
0.7745966692414834
0.7745966692414834
0.7745966692414834
0.7071067811865476
0.7071067811865476
0.7745966692414834
0.7745966692414834
0.7745966692414834
0.806225774829855
0.7745966692414834
0.7745966692414834
0.806225774829855
0.806225774829855
0.806225774829855
0.806225774829855
0.806225774829855
0.806225774829855
0.806225774829855
0.8366600265340756
0.7745966692414834
0.7416198487095663
0.7416198487095663
0.7416198487095663
0.7416198487095663
0.7416198487095663
0.7416198487095663
0.7071067811865476
0.7071067811865476
0.7416198487095663
0.7416198487095663
0.7416198487095663
0.7416198487095663
0.7071067811865476
0.7745966692414834
0.7745966692414834
0.8944271909999159
0.7745966692414834
0.7745966692414834
0.7745966692414834
0.7745966692414834
0.7745966692414834
0.7745966692414834
0.7745966692414834
0.7745966692414834
0.7745966692414834
0.7745966692414834
0.7745966692414834
0.7745966692414834
0.7745966692414834
0.7745966692414834
0.7745966692414834
0.7745966692414834
0.7745966692414834
0.7745966692414834
0.7745966692414834
0.7416198487095663
0.6708203932499369
0.6708203932499369
0.6708203932499369
0.6708203932499369
0.6708203932499369
0.6708203932499369
0.6708203932499369
0.7071067811865476
0.7071067811865476
0.7071067811865476
0.7071067811865476
0.7071067811865476
0.7071067811865476
0.7071067811865476
0.7071067811865476
0.7071067811865476
0.7071067811865476
0.6708203932499369
0.6708203932499369
0.6708203932499369
0.6708203932499369
0.806225774829855
0.806225774829855
0.806225774829855
0.806225774829855
0.806225774829855
0.806225774829855
0.806225774829855
0.806225774829855
0.806225774829855
0.806225774829855
0.806225774829855
0.806225774829855
0.806225774829855
0.8660254037844386
0.9486832980505138
0.8366600265340756
0.8366600265340756
0.8366600265340756
0.8366600265340756
0.8366600265340756
0.8366600265340756
0.8366600265340756
0.8366600265340756
0.8366600265340756
0.8366600265340756
0.7416198487095663
0.7416198487095663
0.7416198487095663
0.7416198487095663
0.7416198487095663
0.7416198487095663
0.7416198487095663
0.7416198487095663
0.7416198487095663
0.7416198487095663
0.7416198487095663
0.7416198487095663
0.7416198487095663
0.7416198487095663
0.7416198487095663
0.7416198487095663
0.7416198487095663
0.7416198487095663
0.7416198487095663
0.7416198487095663
0.7416198487095663
0.7416198487095663
0.7416198487095663
0.8660254037844386
0.7416198487095663
0.7416198487095663
0.7416198487095663
0.7416198487095663
0.7416198487095663
0.7416198487095663
0.7416198487095663
