1, 4.415880433163924
2, 4.031128874149275
3, 4.272001872658765
4, 4.444097208657794
5, 4.183300132670378
6, 3.7080992435478315
7, 3.8078865529319543
8, 3.905124837953327
9, 3.605551275463989
10, 3.5
15, 3.278719262151
20, 3.5
25, 3.5355339059327378
30, 3.1622776601683795
35, 3.1622776601683795
40, 3.0
45, 2.9154759474226504
50, 3.122498999199199
55, 3.082207001484488
60, 3.2015621187164243
65, 3.0413812651491097
70, 2.7838821814150108
75, 3.0
80, 1.9364916731037085
85, 2.0
90, 2.0
95, 2.345207879911715
100, 3.0
150, 2.5495097567963922
200, 2.958039891549808
250, 2.5
300, 2.5
350, 2.692582403567252
400, 2.179449471770337
450, 2.692582403567252
500, 2.5495097567963922
550, 1.5811388300841898
600, 1.6583123951777
650, 1.6583123951777
700, 1.6583123951777
750, 1.6583123951777
800, 1.3228756555322954
850, 1.3228756555322954
900, 1.118033988749895
950, 1.224744871391589
1000, 1.224744871391589
1250, 1.118033988749895
1500, 1.7320508075688772
1750, 1.5
2000, 1.0
2250, 1.118033988749895
2500, 1.224744871391589
2750, 0.7071067811865476
3000, 0.7071067811865476
3250, 0.7071067811865476
3500, 1.118033988749895
3750, 1.118033988749895
4000, 1.118033988749895
4250, 1.118033988749895
4500, 1.0
4750, 1.0
5000, 0.5
5250, 0.5
5500, 0.8660254037844386
5750, 1.0
6000, 1.0
6250, 1.0
6500, 1.0
6750, 0.5
7000, 0.0
7250, 0.0
7500, 0.5
7750, 0.5
8000, 0.5
8250, 0.5
8500, 0.0
8750, 0.5
9000, 0.5
9250, 0.5
9500, 0.5
9750, 0.5
10000, 0.0
11000, 0.0
12000, 0.0
13000, 0.0
14000, 0.0
15000, 0.0
16000, 0.0
17000, 0.0
18000, 0.0
19000, 0.0
20000, 0.0
21000, 0.0
22000, 0.0
23000, 0.0
24000, 0.0
25000, 0.0
26000, 0.0
27000, 0.0
28000, 0.0
29000, 0.0
30000, 0.0
31000, 0.0
32000, 0.0
33000, 0.0
34000, 0.0
35000, 0.0
36000, 0.0
37000, 0.0
38000, 0.0
39000, 0.0
40000, 0.0
41000, 0.0
42000, 0.0
43000, 0.0
44000, 0.0
45000, 0.0
46000, 0.0
47000, 0.0
48000, 0.0
49000, 0.0
50000, 0.0
51000, 0.0
52000, 0.0
53000, 0.0
54000, 0.0
55000, 0.0
56000, 0.0
57000, 0.0
58000, 0.0
59000, 0.0
60000, 0.0
61000, 0.0
62000, 0.0
63000, 0.0
64000, 0.0
65000, 0.0
66000, 0.0
67000, 0.0
68000, 0.0
69000, 0.0
70000, 0.0
71000, 0.0
72000, 0.0
73000, 0.0
74000, 0.0
75000, 0.0
76000, 0.0
77000, 0.0
78000, 0.0
79000, 0.0
80000, 0.0
81000, 0.0
82000, 0.0
83000, 0.0
84000, 0.0
85000, 0.0
86000, 0.0
87000, 0.0
88000, 0.0
89000, 0.0
90000, 0.0
91000, 0.0
92000, 0.0
93000, 0.0
94000, 0.0
95000, 0.0
96000, 0.0
97000, 0.0
98000, 0.0
99000, 0.0
100000, 0.0
