9.78263768111648
9.896969233053117
8.882567196480982
8.969392398596462
8.330666239863412
8.390470785361213
8.182297965730655
7.810249675906654
7.273238618387272
7.0178344238090995
7.046275611981127
6.910137480542627
6.913754406977442
7.003570517957251
6.87386354243376
6.7786429320329304
7.05691150575094
7.003570517957251
7.238784428341543
7.42630459919333
7.563068160475615
7.523297149521611
7.605918747922567
7.429670248402684
7.200694410957877
7.0
7.276675064890558
7.476630257007497
7.249137879775773
7.1867934435323795
7.33143914930759
7.238784428341543
7.351870510285121
7.158910531638177
6.992853494818835
6.989277502002621
6.946221994724902
7.046275611981127
6.906518659932803
6.7786429320329304
6.689544080129826
6.935416353759881
7.024955515873392
7.162401831787993
6.9498201415576215
7.290404652692469
7.286974680894672
7.307530362578044
7.214568594171102
7.109852319141376
6.967783004657938
6.931810730249348
6.855654600401044
6.9390201037322266
6.946221994724902
6.953416426476988
6.9390201037322266
6.9498201415576215
6.88839603971781
6.815423684555495
6.848357467305573
6.892024376045111
6.8044103344816
6.711929677819934
6.88113362753551
6.895650803223725
6.917369442208505
6.85200700525036
6.928203230275509
7.042726744663604
7.010706098532443
7.214568594171102
7.183313998427188
7.106335201775948
7.05691150575094
7.197221686178632
7.1449282711585
7.042726744663604
7.060453243241541
6.98212002188447
7.0710678118654755
6.697014260101288
6.957010852370434
6.862943974709396
6.892024376045111
6.967783004657938
6.974955196988724
6.992853494818835
6.899275324264136
6.910137480542627
6.992853494818835
6.971370023173351
6.884765791223402
6.855654600401044
6.844705983459042
6.902897942168926
6.957010852370434
6.906518659932803
6.682065548915245
7.0285133563222315
7.067531393633848
7.290404652692469
7.20416546173115
7.463243262818116
7.446475676452586
7.486654793697917
7.37563556583431
7.469939758793239
7.44983221287567
7.249137879775773
7.252585745787498
7.172865536171719
7.148426400264607
6.989277502002621
7.106335201775948
7.127411872482185
7.063993204979744
6.931810730249348
6.841052550594828
7.0
7.05691150575094
7.0710678118654755
7.042726744663604
7.042726744663604
7.074602462329597
6.830080526611674
6.715653356152326
6.519202405202649
6.685805860178712
6.492303135251773
6.610597552415364
6.80808343074613
