1, 56.88567482240146
2, 56.061573292229326
3, 55.242918098159876
4, 54.376465497492575
5, 54.375362067760065
6, 53.567154115185176
7, 52.63800908089135
8, 52.635159351900896
9, 52.63610927870714
10, 52.635159351900896
15, 51.816406668158685
20, 51.05448070443964
25, 49.334572056520365
30, 47.87107686275712
35, 47.87107686275712
40, 47.87170354186281
45, 47.86898787315228
50, 47.07717068813716
55, 47.07674585185344
60, 47.0720723996724
65, 46.1978354471289
70, 46.195670792835124
75, 46.192423621195715
80, 45.395374213679524
85, 44.751759741936404
90, 43.9697623373154
95, 43.96998976574818
100, 43.96930747692076
150, 43.09501131221571
200, 42.328241163554154
250, 39.984997186444815
300, 38.5367357206082
350, 38.516230345141516
400, 37.63083841744693
450, 37.63057267701357
500, 37.62313118282422
550, 37.61515651967967
600, 36.77934202782861
650, 36.780157694061074
700, 36.780157694061074
750, 36.77907013506459
800, 35.97276747763508
850, 35.65922040650917
900, 35.0876046489355
950, 34.71887094938428
1000, 34.71887094938428
1250, 34.696685720685196
1500, 34.206724485106726
1750, 34.19385909779708
2000, 32.51338186039711
2250, 32.31594033909581
2500, 30.50737615725089
2750, 29.76205638056618
3000, 29.770455152718107
3250, 29.810736320996835
3500, 29.4662518824502
3750, 29.4659125092029
4000, 28.97343610965051
4250, 27.793164627296402
4500, 27.763285108214408
4750, 27.92883814267969
5000, 27.913437624198135
5250, 27.843491160413055
5500, 27.44521816273283
5750, 27.385032408233517
6000, 27.37955441565841
6250, 27.477263328068172
6500, 27.617747916874034
6750, 27.77300847945717
7000, 27.69729228643118
7250, 27.803237221589864
7500, 27.193381547722232
7750, 27.174620512529703
8000, 26.863357943488747
8250, 26.86186888509435
8500, 26.863357943488747
8750, 26.888659319497503
9000, 26.988145545776206
9250, 26.602255543468488
9500, 26.797387932408636
9750, 26.571036863472226
10000, 26.71703576372199
11000, 26.74359736460299
12000, 26.355265128622783
13000, 26.033824152436768
14000, 25.94108710135333
15000, 26.291063120383704
16000, 25.461735997374568
17000, 25.28359151702938
18000, 25.18690135765017
19000, 25.10657284457598
20000, 25.05713471249257
21000, 25.138416815702616
22000, 25.108962543283226
23000, 24.947144125129835
24000, 24.63290482261481
25000, 24.50958995985041
26000, 23.992082027202226
27000, 24.13420808727728
28000, 23.969564034416646
29000, 24.001666608800317
30000, 24.192560840059905
31000, 24.394671549336344
32000, 24.280032948906804
33000, 24.086510747719355
34000, 24.253659517689286
35000, 24.142907861316125
36000, 24.19504081418339
37000, 24.058262613912916
38000, 23.83988255004626
39000, 23.8
40000, 23.915267090291927
41000, 24.218587902683343
42000, 24.12177439576119
43000, 24.007915361396957
44000, 24.17891643560563
45000, 24.192560840059905
46000, 24.115555146004827
47000, 24.082358688467373
48000, 23.873416177832617
49000, 23.701898658124417
50000, 23.97498696558561
51000, 23.51850335374256
52000, 23.51084855976066
53000, 23.336666428605437
54000, 23.292917378465066
55000, 22.854321254414888
56000, 22.90807717814832
57000, 22.921605528409216
58000, 23.139576487049197
59000, 23.435443243088024
60000, 23.527430798963152
61000, 23.436723320464402
62000, 23.21120419107979
63000, 23.01434335365665
64000, 22.953866776645715
65000, 22.82060472467809
66000, 22.689645215384044
67000, 22.465529150233696
68000, 22.790787612542047
69000, 22.775425352778814
70000, 22.847319317591726
71000, 22.709469390542793
72000, 22.709469390542793
73000, 22.783766150485306
74000, 22.839001729497724
75000, 22.729716232280595
76000, 22.751703232945
77000, 23.000869548780106
78000, 22.957787349829687
79000, 22.769277546729498
80000, 22.475319797502326
81000, 22.052664238136853
82000, 21.854061407436376
83000, 21.673947494630507
84000, 21.622673285234647
85000, 21.46438911313341
86000, 21.29647858215062
87000, 21.37755832643195
88000, 21.297887219158618
89000, 21.420084033448607
90000, 21.29835674412465
91000, 21.53369452741447
92000, 21.397196077991154
93000, 21.431285542402723
94000, 21.46578673144779
95000, 21.55736533067063
96000, 21.422884959780745
97000, 21.283796653792763
98000, 21.276277869965885
99000, 21.16790022652223
100000, 20.917456824384747
