1, 51.468868692098184
2, 50.69604411479153
3, 49.9484178372493
4, 49.537191415474226
5, 49.09333514394348
6, 48.19866295978667
7, 47.46086106818262
8, 46.87595924944422
9, 46.33549155644923
10, 46.33309352455926
15, 45.16488311361678
20, 44.03685325320651
25, 42.579337712087536
30, 41.55638739512054
35, 40.091839014387396
40, 38.29273212155713
45, 36.103862520357694
50, 34.50120770833006
55, 32.973726915025345
60, 32.127869521647405
65, 31.293236755993565
70, 30.807286295434864
75, 30.660506627690722
80, 30.481323972411552
85, 28.228826873723722
90, 27.520901148036558
95, 26.18269148375188
100, 25.021768300599557
150, 22.615137506644626
200, 18.649396773086256
250, 17.826322609494582
300, 15.486912037086167
350, 14.913081505845799
400, 14.726393539039579
450, 14.553350129781116
500, 14.394443372357264
550, 13.267336666498752
600, 13.046923860520618
650, 12.85733685920654
700, 11.959189864795283
750, 11.397855548791233
800, 11.242775458044157
850, 10.38374798530002
900, 10.424330514074594
950, 10.354816378006046
1000, 10.09069978852915
1250, 9.191783770786218
1500, 8.560892995995738
1750, 6.870225614927067
2000, 6.133695641472784
2250, 5.916079783099616
2500, 5.589673017667889
2750, 5.593647190240808
3000, 5.44875113112068
3250, 5.393411618714901
3500, 5.211099265563414
3750, 5.240865068542279
4000, 5.183306537980044
4250, 4.988876515698588
4500, 4.944132324730441
4750, 4.878524367060187
5000, 4.8281581489333085
5250, 4.7865552447570385
5500, 4.774934554525329
5750, 4.721110980361391
6000, 4.384315479321969
6250, 4.474619785213289
6500, 4.43471156521669
6750, 4.427188724235731
7000, 4.407065034943575
7250, 4.427188724235731
7500, 4.2946995755750415
7750, 4.2895221179054435
8000, 4.242640687119285
8250, 4.181971890016585
8500, 4.258325179379017
8750, 4.211096452627668
9000, 4.323064756499593
9250, 4.071581729227326
9500, 3.893013685508382
9750, 3.690829476177709
10000, 3.690829476177709
11000, 3.3928028399998595
12000, 3.303197104489999
13000, 3.2420843775434207
14000, 3.0586852658545234
15000, 2.6246692913372702
16000, 2.463060426921489
17000, 2.2852182001336816
18000, 2.2010098692292237
19000, 1.86785676348292
20000, 1.8499249234015476
21000, 1.8915014612148144
22000, 1.8012341448141729
23000, 1.7701224063135672
24000, 1.570562531918633
25000, 1.5634719199411433
26000, 1.5634719199411433
27000, 1.429840705968481
28000, 1.4063348739819324
29000, 1.422048600513436
30000, 1.422048600513436
31000, 1.4832396974191326
32000, 1.3662601021279464
33000, 1.3080944580232388
34000, 1.2202003478482084
35000, 1.2202003478482084
36000, 1.247219128924647
37000, 1.247219128924647
38000, 1.2560962454277849
39000, 1.1450376024878446
40000, 1.1450376024878446
41000, 1.1352924243950935
42000, 1.1352924243950935
43000, 1.1055415967851334
44000, 1.0749676997731399
45000, 1.021980647783726
46000, 1.021980647783726
47000, 1.0645812948447542
48000, 1.0749676997731399
49000, 1.0749676997731399
50000, 1.0749676997731399
51000, 1.0749676997731399
52000, 1.0327955589886444
53000, 1.0749676997731399
54000, 1.0749676997731399
55000, 1.0749676997731399
56000, 1.0749676997731399
57000, 1.0327955589886444
58000, 1.0749676997731399
59000, 1.021980647783726
60000, 1.0110500592068734
61000, 1.0
62000, 1.021980647783726
63000, 1.0
64000, 1.0
65000, 0.9888264649460884
66000, 0.9888264649460884
67000, 0.9067647005823629
68000, 0.8563488385776752
69000, 0.8944271909999159
70000, 0.9660917830792959
71000, 1.1254628677422756
72000, 1.1254628677422756
73000, 1.1254628677422756
74000, 1.1155467020454342
75000, 1.0645812948447542
76000, 1.0645812948447542
77000, 1.0645812948447542
78000, 1.0645812948447542
79000, 1.0645812948447542
80000, 0.8819171036881969
81000, 0.816496580927726
82000, 0.816496580927726
83000, 0.8819171036881969
84000, 0.8819171036881969
85000, 0.8692269873603532
86000, 0.8692269873603532
87000, 0.8299933065325822
88000, 1.0
89000, 1.0
90000, 1.0
91000, 1.0
92000, 1.0
93000, 1.0
94000, 1.0
95000, 1.0
96000, 1.0
97000, 1.0
98000, 1.0
99000, 1.0
100000, 1.021980647783726
