1, 39.54743986657038
2, 39.54743986657038
3, 38.835550723531654
4, 37.96502149535618
5, 37.32100136460895
6, 36.86500469861046
7, 36.86500469861046
8, 36.06066317431542
9, 36.06066317431542
10, 35.46064216645185
15, 33.67661333498791
20, 32.50626313277401
25, 32.50406567976206
30, 30.83597157310181
35, 29.086079144497972
40, 29.048235746771265
45, 29.043809273971917
50, 29.017236257093817
55, 27.96886023521772
60, 27.028027780699905
65, 27.00687743096985
70, 26.993650046948872
75, 26.975650395972185
80, 26.9777686252959
85, 26.973532000304086
90, 26.96611630493773
95, 26.265131693123926
100, 25.363077776281692
150, 25.34673830805737
200, 24.503644043867666
250, 24.34689771965678
300, 23.188667182791807
350, 23.186818915680767
400, 23.18497050122896
450, 22.33255151438942
500, 21.698584548964742
550, 21.68541313549601
600, 21.671574535717124
650, 21.36285160205511
700, 20.97890096535769
750, 20.976857997054072
800, 20.974814829763268
850, 20.976857997054072
900, 20.97753900859543
950, 20.97753900859543
1000, 20.2865190987231
1250, 19.087018774923592
1500, 19.057057185500298
1750, 16.901394701536997
2000, 16.87855782600262
2250, 16.67675884919746
2500, 17.11139970896595
2750, 17.10471948239516
3000, 17.09051533119216
3250, 17.226225853124564
3500, 17.324631515355737
3750, 17.324631515355737
4000, 17.138928121176573
4250, 17.154757774032085
4500, 17.22041977255076
4750, 16.745148551147583
5000, 16.75367763464829
5250, 16.087262041752165
5500, 15.993748778819805
5750, 15.99285554775721
6000, 15.959770854065722
6250, 15.959770854065722
6500, 16.089925863275887
6750, 16.088150031267467
7000, 15.93827379073943
7250, 16.002678347255323
7500, 16.034783619191302
7750, 15.947234422127421
8000, 15.947234422127421
8250, 15.636038957668093
8500, 15.628728126662862
8750, 15.44575762374344
9000, 15.085470777255464
9250, 15.319455417400263
9500, 15.134633885797927
9750, 15.223102743621522
10000, 15.101560941079661
11000, 14.7648230602334
12000, 13.802691248966113
13000, 13.875981303780181
14000, 14.264841894872662
15000, 14.135062787267696
16000, 14.55825735254248
17000, 14.830470563770293
18000, 14.374580739227541
19000, 14.610172581360661
20000, 14.216690392432612
21000, 14.16030669562936
22000, 14.06820122525569
23000, 14.18751966644326
24000, 13.984685501341408
25000, 13.622460444847274
26000, 12.935002346899118
27000, 12.826312241415524
28000, 12.601587201618692
29000, 12.713322595945225
30000, 12.55957233120846
31000, 11.774063505373642
32000, 12.284717567542435
33000, 12.320714265009151
34000, 12.219422478754293
35000, 12.295179078461143
36000, 11.847844891431883
37000, 12.120820339988779
38000, 12.319554722936562
39000, 12.13966344555847
40000, 12.495713550768405
41000, 12.726799620149151
42000, 12.268426374816197
43000, 12.16669928240899
44000, 12.367006798043622
45000, 12.121998892214814
46000, 12.33577839341436
47000, 12.4280788079712
48000, 12.36931687685298
49000, 12.532244126936837
50000, 12.249781339156339
51000, 12.31143487053514
52000, 12.219422478754293
53000, 11.882760622010357
54000, 12.157302332343306
55000, 12.125533861590236
56000, 12.660399452059728
57000, 12.423480073749753
58000, 12.222929272478018
59000, 12.051081753459787
60000, 12.121998892214814
61000, 12.233443622183529
62000, 12.20070255588353
63000, 12.531104158396076
64000, 12.416578778851628
65000, 12.1807811149954
66000, 11.92835756865606
67000, 11.607879097529278
68000, 11.505278291785409
69000, 11.530084871450736
70000, 11.721774609674084
71000, 11.687600266949584
72000, 11.486638200224517
73000, 11.167555046396043
74000, 11.154755552165696
75000, 11.051825964195109
76000, 11.047947449962951
77000, 11.066035552859157
78000, 10.9570590423317
79000, 10.820615245248964
80000, 10.513936329598783
81000, 10.737118528064887
82000, 10.874610009427595
83000, 11.282097069504157
84000, 11.354042703560953
85000, 11.246586783807533
86000, 11.081516141756055
87000, 11.126544836560898
88000, 11.194386348267855
89000, 11.221153493036521
90000, 11.141941354308823
91000, 10.865410386043541
92000, 10.82325538564332
93000, 10.74509855036904
94000, 10.951842636874268
95000, 10.76900313731167
96000, 10.611314715905847
97000, 10.583005244258363
98000, 10.588403360010693
99000, 10.021405661311762
100000, 10.123522819933498
