1, 5.639148871948674
2, 5.196152422706632
3, 4.242640687119285
4, 4.47213595499958
5, 3.8987177379235853
6, 4.242640687119285
7, 4.0743097574926725
8, 3.794733192202055
9, 3.40587727318528
10, 3.714835124201342
15, 4.381780460041329
20, 4.09878030638384
25, 4.123105625617661
30, 3.7416573867739413
35, 4.2895221179054435
40, 4.024922359499621
45, 3.82099463490856
50, 4.47213595499958
55, 4.449719092257398
60, 4.1952353926806065
65, 4.358898943540674
70, 4.049691346263317
75, 3.847076812334269
80, 3.872983346207417
85, 3.605551275463989
90, 3.63318042491699
95, 3.5777087639996634
100, 3.8987177379235853
150, 3.794733192202055
200, 3.714835124201342
250, 3.6606010435446255
300, 3.0659419433511785
350, 2.1908902300206643
400, 2.756809750418044
450, 1.8439088914585775
500, 1.61245154965971
550, 1.6733200530681511
600, 2.04939015319192
650, 2.0976176963403033
700, 2.1447610589527217
750, 2.0976176963403033
800, 2.1908902300206643
850, 2.1447610589527217
900, 2.1447610589527217
950, 2.1447610589527217
1000, 2.3664319132398464
1250, 1.9493588689617927
1500, 2.4899799195977463
1750, 1.5491933384829668
2000, 1.7888543819998317
2250, 1.5491933384829668
2500, 1.3416407864998738
2750, 1.1832159566199232
3000, 1.0954451150103321
3250, 1.2649110640673518
3500, 1.0954451150103321
3750, 1.1832159566199232
4000, 1.1832159566199232
4250, 1.1832159566199232
4500, 1.61245154965971
4750, 1.0954451150103321
5000, 1.61245154965971
5250, 1.0954451150103321
5500, 1.3416407864998738
5750, 1.2649110640673518
6000, 1.2649110640673518
6250, 1.2649110640673518
6500, 1.2649110640673518
6750, 1.0954451150103321
7000, 1.0954451150103321
7250, 1.0954451150103321
7500, 1.1832159566199232
7750, 1.1832159566199232
8000, 1.0954451150103321
8250, 1.0954451150103321
8500, 1.0954451150103321
8750, 1.0954451150103321
9000, 1.0954451150103321
9250, 1.0954451150103321
9500, 1.0954451150103321
9750, 0.6324555320336759
10000, 0.6324555320336759
11000, 0.6324555320336759
12000, 0.7745966692414834
13000, 1.0
14000, 0.6324555320336759
15000, 0.6324555320336759
16000, 0.6324555320336759
17000, 0.6324555320336759
18000, 0.7745966692414834
19000, 0.6324555320336759
20000, 0.6324555320336759
21000, 0.7745966692414834
22000, 0.6324555320336759
23000, 0.7745966692414834
24000, 0.4472135954999579
25000, 0.7745966692414834
26000, 0.7745966692414834
27000, 0.7745966692414834
28000, 0.7745966692414834
29000, 0.6324555320336759
30000, 0.4472135954999579
31000, 0.0
32000, 0.4472135954999579
33000, 0.4472135954999579
34000, 0.4472135954999579
35000, 0.4472135954999579
36000, 0.0
37000, 0.0
38000, 0.0
39000, 0.0
40000, 0.0
41000, 0.4472135954999579
42000, 0.4472135954999579
43000, 0.4472135954999579
44000, 0.4472135954999579
45000, 0.0
46000, 0.4472135954999579
47000, 0.0
48000, 0.0
49000, 0.0
50000, 0.0
51000, 0.0
52000, 0.0
53000, 0.0
54000, 0.0
55000, 0.0
56000, 0.0
57000, 0.0
58000, 0.0
59000, 0.0
60000, 0.0
61000, 0.0
62000, 0.0
63000, 0.0
64000, 0.0
65000, 0.0
66000, 0.0
67000, 0.0
68000, 0.0
69000, 0.0
70000, 0.0
71000, 0.0
72000, 0.0
73000, 0.0
74000, 0.0
75000, 0.0
76000, 0.0
77000, 0.0
78000, 0.0
79000, 0.0
80000, 0.0
81000, 0.0
82000, 0.0
83000, 0.0
84000, 0.0
85000, 0.0
86000, 0.0
87000, 0.0
88000, 0.0
89000, 0.0
90000, 0.0
91000, 0.0
92000, 0.0
93000, 0.0
94000, 0.0
95000, 0.0
96000, 0.0
97000, 0.0
98000, 0.0
99000, 0.0
100000, 0.0
