8.874119674649425
7.996874389409903
8.372574275573792
8.021845174272562
7.304108432930059
6.848357467305573
7.252585745787498
7.053367989832942
7.088723439378913
6.670832032063167
6.767569726275452
7.256031973468694
6.971370023173351
6.789698078707183
6.3992187023104625
6.659579566308972
6.6670833203133135
6.534523701081817
6.884765791223402
6.553624951124378
6.663332499583072
6.54217089351845
6.618156843109719
6.6670833203133135
6.704476116744694
6.906518659932803
6.9498201415576215
6.953416426476988
6.6932802122726045
6.815423684555495
6.826419266350405
6.884765791223402
6.974955196988724
6.899275324264136
6.760177512462229
6.917369442208505
7.014271166700073
7.134423592694787
7.042726744663604
7.19374728496908
7.3246160308919945
7.389181280764467
7.151922818375489
7.200694410957877
7.085195833567341
6.866585760041158
6.841052550594828
6.913754406977442
6.87386354243376
7.049822692805827
6.866585760041158
6.844705983459042
6.734240862933253
7.085195833567341
6.953416426476988
7.078135347674555
7.148426400264607
6.81175454637056
6.587867636800241
6.797058187186572
6.723094525588644
6.924593850905626
6.971370023173351
6.41482657598785
6.5
6.719374970932936
6.434283176858165
6.5612498809297
6.81175454637056
6.700746227100382
6.663332499583072
6.6332495807108
6.557438524302
6.6257075093909785
6.599242380758567
6.734240862933253
6.7712628068920795
6.6932802122726045
6.877499545619759
6.663332499583072
6.7379522111692065
6.719374970932936
6.800735254367722
6.906518659932803
6.663332499583072
6.7379522111692065
6.931810730249348
6.928203230275509
7.003570517957251
6.884765791223402
6.9390201037322266
6.841052550594828
6.9390201037322266
6.87386354243376
6.9498201415576215
7.014271166700073
7.060453243241541
7.046275611981127
7.256031973468694
7.155417527999327
7.085195833567341
7.053367989832942
7.032069396699666
6.992853494818835
7.00713921654194
6.992853494818835
6.859300255857007
6.87386354243376
6.902897942168926
6.902897942168926
6.870225614927067
6.80808343074613
6.826419266350405
6.670832032063167
6.859300255857007
6.782329983125268
6.6932802122726045
6.663332499583072
6.603029607687671
6.54217089351845
6.644546636152086
6.618156843109719
6.549809157525126
6.587867636800241
6.565059024867941
6.5612498809297
6.5
6.519202405202649
6.453681120105021
6.469157595854347
6.5383484153110105
6.565059024867941
