5.594640292279746
3.2171415884290826
2.9068883707497264
2.3979157616563596
2.3130067012440754
2.345207879911715
2.4289915602982237
2.4698178070456938
2.3130067012440754
2.0248456731316584
1.8973665961010275
1.3416407864998738
1.5329709716755893
1.5329709716755893
1.4317821063276353
1.2449899597988732
1.51657508881031
1.5811388300841898
1.7175564037317668
1.6431676725154984
1.8973665961010275
1.5968719422671311
1.3601470508735443
1.378404875209022
1.3416407864998738
1.378404875209022
1.51657508881031
1.51657508881031
1.4317821063276353
1.4142135623730951
1.449137674618944
1.51657508881031
1.449137674618944
1.3601470508735443
1.3228756555322954
1.2449899597988732
1.2449899597988732
1.3601470508735443
1.284523257866513
1.224744871391589
1.224744871391589
1.1832159566199232
1.3038404810405297
1.3416407864998738
1.3038404810405297
1.3416407864998738
1.7320508075688772
1.7175564037317668
1.70293863659264
2.4698178070456938
2.479919353527449
2.3664319132398464
2.29128784747792
1.9493588689617927
1.9874606914351791
1.91049731745428
1.9364916731037085
1.8439088914585775
1.8027756377319946
1.6278820596099706
1.5811388300841898
1.61245154965971
1.51657508881031
1.284523257866513
1.1832159566199232
1.1832159566199232
1.1832159566199232
1.224744871391589
1.224744871391589
1.284523257866513
1.161895003862225
1.284523257866513
1.224744871391589
1.161895003862225
1.0954451150103321
1.284523257866513
1.3038404810405297
1.3038404810405297
1.3038404810405297
1.2649110640673518
1.284523257866513
1.224744871391589
1.224744871391589
1.161895003862225
1.224744871391589
1.140175425099138
1.1832159566199232
1.1832159566199232
1.2449899597988732
1.2449899597988732
1.3038404810405297
1.118033988749895
1.140175425099138
1.140175425099138
1.140175425099138
1.118033988749895
1.140175425099138
1.118033988749895
1.161895003862225
1.140175425099138
1.02469507659596
1.0
1.0
1.0
1.0488088481701516
1.02469507659596
1.0
1.02469507659596
1.02469507659596
1.0
1.118033988749895
1.0488088481701516
1.02469507659596
1.02469507659596
1.02469507659596
1.0723805294763609
1.0723805294763609
1.2041594578792296
1.2041594578792296
1.1832159566199232
1.161895003862225
1.449137674618944
1.3416407864998738
1.284523257866513
1.396424004376894
1.396424004376894
1.2649110640673518
1.2649110640673518
1.140175425099138
1.161895003862225
1.2649110640673518
1.0
1.02469507659596
1.0488088481701516
1.02469507659596
1.02469507659596
1.02469507659596
1.02469507659596
0.8944271909999159
0.8944271909999159
0.806225774829855
0.7745966692414834
0.7745966692414834
0.7416198487095663
0.7745966692414834
0.7745966692414834
0.7745966692414834
0.7745966692414834
0.7745966692414834
1.0
1.0488088481701516
1.02469507659596
1.02469507659596
1.02469507659596
1.02469507659596
1.02469507659596
1.02469507659596
1.02469507659596
1.118033988749895
1.140175425099138
1.0723805294763609
1.02469507659596
1.02469507659596
1.02469507659596
1.0488088481701516
0.8944271909999159
0.8944271909999159
0.8944271909999159
0.9219544457292888
0.9486832980505138
0.9486832980505138
0.9486832980505138
0.9486832980505138
0.9219544457292888
0.9486832980505138
0.9486832980505138
0.9486832980505138
0.9219544457292888
0.9219544457292888
0.9219544457292888
0.8660254037844386
0.8944271909999159
0.8660254037844386
0.8366600265340756
0.8366600265340756
0.806225774829855
0.806225774829855
0.806225774829855
0.8366600265340756
0.8366600265340756
0.8366600265340756
0.8660254037844386
0.8660254037844386
0.8660254037844386
0.8944271909999159
0.8660254037844386
0.8660254037844386
0.8944271909999159
0.8944271909999159
0.8944271909999159
0.8660254037844386
0.8660254037844386
0.7745966692414834
0.806225774829855
0.806225774829855
0.806225774829855
0.806225774829855
0.806225774829855
0.806225774829855
0.7745966692414834
0.7745966692414834
0.7745966692414834
0.7416198487095663
0.7745966692414834
0.7416198487095663
0.7416198487095663
0.7745966692414834
0.7745966692414834
0.806225774829855
0.8366600265340756
0.7416198487095663
0.7745966692414834
0.7071067811865476
0.7071067811865476
0.7071067811865476
0.7745966692414834
0.7745966692414834
0.806225774829855
0.806225774829855
0.806225774829855
0.7416198487095663
0.7745966692414834
0.7745966692414834
0.7745966692414834
0.7745966692414834
0.7745966692414834
0.806225774829855
0.806225774829855
0.8660254037844386
0.8660254037844386
0.8366600265340756
0.7745966692414834
0.7416198487095663
0.6708203932499369
0.806225774829855
0.806225774829855
0.806225774829855
0.8660254037844386
0.8660254037844386
0.8366600265340756
0.8366600265340756
0.8366600265340756
0.7745966692414834
0.7745966692414834
0.7745966692414834
0.8660254037844386
0.8660254037844386
0.7745966692414834
0.806225774829855
0.806225774829855
0.7416198487095663
0.6708203932499369
0.806225774829855
0.8366600265340756
0.806225774829855
0.7071067811865476
0.7071067811865476
0.7071067811865476
0.7071067811865476
0.7071067811865476
0.7416198487095663
0.7416198487095663
0.8366600265340756
0.7416198487095663
0.7745966692414834
0.8660254037844386
0.8660254037844386
0.8366600265340756
0.806225774829855
0.806225774829855
0.7745966692414834
0.806225774829855
0.806225774829855
0.8366600265340756
0.8944271909999159
0.9219544457292888
0.9219544457292888
0.9219544457292888
0.9219544457292888
0.8944271909999159
0.8366600265340756
0.9219544457292888
0.8944271909999159
0.9486832980505138
0.9486832980505138
0.9486832980505138
1.0488088481701516
1.0488088481701516
1.0488088481701516
1.0488088481701516
0.8944271909999159
0.8944271909999159
0.8944271909999159
0.8660254037844386
0.8660254037844386
0.806225774829855
0.806225774829855
0.806225774829855
0.8660254037844386
0.8660254037844386
0.8660254037844386
0.8660254037844386
0.8660254037844386
0.806225774829855
0.806225774829855
0.806225774829855
0.806225774829855
0.7416198487095663
0.7416198487095663
0.8366600265340756
0.8366600265340756
0.8366600265340756
0.8366600265340756
0.7416198487095663
0.7416198487095663
0.7416198487095663
0.7745966692414834
0.7745966692414834
0.7745966692414834
0.7745966692414834
0.7416198487095663
0.7745966692414834
0.7745966692414834
0.7416198487095663
0.7416198487095663
0.7416198487095663
0.7416198487095663
0.7416198487095663
0.7416198487095663
0.7416198487095663
0.7416198487095663
0.7416198487095663
0.7416198487095663
0.7416198487095663
0.7416198487095663
0.7416198487095663
0.7745966692414834
0.806225774829855
0.7745966692414834
0.7745966692414834
0.806225774829855
0.806225774829855
0.7745966692414834
0.7745966692414834
0.7745966692414834
0.7745966692414834
0.7745966692414834
0.7745966692414834
0.7745966692414834
0.7745966692414834
0.7745966692414834
0.7745966692414834
0.7416198487095663
0.7416198487095663
0.7416198487095663
0.7416198487095663
0.7416198487095663
0.7416198487095663
0.8366600265340756
0.806225774829855
0.806225774829855
0.8366600265340756
0.8660254037844386
0.8944271909999159
0.8944271909999159
0.8660254037844386
0.7745966692414834
0.7745966692414834
0.806225774829855
0.806225774829855
0.806225774829855
0.8366600265340756
0.8366600265340756
0.8366600265340756
0.7745966692414834
0.806225774829855
0.7745966692414834
0.7416198487095663
0.7416198487095663
0.7071067811865476
0.7416198487095663
0.7416198487095663
0.7416198487095663
0.7416198487095663
0.7416198487095663
0.7416198487095663
0.7416198487095663
0.7416198487095663
0.7745966692414834
0.8366600265340756
