11.326958991715296
9.919677414109795
9.324698386543128
9.20869154657707
8.754998572244316
8.8289297199604
7.389181280764467
7.238784428341543
7.2180329730474355
6.910137480542627
7.116881339463234
6.953416426476988
7.155417527999327
7.476630257007497
7.197221686178632
7.039176088151226
7.231873892705818
7.235329985563893
7.235329985563893
6.822756041366275
6.960603422117942
7.127411872482185
7.165891430938652
6.833739825307955
7.158910531638177
7.172865536171719
6.985699678629192
7.0992957397195395
7.032069396699666
6.670832032063167
6.7379522111692065
6.224949798994366
6.363961030678928
6.328506932918696
6.0950799830683104
6.176568626672903
6.288879073412049
6.352164985262899
6.4031242374328485
6.465291950097845
6.553624951124378
6.54217089351845
6.492303135251773
6.652067347825035
6.264982043070834
6.395310782127793
6.4031242374328485
6.320601237224193
6.29285308902091
6.434283176858165
6.473020933072903
6.473020933072903
6.74166151627327
6.430396566309111
6.332456079595025
6.352164985262899
6.156297588648554
6.053924347066125
6.04979338490167
6.0950799830683104
6.519202405202649
6.445928947793328
6.312685640834652
6.5612498809297
6.603029607687671
6.8044103344816
6.568865959965997
6.6558245169174945
6.6670833203133135
6.51536645170477
6.603029607687671
6.48459713474939
6.5038450166036395
6.6257075093909785
6.830080526611674
6.866585760041158
6.800735254367722
6.7786429320329304
6.9498201415576215
6.859300255857007
6.866585760041158
6.88839603971781
6.640783086353597
6.58027355054484
6.534523701081817
6.682065548915245
6.5306967469022785
6.760177512462229
6.704476116744694
6.697014260101288
6.789698078707183
6.723094525588644
6.6332495807108
6.715653356152326
6.637017402418047
6.800735254367722
6.866585760041158
6.786015030929419
6.786015030929419
6.822756041366275
6.789698078707183
7.039176088151226
6.920982589199311
6.87386354243376
6.870225614927067
6.797058187186572
6.935416353759881
6.892024376045111
6.895650803223725
7.0285133563222315
7.042726744663604
7.014271166700073
7.092249290598858
7.078135347674555
6.985699678629192
6.9390201037322266
6.992853494818835
7.085195833567341
7.179832867135557
7.032069396699666
7.12039324756716
7.113367697511496
7.130918594402828
6.859300255857007
7.010706098532443
7.078135347674555
7.021395872616783
7.042726744663604
6.892024376045111
6.7712628068920795
6.749074010558782
6.689544080129826
6.74166151627327
6.7712628068920795
6.815423684555495
6.603029607687671
6.877499545619759
6.906518659932803
6.786015030929419
6.822756041366275
6.87386354243376
6.830080526611674
6.8044103344816
6.844705983459042
6.924593850905626
7.0
7.049822692805827
7.123903424387503
7.021395872616783
7.095773389842717
7.123903424387503
7.063993204979744
7.024955515873392
7.014271166700073
7.035623639735144
7.085195833567341
7.003570517957251
7.12039324756716
7.221495689952325
7.207634840916957
7.13792686989717
7.042726744663604
7.092249290598858
7.109852319141376
7.151922818375489
7.130918594402828
7.165891430938652
7.200694410957877
7.304108432930059
7.3484692283495345
7.389181280764467
7.365459931328117
7.553145040312677
7.5099933422074345
7.559761901012491
7.526619427073485
7.466592261534039
7.546522377890362
7.473285756613352
7.436396977031283
7.566372975210778
7.651797174520506
7.674633541739957
7.615773105863909
7.54983443527075
7.58946638440411
7.6452599694189605
7.42630459919333
7.5099933422074345
7.605918747922567
7.3824115301167
7.52994023880668
7.57957782465488
7.543208866258444
7.496665925596525
7.60920495189872
7.526619427073485
7.5
7.406078584514209
7.345066371381542
7.341661937191061
7.433034373659253
7.536577472566709
7.469939758793239
7.392563831310488
7.516648189186454
7.493330367733695
7.496665925596525
7.516648189186454
7.443117626371358
7.543208866258444
7.556454194925025
7.5398938984577235
7.677890335241837
7.628892449104261
7.700649323271382
7.677890335241837
7.726577508832744
7.739509028355739
7.736278174936576
7.638717169787085
7.703895118704564
7.60920495189872
7.602631123499285
7.389181280764467
7.429670248402684
7.351870510285121
7.436396977031283
7.493330367733695
7.52994023880668
7.466592261534039
7.52994023880668
7.566372975210778
7.526619427073485
7.4565407529228995
7.516648189186454
7.533259586659682
7.453187237685633
7.395944834840239
7.526619427073485
7.493330367733695
7.513321502504734
7.619055059520177
7.572978278062073
7.5398938984577235
7.406078584514209
7.406078584514209
7.116881339463234
7.256031973468694
7.3006848993775915
7.321202087089251
7.26636084983398
7.26636084983398
7.314369419163897
7.176350047203662
7.314369419163897
7.351870510285121
7.5
7.412826721298698
7.429670248402684
7.402702209328699
7.355270219373317
7.317786550590281
7.341661937191061
7.3246160308919945
7.290404652692469
7.235329985563893
7.283543093852058
7.231873892705818
7.293833011524188
7.245688373094719
7.197221686178632
7.19027120489902
7.304108432930059
7.280109889280518
7.162401831787993
7.134423592694787
7.179832867135557
7.088723439378913
7.106335201775948
7.176350047203662
7.172865536171719
7.165891430938652
7.106335201775948
7.063993204979744
7.039176088151226
7.032069396699666
7.032069396699666
7.060453243241541
7.13792686989717
7.183313998427188
7.19374728496908
7.13792686989717
7.130918594402828
7.12039324756716
7.479973261984297
7.556454194925025
7.385797181076664
7.362064927722384
7.489993324429602
7.276675064890558
7.286974680894672
7.224956747275377
7.304108432930059
7.158910531638177
7.207634840916957
7.242237223399963
7.358668357794092
7.307530362578044
7.317786550590281
7.379024325749306
7.412826721298698
7.402702209328699
7.392563831310488
7.262919523166975
7.402702209328699
7.4565407529228995
7.389181280764467
7.4565407529228995
7.503332592921628
7.516648189186454
7.459892760623306
7.516648189186454
7.54983443527075
7.489993324429602
7.506663706334526
7.523297149521611
7.436396977031283
7.419568720619818
7.286974680894672
7.269800547470337
7.280109889280518
7.368853370776216
7.446475676452586
7.368853370776216
7.314369419163897
7.365459931328117
7.399324293474371
7.310950690573696
7.245688373094719
7.262919523166975
7.317786550590281
7.44983221287567
7.5099933422074345
7.513321502504734
7.273238618387272
7.231873892705818
7.280109889280518
7.392563831310488
7.259476565152615
7.436396977031283
7.489993324429602
7.483314773547883
7.526619427073485
7.5398938984577235
7.44983221287567
7.519973404208288
7.54983443527075
7.372245248226622
7.372245248226622
7.355270219373317
7.409453421137082
7.317786550590281
7.334848328356899
7.402702209328699
7.379024325749306
7.3484692283495345
7.365459931328117
7.365459931328117
7.321202087089251
7.358668357794092
7.372245248226622
7.338255923582933
7.334848328356899
7.362064927722384
7.345066371381542
7.321202087089251
7.321202087089251
7.355270219373317
7.328028384224504
7.412826721298698
7.379024325749306
7.385797181076664
7.345066371381542
7.385797181076664
7.37563556583431
7.389181280764467
7.416198487095663
7.433034373659253
7.402702209328699
7.345066371381542
7.3824115301167
7.286974680894672
7.2180329730474355
7.078135347674555
7.109852319141376
7.162401831787993
7.116881339463234
7.116881339463234
7.12039324756716
