1, 4.898979485566356
2, 4.898979485566356
3, 4.898979485566356
4, 4.898979485566356
5, 4.898979485566356
6, 4.898979485566356
7, 4.898979485566356
8, 4.898979485566356
9, 4.898979485566356
10, 4.09878030638384
15, 3.3466401061363023
20, 3.3466401061363023
25, 3.3466401061363023
30, 3.3466401061363023
35, 3.3466401061363023
40, 3.3466401061363023
45, 3.3466401061363023
50, 3.3466401061363023
55, 3.3466401061363023
60, 3.3466401061363023
65, 3.3466401061363023
70, 3.3466401061363023
75, 2.8635642126552705
80, 2.8635642126552705
85, 2.8635642126552705
90, 2.8635642126552705
95, 2.8635642126552705
100, 2.8635642126552705
150, 2.8635642126552705
200, 2.9664793948382653
250, 2.8284271247461903
300, 2.9664793948382653
350, 2.9664793948382653
400, 2.9664793948382653
450, 2.9664793948382653
500, 2.9664793948382653
550, 2.9664793948382653
600, 2.9664793948382653
650, 2.9664793948382653
700, 2.9664793948382653
750, 2.9664793948382653
800, 2.8635642126552705
850, 2.8635642126552705
900, 2.8635642126552705
950, 2.8635642126552705
1000, 2.8635642126552705
1250, 2.1908902300206643
1500, 2.6076809620810595
1750, 2.8284271247461903
2000, 2.8635642126552705
2250, 2.8635642126552705
2500, 3.1937438845342623
2750, 3.22490309931942
3000, 3.22490309931942
3250, 3.22490309931942
3500, 3.22490309931942
3750, 3.22490309931942
4000, 3.0
4250, 2.8635642126552705
4500, 2.6076809620810595
4750, 3.0659419433511785
5000, 3.1304951684997055
5250, 3.1304951684997055
5500, 3.0983866769659336
5750, 3.0983866769659336
6000, 2.8284271247461903
6250, 2.3664319132398464
6500, 2.3664319132398464
6750, 2.569046515733026
7000, 2.8635642126552705
7250, 2.8635642126552705
7500, 2.569046515733026
7750, 2.756809750418044
8000, 3.03315017762062
8250, 3.03315017762062
8500, 2.8635642126552705
8750, 2.8635642126552705
9000, 2.8635642126552705
9250, 3.1304951684997055
9500, 3.1304951684997055
9750, 3.03315017762062
10000, 3.03315017762062
11000, 3.03315017762062
12000, 2.756809750418044
13000, 2.6832815729997477
14000, 2.449489742783178
15000, 2.449489742783178
16000, 2.32379000772445
17000, 2.280350850198276
18000, 2.449489742783178
19000, 2.3664319132398464
20000, 2.569046515733026
21000, 2.3664319132398464
22000, 2.0976176963403033
23000, 1.4832396974191326
24000, 1.2649110640673518
25000, 1.3416407864998738
26000, 1.4142135623730951
27000, 1.3416407864998738
28000, 1.7320508075688772
29000, 1.8973665961010275
30000, 2.0976176963403033
31000, 2.0
32000, 1.7320508075688772
33000, 1.4832396974191326
34000, 2.0
35000, 2.0976176963403033
36000, 2.0976176963403033
37000, 2.0976176963403033
38000, 2.0976176963403033
39000, 2.5298221281347035
40000, 2.4899799195977463
41000, 1.9493588689617927
42000, 2.0
43000, 2.0976176963403033
44000, 1.9493588689617927
45000, 2.4899799195977463
46000, 2.0976176963403033
47000, 2.4899799195977463
48000, 2.23606797749979
49000, 2.23606797749979
50000, 2.23606797749979
51000, 2.0
52000, 2.280350850198276
53000, 2.0
54000, 2.0
55000, 2.23606797749979
56000, 2.756809750418044
57000, 2.32379000772445
58000, 2.449489742783178
59000, 2.449489742783178
60000, 2.449489742783178
61000, 2.4899799195977463
62000, 2.5298221281347035
63000, 2.5298221281347035
64000, 2.5298221281347035
65000, 2.5298221281347035
66000, 2.932575659723036
67000, 2.932575659723036
68000, 2.5298221281347035
69000, 2.5298221281347035
70000, 2.5298221281347035
71000, 2.5298221281347035
72000, 2.5298221281347035
73000, 2.4083189157584592
74000, 2.5298221281347035
75000, 2.5298221281347035
76000, 2.5298221281347035
77000, 2.5298221281347035
78000, 2.5298221281347035
79000, 2.5298221281347035
80000, 2.5298221281347035
81000, 2.5298221281347035
82000, 2.5298221281347035
83000, 2.5298221281347035
84000, 2.932575659723036
85000, 2.932575659723036
86000, 2.932575659723036
87000, 2.932575659723036
88000, 2.932575659723036
89000, 2.932575659723036
90000, 2.932575659723036
91000, 2.792848008753788
92000, 2.932575659723036
93000, 2.932575659723036
94000, 2.932575659723036
95000, 2.8284271247461903
96000, 2.3664319132398464
97000, 2.569046515733026
98000, 2.4083189157584592
99000, 2.4083189157584592
100000, 2.4083189157584592
