1, 51.11403373286484
2, 51.07837115648854
3, 50.50214516895957
4, 49.670917044081236
5, 49.65301825893591
6, 48.84624402710566
7, 48.121836115334496
8, 48.11306128970247
9, 47.33967093722182
10, 47.102960510873295
15, 44.5882396054286
20, 42.01375436158444
25, 41.1568814281268
30, 40.70462709160552
35, 39.86365651958073
40, 39.831310966792614
45, 38.873584290049145
50, 38.87129760861834
55, 38.8707259172418
60, 38.823818576859345
65, 38.823818576859345
70, 38.82267378736297
75, 38.78745501662447
80, 38.788314391493394
85, 38.784590296204556
90, 38.785736209763165
95, 38.7860226828629
100, 38.7404468510912
150, 36.507533469134835
200, 34.984123383170385
250, 34.93422390722313
300, 34.14967056942131
350, 34.1024599959853
400, 34.09887583679751
450, 32.54023150911294
500, 32.52349578040125
550, 30.597748646301124
600, 30.61335946572636
650, 30.47731396738674
700, 30.220669894773824
750, 29.994814366634923
800, 29.99444392994587
850, 30.38932561132463
900, 30.3885943516094
950, 30.38932561132463
1000, 30.388959983666584
1250, 29.656552583048338
1500, 28.62710448353293
1750, 27.778888866667554
2000, 27.810869178154867
2250, 26.24372940977203
2500, 26.245422881375376
2750, 25.565167274590202
3000, 25.33552622087982
3250, 25.257782079104956
3500, 24.53432968991273
3750, 23.95551432690742
4000, 23.959224621102504
4250, 23.812695026906226
4500, 23.39943019249258
4750, 23.13967252241147
5000, 23.137751739431287
5250, 22.84877823137742
5500, 22.687735306401414
5750, 22.701933348897352
6000, 22.17105219775452
6250, 21.868292622475632
6500, 21.805198157014456
6750, 20.95126620411176
7000, 20.45374184728935
7250, 19.691509732764413
7500, 19.67570413818355
7750, 19.44850751200319
8000, 19.50897229481861
8250, 19.695459149537772
8500, 19.699407774516132
8750, 19.699407774516132
9000, 19.384988464731617
9250, 19.24058211177614
9500, 19.139255761682875
9750, 19.30630294316686
10000, 19.26251396999998
11000, 19.157824047167313
12000, 19.112532246902525
13000, 18.793615937333612
14000, 18.562806301251374
15000, 18.699376103674332
16000, 18.369056105914158
17000, 18.616599522409505
18000, 18.548435094218714
19000, 17.99876538975814
20000, 18.40108692441835
21000, 17.66918221084383
22000, 17.203358845166125
23000, 17.176857816389017
24000, 17.678612313565036
25000, 17.830685161634516
26000, 17.710009724572274
27000, 17.34166466442404
28000, 17.324997995831215
29000, 17.184618445316474
30000, 17.316658646132247
31000, 17.46043145705932
32000, 17.093208527885505
33000, 16.61324772583615
34000, 16.433705202012924
35000, 16.43438130532722
36000, 16.06514515617238
37000, 16.216589585291285
38000, 15.812793695120558
39000, 15.94086293495779
40000, 15.794513815457147
41000, 15.764940004114615
42000, 15.21329827632537
43000, 14.44299137990465
44000, 14.348054455802245
45000, 14.29762995122696
46000, 14.433756729740644
47000, 14.179014226822838
48000, 14.474498648005433
49000, 14.765575580458156
50000, 14.985177861992682
51000, 14.865321314313316
52000, 15.005924755834869
53000, 15.297784879590319
54000, 15.442365967256011
55000, 15.157689650984267
56000, 14.739968340083593
57000, 14.806905295990937
58000, 14.489076345072288
59000, 14.409102061621406
60000, 14.643162985578703
61000, 14.664393763277241
62000, 14.887727981275196
63000, 15.163552793898049
64000, 15.181128636128035
65000, 15.499103916750228
66000, 15.638272140986533
67000, 15.542057635833022
68000, 15.646085772486357
69000, 15.520595635763755
70000, 15.524890409346606
71000, 15.154757228892407
72000, 15.23446385301724
73000, 15.798030819623621
74000, 15.560634091621502
75000, 15.598432969728437
76000, 15.508420651733404
77000, 15.494801995794877
78000, 15.614807786912467
79000, 15.436608723709003
80000, 15.592020751368667
81000, 15.77621275493231
82000, 15.68155321105378
83000, 15.836666315863324
84000, 16.045075395411654
85000, 15.88989895779356
86000, 15.875207785166852
87000, 15.81209101359533
88000, 15.883604404822254
89000, 15.757185309847976
90000, 15.699964614255947
91000, 15.491933384829668
92000, 15.185519418182572
93000, 15.17673658377628
94000, 14.858592725348446
95000, 14.738460646289429
96000, 14.531957121385192
97000, 14.462979560857361
98000, 14.538836878436245
99000, 14.35657031157202
100000, 14.334108506170402
