1, 74.2803421557092
2, 73.44752182026608
3, 72.59190461328738
4, 71.71267455832123
5, 71.32741408462807
6, 70.66301393559107
7, 70.40563788613697
8, 69.91357301917627
9, 69.31522199344096
10, 68.97491182697128
15, 67.65603048907363
20, 64.73246718372711
25, 63.62570839865572
30, 62.562952910832756
35, 61.50884864422729
40, 60.01576715907502
45, 57.88489905373886
50, 55.76061471904837
55, 54.901870501972745
60, 54.19892136309612
65, 52.243659902422614
70, 51.50145629008951
75, 51.60381619758219
80, 51.96492900172044
85, 50.761584505790026
90, 49.3789117243072
95, 47.84912184709832
100, 45.80544139661205
150, 43.04112523550542
200, 39.68510668131928
250, 37.194499179727764
300, 36.21240756340928
350, 33.83171020484503
400, 33.48593275254092
450, 30.478491785822694
500, 28.98408051115169
550, 28.406391480141874
600, 27.60211809040971
650, 26.735456146933707
700, 25.698847624568096
750, 24.307010701251794
800, 24.07040953919595
850, 22.33693044127732
900, 21.947139291418438
950, 21.161648910597318
1000, 20.342074623793906
1250, 17.826514392460894
1500, 16.71434206809322
1750, 15.969201126399048
2000, 15.493422922200047
2250, 14.661304381051712
2500, 14.759612252567946
2750, 14.192630807245331
3000, 13.704575316856214
3250, 12.83684600611129
3500, 12.56490839906615
3750, 11.92927878405448
4000, 11.462312828771312
4250, 11.353752344828221
4500, 10.741723110591494
4750, 10.137516005868044
5000, 10.32025640707111
5250, 10.003845414485525
5500, 9.705668446840743
5750, 9.132360045464699
6000, 8.816069244457925
6250, 8.72044458993656
6500, 8.606795168756085
6750, 8.182532991308141
7000, 8.438009243891594
7250, 8.155224847157331
7500, 7.838759713510413
7750, 7.797435475847171
8000, 8.016329488084834
8250, 8.174067813236237
8500, 7.821076062104931
8750, 7.961445558729607
9000, 7.621830993423279
9250, 7.43587975241045
9500, 7.289613263984691
9750, 7.402702209328699
10000, 7.2684777794782605
11000, 6.870225614927067
12000, 7.203631562781906
13000, 7.330652190525856
14000, 6.885882994604586
15000, 6.583195389661584
16000, 6.235136171481989
17000, 5.865151319446072
18000, 5.858590011519574
19000, 6.1893208276589045
20000, 5.90045630569235
21000, 6.205456655854774
22000, 6.116811638050057
23000, 6.029415075597811
24000, 5.727128425310541
25000, 5.7472401403429485
26000, 5.635055115422222
27000, 5.376587422119379
28000, 5.2345009313209605
29000, 4.922475924854202
30000, 4.846886391520611
31000, 5.096001449100144
32000, 4.835764198615911
33000, 4.993842362195821
34000, 5.00153822492487
35000, 5.437759719703581
36000, 5.415078662685975
37000, 5.321942965034191
38000, 5.222731380889034
39000, 5.238907695899389
40000, 5.422176684690384
41000, 5.356520110324211
42000, 5.233031185136907
43000, 5.045942772320992
44000, 4.859566299103719
45000, 4.771711513621792
46000, 4.827804087542525
47000, 4.731238250671317
48000, 4.90839155857677
49000, 4.930283187372943
50000, 4.819830830098628
51000, 4.905256207532738
52000, 4.731238250671317
53000, 4.734488844150403
54000, 4.878524367060187
55000, 4.792622535651099
56000, 4.760413685966637
57000, 4.959838707054898
58000, 4.723101979387308
59000, 4.819830830098628
60000, 4.739360554076727
61000, 4.826210489846842
62000, 4.6673992099043105
63000, 4.657500154837109
