1, 11.519548602267365
2, 11.108555261599053
3, 10.483320084782301
4, 10.526157893552615
5, 10.064790112068906
6, 9.071934744033381
7, 9.071934744033381
8, 9.033271832508971
9, 8.94427190999916
10, 8.330666239863412
15, 7.516648189186454
20, 6.418722614352485
25, 6.549809157525126
30, 5.873670062235365
35, 5.787918451395113
40, 5.263078946776307
45, 5.049752469181039
50, 4.9899899799498595
55, 5.10881590977792
60, 4.878524367060187
65, 4.347413023856832
70, 4.230839160261236
75, 4.43846820423443
80, 4.560701700396552
85, 4.33589667773576
90, 4.135214625627067
95, 3.8340579025361627
100, 3.9370039370059056
150, 2.949576240750525
200, 2.449489742783178
250, 1.816590212458495
300, 1.70293863659264
350, 1.816590212458495
400, 1.760681686165901
450, 2.1213203435596424
500, 1.61245154965971
550, 1.760681686165901
600, 1.5811388300841898
650, 1.51657508881031
700, 1.449137674618944
750, 1.4142135623730951
800, 1.449137674618944
850, 1.449137674618944
900, 1.4832396974191326
950, 1.3416407864998738
1000, 1.3416407864998738
1250, 1.3038404810405297
1500, 1.378404875209022
1750, 1.0
2000, 0.8944271909999159
2250, 0.6324555320336759
2500, 0.7071067811865476
2750, 0.7071067811865476
3000, 0.7745966692414834
3250, 0.7745966692414834
3500, 0.7745966692414834
3750, 0.8366600265340756
4000, 0.8366600265340756
4250, 0.9486832980505138
4500, 1.0
4750, 0.7745966692414834
5000, 0.7745966692414834
5250, 0.7071067811865476
5500, 0.6324555320336759
5750, 0.7071067811865476
6000, 0.7071067811865476
6250, 0.6324555320336759
6500, 0.6324555320336759
6750, 0.6324555320336759
7000, 0.6324555320336759
7250, 0.6324555320336759
7500, 0.5477225575051661
7750, 0.5477225575051661
8000, 0.6324555320336759
8250, 0.7071067811865476
8500, 0.7071067811865476
8750, 0.6324555320336759
9000, 0.6324555320336759
9250, 0.7071067811865476
9500, 0.7071067811865476
9750, 0.5477225575051661
10000, 0.5477225575051661
11000, 0.5477225575051661
12000, 0.5477225575051661
13000, 0.5477225575051661
14000, 0.6324555320336759
15000, 0.5477225575051661
16000, 0.31622776601683794
17000, 0.5477225575051661
18000, 0.6324555320336759
19000, 0.6324555320336759
20000, 0.6324555320336759
21000, 0.6324555320336759
22000, 0.6324555320336759
23000, 0.0
24000, 0.0
25000, 0.0
26000, 0.0
27000, 0.0
28000, 0.0
29000, 0.0
30000, 0.0
31000, 0.0
32000, 0.0
33000, 0.0
34000, 0.0
35000, 0.0
36000, 0.0
37000, 0.0
38000, 0.0
39000, 0.0
40000, 0.0
41000, 0.0
42000, 0.0
43000, 0.0
44000, 0.0
45000, 0.0
46000, 0.0
47000, 0.0
48000, 0.0
49000, 0.0
50000, 0.0
51000, 0.0
52000, 0.0
53000, 0.0
54000, 0.0
55000, 0.0
56000, 0.0
57000, 0.0
58000, 0.0
59000, 0.0
60000, 0.0
61000, 0.0
62000, 0.0
63000, 0.0
64000, 0.0
65000, 0.0
66000, 0.0
67000, 0.0
68000, 0.0
69000, 0.0
70000, 0.0
71000, 0.0
72000, 0.0
73000, 0.0
74000, 0.0
75000, 0.0
76000, 0.0
77000, 0.0
78000, 0.0
79000, 0.0
80000, 0.0
81000, 0.0
82000, 0.0
83000, 0.0
84000, 0.0
85000, 0.0
86000, 0.0
87000, 0.0
88000, 0.0
89000, 0.0
90000, 0.0
91000, 0.0
92000, 0.0
93000, 0.0
94000, 0.0
95000, 0.0
96000, 0.0
97000, 0.0
98000, 0.0
99000, 0.0
100000, 0.0
