2.6457513110645907
2.4899799195977463
1.8973665961010275
1.7888543819998317
1.7320508075688772
1.6733200530681511
1.5491933384829668
1.3416407864998738
0.8944271909999159
1.61245154965971
1.4832396974191326
1.1832159566199232
1.1832159566199232
1.3416407864998738
1.3416407864998738
1.61245154965971
1.9493588689617927
1.61245154965971
1.61245154965971
2.0
1.3416407864998738
1.3416407864998738
1.0954451150103321
1.61245154965971
1.3416407864998738
1.3416407864998738
1.0954451150103321
1.2649110640673518
1.2649110640673518
1.6733200530681511
1.6733200530681511
1.4832396974191326
1.5491933384829668
1.4832396974191326
1.6733200530681511
1.61245154965971
1.61245154965971
1.61245154965971
1.61245154965971
1.61245154965971
1.61245154965971
1.4142135623730951
1.4142135623730951
1.4142135623730951
1.61245154965971
1.61245154965971
1.6733200530681511
1.6733200530681511
1.61245154965971
1.6733200530681511
1.6733200530681511
1.6733200530681511
1.5491933384829668
1.6733200530681511
1.6733200530681511
1.6733200530681511
1.6733200530681511
1.6733200530681511
1.5491933384829668
1.5491933384829668
1.5491933384829668
1.0954451150103321
1.4832396974191326
1.4142135623730951
1.3416407864998738
1.2649110640673518
1.5491933384829668
1.4142135623730951
1.2649110640673518
1.61245154965971
1.61245154965971
1.61245154965971
1.6733200530681511
1.6733200530681511
1.6733200530681511
1.6733200530681511
1.4142135623730951
1.5491933384829668
1.5491933384829668
1.4142135623730951
1.5491933384829668
1.5491933384829668
1.4142135623730951
1.3416407864998738
1.5491933384829668
1.61245154965971
1.5491933384829668
1.6733200530681511
1.61245154965971
1.5491933384829668
1.4832396974191326
1.4832396974191326
1.4832396974191326
1.5491933384829668
1.6733200530681511
1.7320508075688772
1.6733200530681511
1.6733200530681511
1.4832396974191326
1.4832396974191326
1.6733200530681511
1.7320508075688772
1.7320508075688772
1.6733200530681511
1.6733200530681511
1.61245154965971
1.61245154965971
1.6733200530681511
1.7320508075688772
1.7320508075688772
1.6733200530681511
1.61245154965971
1.61245154965971
1.61245154965971
1.7320508075688772
1.7320508075688772
1.7320508075688772
1.61245154965971
1.61245154965971
1.61245154965971
1.5491933384829668
1.61245154965971
1.5491933384829668
1.5491933384829668
1.5491933384829668
1.5491933384829668
1.5491933384829668
1.5491933384829668
1.5491933384829668
1.6733200530681511
1.5491933384829668
1.5491933384829668
1.6733200530681511
1.5491933384829668
1.5491933384829668
1.5491933384829668
1.5491933384829668
1.6733200530681511
1.6733200530681511
1.6733200530681511
1.6733200530681511
1.6733200530681511
1.6733200530681511
1.7320508075688772
1.6733200530681511
1.7320508075688772
1.6733200530681511
1.6733200530681511
1.6733200530681511
1.6733200530681511
1.7320508075688772
1.6733200530681511
1.6733200530681511
1.7320508075688772
1.5491933384829668
1.5491933384829668
1.5491933384829668
1.61245154965971
1.5491933384829668
1.5491933384829668
1.5491933384829668
1.5491933384829668
1.5491933384829668
1.5491933384829668
1.5491933384829668
1.5491933384829668
1.5491933384829668
1.4142135623730951
1.5491933384829668
1.61245154965971
1.7888543819998317
1.7888543819998317
1.7888543819998317
1.61245154965971
1.6733200530681511
1.5491933384829668
1.5491933384829668
1.5491933384829668
1.5491933384829668
1.4832396974191326
1.5491933384829668
1.61245154965971
1.61245154965971
1.5491933384829668
1.61245154965971
1.61245154965971
1.61245154965971
1.61245154965971
1.4832396974191326
1.5491933384829668
1.61245154965971
1.5491933384829668
1.3416407864998738
1.4832396974191326
1.2649110640673518
1.2649110640673518
1.4832396974191326
1.4832396974191326
1.5491933384829668
1.5491933384829668
1.5491933384829668
1.7320508075688772
1.6733200530681511
1.5491933384829668
1.5491933384829668
1.5491933384829668
1.6733200530681511
1.4832396974191326
1.7320508075688772
1.6733200530681511
1.5491933384829668
1.5491933384829668
1.7320508075688772
1.7320508075688772
1.7320508075688772
1.7320508075688772
1.7320508075688772
1.7320508075688772
1.7320508075688772
1.4832396974191326
1.6733200530681511
1.7320508075688772
1.7320508075688772
1.7320508075688772
1.7320508075688772
1.7320508075688772
1.5491933384829668
1.7320508075688772
1.7888543819998317
1.7888543819998317
1.7888543819998317
1.7888543819998317
1.7888543819998317
1.7888543819998317
1.61245154965971
1.7320508075688772
1.7888543819998317
1.7888543819998317
1.7888543819998317
1.7888543819998317
1.7320508075688772
1.7320508075688772
1.7888543819998317
1.7320508075688772
1.7888543819998317
1.7320508075688772
1.7320508075688772
1.7320508075688772
1.7320508075688772
1.7320508075688772
1.6733200530681511
1.6733200530681511
1.6733200530681511
1.6733200530681511
1.6733200530681511
1.6733200530681511
1.7320508075688772
1.7320508075688772
1.7320508075688772
1.7320508075688772
1.7320508075688772
1.7888543819998317
1.7888543819998317
1.7320508075688772
1.7320508075688772
1.7888543819998317
1.7888543819998317
1.7888543819998317
1.7888543819998317
1.7320508075688772
1.7320508075688772
1.7320508075688772
1.7320508075688772
1.7320508075688772
1.7320508075688772
1.7320508075688772
1.7888543819998317
1.7320508075688772
1.7320508075688772
1.7320508075688772
1.7320508075688772
1.7320508075688772
1.7320508075688772
1.7320508075688772
1.61245154965971
1.61245154965971
1.5491933384829668
1.5491933384829668
1.5491933384829668
1.5491933384829668
1.5491933384829668
1.5491933384829668
1.5491933384829668
1.5491933384829668
1.5491933384829668
1.5491933384829668
1.4832396974191326
1.4832396974191326
1.4832396974191326
1.4832396974191326
1.4832396974191326
1.4832396974191326
1.4832396974191326
1.2649110640673518
1.2649110640673518
1.2649110640673518
1.2649110640673518
1.2649110640673518
1.4832396974191326
1.5491933384829668
1.5491933384829668
1.4832396974191326
1.5491933384829668
1.5491933384829668
1.5491933384829668
1.5491933384829668
1.4832396974191326
1.4832396974191326
1.4832396974191326
1.5491933384829668
1.5491933384829668
1.4832396974191326
1.5491933384829668
1.5491933384829668
1.61245154965971
1.5491933384829668
1.3416407864998738
1.4142135623730951
1.61245154965971
1.61245154965971
1.61245154965971
1.61245154965971
1.61245154965971
1.4142135623730951
1.4142135623730951
1.4142135623730951
1.4142135623730951
1.4142135623730951
1.4142135623730951
1.4142135623730951
1.4142135623730951
1.4142135623730951
1.4142135623730951
1.4142135623730951
1.4142135623730951
1.4142135623730951
1.4142135623730951
1.3416407864998738
1.3416407864998738
1.3416407864998738
1.3416407864998738
1.3416407864998738
1.3416407864998738
1.3416407864998738
1.3416407864998738
1.4142135623730951
1.3416407864998738
1.3416407864998738
1.3416407864998738
1.4142135623730951
1.3416407864998738
1.3416407864998738
1.4832396974191326
1.4142135623730951
1.4142135623730951
1.4142135623730951
1.3416407864998738
1.3416407864998738
1.3416407864998738
1.3416407864998738
1.4142135623730951
1.3416407864998738
1.4142135623730951
1.4142135623730951
1.4142135623730951
1.4142135623730951
1.4142135623730951
1.4142135623730951
1.3416407864998738
1.3416407864998738
1.3416407864998738
1.3416407864998738
1.3416407864998738
1.3416407864998738
1.3416407864998738
1.4832396974191326
1.4832396974191326
1.4832396974191326
1.5491933384829668
1.5491933384829668
1.5491933384829668
1.5491933384829668
1.5491933384829668
1.5491933384829668
1.5491933384829668
1.4832396974191326
1.5491933384829668
1.5491933384829668
1.5491933384829668
1.4832396974191326
