1, 56.88567482240146
2, 56.330808621925534
3, 55.484051762646175
4, 54.64210830485954
5, 54.638081957550455
6, 53.83604740320374
7, 52.91464825546892
8, 52.910868448741226
9, 52.905576265645195
10, 52.05842871236127
15, 49.72765829998433
20, 49.710964585290434
25, 49.702313829438566
30, 49.702313829438566
35, 48.95038304242368
40, 48.21763162993388
45, 47.34976240700686
50, 46.509568907913994
55, 46.50612862838617
60, 46.50354825171946
65, 46.50612862838617
70, 46.505913602465654
75, 46.50290313518071
80, 45.635950740616764
85, 45.63529335941646
90, 44.98844296038706
95, 44.987776117518855
100, 44.987109264766055
150, 40.77057762651886
200, 40.08989897717379
250, 40.08740450565489
300, 37.7009283705322
350, 37.69376606283856
400, 36.994053576216814
450, 36.99675661460069
500, 35.412144809372954
550, 35.41299196622618
600, 35.41242719724249
650, 35.40875597927722
700, 34.68544363274023
750, 34.685155326162224
800, 34.282065282010066
850, 34.26864456029739
900, 34.26660181576224
950, 34.266309985173486
1000, 34.26485079494729
1250, 31.534425632949144
1500, 29.977324763894458
1750, 29.922232537028382
2000, 29.517452464601345
2250, 28.946847842209003
2500, 28.945120486879997
2750, 28.946502379389464
3000, 28.855155518555087
3250, 28.840943119114534
3500, 28.846490254448632
3750, 28.3146605135926
4000, 27.51363298439521
4250, 27.2609610982445
4500, 25.902123465075213
4750, 25.41889061308538
5000, 25.45820103620835
5250, 25.58710612789184
5500, 25.098605538953755
5750, 25.11652842253483
6000, 24.515709249377224
6250, 24.684408034222738
6500, 24.685623346393342
6750, 23.660938273872404
7000, 23.095021108455388
7250, 22.707707942458658
7500, 22.954302428956538
7750, 22.7477471412006
8000, 22.539742678211745
8250, 22.539742678211745
8500, 21.601388844238695
8750, 21.601388844238695
9000, 21.52812114421507
9250, 21.52812114421507
9500, 21.532301316858817
9750, 21.500232556881798
10000, 21.63007165961315
11000, 21.671179017303142
12000, 20.396568338816213
13000, 19.71598336375845
14000, 20.13256069157622
15000, 20.442602574036407
16000, 20.322893494775787
17000, 19.51870897370008
18000, 19.38865647743546
19000, 19.237463450257675
20000, 19.337011144434914
21000, 19.36646586241279
22000, 19.30233146539557
23000, 19.47819293466414
24000, 19.2681083658983
25000, 18.78084130170957
26000, 18.3166590840142
27000, 17.822457742971366
28000, 17.359147444503144
29000, 17.56929139151605
30000, 16.975276139138355
31000, 17.180221186003397
32000, 17.45737666432159
33000, 17.827506836347027
34000, 18.157643018850216
35000, 17.81965207292219
36000, 18.291528093628482
37000, 18.043835512440253
38000, 17.977207792090518
39000, 17.961069010501575
40000, 18.080929179663308
41000, 18.67565259903921
42000, 18.554244797350282
43000, 18.724849799130567
44000, 18.780308836651223
45000, 18.22525719983123
46000, 18.40706386146362
47000, 18.77658115845374
48000, 18.839320582229075
49000, 19.24058211177614
50000, 18.824983399727078
51000, 18.587092295461385
52000, 18.542923178398816
53000, 18.522958726942086
54000, 18.570945048650593
55000, 18.36300628982085
56000, 18.402717190675947
57000, 18.35429105141356
58000, 18.438004230393265
59000, 18.310106498871054
60000, 18.061561394298113
61000, 17.915914712902605
62000, 17.826384939184948
63000, 17.533396704574958
64000, 17.302023003105734
65000, 17.191858538273284
66000, 17.186622704883003
67000, 17.01646261712463
68000, 16.916855499767088
69000, 16.667933285203656
70000, 16.78272921785965
71000, 16.783920876839236
72000, 16.73320053068151
73000, 16.70808187674456
74000, 16.73140759171206
75000, 16.667933285203656
76000, 16.808926200087857
77000, 17.0598944897089
78000, 17.106139248819414
79000, 17.165663401103963
80000, 17.094443541689213
81000, 16.950516216328044
82000, 16.839833728395302
83000, 17.078056095469414
84000, 16.796428191731717
85000, 16.72004784682149
86000, 16.803571049035977
87000, 17.01587494077222
88000, 17.019400694501556
89000, 17.15284233006297
90000, 17.478558292948534
91000, 17.77188791321845
92000, 17.839843048636947
93000, 17.630087918101825
94000, 17.670880000724356
95000, 17.86504967807255
96000, 17.739222079899672
97000, 17.8801565988668
98000, 17.73020022447575
99000, 17.705931209625774
100000, 17.632923750756706
