20.047800021805028
14.806369285836803
13.56887193963764
13.589912225092341
12.931688653403755
11.625096005747958
9.931191843307198
10.436200731793429
9.883608363634927
9.067997101266156
9.026943795422362
8.545675598135668
8.253137931374086
8.069342334681663
7.708992893275452
7.872193377415761
7.551726387295254
7.498571292491086
7.377572190671632
7.151423434733616
6.934386366919159
6.859820905617205
6.663332499583072
6.1574577314250165
6.308724118235001
6.308724118235001
5.9713602183374315
5.830951894845301
5.666946771788642
5.593363414414826
5.30229061013122
5.479833157001354
5.5239737249814755
5.495452665613635
5.742075284374855
5.923319532636602
5.60357029044876
5.419541361723201
5.3452248382484875
5.218100365896714
5.215361924162119
5.291502622129181
5.053994177168899
5.0990195135927845
5.059644256269407
4.95119033306999
4.916444708468567
4.8550415622761225
5.048337774526808
5.079370039680118
5.0142653642240695
4.6965032585044435
4.884377427793931
4.893143891493192
5.045507195232493
4.714718594844387
4.8047595450463785
4.825527358301296
4.765950662174936
4.8667971280621805
4.919349550499537
4.653723547563054
4.887301329539063
4.819602828923918
4.462542516804262
4.306141793166725
4.411025148096852
4.475329197787737
4.491261356392942
4.404543109109048
4.381780460041329
4.401298509693312
4.398051516621553
4.714718594844387
4.5261147009012355
4.510305659581969
4.548155041960892
4.595028369257987
