8.803408430829505
8.303613671167511
7.886697661252142
7.214568594171102
6.519202405202649
6.2048368229954285
6.752777206453653
6.711929677819934
6.946221994724902
6.74166151627327
6.587867636800241
6.5612498809297
6.3796551630946325
6.352164985262899
5.882176467941097
6.0909769331364245
5.8395205282625735
5.962382074305537
5.643580423808985
5.779273310719955
6.0332412515993425
6.107372593840988
6.0
6.545991139621257
6.44980619863884
5.928743543112655
5.9833101206606365
5.916079783099616
6.119640512317697
6.196773353931867
6.131883886702357
6.0950799830683104
6.156297588648554
5.865151319446072
5.894913061275798
6.070420084310475
5.757603668193912
5.848076606885378
5.9497899122574065
5.958187643906492
5.852349955359813
6.272957835024878
6.300793600809346
6.148170459575759
5.9497899122574065
6.164414002968976
6.0909769331364245
6.224949798994366
6.248999919987197
6.363961030678928
6.48074069840786
6.407027391856539
6.2809234989768825
6.244997998398398
6.2088646305101545
6.0909769331364245
5.920304046246273
5.932958789676531
5.744562646538029
5.937171043518958
5.80086200490927
6.0456596000767355
6.18869937870632
6.0950799830683104
5.974947698515862
6.18869937870632
6.212889826803627
6.300793600809346
6.115553940568262
6.220932405998316
6.268971207462991
6.2088646305101545
6.264982043070834
6.172519744804386
6.192737682156414
6.070420084310475
6.168468205316454
6.115553940568262
6.06217782649107
6.012487006222965
6.18869937870632
6.1278054799414114
5.826662852782886
6.1400325732035
6.0
6.074537019394976
5.9497899122574065
6.024948132556827
6.020797289396148
6.00416522091123
5.9497899122574065
6.119640512317697
6.070420084310475
6.029096117993144
6.172519744804386
6.168468205316454
6.08687111741328
6.176568626672903
6.256996084384263
6.300793600809346
6.107372593840988
6.008327554319921
6.0909769331364245
6.00416522091123
5.911852501542981
5.805170109479997
5.761944116355173
5.787918451395113
5.6964901474504455
5.630275304103699
5.674504383644443
5.748912940721924
5.770615218501403
5.822370651203855
5.787918451395113
5.6524331044250316
5.73149195236284
5.678908345800274
5.665686189686118
5.766281297335398
5.709640969448079
5.75325994545701
5.766281297335398
5.89915248150105
5.903388857258177
5.920304046246273
5.8395205282625735
5.727128425310541
5.674504383644443
5.882176467941097
5.766281297335398
5.848076606885378
