1, 68.89847603539573
2, 68.13283594078067
3, 67.42650319669065
4, 67.00136814523516
5, 66.3774560123139
6, 65.90397054300547
7, 65.28399497579785
8, 65.26905851933212
9, 64.85303899330137
10, 64.51072262293559
15, 62.15169614204695
20, 61.081093637884386
25, 58.85858759206963
30, 57.05436004373373
35, 56.20468545118518
40, 54.08342321512819
45, 52.838275268344375
50, 50.439898228816176
55, 47.87884014189706
60, 47.364191818996204
65, 45.51519892665892
70, 44.60493246267726
75, 43.47202165377942
80, 42.82464243867075
85, 40.98210991802805
90, 40.90741579062
95, 40.01874560752748
100, 39.289523624837535
150, 33.67466901594332
200, 29.258047326049176
250, 25.981724346163016
300, 23.123220652264973
350, 21.04598140580128
400, 20.43689474129244
450, 20.054509052413458
500, 19.45379140424817
550, 18.55711902927463
600, 17.98239880179134
650, 17.270881081558443
700, 16.941074346097416
750, 16.558985476169727
800, 15.664716190641098
850, 15.600747845322458
900, 15.491395461136912
950, 15.324272685296792
1000, 14.53157481715821
1250, 13.100254450455024
1500, 12.631310304160849
1750, 12.3092106435249
2000, 12.225656083281038
2250, 11.345336780663088
2500, 10.8842393701474
2750, 10.70124603336764
3000, 10.392304845413264
3250, 9.543758868146938
3500, 8.504900548115382
3750, 7.710382610480495
4000, 7.489993324429602
4250, 7.340526774921084
4500, 7.275529763071094
4750, 7.241086474648216
5000, 7.134423592694787
5250, 7.0344390915931125
5500, 6.980926395066298
5750, 6.613118276073197
6000, 6.211548384528075
6250, 6.059427915790951
6500, 5.927337794772062
6750, 5.759050847723665
7000, 5.737304826019502
7250, 5.6258332716140815
7500, 5.58121850495033
7750, 5.609515724790034
8000, 5.408326913195984
8250, 4.914264950122246
8500, 4.802776974487434
8750, 4.820096817838137
9000, 4.833908011812665
9250, 4.55887413001646
9500, 4.272001872658765
9750, 4.254409477236529
10000, 4.207136793592526
11000, 4.084523636035582
12000, 4.051748593714406
13000, 4.08248290463863
14000, 3.492849839314596
15000, 3.3689761055846033
16000, 3.3366650016645862
17000, 3.255764119219941
18000, 2.479919353527449
19000, 2.359378449224852
20000, 2.348758537327042
21000, 2.345207879911715
22000, 2.327373340628157
23000, 2.4460853078609777
24000, 2.327373340628157
25000, 2.32379000772445
26000, 2.228601953392904
27000, 2.2323380867004294
28000, 2.136976056643281
29000, 2.0896570691543306
30000, 2.0453198608856593
31000, 1.9790570145063195
32000, 1.9790570145063195
33000, 1.983263304085802
34000, 1.9621416870348585
35000, 1.9407902170679516
36000, 2.073644135332772
37000, 2.065591117977289
38000, 1.7272328544042153
39000, 1.760681686165901
40000, 1.7748239349298849
41000, 1.834847859269718
42000, 1.91049731745428
43000, 1.9017535767461216
44000, 1.96638416050035
45000, 1.9536291016123473
46000, 1.8027756377319946
47000, 1.8073922282301278
48000, 1.7795130420052185
49000, 1.816590212458495
50000, 1.7748239349298849
51000, 1.6072751268321592
52000, 1.66332999331662
53000, 1.591644851508443
54000, 1.5329709716755893
55000, 1.6020819787597222
56000, 1.5545631755148024
57000, 1.5545631755148024
58000, 1.570562531918633
59000, 1.570562531918633
60000, 1.5968719422671311
61000, 1.6782927833565473
62000, 1.591644851508443
63000, 1.5864005379054391
64000, 1.6072751268321592
65000, 1.6278820596099706
66000, 1.632993161855452
67000, 1.6431676725154984
68000, 1.70293863659264
69000, 1.70293863659264
70000, 1.7559422921421233
71000, 1.7126976771553504
72000, 1.7126976771553504
73000, 1.6980380835933373
74000, 1.70293863659264
75000, 1.61245154965971
76000, 1.591644851508443
77000, 1.591644851508443
78000, 1.5864005379054391
79000, 1.61245154965971
80000, 1.5438048235879214
81000, 1.5491933384829668
82000, 1.5864005379054391
83000, 1.5438048235879214
84000, 1.5438048235879214
85000, 1.5438048235879214
86000, 1.1030261405182864
87000, 1.0954451150103321
88000, 1.0954451150103321
89000, 1.1030261405182864
90000, 1.1105554165971787
91000, 1.1105554165971787
92000, 1.161895003862225
93000, 1.1832159566199232
94000, 1.0723805294763609
95000, 1.0082988974836116
96000, 1.0082988974836116
97000, 1.0488088481701516
98000, 1.118033988749895
99000, 1.118033988749895
100000, 1.118033988749895
