1, 34.33171517222329
2, 33.71448748930742
3, 32.983834424356026
4, 33.04290140610133
5, 32.54996159751959
6, 32.39084232721753
7, 32.12683198408043
8, 31.58850001714759
9, 31.01719952972329
10, 30.71535989262267
15, 30.25227264190246
20, 28.741955396249573
25, 26.696441710460217
30, 24.416524459199074
35, 23.46628787573072
40, 23.01810881313522
45, 22.7574163735693
50, 21.51975836295566
55, 20.902950349970535
60, 20.58559366806473
65, 20.572635546602516
70, 20.39689518856567
75, 19.499572644889767
80, 18.964879822099235
85, 19.106717841289925
90, 18.94201678808252
95, 17.658803281460873
100, 17.255916859635903
150, 12.823156137758494
200, 10.323113225508411
250, 9.103113020646655
300, 8.938679992034618
350, 8.068457101577723
400, 8.199593485858511
450, 8.276472678623424
500, 7.739509028355739
550, 7.404953297174354
600, 7.162401831787993
650, 7.514430561703706
700, 7.5806771905065755
750, 6.833739825307955
800, 6.660830779014482
850, 6.300793600809346
900, 6.169819014093255
950, 6.131883886702357
1000, 6.101912268570676
1250, 5.615454864330523
1500, 5.196152422706632
1750, 4.708148963941845
2000, 4.242640687119285
2250, 4.320493798938574
2500, 4.4907311951024935
2750, 4.31663449151458
3000, 4.222953153106642
3250, 3.9916579679793878
3500, 3.750555514409388
3750, 3.803507153492243
4000, 3.8944404818493075
4250, 4.0579140782755205
4500, 3.7815340802378077
4750, 3.7416573867739413
5000, 3.7461090925563463
5250, 3.605551275463989
5500, 3.8340579025361627
5750, 3.5402448126271344
6000, 3.6193922141707713
6250, 3.687817782917155
6500, 3.719318934070233
6750, 3.5870136139505613
7000, 3.5637059362410923
7250, 3.459287017098562
7500, 3.430257521916783
7750, 3.3115957885386114
8000, 3.3366650016645862
8250, 2.8635642126552705
8500, 3.183289703016886
8750, 3.022140521771503
9000, 2.9944392908634274
9250, 2.9776948578836393
9500, 2.9944392908634274
9750, 2.9211869733608857
10000, 2.70801280154532
11000, 3.1144823004794873
12000, 2.74469184669852
13000, 2.503331114069145
14000, 2.5099800796022267
15000, 2.37346441585572
16000, 2.463060426921489
17000, 2.3874672772626644
18000, 2.160246899469287
19000, 2.228601953392904
20000, 2.160246899469287
21000, 1.9748417658131499
22000, 2.136976056643281
23000, 2.073644135332772
24000, 2.1447610589527217
25000, 1.9748417658131499
26000, 1.9148542155126762
27000, 1.8439088914585775
28000, 1.888562063228706
29000, 1.6532795690182993
30000, 1.9148542155126762
31000, 1.7701224063135672
32000, 1.7795130420052185
33000, 1.760681686165901
34000, 1.906130460732773
35000, 1.9321835661585918
36000, 1.8973665961010275
37000, 1.879716290649558
38000, 1.8073922282301278
39000, 1.9148542155126762
40000, 1.8439088914585775
41000, 1.7701224063135672
42000, 1.6832508230603465
43000, 1.570562531918633
44000, 1.61245154965971
45000, 1.559914527573012
46000, 1.4832396974191326
47000, 1.4944341180973264
48000, 1.3165611772087666
49000, 1.51657508881031
50000, 1.6931233465600393
51000, 1.591644851508443
52000, 1.559914527573012
53000, 1.61245154965971
54000, 1.6431676725154984
55000, 1.7416467303484175
56000, 1.61245154965971
57000, 1.622754859285078
58000, 1.390443574307614
59000, 1.4832396974191326
60000, 1.4719601443879744
61000, 1.4142135623730951
62000, 1.4023789311975086
63000, 1.390443574307614
64000, 1.3416407864998738
65000, 1.3165611772087666
66000, 1.3416407864998738
67000, 1.3291601358251257
68000, 1.2780193008453875
69000, 1.378404875209022
70000, 1.378404875209022
71000, 1.3165611772087666
72000, 1.2780193008453875
73000, 1.3165611772087666
74000, 1.2780193008453875
75000, 1.378404875209022
76000, 1.3662601021279464
77000, 1.3165611772087666
78000, 1.3416407864998738
79000, 1.2516655570345725
80000, 1.2909944487358056
81000, 1.2516655570345725
82000, 1.2780193008453875
83000, 1.2909944487358056
84000, 1.2382783747337807
85000, 1.2780193008453875
86000, 1.3038404810405297
87000, 1.2649110640673518
88000, 1.3165611772087666
89000, 1.3662601021279464
90000, 1.3662601021279464
91000, 1.4259499757471625
92000, 1.35400640077266
93000, 1.378404875209022
94000, 1.3416407864998738
95000, 1.3038404810405297
96000, 1.35400640077266
97000, 1.390443574307614
98000, 1.378404875209022
99000, 1.2649110640673518
100000, 1.1972189997378648
