2.1908902300206643
3.3763886032268267
4.123105625617661
3.794733192202055
3.4641016151377544
3.0659419433511785
2.756809750418044
3.5777087639996634
3.4641016151377544
3.0
3.22490309931942
3.0
3.0
3.40587727318528
3.255764119219941
2.898275349237888
3.3166247903554
3.255764119219941
3.255764119219941
2.9664793948382653
2.9664793948382653
3.03315017762062
3.03315017762062
3.03315017762062
2.9664793948382653
2.9664793948382653
2.8284271247461903
3.286335345030997
3.3166247903554
3.521363372331802
3.605551275463989
3.7416573867739413
3.7416573867739413
3.605551275463989
3.492849839314596
3.492849839314596
3.492849839314596
3.492849839314596
3.492849839314596
3.605551275463989
3.605551275463989
3.492849839314596
3.492849839314596
3.521363372331802
3.492849839314596
3.7416573867739413
3.6606010435446255
3.6606010435446255
3.6606010435446255
3.7682887362833544
3.7682887362833544
3.7682887362833544
3.7682887362833544
3.7682887362833544
3.7682887362833544
3.7682887362833544
3.6606010435446255
3.6606010435446255
3.6606010435446255
3.6606010435446255
3.7682887362833544
3.7682887362833544
3.7682887362833544
3.7682887362833544
3.7682887362833544
3.7682887362833544
3.82099463490856
3.794733192202055
3.5777087639996634
3.605551275463989
3.521363372331802
3.6606010435446255
3.794733192202055
3.794733192202055
3.5777087639996634
3.521363372331802
3.605551275463989
3.605551275463989
3.7416573867739413
3.794733192202055
3.7416573867739413
3.7416573867739413
3.7416573867739413
3.794733192202055
3.6606010435446255
3.6606010435446255
3.521363372331802
3.6606010435446255
3.7416573867739413
3.7416573867739413
3.687817782917155
3.687817782917155
3.687817782917155
3.687817782917155
3.7416573867739413
3.687817782917155
3.687817782917155
3.687817782917155
3.687817782917155
3.7682887362833544
3.7682887362833544
3.7416573867739413
3.6606010435446255
3.7416573867739413
3.687817782917155
3.605551275463989
3.605551275463989
3.605551275463989
3.605551275463989
3.7416573867739413
3.687817782917155
3.63318042491699
3.687817782917155
3.6606010435446255
3.605551275463989
3.6606010435446255
3.4641016151377544
3.521363372331802
3.521363372331802
3.521363372331802
3.5496478698597698
3.5496478698597698
3.687817782917155
3.5496478698597698
3.63318042491699
3.687817782917155
3.7416573867739413
3.7682887362833544
3.7682887362833544
3.7682887362833544
3.7682887362833544
3.7682887362833544
3.687817782917155
3.7416573867739413
3.7416573867739413
3.7416573867739413
3.687817782917155
3.63318042491699
3.7416573867739413
3.7416573867739413
3.7416573867739413
3.7416573867739413
3.7416573867739413
3.7416573867739413
3.7416573867739413
3.7416573867739413
3.7416573867739413
3.7416573867739413
3.7416573867739413
3.7416573867739413
3.7416573867739413
3.7416573867739413
3.63318042491699
3.7416573867739413
3.687817782917155
3.687817782917155
3.687817782917155
3.63318042491699
3.63318042491699
3.63318042491699
3.7682887362833544
3.7682887362833544
3.714835124201342
3.714835124201342
3.714835124201342
3.714835124201342
3.714835124201342
3.714835124201342
3.714835124201342
3.714835124201342
3.714835124201342
3.714835124201342
3.714835124201342
3.714835124201342
3.7682887362833544
3.7682887362833544
3.7682887362833544
3.7682887362833544
3.7682887362833544
3.714835124201342
3.714835124201342
3.714835124201342
3.714835124201342
3.714835124201342
3.714835124201342
3.714835124201342
3.714835124201342
3.714835124201342
3.714835124201342
3.714835124201342
3.714835124201342
3.714835124201342
3.714835124201342
3.714835124201342
3.714835124201342
3.714835124201342
3.714835124201342
3.714835124201342
3.714835124201342
3.7682887362833544
3.714835124201342
3.714835124201342
3.714835124201342
3.7682887362833544
3.7682887362833544
3.7682887362833544
3.7682887362833544
3.7682887362833544
3.7682887362833544
3.7682887362833544
3.6606010435446255
3.6606010435446255
3.6606010435446255
3.6606010435446255
3.6606010435446255
3.6606010435446255
3.6606010435446255
3.6606010435446255
3.6606010435446255
3.6606010435446255
3.6606010435446255
3.6606010435446255
3.6606010435446255
3.6606010435446255
3.6606010435446255
3.6606010435446255
3.6606010435446255
3.6606010435446255
3.6606010435446255
3.6606010435446255
3.6606010435446255
3.7682887362833544
3.7682887362833544
3.7682887362833544
3.7682887362833544
3.7682887362833544
3.7682887362833544
3.714835124201342
3.714835124201342
3.7682887362833544
3.7682887362833544
3.7682887362833544
3.7682887362833544
3.7682887362833544
3.7682887362833544
3.7682887362833544
3.7682887362833544
3.7682887362833544
3.7682887362833544
3.7682887362833544
3.7682887362833544
3.7682887362833544
3.7682887362833544
3.7682887362833544
3.7682887362833544
3.687817782917155
3.687817782917155
3.7682887362833544
3.7682887362833544
3.7682887362833544
3.7682887362833544
3.687817782917155
3.7682887362833544
3.7682887362833544
3.7682887362833544
3.7682887362833544
3.7682887362833544
3.6606010435446255
3.7682887362833544
3.7682887362833544
3.7682887362833544
3.7682887362833544
3.82099463490856
3.7682887362833544
3.7682887362833544
3.7682887362833544
3.82099463490856
3.7682887362833544
3.7682887362833544
3.7682887362833544
3.7682887362833544
3.7682887362833544
3.7682887362833544
3.7682887362833544
3.7682887362833544
3.7682887362833544
3.82099463490856
3.82099463490856
3.82099463490856
3.82099463490856
3.7416573867739413
3.7416573867739413
3.7416573867739413
3.7416573867739413
3.7416573867739413
3.7416573867739413
3.7416573867739413
3.7416573867739413
3.7416573867739413
3.7416573867739413
3.7416573867739413
3.7416573867739413
3.7416573867739413
3.7416573867739413
3.7416573867739413
3.7416573867739413
3.7416573867739413
3.7416573867739413
3.7416573867739413
3.7416573867739413
3.7416573867739413
3.7416573867739413
3.7416573867739413
3.7416573867739413
3.7416573867739413
3.7416573867739413
3.7416573867739413
3.7416573867739413
3.7416573867739413
3.7416573867739413
3.7416573867739413
3.7416573867739413
3.7416573867739413
3.7416573867739413
3.7416573867739413
3.7416573867739413
3.605551275463989
3.605551275463989
3.605551275463989
3.605551275463989
3.605551275463989
3.605551275463989
3.605551275463989
3.605551275463989
3.605551275463989
3.605551275463989
3.605551275463989
3.605551275463989
3.605551275463989
3.605551275463989
3.605551275463989
3.605551275463989
3.605551275463989
3.605551275463989
3.7416573867739413
3.7416573867739413
3.7416573867739413
3.7416573867739413
3.7416573867739413
3.7416573867739413
3.7416573867739413
3.7416573867739413
3.687817782917155
3.687817782917155
3.687817782917155
3.687817782917155
3.687817782917155
3.687817782917155
3.687817782917155
3.7682887362833544
3.687817782917155
3.687817782917155
3.687817782917155
3.7416573867739413
3.82099463490856
3.82099463490856
3.7416573867739413
3.7416573867739413
3.7416573867739413
3.7416573867739413
3.687817782917155
3.7682887362833544
3.687817782917155
3.7682887362833544
3.7682887362833544
3.7682887362833544
3.7682887362833544
3.687817782917155
3.687817782917155
3.687817782917155
3.687817782917155
3.7682887362833544
3.7682887362833544
3.7682887362833544
3.7682887362833544
3.7682887362833544
3.7682887362833544
3.7682887362833544
3.7682887362833544
3.7682887362833544
3.7682887362833544
3.7682887362833544
3.7682887362833544
3.7682887362833544
3.7682887362833544
3.7682887362833544
3.7682887362833544
3.7682887362833544
3.7682887362833544
3.7682887362833544
