1, 16.510602654052335
2, 15.609825965290794
3, 14.915316512453455
4, 14.915316512453455
5, 14.049911031746785
6, 14.038043548396146
7, 14.038043548396146
8, 14.030918240324354
9, 14.033293744995625
10, 14.033293744995625
15, 14.033293744995625
20, 14.033293744995625
25, 13.371611720357423
30, 13.36911864459783
35, 12.46862729680644
40, 12.45525324244085
45, 12.449899597988733
50, 12.447221912271562
55, 12.447221912271562
60, 12.447221912271562
65, 12.447221912271562
70, 12.447221912271562
75, 12.447221912271562
80, 12.449899597988733
85, 12.449899597988733
90, 12.449899597988733
95, 12.441864811996632
100, 12.439185396694324
150, 12.439185396694324
200, 12.439185396694324
250, 12.439185396694324
300, 12.439185396694324
350, 12.318008497047456
400, 12.318008497047456
450, 11.177358065899712
500, 11.177358065899712
550, 11.048378463225573
600, 11.048378463225573
650, 10.957493630692499
700, 10.957493630692499
750, 10.957493630692499
800, 10.957493630692499
850, 10.957493630692499
900, 10.957493630692499
950, 10.79197232514366
1000, 10.414733153886694
1250, 10.414733153886694
1500, 8.951722366859538
1750, 8.843076387773658
2000, 8.858141264772575
2250, 8.955445270895245
2500, 9.197825830053535
2750, 9.03696114115064
3000, 8.816650913659524
3250, 8.816650913659524
3500, 8.520563361656317
3750, 8.334666560017064
4000, 8.338664961091393
4250, 8.414273587185052
4500, 8.414273587185052
4750, 7.694153624668538
5000, 7.814516406449389
5250, 7.814516406449389
5500, 7.788880963698615
5750, 7.576278769950324
6000, 7.576278769950324
6250, 7.2571803523590805
6500, 7.0992957397195395
6750, 7.5806771905065755
7000, 7.3530039213009175
7250, 7.3530039213009175
7500, 7.0379921379135775
7750, 6.889605697474034
8000, 6.870225614927067
8250, 6.282250127674532
8500, 6.48074069840786
8750, 6.26631204670392
9000, 5.440588203494177
9250, 5.650958620741558
9500, 5.531726674375733
9750, 5.938574464184706
10000, 5.938574464184706
11000, 6.060803027102377
12000, 5.960984258772483
13000, 5.692099788303083
14000, 5.440588203494177
15000, 6.005552985917839
16000, 5.278888771954441
17000, 5.157518783291051
18000, 5.5677643628300215
19000, 5.621387729022079
20000, 6.115553940568262
21000, 6.303438215238834
22000, 6.104643041707408
23000, 5.744562646538029
24000, 5.428320796219275
25000, 5.69795284875776
26000, 5.609515724790034
27000, 6.099180272790763
28000, 6.186005711819758
29000, 6.491019437140312
30000, 6.255664100104267
31000, 6.3508529610858835
32000, 6.044281043543006
33000, 6.223610956135781
34000, 6.099180272790763
35000, 5.440588203494177
36000, 5.446711546122731
37000, 5.202563470700445
38000, 5.615454864330523
39000, 5.9833101206606365
40000, 5.977736472389306
41000, 5.916079783099616
42000, 6.131883886702357
43000, 6.169819014093255
44000, 5.972157622389639
45000, 5.89915248150105
46000, 5.972157622389639
47000, 6.093712606722878
48000, 6.180614856144977
49000, 6.287553843374491
50000, 6.314005596027506
51000, 6.0882400303098
52000, 6.0332412515993425
53000, 6.2182527020592095
54000, 6.148170459575759
55000, 6.104643041707408
56000, 6.159004248523728
57000, 6.099180272790763
58000, 6.027713773341708
59000, 5.938574464184706
60000, 6.115553940568262
61000, 6.1752192943516855
62000, 6.164414002968976
63000, 6.638272867747052
64000, 6.713171133426189
65000, 6.356099432828281
66000, 6.4031242374328485
67000, 6.475595210738032
68000, 6.48074069840786
69000, 6.475595210738032
70000, 6.491019437140312
71000, 6.212889826803627
72000, 6.044281043543006
73000, 6.0
74000, 6.408327915038889
75000, 6.27162924074226
76000, 6.115553940568262
77000, 6.319282659711728
78000, 6.418722614352485
79000, 6.6733300033291725
80000, 6.454972243679028
81000, 6.366579406033772
82000, 6.413527370592047
83000, 6.186005711819758
84000, 6.186005711819758
85000, 6.244997998398398
86000, 6.23431364840322
87000, 6.121002096606949
88000, 6.164414002968976
89000, 6.377042156569663
90000, 6.180614856144977
91000, 6.260990336999411
92000, 6.29285308902091
93000, 6.5370737592085755
94000, 6.511528238439882
95000, 6.308724118235001
96000, 6.552353266829661
97000, 6.531972647421808
98000, 6.51664535375884
99000, 6.314005596027506
100000, 6.29285308902091
