1, 17.046993869888027
2, 16.844385810510673
3, 16.443843832875572
4, 15.824032355881986
5, 15.229357613942005
6, 15.35795125225584
7, 14.69467023561037
8, 14.69467023561037
9, 13.902038219867858
10, 13.849187701811251
15, 13.3566462856512
20, 12.396235987858034
25, 12.179217270963408
30, 11.43969696568343
35, 10.761040841851685
40, 10.878112581387146
45, 10.385887861259944
50, 9.726253132630262
55, 9.266426855410161
60, 9.906226997870245
65, 10.092901796146966
70, 9.886017061149214
75, 9.419837224354428
80, 8.812869377601524
85, 8.66410218468519
90, 8.477420991472977
95, 8.683317338436964
100, 8.230026326405849
150, 7.192588778272628
200, 6.082762530298219
250, 5.053051883103254
300, 4.187282332651255
350, 3.9749213828703582
400, 3.6514837167011076
450, 3.9072582032246945
500, 4.123105625617661
550, 4.0
600, 3.521363372331802
650, 3.8901585229053754
700, 3.855731664245668
750, 3.5870136139505613
800, 3.2761766334148303
850, 3.2041639575194445
900, 3.183289703016886
950, 2.9664793948382653
1000, 2.756809750418044
1250, 2.3664319132398464
1500, 2.04939015319192
1750, 1.8257418583505538
2000, 2.1291625896895083
2250, 1.9321835661585918
2500, 1.8618986725025255
2750, 2.0
3000, 1.9321835661585918
3250, 1.8257418583505538
3500, 1.632993161855452
3750, 1.7701224063135672
4000, 1.8439088914585775
4250, 1.570562531918633
4500, 1.505545305418162
4750, 1.6733200530681511
5000, 1.3662601021279464
5250, 1.2909944487358056
5500, 1.390443574307614
5750, 1.4375905768565218
6000, 1.505545305418162
6250, 1.570562531918633
6500, 1.7701224063135672
6750, 1.5491933384829668
7000, 1.4375905768565218
7250, 1.4142135623730951
7500, 1.4142135623730951
7750, 1.4605934866804429
8000, 1.3416407864998738
8250, 1.3662601021279464
8500, 1.4142135623730951
8750, 1.1832159566199232
9000, 1.0954451150103321
9250, 1.1547005383792515
9500, 1.2382783747337807
9750, 1.1547005383792515
10000, 1.1832159566199232
11000, 1.0954451150103321
12000, 1.0327955589886444
13000, 1.0327955589886444
14000, 1.0954451150103321
15000, 1.2649110640673518
16000, 1.2110601416389966
17000, 1.1832159566199232
18000, 1.0954451150103321
19000, 1.2909944487358056
20000, 1.1254628677422756
21000, 1.0954451150103321
22000, 1.0954451150103321
23000, 1.0645812948447542
24000, 1.0645812948447542
25000, 1.0327955589886444
26000, 0.8563488385776752
27000, 0.8563488385776752
28000, 0.816496580927726
29000, 0.7745966692414834
30000, 0.9309493362512627
31000, 0.7745966692414834
32000, 0.816496580927726
33000, 0.9309493362512627
34000, 0.8944271909999159
35000, 0.8944271909999159
36000, 1.1254628677422756
37000, 1.1547005383792515
38000, 1.0327955589886444
39000, 0.816496580927726
40000, 0.7302967433402214
41000, 0.7745966692414834
42000, 0.7302967433402214
43000, 0.8944271909999159
44000, 0.8563488385776752
45000, 0.7302967433402214
46000, 0.7302967433402214
47000, 0.8563488385776752
48000, 0.816496580927726
49000, 0.7745966692414834
50000, 0.5163977794943222
51000, 0.6831300510639732
52000, 0.6324555320336759
53000, 0.6324555320336759
54000, 0.7302967433402214
55000, 0.7302967433402214
56000, 0.7302967433402214
57000, 0.7745966692414834
58000, 0.5163977794943222
59000, 0.4472135954999579
60000, 0.8563488385776752
61000, 0.7302967433402214
62000, 0.5163977794943222
63000, 0.6324555320336759
64000, 0.6324555320336759
65000, 0.6324555320336759
66000, 0.7302967433402214
67000, 0.6831300510639732
68000, 0.5773502691896257
69000, 0.5163977794943222
70000, 0.6324555320336759
71000, 0.5163977794943222
72000, 0.5163977794943222
73000, 0.5773502691896257
74000, 0.6324555320336759
75000, 0.7745966692414834
76000, 0.816496580927726
77000, 0.7302967433402214
78000, 0.6831300510639732
79000, 0.7302967433402214
80000, 0.816496580927726
81000, 0.7302967433402214
82000, 0.8563488385776752
83000, 0.8563488385776752
84000, 0.8563488385776752
85000, 0.816496580927726
86000, 0.6831300510639732
87000, 0.6831300510639732
88000, 0.7745966692414834
89000, 0.7302967433402214
90000, 0.7302967433402214
91000, 0.7302967433402214
92000, 0.7302967433402214
93000, 0.7302967433402214
94000, 0.7302967433402214
95000, 0.7302967433402214
96000, 0.6324555320336759
97000, 0.6324555320336759
98000, 0.6324555320336759
99000, 0.6831300510639732
100000, 0.6831300510639732
