9.033271832508971
6.264982043070834
6.29285308902091
6.719374970932936
6.44980619863884
5.928743543112655
5.894913061275798
5.6524331044250316
5.2583267300539625
4.669047011971501
5.049752469181039
4.9899899799498595
5.319774431308154
5.054700782440045
5.103920062069938
4.979959839195493
5.172040216394301
5.319774431308154
4.58257569495584
4.505552130427524
4.207136793592526
4.33589667773576
4.301162633521313
4.177319714841085
4.398863489584555
4.560701700396552
4.358898943540674
4.207136793592526
4.364630568559039
4.341658669218482
3.968626966596886
3.968626966596886
3.905124837953327
3.721558813185679
3.3241540277189325
3.492849839314596
3.7549966711037173
3.478505426185217
3.024896692450835
3.2171415884290826
3.3015148038438356
3.4641016151377544
3.6606010435446255
3.492849839314596
3.653765181289022
3.492849839314596
3.6124783736376886
3.427827300200522
3.3466401061363023
3.1859064644147983
2.8809720581775866
2.8809720581775866
2.924038303442689
3.0166206257996713
3.0903074280724887
2.6551836094703507
2.6457513110645907
2.6362852652928135
2.355843797877949
2.7202941017470885
2.7202941017470885
2.9068883707497264
2.932575659723036
2.9154759474226504
2.9410882339705484
2.949576240750525
2.819574435974337
2.4899799195977463
2.711088342345192
2.6457513110645907
2.692582403567252
2.6362852652928135
2.598076211353316
2.569046515733026
3.082207001484488
2.80178514522438
2.7748873851023217
2.8635642126552705
2.6457513110645907
2.6362852652928135
2.29128784747792
2.280350850198276
2.3345235059857505
2.4289915602982237
2.5592967784139455
2.3769728648009427
2.4289915602982237
2.2693611435820435
2.23606797749979
2.792848008753788
2.5199206336708304
2.5
2.3979157616563596
2.355843797877949
2.4392621835300936
2.5298221281347035
2.3874672772626644
2.16794833886788
2.247220505424423
2.3021728866442674
2.3664319132398464
2.345207879911715
2.5
2.224859546128699
2.1908902300206643
2.258317958127243
2.32379000772445
2.6362852652928135
2.6832815729997477
2.701851217221259
2.4186773244895647
2.0615528128088303
2.1330729007701543
2.0124611797498106
2.3130067012440754
2.1447610589527217
2.3130067012440754
2.3979157616563596
2.202271554554524
2.1330729007701543
2.1095023109728985
2.1213203435596424
2.202271554554524
2.085665361461421
2.355843797877949
2.3130067012440754
2.32379000772445
2.1447610589527217
2.3769728648009427
2.5
2.3021728866442674
2.1563858652847827
2.1095023109728985
2.0124611797498106
1.9748417658131499
2.1447610589527217
2.16794833886788
2.16794833886788
2.258317958127243
2.085665361461421
2.1213203435596424
2.224859546128699
2.2693611435820435
2.04939015319192
1.9235384061671346
1.8303005217723127
2.179449471770337
2.32379000772445
2.258317958127243
2.04939015319192
2.0
1.6881943016134133
1.760681686165901
1.7320508075688772
1.9621416870348585
1.70293863659264
1.746424919657298
1.8841443681416772
1.91049731745428
1.91049731745428
1.8439088914585775
1.91049731745428
1.9874606914351791
1.760681686165901
1.760681686165901
1.6881943016134133
1.7175564037317668
1.6881943016134133
1.746424919657298
1.6881943016134133
1.5491933384829668
1.5968719422671311
1.396424004376894
1.396424004376894
1.5652475842498528
1.5491933384829668
1.61245154965971
1.6733200530681511
1.61245154965971
1.6733200530681511
1.746424919657298
1.7175564037317668
1.5329709716755893
1.5652475842498528
1.4832396974191326
1.466287829861518
1.4832396974191326
1.6278820596099706
1.6583123951777
1.5491933384829668
1.5329709716755893
1.6278820596099706
1.5
1.5
1.4142135623730951
1.378404875209022
1.3228756555322954
1.4142135623730951
1.378404875209022
1.396424004376894
1.3601470508735443
1.396424004376894
1.5329709716755893
1.6733200530681511
1.6431676725154984
1.6278820596099706
1.70293863659264
1.51657508881031
1.5329709716755893
1.4832396974191326
1.5968719422671311
1.6733200530681511
1.8303005217723127
1.760681686165901
1.7748239349298849
1.7320508075688772
1.6881943016134133
1.7175564037317668
1.7888543819998317
1.6583123951777
1.61245154965971
1.7320508075688772
1.6733200530681511
1.7175564037317668
1.6583123951777
1.5968719422671311
1.5968719422671311
1.61245154965971
1.6733200530681511
1.7888543819998317
1.6278820596099706
1.5491933384829668
1.61245154965971
1.51657508881031
1.6278820596099706
1.70293863659264
1.70293863659264
1.6431676725154984
1.6278820596099706
1.5652475842498528
1.51657508881031
1.5811388300841898
1.6431676725154984
1.5491933384829668
1.5652475842498528
1.6733200530681511
1.5329709716755893
1.378404875209022
1.3416407864998738
1.224744871391589
1.378404875209022
1.2449899597988732
1.161895003862225
1.224744871391589
1.224744871391589
1.1832159566199232
1.224744871391589
1.2041594578792296
1.1832159566199232
1.3601470508735443
1.1832159566199232
1.0488088481701516
1.2041594578792296
1.161895003862225
1.224744871391589
1.3416407864998738
1.2649110640673518
1.4142135623730951
1.396424004376894
1.4317821063276353
1.284523257866513
1.2449899597988732
1.2041594578792296
1.1832159566199232
1.224744871391589
1.140175425099138
1.1832159566199232
1.396424004376894
1.2449899597988732
1.449137674618944
1.3416407864998738
1.4142135623730951
1.3228756555322954
1.378404875209022
1.1832159566199232
1.224744871391589
1.1832159566199232
1.4142135623730951
1.0954451150103321
1.224744871391589
1.2041594578792296
1.2449899597988732
1.378404875209022
1.4142135623730951
1.2449899597988732
1.3416407864998738
1.3416407864998738
1.3228756555322954
1.3038404810405297
1.224744871391589
1.0488088481701516
1.1832159566199232
1.2649110640673518
1.3416407864998738
1.396424004376894
1.378404875209022
1.51657508881031
1.5491933384829668
1.5652475842498528
1.5329709716755893
1.6583123951777
1.51657508881031
1.5652475842498528
1.5652475842498528
1.5968719422671311
1.61245154965971
1.5652475842498528
1.6278820596099706
1.6431676725154984
1.6431676725154984
1.6583123951777
1.5968719422671311
1.5491933384829668
1.6583123951777
1.6583123951777
1.70293863659264
1.6881943016134133
1.5329709716755893
1.4142135623730951
1.4832396974191326
1.4317821063276353
1.3601470508735443
1.51657508881031
1.3601470508735443
1.5329709716755893
1.4317821063276353
1.378404875209022
1.378404875209022
1.5
1.6733200530681511
1.6278820596099706
1.6278820596099706
1.61245154965971
1.6431676725154984
1.51657508881031
1.51657508881031
1.4317821063276353
1.466287829861518
1.4832396974191326
1.5
1.5491933384829668
1.51657508881031
1.396424004376894
1.51657508881031
1.396424004376894
1.4317821063276353
1.449137674618944
1.4317821063276353
1.4317821063276353
1.4317821063276353
1.396424004376894
1.161895003862225
1.161895003862225
1.2649110640673518
1.2649110640673518
1.3038404810405297
1.3228756555322954
1.378404875209022
1.3228756555322954
1.2649110640673518
1.2449899597988732
1.5329709716755893
1.396424004376894
1.284523257866513
1.161895003862225
1.2449899597988732
1.0954451150103321
1.224744871391589
1.1832159566199232
1.0954451150103321
1.0954451150103321
1.0954451150103321
1.0954451150103321
1.0954451150103321
1.0488088481701516
1.224744871391589
1.2449899597988732
1.2041594578792296
1.284523257866513
1.2449899597988732
1.3228756555322954
1.140175425099138
1.3416407864998738
1.284523257866513
1.284523257866513
1.3416407864998738
1.3416407864998738
1.3601470508735443
1.3601470508735443
1.3416407864998738
