1, 28.0
2, 27.18381871628782
3, 26.30589287593181
4, 26.30361191927831
5, 26.30361191927831
6, 25.54525396233124
7, 25.54525396233124
8, 25.541339040856883
9, 25.541339040856883
10, 25.54212207315594
15, 25.44562830821829
20, 24.724077333643816
25, 23.86461816162161
30, 23.161174408911133
35, 23.161174408911133
40, 23.124878378058554
45, 22.216210297888342
50, 22.216210297888342
55, 22.216210297888342
60, 22.216210297888342
65, 22.216210297888342
70, 22.216210297888342
75, 22.209907699042784
80, 22.209907699042784
85, 22.210808179802914
90, 22.210808179802914
95, 22.210808179802914
100, 22.185580902919806
150, 21.314783601997934
200, 21.276277869965885
250, 21.276277869965885
300, 21.28473631502162
350, 21.285675934768904
400, 21.28473631502162
450, 21.29131278244721
500, 21.29131278244721
550, 21.29131278244721
600, 21.29131278244721
650, 21.140482492128697
700, 20.038962048968504
750, 19.35665260317496
800, 19.35665260317496
850, 19.3597520645281
900, 19.298704619740672
950, 19.298704619740672
1000, 19.298704619740672
1250, 17.3216627377397
1500, 17.132425397473646
1750, 17.08800749063506
2000, 17.123083834403193
2250, 16.933989488599547
2500, 16.384138671288156
2750, 15.031965939290842
3000, 14.78918523786892
3250, 14.38054240979804
3500, 13.932695360195027
3750, 13.878040207464453
4000, 14.022838514366482
4250, 14.229546725036606
4500, 14.229546725036606
4750, 14.261837188805655
5000, 14.069825869569247
5250, 13.916896205691843
5500, 13.955644019535608
5750, 13.860735911198944
6000, 14.406942770761603
6250, 14.463747785411636
6500, 14.221111067704943
6750, 13.96424004376894
7000, 13.549907748763458
7250, 13.582341477079716
7500, 13.721515951235126
7750, 13.734627770711516
8000, 13.918333233544885
8250, 13.718600511714014
8500, 13.64551208273255
8750, 13.624977064200879
9000, 13.754999091239519
9250, 13.754999091239519
9500, 14.261837188805655
9750, 14.24078649513432
10000, 14.27585373979434
11000, 14.578065715313539
12000, 14.0
13000, 14.103900169811185
14000, 14.38054240979804
15000, 14.359665734271115
16000, 14.35130656072819
17000, 14.146377628212814
18000, 14.069825869569247
19000, 14.018559127100046
20000, 14.009996431120173
21000, 13.869390758068647
22000, 14.057026712644463
23000, 13.911146609823362
24000, 13.977124167724918
25000, 13.969967788080258
26000, 13.954210834009926
27000, 14.17603611733548
28000, 14.178857499812882
29000, 14.122322755127783
30000, 14.6846859006245
31000, 14.4512975196001
32000, 14.635573101180562
33000, 14.604109010822947
34000, 14.089712559168836
35000, 13.831847309741384
36000, 13.654303350958628
37000, 13.461054936371072
38000, 13.340164916521834
39000, 13.481839637082173
40000, 13.404476864092832
41000, 13.367123849205559
42000, 13.234802605252561
43000, 13.335666462535722
44000, 13.698175060934211
45000, 13.620572675185137
46000, 13.255942063844426
47000, 13.243866504914644
48000, 13.140776232780162
49000, 12.807810117268291
50000, 12.880993750483695
51000, 13.004614565607087
52000, 12.95839496234005
53000, 12.90426286155083
54000, 12.89961239727768
55000, 12.76401190848708
56000, 12.512393855693642
57000, 12.338557452149745
58000, 12.036610818664862
59000, 12.198360545581526
60000, 12.60317420335052
61000, 12.401612798341997
62000, 12.4370414488334
63000, 12.505998560690786
64000, 12.929037087115189
65000, 12.738916751435344
66000, 12.723207142855138
67000, 12.762444906835054
68000, 12.92594290564522
69000, 12.718490476467716
70000, 12.271919165313957
71000, 12.380630032433729
72000, 12.362847568420474
73000, 12.0
74000, 12.063167080000177
75000, 11.55854662143991
76000, 11.668761716651858
77000, 11.697863052711808
78000, 11.823705003085962
79000, 12.031624994156026
80000, 11.921409312660982
81000, 11.981652640600128
82000, 12.097933707869291
83000, 11.887808881370864
84000, 12.026637102698325
85000, 12.160592090848208
86000, 12.19672087079146
87000, 12.704329970525798
88000, 12.94758664771161
89000, 12.611106216347556
90000, 12.809371569284732
91000, 12.978443666326097
92000, 12.631706139710502
93000, 12.51878588362306
94000, 12.6237870704476
95000, 12.513992168768526
96000, 12.53315602711464
97000, 12.609520212918492
98000, 12.47397290361014
99000, 12.521980673998822
100000, 12.726350615946426
