1, 56.95348979649974
2, 56.11327828598147
3, 55.38068255267355
4, 55.37996027445307
5, 54.481740060317456
6, 54.481740060317456
7, 53.64046979660041
8, 52.82215444299863
9, 52.82082922484273
10, 52.24710518296684
15, 50.48841451263844
20, 49.56470518423367
25, 49.556836057198005
30, 49.54694743372189
35, 49.54876385945466
40, 49.54795656734998
45, 48.80225404630405
50, 47.99249941397093
55, 47.99249941397093
60, 47.9891654438791
65, 47.18665065460781
70, 47.18707450139286
75, 47.18728642335772
80, 47.18665065460781
85, 45.40925015897091
90, 45.40044052649709
95, 45.396695915011264
100, 45.39559449990715
150, 43.369344011640294
200, 43.367960523870615
250, 42.50105881034024
300, 42.49541151700969
350, 41.70899183629353
400, 41.70491577739967
450, 40.98145922243375
500, 40.980971193957814
550, 40.980971193957814
600, 40.18581839405538
650, 40.18532070296317
700, 40.18532070296317
750, 39.30801444998208
800, 39.30877764571165
850, 39.30877764571165
900, 39.30496151887189
950, 39.30267166491357
1000, 39.30267166491357
1250, 37.34407583539858
1500, 36.31666284228219
1750, 34.025284715928535
2000, 33.7410728934336
2250, 33.54638579638647
2500, 33.544895289745654
2750, 33.302252176091635
3000, 31.906739100071007
3250, 30.454556309360346
3500, 29.665468140583926
3750, 28.417248283392958
4000, 27.56047895084554
4250, 27.402189693526317
4500, 27.532526219001408
4750, 27.323982140237174
5000, 27.570273847025895
5250, 27.595289453093258
5500, 27.59420228961149
5750, 26.23623448591661
6000, 26.273941462978105
6250, 26.02652493130806
6500, 26.28117196777952
6750, 26.106321073640384
7000, 25.902895591033833
7250, 25.627329162439068
7500, 25.627719367903183
7750, 25.791471458604295
8000, 25.791083730622876
8250, 25.62459755781542
8500, 25.74567924914781
8750, 25.812400120872137
9000, 25.67761671183679
9250, 25.737521248169955
9500, 25.739463863880303
9750, 24.503469142143935
10000, 24.115555146004827
11000, 24.064496670406385
12000, 23.59957626738243
13000, 23.307938561786198
14000, 22.62785893539201
15000, 22.735874735756262
16000, 22.753900764484317
17000, 22.644646166367888
18000, 22.983907413666632
19000, 22.926840166058646
20000, 22.79517492804124
21000, 22.90633100258529
22000, 22.734115333568624
23000, 22.884929538890873
24000, 22.755658636919303
25000, 22.738953362017345
26000, 22.573435715459887
27000, 22.437022975430587
28000, 22.07260745811423
29000, 21.853603821795616
30000, 22.016811758290526
31000, 21.805962487356524
32000, 21.756838005555863
33000, 21.81513236265139
34000, 21.590275588792284
35000, 21.61110825478416
36000, 21.574058496258882
37000, 22.103845819223405
38000, 21.783020910791965
39000, 21.616197630480713
40000, 21.74902296656105
41000, 21.74442457274968
42000, 21.984085152673515
43000, 21.658716490133944
44000, 21.850858106719745
45000, 21.658716490133944
46000, 21.6208232960727
47000, 21.00142852284101
48000, 21.060389360123427
49000, 21.1820678877205
50000, 20.921759008266967
51000, 20.99714266275295
52000, 21.032831478429145
53000, 21.23016721554496
54000, 21.039961977151954
55000, 21.259350883787587
56000, 20.83266665599966
57000, 20.488533378453422
58000, 20.68574388316746
59000, 20.427922067601493
60000, 20.196039215648202
61000, 20.40441128775834
62000, 20.80817147180405
63000, 20.9093280618962
64000, 21.19339519756096
65000, 21.54205189855414
66000, 21.792200439606827
67000, 21.622673285234647
68000, 21.444346574330496
69000, 21.19905658278217
70000, 20.88827422263505
71000, 20.995237555217138
72000, 20.779316639389275
73000, 20.73788803133048
74000, 20.605824419323774
75000, 20.755240302150202
76000, 20.929882942816473
77000, 21.204244858046703
78000, 20.930360723121808
79000, 20.81057423522955
80000, 20.831226560142827
81000, 20.921759008266967
82000, 21.2122606056026
83000, 20.984756372185977
84000, 20.82930627745437
85000, 20.775466300422718
86000, 20.627166552873906
87000, 20.80336511240429
88000, 20.48804529475665
89000, 20.538743875904387
90000, 20.80192298803166
91000, 20.728724032125083
92000, 20.717625346549735
93000, 20.5246193630966
94000, 20.56161472258441
95000, 20.58446015809013
96000, 20.6344372348751
97000, 20.554804791094465
98000, 20.622802913280243
99000, 20.784128560033494
100000, 20.89114645011135
