1, 51.15206089038186
2, 50.8592829940284
3, 50.023994242763145
4, 49.233006092345086
5, 48.44882752852631
6, 47.730493397826926
7, 47.7186197062181
8, 47.70790756724135
9, 46.917184721828974
10, 46.32949624399366
15, 44.085018871368185
20, 40.9286642288208
25, 39.241984319518465
30, 38.21169105566166
35, 35.97530016861877
40, 35.377645170047394
45, 34.68557176822791
50, 34.61663055687412
55, 33.56386946306002
60, 32.71526996509258
65, 32.65612074668732
70, 31.839528193042614
75, 31.82277311751584
80, 31.835689267096306
85, 31.789935514247272
90, 31.118411841794813
95, 31.11769771546589
100, 29.817220974910903
150, 27.750875862053636
200, 26.85764943797825
250, 25.77854404991355
300, 24.966199372573936
350, 24.404462251354317
400, 24.13020237517014
450, 22.309439955120144
500, 22.256584543805356
550, 22.24859546128699
600, 20.742334594843573
650, 20.064894716892987
700, 20.067663319657104
750, 19.347695814575268
800, 18.826694995257252
850, 18.821972974868142
900, 18.784745584294367
950, 18.751592524962305
1000, 18.76166303929372
1250, 18.52385848934647
1500, 17.379425895133718
1750, 16.58848328744306
2000, 15.953404373710056
2250, 15.255600064675702
2500, 14.871299726505265
2750, 14.859340496805368
3000, 13.92759052305092
3250, 13.933971277261755
3500, 13.660161053223348
3750, 13.274034804836093
4000, 12.16461169860254
4250, 11.949895397031725
4500, 10.778579580713675
4750, 10.56619346995144
5000, 10.128068807910903
5250, 10.511369505867867
5500, 10.250203250017371
5750, 10.278348332511623
6000, 10.029955134495866
6250, 9.944289260117532
6500, 9.964381008817803
6750, 9.964381008817803
7000, 9.954340203594052
7250, 10.009995004993758
7500, 10.008884941779367
7750, 10.025522984418872
8000, 9.903983485895404
8250, 9.744514126192005
8500, 9.750213672872336
8750, 9.813822451578748
9000, 9.37846232361977
9250, 9.411576795509761
9500, 9.408034391471531
9750, 9.030811456096044
10000, 9.016035098028894
11000, 9.025888691240695
12000, 8.964126034118193
13000, 8.402380615040002
14000, 8.416914187779536
15000, 8.41031113177945
16000, 8.286535263104035
17000, 8.31330927555995
18000, 8.406346808612328
19000, 8.23137628562536
20000, 8.110350040397625
21000, 8.461678320522472
22000, 8.405024952041751
23000, 8.108979933108452
24000, 8.19078072523547
25000, 8.119934318289364
26000, 8.128140418734574
27000, 8.078778785600374
28000, 8.171767114754175
29000, 8.073275529658194
30000, 8.065013604727797
31000, 8.201625855076948
32000, 8.088400473654987
33000, 8.102125921290316
34000, 7.997221739801614
35000, 7.941452428030194
36000, 8.009716321790401
37000, 7.82020175926143
38000, 7.912016177940993
39000, 8.082903768654761
40000, 7.92464510246358
41000, 7.84573486395988
42000, 8.0938934457473
43000, 8.034647195462632
44000, 7.815938132360625
45000, 7.725858456436339
46000, 7.444610280076602
47000, 7.374128950444098
48000, 7.61723192650862
49000, 7.472914053061526
50000, 7.327270220818179
51000, 7.241853660800143
52000, 7.349981103528242
53000, 7.396695959082752
54000, 7.495183638696105
55000, 7.304488726499313
56000, 7.395193634306602
57000, 7.401201103724839
58000, 7.5173872529696855
59000, 7.540999049639687
60000, 7.679699068178243
61000, 7.725858456436339
62000, 7.708581077099872
63000, 7.620148729957092
64000, 7.489251557324597
65000, 7.333333333333333
66000, 7.014271166700073
67000, 7.039570693980958
68000, 7.189498514422886
69000, 6.933012813104175
70000, 6.769211344183473
71000, 6.683312551921141
72000, 6.696599468718765
73000, 6.706547381311622
74000, 6.641619615057092
75000, 6.638272867747052
76000, 6.7379522111692065
77000, 6.721441644303533
78000, 6.79869268479038
79000, 6.644964676772598
80000, 6.726399069669034
81000, 6.6733300033291725
82000, 6.538773245460922
83000, 6.696599468718765
84000, 6.6332495807108
85000, 6.634924432291767
86000, 6.6733300033291725
87000, 6.268084945889685
88000, 6.439461675223067
89000, 6.392704174812617
90000, 6.432556084308771
91000, 6.3613415775814675
92000, 6.3122455944334455
93000, 6.280481227138924
94000, 6.280481227138924
95000, 6.237877131774167
96000, 6.243218543169682
97000, 6.298147875897061
98000, 6.3700688989820025
99000, 6.364833942147361
100000, 6.484168755086841
