1, 3.7416573867739413
2, 3.7416573867739413
3, 3.7416573867739413
4, 3.7416573867739413
5, 3.7416573867739413
6, 3.7416573867739413
7, 3.7416573867739413
8, 3.7416573867739413
9, 3.7416573867739413
10, 3.7416573867739413
15, 3.7416573867739413
20, 3.7416573867739413
25, 3.7416573867739413
30, 3.7416573867739413
35, 3.7416573867739413
40, 3.7416573867739413
45, 3.7416573867739413
50, 3.7416573867739413
55, 3.7416573867739413
60, 3.7416573867739413
65, 3.7416573867739413
70, 3.7416573867739413
75, 3.7416573867739413
80, 3.7416573867739413
85, 3.7416573867739413
90, 3.7416573867739413
95, 3.7416573867739413
100, 3.7416573867739413
150, 3.7416573867739413
200, 3.2015621187164243
250, 3.2015621187164243
300, 2.958039891549808
350, 2.958039891549808
400, 2.958039891549808
450, 3.2015621187164243
500, 3.2015621187164243
550, 3.2015621187164243
600, 3.2015621187164243
650, 3.2015621187164243
700, 3.2015621187164243
750, 3.2015621187164243
800, 3.2015621187164243
850, 3.2015621187164243
900, 3.2015621187164243
950, 3.2015621187164243
1000, 3.2015621187164243
1250, 3.2015621187164243
1500, 3.2015621187164243
1750, 3.2015621187164243
2000, 3.2015621187164243
2250, 3.2015621187164243
2500, 3.2015621187164243
2750, 3.2015621187164243
3000, 3.2015621187164243
3250, 3.2015621187164243
3500, 3.2015621187164243
3750, 3.2015621187164243
4000, 3.2015621187164243
4250, 3.2015621187164243
4500, 3.2015621187164243
4750, 3.2015621187164243
5000, 3.2015621187164243
5250, 2.958039891549808
5500, 2.958039891549808
5750, 2.958039891549808
6000, 2.958039891549808
6250, 2.958039891549808
6500, 2.958039891549808
6750, 3.2015621187164243
7000, 2.958039891549808
7250, 3.2015621187164243
7500, 2.958039891549808
7750, 3.2015621187164243
8000, 3.2015621187164243
8250, 3.2015621187164243
8500, 3.2015621187164243
8750, 3.2015621187164243
9000, 3.2015621187164243
9250, 3.2015621187164243
9500, 3.2015621187164243
9750, 3.2015621187164243
10000, 3.2015621187164243
11000, 2.958039891549808
12000, 3.2015621187164243
13000, 3.2015621187164243
14000, 3.2015621187164243
15000, 3.2015621187164243
16000, 3.2015621187164243
17000, 3.2015621187164243
18000, 3.2015621187164243
19000, 3.2015621187164243
20000, 3.2015621187164243
21000, 3.2015621187164243
22000, 3.2015621187164243
23000, 3.2015621187164243
24000, 3.2015621187164243
25000, 3.2015621187164243
26000, 2.958039891549808
27000, 2.958039891549808
28000, 2.958039891549808
29000, 2.958039891549808
30000, 2.958039891549808
31000, 2.958039891549808
32000, 3.2015621187164243
33000, 3.2015621187164243
34000, 3.2015621187164243
35000, 3.2015621187164243
36000, 3.2015621187164243
37000, 3.2015621187164243
38000, 3.2015621187164243
39000, 3.2015621187164243
40000, 3.2015621187164243
41000, 3.2015621187164243
42000, 3.2015621187164243
43000, 2.958039891549808
44000, 3.2015621187164243
45000, 2.958039891549808
46000, 3.2015621187164243
47000, 3.2015621187164243
48000, 3.2015621187164243
49000, 3.2015621187164243
50000, 3.2015621187164243
51000, 3.2015621187164243
52000, 3.2015621187164243
53000, 3.2015621187164243
54000, 3.2015621187164243
55000, 3.2015621187164243
56000, 2.958039891549808
57000, 2.958039891549808
58000, 2.958039891549808
59000, 2.958039891549808
60000, 2.958039891549808
61000, 2.958039891549808
62000, 3.2015621187164243
63000, 2.958039891549808
64000, 2.958039891549808
65000, 2.958039891549808
66000, 2.958039891549808
67000, 2.958039891549808
68000, 2.958039891549808
69000, 2.958039891549808
70000, 2.958039891549808
71000, 2.958039891549808
72000, 2.958039891549808
73000, 2.958039891549808
74000, 2.958039891549808
75000, 2.958039891549808
76000, 2.958039891549808
77000, 2.958039891549808
78000, 2.958039891549808
79000, 2.958039891549808
80000, 2.958039891549808
81000, 2.958039891549808
82000, 2.958039891549808
83000, 2.958039891549808
84000, 2.958039891549808
85000, 2.958039891549808
86000, 2.958039891549808
87000, 2.958039891549808
88000, 2.958039891549808
89000, 2.958039891549808
90000, 2.958039891549808
91000, 2.958039891549808
92000, 2.958039891549808
93000, 2.958039891549808
94000, 2.958039891549808
95000, 2.958039891549808
96000, 2.958039891549808
97000, 2.958039891549808
98000, 2.958039891549808
99000, 2.958039891549808
100000, 2.958039891549808
