1, 9.954511926373272
2, 13.891336536461521
3, 16.11353945743001
4, 18.22804263933839
5, 19.897429288923036
6, 21.712456545282233
7, 23.618441295537885
8, 25.87008964927525
9, 25.622105840315072
10, 25.37685195970169
15, 24.364539175423968
20, 24.897636588485817
25, 24.68696323661851
30, 24.856201826320312
35, 24.57828935650949
40, 26.237377917772193
45, 25.89059823416749
50, 25.962991412333885
55, 25.789085347815714
60, 25.2894018544102
65, 24.91153578936103
70, 24.55543179765387
75, 24.061459767724944
80, 24.08350856115829
85, 24.98676572785004
90, 25.325876095408823
95, 25.303085856198525
100, 24.779954678048824
150, 21.927853730604124
200, 21.340463552026808
250, 21.150013638839027
300, 19.838967094700656
350, 18.354626329411005
400, 17.0785515509051
450, 17.064132424023654
500, 16.22201732688774
550, 15.593391105011321
600, 14.452574963546223
650, 14.558106385737862
700, 14.617165883355723
750, 13.93501400733474
800, 14.061403803428622
850, 13.115463568451732
900, 12.399751858559354
950, 12.145907826221839
1000, 12.739399816800935
1250, 11.813291080551862
1500, 10.75174404457249
1750, 10.267199453375035
2000, 10.728108299803266
2250, 10.192757609808432
2500, 9.403763567357977
2750, 9.477909539068689
3000, 9.055385138137417
3250, 8.093682246523661
3500, 7.896445159300871
3750, 8.150507298982637
4000, 8.15145102703524
4250, 8.006727940157097
4500, 7.876938100947211
4750, 7.7786690576018405
5000, 7.679142580342598
5250, 7.518183086562665
5500, 7.443117626371358
5750, 7.055821382703462
6000, 6.666794870562154
6250, 6.334277932256914
6500, 6.175634504928343
6750, 6.178125182385897
7000, 6.100441345950686
7250, 6.133138235470045
7500, 5.9238760699653135
7750, 5.6377846167280445
8000, 5.559468707321979
8250, 5.871705295476185
8500, 5.95108264229162
8750, 6.091608351469446
9000, 5.817744738827396
9250, 5.733840168414453
9500, 5.674504383644443
9750, 5.609058607425889
10000, 5.614541559475442
11000, 5.375156527237853
12000, 4.922475924854202
13000, 4.795831523312719
14000, 4.406289211500377
15000, 4.266145801540309
16000, 4.0667507347342475
17000, 4.154700766786756
18000, 4.434133338267858
19000, 4.095025124371127
20000, 4.480727962834061
21000, 4.3536015152797525
22000, 4.362426988588947
23000, 4.187894642712677
24000, 3.9729857015367402
25000, 3.714835124201342
26000, 3.5496478698597698
27000, 3.4261438292140536
28000, 3.1574088695053053
29000, 2.9871519752227074
30000, 3.281650616569468
31000, 3.2344301602505596
32000, 3.2933499428627147
33000, 3.1840950894188977
34000, 3.1913344206797545
35000, 3.3166247903554
36000, 3.1403086570492498
37000, 2.932575659723036
38000, 3.1107753176536352
39000, 3.1840950894188977
40000, 3.2534005877873975
41000, 3.269909431820351
