1, 0.31622776601683794
2, 2.6076809620810595
3, 2.6076809620810595
4, 2.6832815729997477
5, 2.8460498941515415
6, 3.924283374069717
7, 3.924283374069717
8, 4.08656334834051
9, 5.477225575051661
10, 5.431390245600108
15, 6.519202405202649
20, 5.882176467941097
25, 6.2048368229954285
30, 6.2048368229954285
35, 5.630275304103699
40, 4.8166378315169185
45, 4.78539444560216
50, 4.795831523312719
55, 4.527692569068709
60, 4.460941604639093
65, 4.658325879540846
70, 3.9370039370059056
75, 3.924283374069717
80, 3.9749213828703582
85, 4.0
90, 3.9496835316262997
95, 4.03732584763727
100, 4.123105625617661
150, 3.5496478698597698
200, 3.082207001484488
250, 3.0166206257996713
300, 2.5495097567963922
350, 3.391164991562634
400, 3.3015148038438356
450, 2.932575659723036
500, 3.521363372331802
550, 3.1622776601683795
600, 2.5298221281347035
650, 2.32379000772445
700, 2.32379000772445
750, 2.345207879911715
800, 1.8973665961010275
850, 2.4083189157584592
900, 2.8284271247461903
950, 2.280350850198276
1000, 2.0248456731316584
1250, 1.70293863659264
1500, 1.449137674618944
1750, 1.4142135623730951
2000, 1.3038404810405297
2250, 1.140175425099138
2500, 1.0954451150103321
2750, 1.816590212458495
3000, 1.7320508075688772
3250, 1.6733200530681511
3500, 1.1832159566199232
3750, 1.224744871391589
4000, 1.0
4250, 1.0954451150103321
4500, 1.0488088481701516
4750, 0.4472135954999579
5000, 0.4472135954999579
5250, 0.5477225575051661
5500, 0.5477225575051661
5750, 0.5477225575051661
6000, 0.5477225575051661
6250, 0.5477225575051661
6500, 0.4472135954999579
6750, 0.5477225575051661
7000, 0.31622776601683794
7250, 0.4472135954999579
7500, 0.31622776601683794
7750, 0.4472135954999579
8000, 0.4472135954999579
8250, 0.4472135954999579
8500, 0.5477225575051661
8750, 0.7071067811865476
9000, 0.7071067811865476
9250, 0.7745966692414834
9500, 0.7745966692414834
9750, 0.7745966692414834
10000, 0.6324555320336759
11000, 0.7745966692414834
12000, 0.7071067811865476
13000, 0.7071067811865476
14000, 1.0954451150103321
15000, 1.1832159566199232
16000, 0.8944271909999159
17000, 0.7745966692414834
18000, 0.5477225575051661
19000, 0.4472135954999579
20000, 0.4472135954999579
21000, 0.4472135954999579
22000, 0.4472135954999579
23000, 0.4472135954999579
24000, 0.4472135954999579
25000, 0.6324555320336759
26000, 0.7071067811865476
27000, 0.5477225575051661
28000, 0.6324555320336759
29000, 0.31622776601683794
30000, 0.31622776601683794
31000, 0.31622776601683794
32000, 0.31622776601683794
33000, 0.6324555320336759
34000, 0.6324555320336759
35000, 0.6324555320336759
36000, 0.6324555320336759
37000, 0.31622776601683794
38000, 0.4472135954999579
39000, 0.31622776601683794
40000, 0.31622776601683794
41000, 0.4472135954999579
42000, 0.31622776601683794
43000, 0.31622776601683794
44000, 0.31622776601683794
45000, 0.31622776601683794
46000, 0.31622776601683794
47000, 0.31622776601683794
48000, 0.31622776601683794
49000, 0.31622776601683794
50000, 0.0
51000, 0.31622776601683794
52000, 0.31622776601683794
53000, 0.31622776601683794
54000, 0.31622776601683794
55000, 0.31622776601683794
56000, 0.31622776601683794
57000, 0.31622776601683794
58000, 0.31622776601683794
59000, 0.31622776601683794
60000, 0.31622776601683794
61000, 0.31622776601683794
62000, 0.31622776601683794
63000, 0.31622776601683794
64000, 0.31622776601683794
65000, 0.31622776601683794
66000, 0.0
67000, 0.0
68000, 0.31622776601683794
69000, 0.31622776601683794
70000, 0.4472135954999579
71000, 0.31622776601683794
72000, 0.31622776601683794
73000, 0.4472135954999579
74000, 0.0
75000, 0.31622776601683794
76000, 0.31622776601683794
77000, 0.0
78000, 0.0
79000, 0.0
80000, 0.31622776601683794
81000, 0.31622776601683794
82000, 0.31622776601683794
83000, 0.31622776601683794
84000, 0.31622776601683794
85000, 0.31622776601683794
86000, 0.31622776601683794
87000, 0.31622776601683794
88000, 0.31622776601683794
89000, 0.0
90000, 0.0
91000, 0.0
92000, 0.0
93000, 0.0
94000, 0.0
95000, 0.0
96000, 0.0
97000, 0.0
98000, 0.0
99000, 0.31622776601683794
100000, 0.31622776601683794
