1, 13.939870874581299
2, 13.95134402127623
3, 13.272528018429647
4, 13.275541420220872
5, 12.949131244990916
6, 12.345039489608771
7, 12.3547561691844
8, 11.879393923933998
9, 11.627553482998906
10, 11.433284742365162
15, 11.21427661510095
20, 10.92520022699813
25, 10.05186549850325
30, 9.064215354899728
35, 8.475848040166836
40, 8.419026071939674
45, 7.9548727205405365
50, 7.8587530817554
55, 7.244308110509933
60, 7.014271166700073
65, 6.529931086925803
70, 6.362389488234746
75, 5.71314274283428
80, 5.803447251418763
85, 5.520869496736904
90, 5.578530272392541
95, 5.106858133921482
100, 5.230678732248808
150, 4.4362146025637665
200, 4.069397989875161
250, 3.7094473981982814
300, 2.939387691339814
350, 2.842534080710379
400, 2.6381811916545836
450, 1.833030277982336
500, 1.833030277982336
550, 1.876166303929372
600, 1.5231546211727816
650, 1.7435595774162693
700, 1.3564659966250536
750, 1.1661903789690602
800, 1.019803902718557
850, 1.2328828005937953
900, 1.0583005244258363
950, 0.9797958971132712
1000, 0.848528137423857
1250, 0.7483314773547883
1500, 0.6928203230275509
1750, 0.565685424949238
2000, 0.6324555320336759
2250, 0.0
2500, 0.0
2750, 0.282842712474619
3000, 0.282842712474619
3250, 0.282842712474619
3500, 0.282842712474619
3750, 0.282842712474619
4000, 0.4
4250, 0.282842712474619
4500, 0.282842712474619
4750, 0.0
5000, 0.0
5250, 0.0
5500, 0.0
5750, 0.0
6000, 0.0
6250, 0.0
6500, 0.0
6750, 0.0
7000, 0.0
7250, 0.0
7500, 0.0
7750, 0.0
8000, 0.0
8250, 0.0
8500, 0.0
8750, 0.0
9000, 0.0
9250, 0.0
9500, 0.0
9750, 0.0
10000, 0.0
11000, 0.0
12000, 0.0
13000, 0.0
14000, 0.0
15000, 0.0
16000, 0.0
17000, 0.0
18000, 0.0
19000, 0.0
20000, 0.0
21000, 0.0
22000, 0.0
23000, 0.0
24000, 0.0
25000, 0.0
26000, 0.0
27000, 0.0
28000, 0.0
29000, 0.0
30000, 0.0
31000, 0.0
32000, 0.0
33000, 0.0
34000, 0.0
35000, 0.0
36000, 0.0
37000, 0.0
38000, 0.0
39000, 0.0
40000, 0.0
41000, 0.0
42000, 0.0
43000, 0.0
44000, 0.0
45000, 0.0
46000, 0.0
47000, 0.0
48000, 0.0
49000, 0.0
50000, 0.0
51000, 0.0
52000, 0.0
53000, 0.0
54000, 0.0
55000, 0.0
56000, 0.0
57000, 0.0
58000, 0.0
59000, 0.0
60000, 0.0
61000, 0.0
62000, 0.0
63000, 0.0
64000, 0.0
65000, 0.0
66000, 0.0
67000, 0.0
68000, 0.0
69000, 0.0
70000, 0.0
71000, 0.0
72000, 0.0
73000, 0.0
74000, 0.0
75000, 0.0
76000, 0.0
77000, 0.0
78000, 0.0
79000, 0.0
80000, 0.0
81000, 0.0
82000, 0.0
83000, 0.0
84000, 0.0
85000, 0.0
86000, 0.0
87000, 0.0
88000, 0.0
89000, 0.0
90000, 0.0
91000, 0.0
92000, 0.0
93000, 0.0
94000, 0.0
95000, 0.0
96000, 0.0
97000, 0.0
98000, 0.0
99000, 0.0
100000, 0.0
