1, 62.704211834757814
2, 62.704211834757814
3, 61.92282586927347
4, 61.92282586927347
5, 61.05377659378358
6, 61.05377659378358
7, 61.05407439311483
8, 60.297444541056784
9, 59.77214310118963
10, 58.89250608292428
15, 57.46682837634563
20, 56.76906968347528
25, 54.19275362495013
30, 53.19603539567758
35, 52.47042456989894
40, 51.667116322579
45, 51.65638216311532
50, 50.90150917569769
55, 50.89811570007461
60, 49.535478561972496
65, 49.535478561972496
70, 48.59760562751289
75, 47.69772245372652
80, 46.759539619788235
85, 45.57471388231138
90, 45.5605491227184
95, 44.74534003162178
100, 44.739854106317175
150, 42.8460245318258
200, 42.84093199902932
250, 42.82395251598
300, 42.822891074751126
350, 42.82013120441875
400, 42.135495725100945
450, 42.13355389278673
500, 41.332355804667564
550, 40.6345128722326
600, 38.9808810945711
650, 38.979248558455026
700, 38.973184254164956
750, 38.97085157816381
800, 38.28742969601476
850, 38.28576759058123
900, 38.28410541298735
950, 38.28339302906917
1000, 37.56739398612966
1250, 34.51587250158185
1500, 33.37445947808811
1750, 31.263106342489674
2000, 31.279095546096247
2250, 30.575391174186887
2500, 30.559926225517806
2750, 29.642414329347858
3000, 29.630451167061842
3250, 29.498536173234704
3500, 29.59760432565754
3750, 29.164112442271485
4000, 29.1198151842287
4250, 29.133236252525304
4500, 28.725345159727055
4750, 28.57366874334735
5000, 28.486041238728582
5250, 28.35136681008519
5500, 27.797972457128466
5750, 27.710516546479738
6000, 27.794701915031478
6250, 26.773799947642168
6500, 26.830444037934356
6750, 26.928524923312352
7000, 26.49528259898354
7250, 25.514701644346147
7500, 24.783792357836678
7750, 24.78709341572747
8000, 23.892182061008235
8250, 23.855245277982938
8500, 23.478810563027793
8750, 23.84037827643757
9000, 22.685998885976908
9250, 22.99762833622
9500, 22.963211685413057
9750, 22.96162807024719
10000, 21.812006701897843
11000, 21.688287580669392
12000, 21.83908089974151
13000, 20.56431153943426
14000, 20.343862152323172
15000, 20.35101069636681
16000, 20.608030208899372
17000, 20.754408075044072
18000, 20.703535051685343
19000, 21.121725136154783
20000, 21.592507117895405
21000, 22.235516225583382
22000, 21.84698855885884
23000, 22.00041321925981
24000, 21.286359268533708
25000, 21.291056594473908
26000, 20.83659368427662
27000, 20.40008912636502
28000, 19.87780854941693
29000, 19.795316250430186
30000, 19.732760024431915
31000, 19.313207915827967
32000, 19.200378784142394
33000, 19.46044940151925
34000, 19.19659060638349
35000, 19.3541163110543
36000, 19.17052662054673
37000, 19.08164277280892
38000, 18.82986023218538
39000, 19.06734476437756
40000, 18.931935501109805
41000, 19.34330986061166
42000, 19.697254077201173
43000, 19.702791680368545
44000, 19.39212586217781
45000, 20.32732151563506
46000, 19.987723504918986
47000, 20.022714374157438
48000, 20.096584965429507
49000, 20.37913371341115
50000, 20.165226595214932
51000, 20.247109782520926
52000, 19.864541273334254
53000, 19.626975870423387
54000, 19.42397768457607
55000, 18.930975098547307
56000, 18.54037363554075
57000, 18.4922588226435
58000, 18.392686293494734
59000, 18.641595717885604
60000, 18.304991867595223
61000, 18.348643744776542
62000, 18.317403547644865
63000, 18.179908990671294
64000, 17.77843433131071
65000, 17.616108330936
66000, 17.985347571640848
67000, 17.92154619952805
68000, 17.822865803639587
69000, 18.147877411572257
70000, 18.185408736376836
71000, 18.133845803810168
72000, 18.189407506968045
73000, 18.363996396110615
74000, 18.445004250966758
75000, 18.687866749213608
76000, 18.447468414638656
77000, 18.287601363666138
78000, 18.366471428319397
79000, 18.384281823933676
80000, 18.40108692441835
81000, 18.442046819946285
82000, 18.447468414638656
83000, 18.58298341836619
84000, 18.599608989047447
85000, 18.489800628257928
86000, 18.21587719046716
87000, 18.255260761066808
88000, 18.064530791782904
89000, 17.997979684599954
90000, 18.258746347485584
91000, 18.391697731708877
92000, 18.291080787193422
93000, 18.309957549228383
94000, 18.485375054596293
95000, 18.604984669315225
96000, 18.935776624253794
97000, 18.91944646509127
98000, 19.307558576418153
99000, 19.219781476385208
100000, 19.300965590541647
