1, 45.56369168537598
2, 44.95330911067616
3, 44.09478427206555
4, 43.50660869339278
5, 42.81267335731325
6, 42.712117718511685
7, 41.996428419569206
8, 41.22802444939607
9, 40.592794927178886
10, 39.75770365602118
15, 38.487335579382474
20, 35.560160292102175
25, 33.49888057831187
30, 32.34617442604303
35, 31.184130579511113
40, 30.629642505259508
45, 29.825743913605912
50, 28.57140178570173
55, 28.185545941137985
60, 26.78712377243962
65, 25.874214963936588
70, 24.943436010301387
75, 24.594206634896764
80, 24.44483585545217
85, 23.7344686058062
90, 23.25618197383225
95, 23.23521034981177
100, 23.088417009401056
150, 19.201562436426887
200, 15.64129150677782
250, 14.053469322555197
300, 12.855932482710074
350, 12.4949989995998
400, 12.550896382330626
450, 11.762227680163312
500, 11.895377253370318
550, 11.310393450273956
600, 10.959014554237985
650, 10.830512453249845
700, 10.353743284435827
750, 9.44192776926407
800, 9.077444574328174
850, 8.807667114508813
900, 8.504410620378112
950, 8.332166584988565
1000, 8.07619960129763
1250, 7.044501401802686
1500, 6.443989447539466
1750, 5.860887304837042
2000, 5.724945414586937
2250, 5.73149195236284
2500, 5.681109046656295
2750, 5.484067833278505
3000, 5.208166663999915
3250, 4.746050990033714
3500, 4.727578661429125
3750, 4.746050990033714
4000, 4.516635916254486
4250, 4.350287346831241
4500, 3.952847075210474
4750, 3.901922603025334
5000, 3.940177660969109
5250, 3.8987177379235853
5500, 3.840572873934304
5750, 3.8340579025361627
6000, 3.7980258029665888
6250, 3.4132096331752027
6500, 3.4460121880225554
6750, 3.3391615714128
7000, 3.3203915431767985
7250, 3.3090784215548594
7500, 3.278719262151
7750, 3.2519225083018197
8000, 3.1898275815473163
8250, 3.2596012026013246
8500, 3.244225639501667
8750, 3.2326459750489227
9000, 3.244225639501667
9250, 3.0659419433511785
9500, 3.0
9750, 2.9916550603303182
10000, 2.9748949561287032
11000, 3.037268509697488
12000, 2.9068883707497264
13000, 2.9111853256019273
14000, 2.8284271247461903
15000, 2.5199206336708304
16000, 2.339871791359518
17000, 2.3769728648009427
18000, 2.3130067012440754
19000, 1.7888543819998317
20000, 1.6583123951777
21000, 1.6431676725154984
22000, 1.6278820596099706
23000, 1.61245154965971
24000, 1.5329709716755893
25000, 1.5247950681976907
26000, 1.5329709716755893
27000, 1.449137674618944
28000, 1.449137674618944
29000, 1.466287829861518
30000, 1.4404860290887933
31000, 1.3874436925511608
32000, 1.378404875209022
33000, 1.378404875209022
34000, 1.378404875209022
35000, 1.466287829861518
36000, 1.4577379737113252
37000, 1.4404860290887933
38000, 1.5083103128998356
39000, 1.5491933384829668
40000, 1.5247950681976907
41000, 1.5247950681976907
42000, 1.4577379737113252
43000, 1.3693063937629153
44000, 1.3693063937629153
45000, 1.3693063937629153
46000, 1.3601470508735443
47000, 1.466287829861518
48000, 1.4747881203752624
49000, 1.4747881203752624
50000, 1.4747881203752624
51000, 1.4747881203752624
52000, 1.4142135623730951
53000, 1.449137674618944
54000, 1.378404875209022
55000, 1.3133925536563698
56000, 1.3133925536563698
57000, 1.08397416943394
58000, 1.08397416943394
59000, 1.08397416943394
60000, 1.08397416943394
61000, 1.08397416943394
62000, 1.0723805294763609
63000, 1.036822067666386
64000, 1.036822067666386
65000, 1.1067971810589328
66000, 1.0488088481701516
67000, 1.0606601717798212
68000, 1.0488088481701516
69000, 1.0488088481701516
70000, 1.118033988749895
71000, 1.1067971810589328
72000, 1.0124228365658292
73000, 1.0124228365658292
74000, 1.0124228365658292
75000, 1.2041594578792296
76000, 0.9874208829065749
77000, 0.8944271909999159
78000, 0.9082951062292475
79000, 0.9219544457292888
80000, 0.9219544457292888
81000, 1.02469507659596
82000, 1.0723805294763609
83000, 1.0606601717798212
84000, 1.036822067666386
85000, 1.0606601717798212
86000, 1.0606601717798212
87000, 1.0606601717798212
88000, 1.0723805294763609
89000, 1.0124228365658292
90000, 1.0124228365658292
91000, 1.0488088481701516
92000, 1.0488088481701516
93000, 1.0488088481701516
94000, 1.0606601717798212
95000, 1.0606601717798212
96000, 1.0606601717798212
97000, 1.118033988749895
98000, 1.118033988749895
99000, 1.118033988749895
100000, 1.118033988749895
