1, 28.396478654931848
2, 28.274370019507067
3, 27.52598772069769
4, 27.388318677859726
5, 26.730506916255816
6, 26.730506916255816
7, 26.292964838526675
8, 25.87663038341739
9, 25.224591176072607
10, 25.191268328530025
15, 22.427661492005804
20, 20.376457003120045
25, 18.436919482386422
30, 17.67031408888931
35, 17.273100474437125
40, 16.23822650414755
45, 15.597435686676192
50, 15.55892027102138
55, 15.488059917239474
60, 14.160508465447137
65, 13.512956745287095
70, 13.302631318652713
75, 13.162066707018317
80, 13.108775686539152
85, 12.15236602477065
90, 12.127654348636426
95, 11.98999582985749
100, 12.096280420029952
150, 10.200000000000001
200, 7.9548727205405365
250, 6.212889826803627
300, 6.102458520956943
350, 5.681549084536717
400, 5.642694391866354
450, 4.866210024238575
500, 4.91121166312347
550, 5.106858133921482
600, 4.947726750741193
650, 4.886716689148247
700, 4.638965401897281
750, 4.604345773288535
800, 4.573838650411709
850, 4.46318272088428
900, 4.46318272088428
950, 4.427188724235731
1000, 4.454211490264018
1250, 3.736308338453881
1500, 3.57211421989835
1750, 3.0528675044947495
2000, 2.553429066960741
2250, 2.4899799195977463
2500, 2.4819347291981715
2750, 2.4166091947189146
3000, 2.4083189157584592
3250, 2.3832750575625967
3500, 2.3748684174075834
3750, 2.3323807579381204
4000, 1.7888543819998317
4250, 1.9078784028338913
4500, 1.9183326093250879
4750, 1.9390719429665315
5000, 1.9078784028338913
5250, 1.9078784028338913
5500, 1.8547236990991407
5750, 1.8220867158288598
6000, 1.8110770276274832
6250, 1.8
6500, 1.8110770276274832
6750, 1.9078784028338913
7000, 1.8973665961010275
7250, 1.8973665961010275
7500, 1.8867962264113207
7750, 1.8867962264113207
8000, 1.7888543819998317
8250, 1.7776388834631178
8500, 1.7776388834631178
8750, 1.7776388834631178
9000, 1.7088007490635062
9250, 1.7088007490635062
9500, 1.7088007490635062
9750, 1.7088007490635062
10000, 1.7088007490635062
11000, 1.7088007490635062
12000, 1.5099668870541498
13000, 1.2489995996796797
14000, 1.3711309200802089
15000, 1.296148139681572
16000, 1.2806248474865698
17000, 1.1661903789690602
18000, 1.1489125293076057
19000, 1.2489995996796797
20000, 1.019803902718557
21000, 1.1489125293076057
22000, 1.1489125293076057
23000, 1.1489125293076057
24000, 1.0583005244258363
25000, 1.0583005244258363
26000, 1.0583005244258363
27000, 1.0583005244258363
28000, 1.0583005244258363
29000, 1.0583005244258363
30000, 1.0583005244258363
31000, 1.0583005244258363
32000, 1.0583005244258363
33000, 0.938083151964686
34000, 0.938083151964686
35000, 0.916515138991168
36000, 0.916515138991168
37000, 0.916515138991168
38000, 0.916515138991168
39000, 0.916515138991168
40000, 0.7211102550927979
41000, 0.6633249580710799
42000, 0.6633249580710799
43000, 0.6633249580710799
44000, 0.6633249580710799
45000, 0.6928203230275509
46000, 0.6928203230275509
47000, 0.6928203230275509
48000, 0.6928203230275509
49000, 0.6928203230275509
50000, 0.8
51000, 1.0392304845413265
52000, 1.019803902718557
53000, 1.019803902718557
54000, 1.019803902718557
55000, 1.019803902718557
56000, 1.019803902718557
57000, 1.019803902718557
58000, 1.019803902718557
59000, 1.019803902718557
60000, 0.7745966692414834
61000, 0.6633249580710799
62000, 0.6633249580710799
63000, 0.6633249580710799
64000, 0.7745966692414834
65000, 0.7745966692414834
66000, 0.7745966692414834
67000, 0.7745966692414834
68000, 0.7745966692414834
69000, 0.7745966692414834
70000, 0.7745966692414834
71000, 0.7745966692414834
72000, 0.7745966692414834
73000, 0.7745966692414834
74000, 0.6633249580710799
75000, 0.6633249580710799
76000, 0.6633249580710799
77000, 0.6324555320336759
78000, 0.6324555320336759
79000, 0.6324555320336759
80000, 0.6324555320336759
81000, 0.6324555320336759
82000, 0.6324555320336759
83000, 0.6324555320336759
84000, 0.6324555320336759
85000, 0.6324555320336759
86000, 0.6324555320336759
87000, 0.6324555320336759
88000, 0.6324555320336759
89000, 0.6324555320336759
90000, 0.6324555320336759
91000, 0.6324555320336759
92000, 0.8
93000, 0.8
94000, 0.8
95000, 0.8
96000, 0.8
97000, 0.8
98000, 0.8
99000, 0.8
100000, 0.8
