1, 28.0
2, 27.41459465321346
3, 26.722275352222535
4, 26.71104640406287
5, 26.028445977430156
6, 26.028445977430156
7, 25.19444383192453
8, 25.18412198191551
9, 24.39098194005317
10, 24.38688171948189
15, 22.461522655421202
20, 21.315721897228816
25, 19.505896544378576
30, 18.027756377319946
35, 18.029975041580062
40, 17.84152459853137
45, 17.832554500127006
50, 17.785387260332566
55, 17.796628894259722
60, 17.06692708134654
65, 16.40243884305014
70, 16.3707055437449
75, 16.3707055437449
80, 16.358484037342826
85, 16.3707055437449
90, 16.34013463836819
95, 16.33768649472746
100, 16.34625339336204
150, 14.77294825009551
200, 13.66747965061591
250, 13.009227494359532
300, 12.94758664771161
350, 11.72006825918689
400, 11.661903789690601
450, 11.660188677718727
500, 11.018166816671457
550, 10.514751542475933
600, 10.342146779078316
650, 10.318914671611545
700, 10.287856919689348
750, 10.282023147221562
800, 9.703607576566563
850, 9.695359714832659
900, 9.697422337920527
950, 9.252026804976301
1000, 8.48999411071645
1250, 7.62102355330306
1500, 7.445804187594514
1750, 7.116178749862878
2000, 6.78527818147495
2250, 6.381222453417527
2500, 6.305553108173778
2750, 6.526867548832288
3000, 6.424951361683604
3250, 6.324555320336759
3500, 6.334035048845246
3750, 6.318227599572526
4000, 6.109009739720506
4250, 6.105735008989499
4500, 6.29285308902091
4750, 6.334035048845246
5000, 6.212889826803627
5250, 6.254598308444756
5500, 6.125357132445422
5750, 6.144916598294887
6000, 6.141661013113635
6250, 6.356099432828281
6500, 6.076183012385325
6750, 5.488169093604897
7000, 5.149757275833493
7250, 5.223025942880239
7500, 5.067543783727971
7750, 4.551922670696417
8000, 5.067543783727971
8250, 5.083306010855534
8500, 5.091168824543142
8750, 5.0990195135927845
9000, 5.091168824543142
9250, 5.083306010855534
9500, 5.091168824543142
9750, 5.317894320123332
10000, 5.2
11000, 5.418486873657627
12000, 4.762352359916263
13000, 4.6475800154489
14000, 4.766550115125193
15000, 4.449719092257398
16000, 4.294182110716778
17000, 4.449719092257398
18000, 4.52990066116245
19000, 4.52990066116245
20000, 4.669047011971501
21000, 4.409081537009721
22000, 4.418144406874904
23000, 4.358898943540674
24000, 4.573838650411709
25000, 4.512205669071391
26000, 4.507771067833858
27000, 4.019950248448356
28000, 3.888444419044716
29000, 3.9597979746446663
30000, 3.9597979746446663
31000, 3.54400902933387
32000, 3.6386810797320503
33000, 3.8157568056677826
34000, 3.867815921162743
35000, 3.847076812334269
36000, 3.676955262170047
37000, 3.682390527904394
38000, 4.0
39000, 3.8314488121336034
40000, 3.9089640571384128
41000, 3.605551275463989
42000, 3.509985754956849
43000, 3.3105890714493698
44000, 3.4176014981270124
45000, 3.687817782917155
46000, 3.847076812334269
47000, 3.872983346207417
48000, 3.9140771581561853
49000, 3.6221540552549665
50000, 3.6441734316577197
51000, 4.009987531152684
52000, 4.166533331199932
53000, 4.180908992073374
54000, 4.298837052040936
55000, 4.237924020083418
56000, 4.308131845707603
57000, 4.308131845707603
58000, 4.354308211415448
59000, 4.3954521951671826
60000, 4.308131845707603
61000, 4.308131845707603
62000, 4.113392760240627
63000, 4.069397989875161
64000, 4.147288270665544
65000, 4.214261501141095
66000, 4.1952353926806065
67000, 4.219004621945797
68000, 4.312771730569565
69000, 4.317406628984581
70000, 4.37264222181509
71000, 4.37264222181509
72000, 4.24735211631906
73000, 4.354308211415448
74000, 4.142463035441596
75000, 4.123105625617661
76000, 4.089009660052175
77000, 4.1036569057366385
78000, 4.28485705712571
79000, 4.171330722922842
80000, 3.939543120718442
81000, 3.8366652186501757
82000, 3.8366652186501757
83000, 3.893584466786357
84000, 4.142463035441596
85000, 4.228474902373195
86000, 4.228474902373195
87000, 4.156921938165306
88000, 4.034848200366403
89000, 4.034848200366403
90000, 4.044749683231337
91000, 3.878143885933063
92000, 3.944616584663204
93000, 3.9496835316262997
94000, 4.029888335921977
95000, 4.298837052040936
96000, 4.409081537009721
97000, 4.386342439892261
98000, 4.386342439892261
99000, 4.418144406874904
100000, 4.6
