1, 13.564659966250536
2, 12.874781551544865
3, 11.996666203575058
4, 11.98999582985749
5, 11.97998330549755
6, 11.106754701531857
7, 11.103152705425607
8, 11.103152705425607
9, 11.103152705425607
10, 11.103152705425607
15, 11.103152705425607
20, 11.099549540409287
25, 11.099549540409287
30, 11.099549540409287
35, 11.099549540409287
40, 11.099549540409287
45, 11.099549540409287
50, 11.099549540409287
55, 11.174972035759195
60, 10.936178491593852
65, 10.859097568398582
70, 10.859097568398582
75, 10.859097568398582
80, 10.166612021711067
85, 10.166612021711067
90, 10.166612021711067
95, 10.166612021711067
100, 10.166612021711067
150, 10.055844071981229
200, 10.043903623591776
250, 10.043903623591776
300, 9.99599919967984
350, 8.717797887081348
400, 8.717797887081348
450, 8.717797887081348
500, 8.717797887081348
550, 7.989993742175272
600, 7.989993742175272
650, 8.064738061462382
700, 8.064738061462382
750, 8.246211251235321
800, 8.246211251235321
850, 7.797435475847171
900, 7.797435475847171
950, 7.797435475847171
1000, 7.797435475847171
1250, 7.5683551713698005
1500, 7.531268153505092
1750, 7.364781055808788
2000, 7.188880302244572
2250, 7.321202087089251
2500, 7.2
2750, 7.133021800050804
3000, 7.133021800050804
3250, 7.435052118176443
3500, 7.211102550927978
3750, 7.271863585079137
4000, 7.104927867332644
4250, 7.104927867332644
4500, 7.110555533852471
4750, 6.529931086925803
5000, 6.456004956627589
5250, 6.254598308444756
5500, 6.254598308444756
5750, 6.48074069840786
6000, 5.782732917920384
6250, 5.782732917920384
6500, 5.782732917920384
6750, 5.720139858430037
7000, 5.865151319446072
7250, 5.892367945062494
7500, 5.912698199637793
7750, 5.966573556070519
8000, 5.973273809227232
8250, 6.235382907247958
8500, 5.678027826631356
8750, 5.796550698475776
9000, 5.388877434122992
9250, 5.440588203494177
9500, 5.528109984434101
9750, 5.663920903402518
10000, 5.685068161420758
11000, 5.535341001239219
12000, 5.9262129560116215
13000, 5.754997827975263
14000, 5.796550698475776
15000, 5.979966555090421
16000, 6.216108107168021
17000, 5.932958789676531
18000, 6.4621977685614045
19000, 6.013318551349163
20000, 5.775811631277461
21000, 5.571355310873647
22000, 5.366563145999495
23000, 5.851495535331118
24000, 5.966573556070519
25000, 5.67097875150313
26000, 5.803447251418763
27000, 6.019966777316965
28000, 5.959865770300536
29000, 6.0332412515993425
30000, 5.939696961966999
31000, 5.73410847473258
32000, 5.71314274283428
33000, 5.578530272392541
34000, 5.663920903402518
35000, 5.817215828899595
36000, 6.105735008989499
37000, 5.499090833947008
38000, 5.939696961966999
39000, 5.656854249492381
40000, 5.592852581643825
41000, 5.803447251418763
42000, 5.67097875150313
43000, 5.71314274283428
44000, 5.9262129560116215
45000, 5.830951894845301
46000, 5.649778756730214
47000, 5.74108003776293
48000, 5.789645930452052
49000, 5.513619500836088
50000, 5.642694391866354
51000, 5.336665625650533
52000, 5.336665625650533
53000, 5.336665625650533
54000, 5.585696017507576
55000, 5.499090833947008
56000, 5.685068161420758
57000, 5.837807807730569
58000, 5.973273809227232
59000, 5.71314274283428
60000, 5.775811631277461
61000, 5.556977595779922
62000, 5.635601121442148
63000, 5.699122739510003
64000, 6.170899448216605
65000, 6.072890580275591
66000, 6.11228271597445
67000, 6.222539674441618
68000, 6.170899448216605
69000, 6.0332412515993425
70000, 6.138403701289122
71000, 6.125357132445422
72000, 6.6332495807108
73000, 6.6573267908372955
74000, 6.6513156593263565
75000, 6.788225099390856
76000, 6.6452990903344595
77000, 6.603029607687671
78000, 6.6332495807108
79000, 6.4621977685614045
80000, 6.3498031465550175
81000, 6.299206299209449
82000, 6.337191807101943
83000, 6.505382386916237
84000, 6.406246951218787
85000, 6.286493458200685
86000, 6.318227599572526
87000, 6.456004956627589
88000, 6.1773780845922
89000, 6.381222453417527
90000, 6.406246951218787
91000, 6.330876716537765
92000, 6.3498031465550175
93000, 6.254598308444756
94000, 5.986651818838307
95000, 6.125357132445422
96000, 6.235382907247958
97000, 6.170899448216605
98000, 6.273754856543249
99000, 6.0266076693277455
100000, 5.9262129560116215
