2.898275349237888
2.898275349237888
2.0
2.0
1.4832396974191326
0.7745966692414834
1.6733200530681511
1.7888543819998317
2.1908902300206643
2.23606797749979
1.6733200530681511
2.23606797749979
2.6076809620810595
2.9664793948382653
2.449489742783178
2.449489742783178
2.6457513110645907
2.23606797749979
2.792848008753788
2.7202941017470885
2.898275349237888
2.7202941017470885
2.756809750418044
2.5298221281347035
2.5298221281347035
2.932575659723036
2.932575659723036
3.1304951684997055
2.6832815729997477
2.792848008753788
2.6832815729997477
2.32379000772445
2.0976176963403033
2.32379000772445
2.6832815729997477
2.0976176963403033
2.5298221281347035
2.0
2.0976176963403033
2.3664319132398464
2.0
2.3664319132398464
2.280350850198276
2.3664319132398464
2.3664319132398464
2.3664319132398464
2.3664319132398464
2.3664319132398464
2.280350850198276
2.280350850198276
2.280350850198276
2.280350850198276
2.280350850198276
2.1908902300206643
2.1908902300206643
2.280350850198276
2.23606797749979
2.4899799195977463
2.32379000772445
2.6076809620810595
2.0976176963403033
2.1908902300206643
2.23606797749979
2.23606797749979
2.0
2.0
2.23606797749979
2.0
2.1908902300206643
2.1908902300206643
2.4083189157584592
2.4083189157584592
2.1908902300206643
2.4083189157584592
2.23606797749979
2.23606797749979
2.23606797749979
2.23606797749979
2.23606797749979
2.23606797749979
2.23606797749979
2.23606797749979
2.23606797749979
2.32379000772445
2.1908902300206643
2.23606797749979
2.1908902300206643
2.1908902300206643
2.1908902300206643
2.1908902300206643
2.1908902300206643
2.1908902300206643
2.1908902300206643
2.0976176963403033
2.1908902300206643
2.0976176963403033
2.0976176963403033
2.0976176963403033
2.0976176963403033
2.0976176963403033
2.0976176963403033
1.8973665961010275
2.0976176963403033
2.0976176963403033
2.0976176963403033
2.0976176963403033
2.0976176963403033
2.0976176963403033
2.0976176963403033
2.1908902300206643
2.280350850198276
2.1908902300206643
2.1908902300206643
2.1908902300206643
2.1908902300206643
2.0976176963403033
1.8973665961010275
1.8973665961010275
1.8973665961010275
1.8973665961010275
1.6733200530681511
1.8973665961010275
1.8973665961010275
1.8973665961010275
1.6733200530681511
1.6733200530681511
1.6733200530681511
1.6733200530681511
1.6733200530681511
1.6733200530681511
1.6733200530681511
1.6733200530681511
1.6733200530681511
1.6733200530681511
1.8973665961010275
1.6733200530681511
1.6733200530681511
1.6733200530681511
1.8973665961010275
1.8973665961010275
1.8973665961010275
1.8973665961010275
1.8973665961010275
1.8973665961010275
1.8973665961010275
1.8973665961010275
1.8973665961010275
1.8973665961010275
1.8973665961010275
1.8973665961010275
1.8973665961010275
1.6733200530681511
1.7888543819998317
1.7888543819998317
1.7888543819998317
1.7888543819998317
1.7888543819998317
1.7888543819998317
1.7888543819998317
1.7888543819998317
1.7888543819998317
1.7888543819998317
1.7888543819998317
1.7888543819998317
1.7888543819998317
1.7888543819998317
1.7888543819998317
1.7888543819998317
1.7888543819998317
1.7888543819998317
1.7888543819998317
1.7888543819998317
1.7888543819998317
1.7888543819998317
2.04939015319192
1.7888543819998317
1.7888543819998317
2.04939015319192
1.7888543819998317
1.7888543819998317
1.7888543819998317
1.7888543819998317
2.04939015319192
2.04939015319192
2.04939015319192
2.04939015319192
2.04939015319192
2.04939015319192
2.04939015319192
2.04939015319192
2.04939015319192
2.1447610589527217
2.1447610589527217
2.1447610589527217
2.1447610589527217
2.1447610589527217
2.1447610589527217
2.1447610589527217
2.1447610589527217
2.1908902300206643
2.1447610589527217
2.1447610589527217
2.1447610589527217
2.23606797749979
2.1447610589527217
2.449489742783178
2.5298221281347035
2.5298221281347035
2.5298221281347035
2.5298221281347035
2.5298221281347035
2.5298221281347035
2.5298221281347035
2.5298221281347035
2.5298221281347035
2.5298221281347035
2.5298221281347035
2.5298221281347035
2.5298221281347035
2.5298221281347035
2.5298221281347035
2.5298221281347035
2.5298221281347035
2.5298221281347035
2.5298221281347035
2.5298221281347035
2.5298221281347035
2.5298221281347035
2.8635642126552705
2.8635642126552705
2.8635642126552705
2.8635642126552705
2.8635642126552705
2.932575659723036
2.932575659723036
2.932575659723036
2.932575659723036
2.7202941017470885
2.932575659723036
2.932575659723036
2.6832815729997477
2.32379000772445
2.3664319132398464
2.3664319132398464
2.32379000772445
2.32379000772445
2.32379000772445
2.32379000772445
2.0976176963403033
2.0976176963403033
2.0976176963403033
2.0976176963403033
2.0976176963403033
2.0976176963403033
2.0976176963403033
2.0976176963403033
2.280350850198276
2.280350850198276
2.280350850198276
2.0976176963403033
2.0976176963403033
2.0976176963403033
2.0976176963403033
2.0976176963403033
2.0976176963403033
2.1908902300206643
2.1908902300206643
2.3664319132398464
2.3664319132398464
2.3664319132398464
2.3664319132398464
2.6457513110645907
2.6457513110645907
2.6457513110645907
2.6457513110645907
2.7202941017470885
2.7202941017470885
2.7202941017470885
2.6457513110645907
2.6457513110645907
2.8284271247461903
2.6457513110645907
2.6457513110645907
2.6457513110645907
2.32379000772445
2.0976176963403033
2.0976176963403033
2.0976176963403033
2.280350850198276
2.0976176963403033
2.0976176963403033
2.0976176963403033
2.32379000772445
2.6832815729997477
2.6832815729997477
2.6832815729997477
2.6832815729997477
2.32379000772445
2.6832815729997477
2.932575659723036
2.6832815729997477
2.6457513110645907
2.7202941017470885
2.6457513110645907
2.6457513110645907
2.6457513110645907
2.6457513110645907
2.32379000772445
2.5298221281347035
2.0
3.0659419433511785
3.0659419433511785
3.0659419433511785
3.0659419433511785
3.0659419433511785
3.0659419433511785
2.8284271247461903
3.0659419433511785
2.9664793948382653
2.9664793948382653
2.9664793948382653
3.1304951684997055
3.1304951684997055
3.1304951684997055
3.0659419433511785
3.0659419433511785
3.0659419433511785
3.0659419433511785
3.1304951684997055
3.1304951684997055
3.1304951684997055
3.1304951684997055
3.1304951684997055
3.1304951684997055
3.1304951684997055
3.1304951684997055
3.1304951684997055
3.1304951684997055
3.1304951684997055
3.1304951684997055
3.1304951684997055
3.1304951684997055
3.1304951684997055
3.1304951684997055
3.1304951684997055
3.1304951684997055
3.0659419433511785
3.0659419433511785
3.0659419433511785
3.0659419433511785
3.0659419433511785
3.0659419433511785
3.0659419433511785
3.0659419433511785
3.22490309931942
3.0659419433511785
2.932575659723036
2.932575659723036
3.0659419433511785
2.932575659723036
3.0659419433511785
2.932575659723036
3.0659419433511785
2.932575659723036
2.932575659723036
3.0659419433511785
3.0659419433511785
3.0659419433511785
3.1304951684997055
3.1304951684997055
3.0659419433511785
3.0659419433511785
3.22490309931942
3.22490309931942
3.22490309931942
3.0659419433511785
3.0659419433511785
3.22490309931942
3.22490309931942
3.255764119219941
2.9664793948382653
2.932575659723036
2.9664793948382653
2.9664793948382653
2.9664793948382653
2.9664793948382653
2.9664793948382653
2.9664793948382653
2.9664793948382653
2.9664793948382653
2.898275349237888
2.898275349237888
2.898275349237888
2.898275349237888
3.0
3.03315017762062
2.932575659723036
2.932575659723036
2.932575659723036
2.932575659723036
