16.81156064821382
14.714424409887249
12.02497401244593
10.7782850477907
9.711554237828553
9.19627253681776
8.134582261642485
7.468027086950648
8.392173224414009
7.6681158050723255
6.950847841399329
6.936446187658758
6.81594768591594
6.652604216180523
6.478535989822745
6.697547525560595
6.15049359227139
5.5805785670356025
5.521386989309324
5.403702434442518
5.737097324805089
5.737097324805089
5.416904756672129
5.187898005385776
5.536889276222061
4.825527358301296
4.795831523312719
4.801785382245114
4.5197977198732495
4.922252678253264
4.672105673951674
5.0849919230164815
4.99714204034952
4.852098220652293
4.795831523312719
4.84325746343748
4.705619740571601
4.61054691518727
4.61054691518727
4.7207747548166585
4.942526826287484
4.913538149119954
4.840306956027833
4.801785382245114
4.8667971280621805
4.585692033768887
4.516635916254486
4.678216998570533
4.352339272489812
4.20883424647321
4.205438655564278
4.316082880178673
4.178174584330202
4.0813163142720095
4.219004621945797
4.2560880764248425
4.09878030638384
4.326001122779063
4.391550328268399
4.063777271736939
3.8321944477954513
3.953298803350365
3.971325795175784
3.8987177379235853
3.7984959429452374
3.7301857479602427
3.672290060127915
3.589667712437223
3.760699023168052
3.5816995167896803
3.625307868699863
3.6994208040873486
3.5576878526850635
3.6174181795466067
3.561701038227982
3.476451392686842
3.5010202594590707
3.4599752269963684
3.480558247506528
3.5294677866702306
3.3932706514932924
3.5496478698597698
3.5091716564291513
3.5010202594590707
3.439269025326665
3.561701038227982
3.3806170189140663
3.537553634121427
3.5976182597459037
3.6527875852363962
3.60951124510943
3.4558439118191004
3.5737135547534544
3.5456210417116734
3.5091716564291513
3.3806170189140663
3.5976182597459037
3.7109875466550104
3.7682887362833544
3.8321944477954513
3.5936451848068853
3.492849839314596
3.63318042491699
3.589667712437223
3.589667712437223
3.6527875852363962
3.6645015252516173
3.5091716564291513
3.3166247903554
3.2337505867247796
3.1075943842694236
3.070597894314954
2.9856801091687157
2.990461025135948
3.0142518616920992
3.075246796135695
2.898275349237888
2.7097706808616007
2.8585710716070314
2.8385106758902383
3.148695875165735
3.268901082277389
3.2645279685036943
3.303677604471374
3.1892677171144745
3.075246796135695
3.22490309931942
3.148695875165735
3.1622776601683795
3.251373336211726
3.2071349029490928
3.04255531702266
2.888400447108597
2.937443008565686
3.1075943842694236
3.1712998686883673
3.102993945945017
3.1441555759399513
3.148695875165735
3.0612789110808856
2.9952343099378003
2.7723120830300267
2.7825989906663056
2.7979584393931636
2.792848008753788
2.8385106758902383
2.5634797778466227
2.6832815729997477
2.741219749360805
2.6886002731107927
2.7877282097486784
2.6457513110645907
2.4899799195977463
2.6076809620810595
2.5185029566901727
2.569046515733026
2.449489742783178
2.3844735867092943
2.461126339126632
2.4669240534954224
2.5071326821120348
2.495710605933995
2.613153540948451
2.5410908793553326
2.7097706808616007
2.437797600880176
2.596701204000403
2.5298221281347035
2.53546276418555
2.6021968740717085
2.7360033416855116
2.7825989906663056
2.613153540948451
2.7255405754769875
2.6779523094014523
2.6939084723024385
2.7516228977511745
2.792848008753788
2.7307769694983985
2.5801439605461662
2.6349301969610397
2.6240644591385873
2.5410908793553326
2.569046515733026
2.7516228977511745
2.7877282097486784
2.7516228977511745
2.6349301969610397
2.6076809620810595
2.613153540948451
2.6021968740717085
2.585674822114004
2.591193878173865
2.5801439605461662
2.4727081741050063
2.5634797778466227
2.5634797778466227
2.65114530506561
2.7202941017470885
2.7825989906663056
2.495710605933995
2.5071326821120348
2.3964259101539405
2.501428163498376
2.3724610489050035
2.3784749015162756
2.4553149347021512
2.437797600880176
2.4553149347021512
2.461126339126632
2.3724610489050035
2.2928460168844436
2.2296700588716196
2.2551528297909846
2.390457218668787
2.32992949004287
2.4899799195977463
2.6295029405356662
2.5467065566559266
2.6349301969610397
2.756809750418044
2.667261838343906
2.4083189157584592
2.3664319132398464
2.3664319132398464
2.3176342617912282
2.18435999126256
2.3176342617912282
2.2551528297909846
2.3724610489050035
2.23606797749979
2.32992949004287
2.3543273227945902
2.4260491103261463
2.4319304501333328
2.4201534780139164
2.3543273227945902
2.3964259101539405
2.3543273227945902
2.274077520980446
2.29906813420444
2.248809208701987
2.2677868380553634
2.3482516292522218
2.18435999126256
2.2866069685390684
2.32379000772445
2.274077520980446
2.0701966780270626
2.1447610589527217
2.3176342617912282
2.242447642325552
2.177810171446801
2.18435999126256
2.2551528297909846
2.138089935299395
2.0701966780270626
2.0632844828435215
2.104417123236605
1.9784553859730358
1.9566735620873066
2.014235055087379
1.927248223318863
2.0770858707058104
2.1514114968019085
2.1111946516469904
2.117950491799628
2.138089935299395
2.090796157311509
1.9639610121239315
2.18435999126256
1.992844341996778
1.992844341996778
1.7888543819998317
1.8283482006601322
1.6212869667555552
1.7237832147426693
1.8361450300639575
1.8361450300639575
1.8593393604027366
1.804755622554715
1.8593393604027366
1.867006771737662
