3.872983346207417
3.872983346207417
4.0743097574926725
4.123105625617661
4.123105625617661
3.82099463490856
3.872983346207417
4.024922359499621
4.0
4.0
4.123105625617661
4.0
3.687817782917155
3.5777087639996634
3.687817782917155
3.492849839314596
3.4351128074635335
3.5777087639996634
3.492849839314596
3.4351128074635335
3.1937438845342623
3.1304951684997055
3.1937438845342623
3.1304951684997055
3.3466401061363023
3.22490309931942
3.4351128074635335
3.4641016151377544
3.22490309931942
3.22490309931942
3.5496478698597698
3.687817782917155
3.255764119219941
3.255764119219941
3.1304951684997055
3.1304951684997055
3.1304951684997055
3.0659419433511785
3.0
3.1622776601683795
3.4351128074635335
3.492849839314596
3.3466401061363023
3.492849839314596
3.3466401061363023
3.492849839314596
3.3466401061363023
3.3466401061363023
3.492849839314596
3.3466401061363023
3.492849839314596
3.4351128074635335
3.4351128074635335
3.492849839314596
3.492849839314596
3.492849839314596
3.3466401061363023
3.4641016151377544
3.4641016151377544
3.0659419433511785
3.255764119219941
3.1304951684997055
3.0659419433511785
2.8284271247461903
2.8284271247461903
2.898275349237888
2.8284271247461903
2.898275349237888
2.8284271247461903
2.8284271247461903
2.4899799195977463
2.4899799195977463
2.4083189157584592
2.6457513110645907
2.3664319132398464
2.4083189157584592
2.4899799195977463
2.6457513110645907
2.4083189157584592
2.4083189157584592
2.4083189157584592
2.6832815729997477
2.6457513110645907
2.8284271247461903
2.8284271247461903
2.4899799195977463
2.4083189157584592
2.5298221281347035
2.8635642126552705
2.449489742783178
2.756809750418044
2.756809750418044
2.7202941017470885
2.7202941017470885
2.7202941017470885
2.7202941017470885
2.449489742783178
2.449489742783178
2.449489742783178
2.449489742783178
2.7202941017470885
2.7202941017470885
2.7202941017470885
2.7202941017470885
2.7202941017470885
2.7202941017470885
2.7202941017470885
2.7202941017470885
2.7202941017470885
2.7202941017470885
2.7202941017470885
2.898275349237888
2.7202941017470885
2.7202941017470885
2.7202941017470885
2.7202941017470885
2.7202941017470885
2.7202941017470885
2.7202941017470885
2.7202941017470885
2.7202941017470885
2.7202941017470885
2.7202941017470885
2.7202941017470885
2.7202941017470885
2.7202941017470885
2.7202941017470885
2.7202941017470885
2.7202941017470885
2.7202941017470885
2.7202941017470885
2.7202941017470885
2.7202941017470885
2.6457513110645907
2.6457513110645907
2.7202941017470885
2.7202941017470885
2.449489742783178
2.3664319132398464
2.7202941017470885
2.7202941017470885
2.449489742783178
2.7202941017470885
2.7202941017470885
2.7202941017470885
2.7202941017470885
2.7202941017470885
2.7202941017470885
2.449489742783178
2.449489742783178
2.449489742783178
2.449489742783178
2.3664319132398464
2.6457513110645907
2.3664319132398464
2.3664319132398464
2.3664319132398464
2.6457513110645907
2.6457513110645907
2.6457513110645907
2.6457513110645907
2.6457513110645907
2.6457513110645907
2.6832815729997477
2.6457513110645907
2.6832815729997477
2.4083189157584592
2.6832815729997477
2.4083189157584592
2.6832815729997477
2.4083189157584592
2.4083189157584592
2.4083189157584592
2.3664319132398464
2.3664319132398464
2.3664319132398464
2.3664319132398464
2.3664319132398464
2.3664319132398464
2.3664319132398464
2.3664319132398464
2.3664319132398464
2.3664319132398464
2.449489742783178
2.449489742783178
2.449489742783178
2.449489742783178
2.449489742783178
2.449489742783178
2.449489742783178
2.449489742783178
2.449489742783178
2.449489742783178
2.449489742783178
2.449489742783178
2.449489742783178
2.449489742783178
2.449489742783178
2.449489742783178
2.449489742783178
2.449489742783178
2.3664319132398464
2.3664319132398464
2.3664319132398464
2.3664319132398464
2.3664319132398464
2.3664319132398464
2.3664319132398464
2.3664319132398464
2.3664319132398464
2.3664319132398464
2.3664319132398464
2.3664319132398464
2.3664319132398464
2.3664319132398464
2.3664319132398464
2.3664319132398464
2.3664319132398464
2.3664319132398464
2.3664319132398464
2.3664319132398464
2.3664319132398464
2.3664319132398464
2.3664319132398464
2.1447610589527217
2.1447610589527217
2.1447610589527217
2.3664319132398464
2.3664319132398464
2.3664319132398464
2.3664319132398464
2.449489742783178
2.3664319132398464
2.3664319132398464
2.3664319132398464
2.3664319132398464
2.3664319132398464
2.3664319132398464
2.3664319132398464
2.1447610589527217
2.3664319132398464
2.3664319132398464
2.3664319132398464
2.3664319132398464
2.3664319132398464
2.1447610589527217
2.1447610589527217
2.1447610589527217
2.0
2.0
2.32379000772445
2.32379000772445
2.32379000772445
2.32379000772445
2.449489742783178
2.449489742783178
2.449489742783178
2.449489742783178
2.449489742783178
2.449489742783178
2.449489742783178
2.449489742783178
2.449489742783178
2.32379000772445
2.449489742783178
2.32379000772445
2.32379000772445
2.449489742783178
2.449489742783178
2.449489742783178
2.449489742783178
2.449489742783178
2.449489742783178
2.449489742783178
2.449489742783178
2.449489742783178
2.449489742783178
2.449489742783178
2.449489742783178
2.449489742783178
2.449489742783178
2.449489742783178
2.449489742783178
2.449489742783178
2.449489742783178
2.449489742783178
2.449489742783178
2.449489742783178
2.449489742783178
2.449489742783178
2.449489742783178
2.449489742783178
2.449489742783178
2.449489742783178
2.449489742783178
2.449489742783178
2.449489742783178
2.449489742783178
2.449489742783178
2.3664319132398464
2.3664319132398464
2.3664319132398464
2.3664319132398464
2.3664319132398464
2.3664319132398464
2.449489742783178
2.449489742783178
2.449489742783178
2.449489742783178
2.449489742783178
2.449489742783178
2.449489742783178
2.449489742783178
2.449489742783178
2.449489742783178
2.449489742783178
2.449489742783178
2.449489742783178
2.449489742783178
2.449489742783178
2.449489742783178
2.449489742783178
2.449489742783178
2.449489742783178
2.449489742783178
2.449489742783178
2.449489742783178
2.449489742783178
2.449489742783178
2.449489742783178
2.449489742783178
2.449489742783178
2.449489742783178
2.449489742783178
2.449489742783178
2.449489742783178
2.449489742783178
2.449489742783178
2.449489742783178
2.449489742783178
2.449489742783178
2.449489742783178
2.449489742783178
2.449489742783178
2.449489742783178
2.449489742783178
2.449489742783178
2.449489742783178
2.32379000772445
2.32379000772445
2.32379000772445
2.32379000772445
2.32379000772445
2.32379000772445
2.449489742783178
2.449489742783178
2.449489742783178
2.449489742783178
2.449489742783178
2.449489742783178
2.449489742783178
2.449489742783178
2.449489742783178
2.449489742783178
2.449489742783178
2.449489742783178
2.449489742783178
2.449489742783178
2.449489742783178
2.449489742783178
2.449489742783178
2.449489742783178
2.449489742783178
2.449489742783178
2.449489742783178
2.449489742783178
2.449489742783178
2.449489742783178
2.449489742783178
2.449489742783178
2.449489742783178
2.449489742783178
2.449489742783178
2.449489742783178
2.449489742783178
2.449489742783178
2.449489742783178
2.449489742783178
2.449489742783178
2.449489742783178
2.449489742783178
2.449489742783178
2.449489742783178
2.449489742783178
2.449489742783178
2.449489742783178
2.449489742783178
2.449489742783178
2.449489742783178
2.792848008753788
