1, 16.72323732614791
2, 15.84297951775486
3, 15.09746115521856
4, 15.093044755780724
5, 14.247806848775006
6, 14.238445608047718
7, 14.226735395022992
8, 13.258959235173778
9, 13.258959235173778
10, 13.251415018781957
15, 12.417729261020309
20, 11.738824472663351
25, 11.701851705321399
30, 11.707547423208101
35, 11.108555261599053
40, 11.084523745595327
45, 11.078507721409654
50, 11.075498483890767
55, 11.072488428533127
60, 11.072488428533127
65, 11.072488428533127
70, 11.072488428533127
75, 11.072488428533127
80, 11.015141094572204
85, 11.009087155618309
90, 10.152175464730043
95, 10.152175464730043
100, 10.152175464730043
150, 9.277212224944876
200, 8.559595005995709
250, 8.559595005995709
300, 8.559595005995709
350, 7.496665925596525
400, 6.870225614927067
450, 6.164414002968976
500, 6.164414002968976
550, 6.169819014093255
600, 6.164414002968976
650, 6.164414002968976
700, 6.164414002968976
750, 6.1752192943516855
800, 6.104643041707408
850, 6.016643582596529
900, 6.016643582596529
950, 6.005552985917839
1000, 5.385164807134504
1250, 4.823553323709262
1500, 4.919349550499537
1750, 4.905778905196061
2000, 4.88535225614967
2250, 4.88535225614967
2500, 4.74692883171144
2750, 4.560701700396552
3000, 4.560701700396552
3250, 4.704607670500627
3500, 4.704607670500627
3750, 4.611579628139003
4000, 4.611579628139003
4250, 4.464676173400859
4500, 4.479583313955291
4750, 4.479583313955291
5000, 4.501851470969102
5250, 4.8373546489791295
5500, 4.878524367060187
5750, 4.654746681256314
6000, 4.676180777800049
6250, 4.676180777800049
6500, 4.69041575982343
6750, 4.676180777800049
7000, 4.669047011971501
7250, 4.669047011971501
7500, 4.669047011971501
7750, 4.74692883171144
8000, 4.6833036772489285
8250, 4.6833036772489285
8500, 4.725815626252608
8750, 4.753945729601885
9000, 4.753945729601885
9250, 4.697517074654084
9500, 4.640402281411961
9750, 4.640402281411961
10000, 4.640402281411961
11000, 4.711687595755898
12000, 4.640402281411961
13000, 4.43471156521669
14000, 4.2972859651955515
15000, 4.328202090167848
16000, 4.374166587286466
17000, 4.47213595499958
18000, 4.396968652757639
19000, 4.412104562073146
20000, 4.381780460041329
21000, 4.449719092257398
22000, 4.419653078391259
23000, 4.281744192888376
24000, 4.234776656841932
25000, 4.312771730569565
26000, 4.203173404306164
27000, 4.10690475500305
28000, 4.139243087006769
29000, 4.08248290463863
30000, 3.9916579679793878
31000, 4.115013163202924
32000, 4.2972859651955515
33000, 3.6239941133138354
34000, 3.723797345005051
35000, 3.5870136139505613
36000, 3.5870136139505613
37000, 3.492849839314596
38000, 3.5023801430836525
39000, 3.678767909685705
40000, 3.5777087639996634
41000, 3.759432581299116
42000, 3.6147844564602556
43000, 3.872983346207417
44000, 3.7327380477785117
45000, 3.4641016151377544
46000, 3.5683796509527026
47000, 3.5683796509527026
48000, 3.483293460696835
49000, 3.521363372331802
50000, 3.5023801430836525
51000, 3.483293460696835
52000, 3.3960761671866746
53000, 3.415650255319866
54000, 3.4737107920301407
55000, 3.687817782917155
56000, 3.8384024454626084
57000, 3.750555514409388
58000, 3.8297084310253524
59000, 3.559026084010437
60000, 3.5023801430836525
61000, 3.32665998663324
62000, 3.32665998663324
63000, 3.3065591380365986
64000, 3.245509718570156
65000, 3.5777087639996634
66000, 3.5777087639996634
67000, 3.5402448126271344
68000, 3.5402448126271344
69000, 3.3065591380365986
70000, 3.3466401061363023
71000, 3.245509718570156
72000, 3.2145502536643185
73000, 3.4544657088084305
74000, 3.3960761671866746
75000, 3.245509718570156
76000, 3.245509718570156
77000, 3.245509718570156
78000, 3.3166247903554
79000, 3.3166247903554
80000, 3.3166247903554
81000, 3.3166247903554
82000, 3.151719107619417
83000, 3.151719107619417
84000, 3.1937438845342623
85000, 3.1937438845342623
86000, 3.119829055146024
87000, 3.0441200151549
88000, 3.022140521771503
89000, 3.1091263510296048
90000, 2.943920288775949
91000, 2.943920288775949
92000, 2.943920288775949
93000, 2.943920288775949
94000, 2.9552213679068666
95000, 3.235222815613581
96000, 3.0550504633038935
97000, 3.0767948691238205
98000, 3.1622776601683795
99000, 3.119829055146024
100000, 3.141125063837266
