1, 3.968626966596886
2, 3.0
3, 3.0
4, 3.0
5, 3.0
6, 2.958039891549808
7, 2.692582403567252
8, 2.0
9, 2.0
10, 2.0
15, 1.8708286933869707
20, 1.8708286933869707
25, 1.118033988749895
30, 1.0
35, 1.0
40, 1.0
45, 1.0
50, 1.0
55, 1.0
60, 1.0
65, 1.0
70, 1.0
75, 1.0
80, 1.0
85, 1.0
90, 1.0
95, 1.0
100, 1.0
150, 1.0
200, 1.0
250, 1.0
300, 1.0
350, 1.0
400, 1.0
450, 1.0
500, 1.0
550, 1.0
600, 1.0
650, 1.0
700, 1.0
750, 1.0
800, 1.0
850, 1.0
900, 1.0
950, 1.0
1000, 1.0
1250, 1.0
1500, 1.0
1750, 1.0
2000, 1.0
2250, 0.8660254037844386
2500, 0.8660254037844386
2750, 0.8660254037844386
3000, 0.8660254037844386
3250, 0.8660254037844386
3500, 0.8660254037844386
3750, 0.8660254037844386
4000, 0.8660254037844386
4250, 0.8660254037844386
4500, 0.8660254037844386
4750, 0.8660254037844386
5000, 0.8660254037844386
5250, 0.8660254037844386
5500, 0.8660254037844386
5750, 0.5
6000, 0.8660254037844386
6250, 0.8660254037844386
6500, 0.8660254037844386
6750, 0.8660254037844386
7000, 0.8660254037844386
7250, 0.8660254037844386
7500, 0.8660254037844386
7750, 0.8660254037844386
8000, 0.8660254037844386
8250, 0.8660254037844386
8500, 0.8660254037844386
8750, 0.8660254037844386
9000, 0.8660254037844386
9250, 0.8660254037844386
9500, 0.8660254037844386
9750, 0.8660254037844386
10000, 0.8660254037844386
11000, 0.8660254037844386
12000, 0.8660254037844386
13000, 0.8660254037844386
14000, 0.8660254037844386
15000, 0.8660254037844386
16000, 0.5
17000, 0.8660254037844386
18000, 0.5
19000, 0.8660254037844386
20000, 0.8660254037844386
21000, 0.8660254037844386
22000, 0.8660254037844386
23000, 0.5
24000, 0.5
25000, 0.5
26000, 0.5
27000, 0.5
28000, 0.5
29000, 0.5
30000, 0.5
31000, 0.5
32000, 0.8660254037844386
33000, 0.8660254037844386
34000, 0.8660254037844386
35000, 0.5
36000, 0.8660254037844386
37000, 0.5
38000, 0.8660254037844386
39000, 0.0
40000, 0.0
41000, 0.5
42000, 0.5
43000, 0.0
44000, 0.0
45000, 0.0
46000, 0.0
47000, 0.0
48000, 0.0
49000, 0.0
50000, 0.0
51000, 0.0
52000, 0.0
53000, 0.0
54000, 0.0
55000, 0.0
56000, 0.0
57000, 0.0
58000, 0.0
59000, 0.0
60000, 0.0
61000, 0.0
62000, 0.0
63000, 0.0
64000, 0.0
65000, 0.0
66000, 0.0
67000, 0.0
68000, 0.0
69000, 0.0
70000, 0.0
71000, 0.0
72000, 0.0
73000, 0.0
74000, 0.0
75000, 0.0
76000, 0.0
77000, 0.0
78000, 0.0
79000, 0.0
80000, 0.0
81000, 0.0
82000, 0.0
83000, 0.0
84000, 0.0
85000, 0.0
86000, 0.0
87000, 0.0
88000, 0.0
89000, 0.0
90000, 0.0
91000, 0.0
92000, 0.0
93000, 0.0
94000, 0.0
95000, 0.0
96000, 0.0
97000, 0.0
98000, 0.0
99000, 0.0
100000, 0.0
