1, 13.564659966250536
2, 12.727922061357855
3, 12.724778976469493
4, 12.724778976469493
5, 12.724778976469493
6, 12.724778976469493
7, 12.046576277100478
8, 11.178550889985695
9, 11.178550889985695
10, 11.178550889985695
15, 11.174972035759195
20, 11.174972035759195
25, 11.174972035759195
30, 11.174972035759195
35, 11.174972035759195
40, 11.174972035759195
45, 11.174972035759195
50, 11.174972035759195
55, 11.174972035759195
60, 11.174972035759195
65, 11.174972035759195
70, 11.174972035759195
75, 10.318914671611545
80, 10.318914671611545
85, 10.318914671611545
90, 10.318914671611545
95, 10.318914671611545
100, 10.059821071967434
150, 10.059821071967434
200, 9.744742172063866
250, 8.930845424706442
300, 8.930845424706442
350, 8.97997772825746
400, 8.565045242145542
450, 8.565045242145542
500, 8.565045242145542
550, 8.565045242145542
600, 7.974960814950754
650, 7.974960814950754
700, 7.797435475847171
750, 7.797435475847171
800, 7.797435475847171
850, 7.797435475847171
900, 7.792303895511263
950, 7.792303895511263
1000, 7.792303895511263
1250, 6.905070600652827
1500, 6.393746945258313
1750, 5.754997827975263
2000, 5.761944116355173
2250, 5.761944116355173
2500, 5.761944116355173
2750, 6.013318551349163
3000, 5.885575587824865
3250, 5.871967302361279
3500, 5.871967302361279
3750, 5.678027826631356
4000, 5.6
4250, 5.6
4500, 5.513619500836088
4750, 5.513619500836088
5000, 5.817215828899595
5250, 5.649778756730214
5500, 5.027922035990614
5750, 5.2
6000, 5.2
6250, 5.238320341483518
6500, 5.528109984434101
6750, 5.782732917920384
7000, 6.248199740725323
7250, 6.086049621881176
7500, 6.235382907247958
7750, 6.157921727336261
8000, 6.387487769068525
8250, 6.157921727336261
8500, 5.67097875150313
8750, 5.865151319446072
9000, 5.865151319446072
9250, 5.578530272392541
9500, 5.628498911788116
9750, 5.628498911788116
10000, 5.499090833947008
11000, 5.359104402789705
12000, 5.455272678794342
13000, 5.5641710972974225
14000, 5.011985634456667
15000, 5.4258639865002145
16000, 5.359104402789705
17000, 5.520869496736904
18000, 5.656854249492381
19000, 5.871967302361279
20000, 5.635601121442148
21000, 5.81033561853358
22000, 5.491812087098392
23000, 5.871967302361279
24000, 5.837807807730569
25000, 5.844655678480983
26000, 6.099180272790763
27000, 6.157921727336261
28000, 6.305553108173778
29000, 6.318227599572526
30000, 5.727128425310541
31000, 5.830951894845301
32000, 6.0
33000, 6.0332412515993425
34000, 5.789645930452052
35000, 5.912698199637793
36000, 5.858327406350724
37000, 5.649778756730214
38000, 5.418486873657627
39000, 5.388877434122992
40000, 5.628498911788116
41000, 5.542562584220407
42000, 5.230678732248808
43000, 5.207686626516615
44000, 5.138093031466052
45000, 5.138093031466052
46000, 5.261178575186362
47000, 5.4258639865002145
48000, 5.344155686354955
49000, 5.2
50000, 5.075431016179809
51000, 5.299056519796708
52000, 5.0039984012787215
53000, 5.035871324805669
54000, 4.715930449020639
55000, 4.578209256903839
56000, 4.741307836451879
57000, 4.127953488110059
58000, 4.69041575982343
59000, 4.049691346263317
60000, 4.454211490264018
61000, 4.638965401897281
62000, 4.551922670696417
63000, 4.586937976471886
64000, 4.621688003316537
65000, 4.824935232725927
66000, 4.551922670696417
67000, 4.774934554525329
68000, 4.8
69000, 5.075431016179809
70000, 4.857983120596447
71000, 4.890807704254994
72000, 5.366563145999495
73000, 5.130302135352264
74000, 4.931531202375181
75000, 4.638965401897281
76000, 4.560701700396552
77000, 4.673328578219169
78000, 4.715930449020639
79000, 5.169139193328034
80000, 4.766550115125193
81000, 4.971921157862421
82000, 4.534313619501853
83000, 4.732863826479693
84000, 4.8
85000, 4.621688003316537
86000, 4.569463863518345
87000, 4.507771067833858
88000, 4.507771067833858
89000, 4.638965401897281
90000, 4.2047592083257275
91000, 4.079215610874228
92000, 4.049691346263317
93000, 4.18568990729127
94000, 4.280186911806539
95000, 4.37264222181509
96000, 4.621688003316537
97000, 4.560701700396552
98000, 4.1952353926806065
99000, 4.69041575982343
100000, 4.280186911806539
