1, 10.765686229869418
2, 10.03493896344168
3, 9.055385138137417
4, 8.306623862918075
5, 8.300602387778854
6, 8.276472678623424
7, 8.264381404557755
8, 8.264381404557755
9, 7.745966692414834
10, 7.694153624668538
15, 7.694153624668538
20, 7.713624310270756
25, 7.700649323271382
30, 7.700649323271382
35, 7.694153624668538
40, 7.694153624668538
45, 7.694153624668538
50, 7.674633541739957
55, 7.674633541739957
60, 6.862943974709396
65, 6.862943974709396
70, 6.862943974709396
75, 6.862943974709396
80, 6.848357467305573
85, 6.041522986797286
90, 6.041522986797286
95, 6.041522986797286
100, 6.041522986797286
150, 5.366563145999495
200, 5.366563145999495
250, 4.110960958218893
300, 4.08656334834051
350, 4.0743097574926725
400, 4.0743097574926725
450, 4.0743097574926725
500, 3.847076812334269
550, 3.847076812334269
600, 3.847076812334269
650, 3.847076812334269
700, 3.847076812334269
750, 3.646916505762094
800, 3.646916505762094
850, 3.6606010435446255
900, 3.6606010435446255
950, 3.646916505762094
1000, 3.646916505762094
1250, 2.6457513110645907
1500, 2.6076809620810595
1750, 2.6076809620810595
2000, 2.5099800796022267
2250, 2.5099800796022267
2500, 2.5099800796022267
2750, 2.5099800796022267
3000, 2.258317958127243
3250, 2.258317958127243
3500, 2.3664319132398464
3750, 2.4289915602982237
4000, 2.4083189157584592
4250, 2.949576240750525
4500, 2.756809750418044
4750, 2.792848008753788
5000, 2.792848008753788
5250, 2.792848008753788
5500, 2.792848008753788
5750, 2.6645825188948455
6000, 2.701851217221259
6250, 2.6832815729997477
6500, 2.6832815729997477
6750, 2.756809750418044
7000, 2.756809750418044
7250, 2.756809750418044
7500, 2.756809750418044
7750, 2.6076809620810595
8000, 2.6076809620810595
8250, 2.5495097567963922
8500, 2.8635642126552705
8750, 2.8635642126552705
9000, 2.8460498941515415
9250, 2.8460498941515415
9500, 2.701851217221259
9750, 2.701851217221259
10000, 2.7386127875258306
11000, 2.7386127875258306
12000, 2.8284271247461903
13000, 2.701851217221259
14000, 2.6267851073127395
15000, 2.6645825188948455
16000, 2.5495097567963922
17000, 2.588435821108957
18000, 2.8284271247461903
19000, 2.9664793948382653
20000, 3.0166206257996713
21000, 2.8809720581775866
22000, 3.0
23000, 2.9832867780352594
24000, 2.9832867780352594
25000, 2.932575659723036
26000, 2.932575659723036
27000, 2.8635642126552705
28000, 2.756809750418044
29000, 2.7202941017470885
30000, 3.0
31000, 3.0
32000, 2.8460498941515415
33000, 2.8460498941515415
34000, 2.8460498941515415
35000, 2.8809720581775866
36000, 2.756809750418044
37000, 2.4083189157584592
38000, 2.7386127875258306
39000, 2.7202941017470885
40000, 2.1908902300206643
41000, 2.0248456731316584
42000, 2.16794833886788
43000, 1.6431676725154984
44000, 1.8708286933869707
45000, 1.9748417658131499
46000, 1.9748417658131499
47000, 2.0976176963403033
48000, 1.760681686165901
49000, 1.8973665961010275
50000, 1.8973665961010275
51000, 2.073644135332772
52000, 2.3874672772626644
53000, 2.3874672772626644
54000, 2.0
55000, 2.0
56000, 1.4142135623730951
57000, 1.6431676725154984
58000, 1.9493588689617927
59000, 1.9493588689617927
60000, 1.449137674618944
61000, 1.5811388300841898
62000, 1.5811388300841898
63000, 1.6431676725154984
64000, 1.8973665961010275
65000, 1.9748417658131499
66000, 1.9748417658131499
67000, 2.04939015319192
68000, 2.04939015319192
69000, 2.04939015319192
70000, 1.9748417658131499
71000, 1.9748417658131499
72000, 2.04939015319192
73000, 2.04939015319192
74000, 2.04939015319192
75000, 2.04939015319192
76000, 2.04939015319192
77000, 2.1908902300206643
78000, 2.1908902300206643
79000, 2.23606797749979
80000, 2.23606797749979
81000, 2.23606797749979
82000, 2.5495097567963922
83000, 2.4083189157584592
84000, 2.4899799195977463
85000, 2.4899799195977463
86000, 2.4899799195977463
87000, 2.4899799195977463
88000, 2.3664319132398464
89000, 2.1908902300206643
90000, 2.4899799195977463
91000, 2.4899799195977463
92000, 2.4899799195977463
93000, 2.4083189157584592
94000, 2.4083189157584592
95000, 2.258317958127243
96000, 2.4083189157584592
97000, 2.0976176963403033
98000, 2.3021728866442674
99000, 2.5099800796022267
100000, 2.0248456731316584
