21.810875399999095
15.243734075725296
13.64551208273255
12.46022242406382
11.186726828829652
11.13424575673757
9.643650760992955
9.244303265100234
9.241212041718338
9.414274875346026
9.32584733798643
9.033271832508971
8.822050296193703
8.402380615040002
7.745966692414834
7.9318526029097205
6.872304666454437
6.991831969213383
6.4873503285790175
6.716716885077538
6.425396041156863
6.155137227204142
6.122557822161771
5.862715119415967
5.666946771788642
5.661902759421329
5.8918830363717944
5.237229365663817
4.954074801903696
5.037005913380345
5.093413113311853
5.445837204428981
5.529143565818179
5.430074979750674
5.11300861947808
5.369224471799575
5.283397175519338
5.124172407047099
4.591918366621328
4.541868715470696
4.5197977198732495
4.404543109109048
4.548155041960892
5.008564094200481
4.896062557957014
4.576336650953156
4.699544050832409
4.198639235344165
4.459340117743239
4.411025148096852
3.996426975615665
4.339190181194116
4.404543109109048
3.996426975615665
4.0813163142720095
4.028470110174758
4.342481186734475
4.554432691659538
4.6291004988627575
4.557568273918513
4.644505202002531
4.8550415622761225
4.545012965563779
4.4077853201547175
4.68736904578982
4.44007721940573
4.411025148096852
4.488079449258573
4.279519332154689
3.906039280030714
3.813509819425819
3.722518348798681
3.764495792457281
3.7109875466550104
3.9496835316262997
4.242640687119285
4.299501632249287
4.232527107330291
3.971325795175784
3.909694909544003
4.021371478914697
3.772077866186146
3.7263540204487127
3.9569107719460717
3.9496835316262997
3.4599752269963684
3.4351128074635335
3.3380918415851206
3.1304951684997055
3.22490309931942
3.1213550171131033
3.295017884191656
3.1396087108337016
3.492849839314596
3.3466401061363023
3.1712998686883673
3.1622776601683795
3.1213550171131033
3.286335345030997
3.3509060608395793
3.468223093829379
3.4434202266268428
3.251373336211726
3.116774889895918
3.2293298729878046
3.3380918415851206
3.307998963551401
3.2293298729878046
3.1075943842694236
3.286335345030997
3.1622776601683795
3.372154885444702
3.303677604471374
3.1577568892219317
3.255764119219941
3.3338094898007764
3.2645279685036943
3.307998963551401
3.303677604471374
3.295017884191656
3.1350552512789034
3.268901082277389
3.028436654683167
3.0189875313233268
2.9664793948382653
3.0472470011002204
2.8834503141697647
2.9130249373656736
2.9568322818274866
2.7774602993176543
2.922816645439317
2.6939084723024385
2.5128242505765725
2.6295029405356662
2.569046515733026
2.6349301969610397
2.6886002731107927
2.6832815729997477
2.6779523094014523
2.7723120830300267
2.756809750418044
2.932575659723036
2.898275349237888
2.7516228977511745
2.8284271247461903
2.937443008565686
2.9664793948382653
2.9423023055326687
2.9130249373656736
2.7877282097486784
2.6403462976338106
2.7825989906663056
2.6939084723024385
2.7825989906663056
2.7255405754769875
2.7464262493023806
2.7255405754769875
2.656528346760647
2.951996902824546
2.8030595529069404
2.8132340311971404
2.792848008753788
2.585674822114004
2.6457513110645907
2.613153540948451
2.6832815729997477
2.7979584393931636
2.792848008753788
2.741219749360805
2.715037489875337
2.6886002731107927
2.524168887263404
2.667261838343906
2.7307769694983985
2.704493615131253
2.6886002731107927
2.65114530506561
2.591193878173865
2.5071326821120348
2.656528346760647
2.524168887263404
2.591193878173865
2.5185029566901727
2.4142434484888695
2.248809208701987
2.248809208701987
2.242447642325552
2.2677868380553634
2.2038926600773587
2.2866069685390684
2.3176342617912282
2.117950491799628
2.311462122306386
2.1447610589527217
2.056349053193895
2.117950491799628
2.2038926600773587
2.117950491799628
2.1111946516469904
2.197401062294143
2.3724610489050035
2.3543273227945902
2.3176342617912282
2.3543273227945902
2.2677868380553634
2.1908902300206643
2.2232537288526344
2.29906813420444
2.138089935299395
2.2614786566062732
2.23606797749979
2.164651077128664
2.18435999126256
2.2232537288526344
2.18435999126256
2.32379000772445
2.32379000772445
2.3964259101539405
2.5467065566559266
2.5523098781859765
2.5071326821120348
2.3724610489050035
2.4023797725231892
2.3724610489050035
2.4784787961282104
2.4842360136324753
2.4553149347021512
2.305273457593635
2.311462122306386
2.2866069685390684
2.2866069685390684
2.4023797725231892
2.437797600880176
2.4436506647695313
2.5298221281347035
2.585674822114004
2.437797600880176
2.4023797725231892
2.3664319132398464
2.4899799195977463
2.5467065566559266
2.6779523094014523
2.6240644591385873
2.6076809620810595
2.4899799195977463
2.5185029566901727
2.495710605933995
2.4727081741050063
2.4784787961282104
2.5298221281347035
2.5523098781859765
2.6240644591385873
2.585674822114004
2.5185029566901727
2.53546276418555
2.715037489875337
2.591193878173865
2.32992949004287
2.3844735867092943
2.3603873774083293
2.4553149347021512
2.4319304501333328
2.461126339126632
2.5185029566901727
2.5634797778466227
2.5128242505765725
2.3844735867092943
2.6295029405356662
2.596701204000403
2.5128242505765725
2.3664319132398464
2.4899799195977463
2.4023797725231892
2.5410908793553326
2.53546276418555
2.4553149347021512
2.4553149347021512
2.5467065566559266
2.3421601750764798
2.4023797725231892
