1, 1.9748417658131499
2, 3.24037034920393
3, 4.620606020859169
4, 6.024948132556827
5, 7.078135347674555
6, 6.7712628068920795
7, 6.507687761409578
8, 7.074602462329597
9, 7.179832867135557
10, 6.946221994724902
15, 7.632168761236874
20, 7.816648898345122
25, 9.049861877399014
30, 10.35615758860399
35, 10.276186062932103
40, 10.580642702596096
45, 10.319883720275147
50, 10.365809182114052
55, 10.566456359631644
60, 10.99317970379817
65, 10.242070103255495
70, 9.959919678390985
75, 9.757048734120374
80, 8.555699854482976
85, 8.691950298983537
90, 8.794884877018005
95, 8.774964387392123
100, 8.64002314811714
150, 7.245688373094719
200, 7.436396977031283
250, 7.546522377890362
300, 6.461423991660043
350, 6.855654600401044
400, 6.523036102920173
450, 6.135959582656978
500, 6.123724356957945
550, 5.10881590977792
600, 5.761944116355173
650, 5.5677643628300215
700, 4.873397172404482
750, 4.415880433163924
800, 3.9749213828703582
850, 4.110960958218893
900, 4.129164564412516
950, 3.866522985836241
1000, 4.242640687119285
1250, 3.8275318418009276
1500, 3.331666249791536
1750, 2.958039891549808
2000, 3.24037034920393
2250, 2.711088342345192
2500, 1.8027756377319946
2750, 2.202271554554524
3000, 2.224859546128699
3250, 2.29128784747792
3500, 1.9235384061671346
3750, 1.746424919657298
4000, 1.6881943016134133
4250, 1.70293863659264
4500, 1.8027756377319946
4750, 2.1330729007701543
5000, 1.8027756377319946
5250, 1.91049731745428
5500, 1.8439088914585775
5750, 1.6278820596099706
6000, 1.6583123951777
6250, 1.5329709716755893
6500, 1.760681686165901
6750, 1.5652475842498528
7000, 1.6431676725154984
7250, 1.5652475842498528
7500, 1.4832396974191326
7750, 1.378404875209022
8000, 1.224744871391589
8250, 1.2649110640673518
8500, 1.466287829861518
8750, 1.02469507659596
9000, 1.4142135623730951
9250, 1.284523257866513
9500, 1.0954451150103321
9750, 1.0954451150103321
10000, 1.0723805294763609
11000, 1.02469507659596
12000, 1.161895003862225
13000, 1.0
14000, 1.2041594578792296
15000, 1.161895003862225
16000, 0.9486832980505138
17000, 1.0488088481701516
18000, 1.0488088481701516
19000, 0.806225774829855
20000, 0.806225774829855
21000, 1.0
22000, 0.8944271909999159
23000, 1.2449899597988732
24000, 1.02469507659596
25000, 0.9486832980505138
26000, 0.9746794344808963
27000, 0.8944271909999159
28000, 0.7745966692414834
29000, 0.8660254037844386
30000, 0.9219544457292888
31000, 0.8944271909999159
32000, 0.8660254037844386
33000, 1.118033988749895
34000, 1.0954451150103321
35000, 1.02469507659596
36000, 1.0
37000, 0.9746794344808963
38000, 0.9486832980505138
39000, 0.9746794344808963
40000, 0.7745966692414834
41000, 0.9746794344808963
42000, 0.8660254037844386
43000, 0.8660254037844386
44000, 0.8366600265340756
45000, 0.9219544457292888
46000, 0.9746794344808963
47000, 1.0
48000, 0.9486832980505138
49000, 0.9746794344808963
50000, 0.8660254037844386
51000, 0.8944271909999159
52000, 0.8944271909999159
53000, 0.8660254037844386
54000, 0.7745966692414834
55000, 0.7416198487095663
56000, 0.8944271909999159
57000, 0.7071067811865476
58000, 0.7416198487095663
59000, 0.7745966692414834
60000, 0.7071067811865476
61000, 0.7416198487095663
62000, 0.6708203932499369
63000, 0.6324555320336759
64000, 0.6708203932499369
65000, 0.5916079783099616
66000, 0.5
67000, 0.7416198487095663
68000, 0.806225774829855
69000, 0.6708203932499369
70000, 0.7416198487095663
71000, 0.7416198487095663
72000, 0.6708203932499369
73000, 0.5
74000, 0.5
75000, 0.4472135954999579
76000, 0.5
77000, 0.4472135954999579
78000, 0.4472135954999579
79000, 0.6708203932499369
80000, 0.6708203932499369
81000, 0.6708203932499369
82000, 0.6708203932499369
83000, 0.6708203932499369
84000, 0.806225774829855
85000, 0.8366600265340756
86000, 0.8366600265340756
87000, 0.806225774829855
88000, 0.7071067811865476
89000, 0.4472135954999579
90000, 0.6324555320336759
91000, 0.7071067811865476
92000, 0.806225774829855
93000, 0.7071067811865476
94000, 0.7071067811865476
95000, 0.6708203932499369
96000, 0.7745966692414834
97000, 0.6708203932499369
98000, 0.6708203932499369
99000, 0.6708203932499369
100000, 0.7745966692414834
