1, 45.48736088189773
2, 44.75963583408605
3, 43.91611321599397
4, 43.01220756947962
5, 42.17967520026677
6, 41.2619679608232
7, 40.44162459644766
8, 39.701385366256424
9, 39.70075566031458
10, 39.68878934913485
15, 37.85630726840641
20, 37.849042260009696
25, 37.84408804555871
30, 37.84573952243502
35, 37.0209400204803
40, 37.01519958071279
45, 37.01249788922655
50, 37.00709391454563
55, 36.36378693150646
60, 36.36172438155264
65, 34.88051031736778
70, 34.129898915760066
75, 33.268228086268735
80, 33.266349363884224
85, 33.268228086268735
90, 33.267476610046636
95, 33.26559784522142
100, 33.262967396190014
150, 32.436861747092614
200, 31.569764015589346
250, 30.719293611670174
300, 30.681835016830398
350, 30.02082610455615
400, 30.018744144284252
450, 28.82186669874108
500, 28.822734082664677
550, 28.046390142048583
600, 27.69792410994008
650, 27.695216193415064
700, 27.752026952999305
750, 27.752477366894656
800, 27.75382856472238
850, 27.45359721420856
900, 27.456328960733263
950, 27.431733448690405
1000, 27.13346642064003
1250, 25.782746168707476
1500, 24.255411767273714
1750, 23.925404907754434
2000, 23.710229859704018
2250, 20.86324519340172
2500, 20.117156856772777
2750, 19.208721977268556
3000, 18.512833386599688
3250, 18.50743094003055
3500, 18.22909761891685
3750, 17.58905909933786
4000, 17.59758506159297
4250, 17.596164354767776
4500, 17.564168070250297
4750, 17.540667034066864
5000, 17.536390734697946
5250, 17.427707824036986
5500, 17.393245815545757
5750, 17.635900884275802
6000, 17.39899422380501
6250, 17.371672343214396
6500, 17.59474353322605
6750, 17.684739183827393
7000, 17.264124652005965
7250, 16.302607153458613
7500, 16.246538092775335
7750, 16.010153028625304
8000, 15.97811002590732
8250, 15.611694334696667
8500, 15.634097351622191
8750, 15.651677226418899
9000, 15.737693604845662
9250, 15.605287565437557
9500, 15.504031733713653
9750, 15.077300819443776
10000, 15.21840990379744
11000, 14.358795214083946
12000, 14.163332941084171
13000, 13.606983501129116
14000, 13.689411966918083
15000, 13.354774427147769
16000, 13.06617771194009
17000, 13.258016442892202
18000, 13.035528374408152
19000, 13.49629578810423
20000, 13.216467001434234
21000, 13.3856266196245
22000, 14.092551223962253
23000, 13.986600730699365
24000, 14.363147287415806
25000, 14.277604841148952
26000, 14.482748357960238
27000, 14.260084151224353
28000, 15.02497920131672
29000, 14.826496551781881
30000, 14.933184523068078
31000, 15.156681694882954
32000, 15.009163867451111
33000, 15.226621424334422
34000, 15.48789850173354
35000, 15.28397853963424
36000, 15.368799562750501
37000, 14.690132742763083
38000, 14.918947684069408
39000, 14.939042807355497
40000, 14.567944261288206
41000, 14.690983629423865
42000, 14.548195764423848
43000, 14.516370069683399
44000, 14.87867601636651
45000, 14.823967080373594
46000, 14.887914561818254
47000, 14.653497875933923
48000, 14.896308267486948
49000, 14.944898795241137
50000, 14.650085323983612
51000, 14.735162028291375
52000, 14.590236461414873
53000, 14.606505399992155
54000, 14.846716808776277
55000, 14.826496551781881
56000, 14.419604710254717
57000, 14.539601094940673
58000, 14.53014108672039
59000, 14.53530185445077
60000, 14.63471899286078
61000, 14.747033600015971
62000, 14.626175166460985
63000, 14.518092161162224
64000, 14.512925273699992
65000, 14.540460790497667
66000, 14.24605208470052
67000, 14.220583672972076
68000, 14.20915198032592
69000, 14.239030865898142
70000, 14.187142065969454
71000, 13.936462965903507
72000, 13.896942109687297
73000, 13.936462965903507
74000, 14.166862743741113
75000, 14.309088021254185
76000, 14.582523787054146
77000, 14.509479659863754
78000, 14.251315728731855
79000, 14.364017543848934
80000, 13.974977638622539
81000, 14.158919450297045
82000, 14.171273760675149
83000, 14.100531904860894
84000, 13.977660748494364
85000, 14.012494424619765
86000, 14.19242755838479
87000, 14.287232062229549
88000, 14.092551223962253
89000, 14.237275020171522
90000, 14.26271362679627
91000, 14.039230748157108
92000, 14.145670715805595
93000, 14.127986409959489
94000, 14.011602335207776
95000, 13.996428115772966
96000, 13.77951377952067
97000, 13.602389495967243
98000, 13.716778047340418
99000, 13.70310183863493
100000, 13.717689309792666
