1, 0.7745966692414834
2, 1.378404875209022
3, 2.16794833886788
4, 1.8708286933869707
5, 3.8858718455450894
6, 3.9370039370059056
7, 4.47213595499958
8, 4.415880433163924
9, 4.78539444560216
10, 5.167204273105526
15, 6.244997998398398
20, 7.280109889280518
25, 7.19027120489902
30, 6.300793600809346
35, 6.04979338490167
40, 5.787918451395113
45, 6.082762530298219
50, 5.92452529743945
55, 4.959838707054898
60, 4.5934736311423405
65, 4.6475800154489
70, 4.527692569068709
75, 5.059644256269407
80, 4.669047011971501
85, 4.324349662087931
90, 4.898979485566356
95, 4.404543109109048
100, 4.61519230368573
150, 4.219004621945797
200, 3.5637059362410923
250, 2.8635642126552705
300, 3.687817782917155
350, 3.391164991562634
400, 3.5496478698597698
450, 3.4351128074635335
500, 3.24037034920393
550, 3.420526275297414
600, 3.449637662132068
650, 3.0495901363953815
700, 3.3763886032268267
750, 2.932575659723036
800, 2.5298221281347035
850, 1.6733200530681511
900, 1.8708286933869707
950, 2.16794833886788
1000, 2.2135943621178655
1250, 1.6431676725154984
1500, 1.5811388300841898
1750, 1.6431676725154984
2000, 1.5811388300841898
2250, 1.5811388300841898
2500, 1.5491933384829668
2750, 1.3038404810405297
3000, 1.1832159566199232
3250, 1.1832159566199232
3500, 1.0
3750, 1.1832159566199232
4000, 0.9486832980505138
4250, 1.140175425099138
4500, 1.0
4750, 0.9486832980505138
5000, 0.7745966692414834
5250, 0.7071067811865476
5500, 0.7071067811865476
5750, 0.7745966692414834
6000, 0.8944271909999159
6250, 1.0
6500, 0.7745966692414834
6750, 0.7071067811865476
7000, 0.6324555320336759
7250, 0.8366600265340756
7500, 0.6324555320336759
7750, 0.6324555320336759
8000, 0.6324555320336759
8250, 0.7745966692414834
8500, 0.7071067811865476
8750, 0.7071067811865476
9000, 0.7071067811865476
9250, 0.7745966692414834
9500, 0.8366600265340756
9750, 0.9486832980505138
10000, 0.8366600265340756
11000, 0.6324555320336759
12000, 0.7745966692414834
13000, 0.7745966692414834
14000, 0.7071067811865476
15000, 0.6324555320336759
16000, 0.7745966692414834
17000, 0.6324555320336759
18000, 0.8366600265340756
19000, 0.8366600265340756
20000, 0.8366600265340756
21000, 0.7745966692414834
22000, 0.8366600265340756
23000, 0.6324555320336759
24000, 0.6324555320336759
25000, 0.7071067811865476
26000, 0.5477225575051661
27000, 0.6324555320336759
28000, 0.8366600265340756
29000, 0.6324555320336759
30000, 0.7071067811865476
31000, 0.6324555320336759
32000, 0.6324555320336759
33000, 0.0
34000, 0.0
35000, 0.7071067811865476
36000, 0.31622776601683794
37000, 0.0
38000, 0.0
39000, 0.6324555320336759
40000, 0.6324555320336759
41000, 0.5477225575051661
42000, 0.6324555320336759
43000, 0.31622776601683794
44000, 0.4472135954999579
45000, 0.4472135954999579
46000, 0.4472135954999579
47000, 0.31622776601683794
48000, 0.0
49000, 0.0
50000, 0.0
51000, 0.0
52000, 0.31622776601683794
53000, 0.31622776601683794
54000, 0.31622776601683794
55000, 0.31622776601683794
56000, 0.31622776601683794
57000, 0.31622776601683794
58000, 0.31622776601683794
59000, 0.4472135954999579
60000, 0.31622776601683794
61000, 0.31622776601683794
62000, 0.4472135954999579
63000, 0.31622776601683794
64000, 0.31622776601683794
65000, 0.31622776601683794
66000, 0.31622776601683794
67000, 0.31622776601683794
68000, 0.0
69000, 0.0
70000, 0.0
71000, 0.0
72000, 0.31622776601683794
73000, 0.31622776601683794
74000, 0.31622776601683794
75000, 0.4472135954999579
76000, 0.31622776601683794
77000, 0.31622776601683794
78000, 0.31622776601683794
79000, 0.4472135954999579
80000, 0.4472135954999579
81000, 0.4472135954999579
82000, 0.4472135954999579
83000, 0.4472135954999579
84000, 0.4472135954999579
85000, 0.4472135954999579
86000, 0.4472135954999579
87000, 0.4472135954999579
88000, 0.4472135954999579
89000, 0.4472135954999579
90000, 0.4472135954999579
91000, 0.4472135954999579
92000, 0.4472135954999579
93000, 0.4472135954999579
94000, 0.4472135954999579
95000, 0.4472135954999579
96000, 0.4472135954999579
97000, 0.4472135954999579
98000, 0.4472135954999579
99000, 0.4472135954999579
100000, 0.4472135954999579
