1, 577.3361222026559
2, 576.7266804995239
3, 576.5141611443729
4, 576.3657918370936
5, 575.6773002299118
6, 575.6743784467048
7, 575.5474941305887
8, 575.1790243046072
9, 574.9815301381428
10, 574.9811231684046
15, 572.9988935416892
20, 571.7228104597542
25, 569.1307740756952
30, 568.5798431179213
35, 567.1719562883906
40, 566.1279131079831
45, 565.3504329174959
50, 564.0476664254538
55, 563.2123844519047
60, 561.9076329789443
65, 561.1059899876315
70, 559.8151034046866
75, 559.448977119451
80, 557.9514943075249
85, 556.522346361761
90, 555.6498465760609
95, 555.2239800296813
100, 554.7380498938215
150, 541.568062204558
200, 530.9870977716879
250, 522.1492506937074
300, 515.3962708440953
350, 511.70469804370566
400, 504.9590062569436
450, 501.3531150795814
500, 496.2578966626123
550, 494.7439681289707
600, 490.88351163998163
650, 484.1406861646726
700, 481.2911447346606
750, 478.89804342887015
800, 474.03834865968383
850, 472.1599919518806
900, 473.16982786310456
950, 471.84678869310954
1000, 467.13216331141234
1250, 460.1388985947613
1500, 453.3168185717358
