1, 16.510602654052335
2, 15.609825965290794
3, 14.85260919838666
4, 14.426826862942985
5, 14.396758894510482
6, 13.64551208273255
7, 13.635737359355868
8, 13.694281044776806
9, 13.618614711734327
10, 13.6088206689632
15, 11.930353445448855
20, 11.198214143335536
25, 11.144505372604026
30, 10.529324131522719
35, 9.794556311203348
40, 9.722825378115836
45, 9.58818717659044
50, 9.277212224944876
55, 8.816650913659524
60, 8.816650913659524
65, 8.921883209278185
70, 8.880690663831652
75, 8.119934318289364
80, 7.224956747275377
85, 7.224956747275377
90, 7.197221686178632
95, 6.961800533386939
100, 6.918574034197124
150, 4.91256891385081
200, 5.033222956847166
250, 5.215361924162119
300, 5.046450898073483
350, 5.066228051190222
400, 5.059644256269407
450, 5.092478113191389
500, 4.993328882953068
550, 4.725815626252608
600, 4.661902329879224
650, 4.864839839775475
700, 4.864839839775475
750, 4.878524367060187
800, 4.878524367060187
850, 4.871686908385363
900, 4.626013402488151
950, 4.640402281411961
1000, 4.640402281411961
1250, 4.427188724235731
1500, 4.661902329879224
1750, 4.76794854558366
2000, 4.6833036772489285
2250, 4.501851470969102
2500, 4.501851470969102
2750, 4.404543109109048
3000, 4.351245032554859
3250, 4.374166587286466
3500, 4.320493798938574
3750, 4.633213427705081
4000, 4.69041575982343
4250, 4.531372124791048
4500, 4.560701700396552
4750, 4.58257569495584
5000, 4.509249752822894
5250, 4.640402281411961
5500, 4.640402281411961
5750, 4.640402281411961
6000, 4.6833036772489285
6250, 4.47213595499958
6500, 4.568004670166906
6750, 4.412104562073146
7000, 4.374166587286466
7250, 4.575295983139597
7500, 4.449719092257398
7750, 4.47213595499958
8000, 4.48701831212369
8250, 4.48701831212369
8500, 4.48701831212369
8750, 4.48701831212369
9000, 4.47213595499958
9250, 4.568004670166906
9500, 4.47213595499958
9750, 4.546060565661952
10000, 4.442221666388715
11000, 4.449719092257398
12000, 4.396968652757639
13000, 4.449719092257398
14000, 4.58257569495584
15000, 4.618802153517006
16000, 4.654746681256314
17000, 4.640402281411961
18000, 4.568004670166906
19000, 4.553387017741116
20000, 4.640402281411961
21000, 4.6475800154489
22000, 4.524010020619612
23000, 4.524010020619612
24000, 4.553387017741116
25000, 4.48701831212369
26000, 4.509249752822894
27000, 4.509249752822894
28000, 4.343577634469846
29000, 4.343577634469846
30000, 4.242640687119285
31000, 4.179314138308661
32000, 4.179314138308661
33000, 4.343577634469846
34000, 4.366539438350084
35000, 4.358898943540674
36000, 4.305035810923451
37000, 4.33589667773576
38000, 4.33589667773576
39000, 4.2895221179054435
40000, 4.258325179379017
41000, 4.396968652757639
42000, 4.374166587286466
43000, 4.281744192888376
44000, 4.281744192888376
45000, 4.281744192888376
46000, 4.281744192888376
47000, 4.281744192888376
48000, 4.2972859651955515
49000, 4.320493798938574
50000, 4.258325179379017
51000, 4.258325179379017
52000, 4.281744192888376
53000, 4.266145801540309
54000, 4.242640687119285
55000, 4.242640687119285
56000, 4.139243087006769
57000, 4.139243087006769
58000, 4.0579140782755205
59000, 4.0579140782755205
60000, 4.0579140782755205
61000, 4.0579140782755205
62000, 4.0579140782755205
63000, 4.0579140782755205
64000, 4.0579140782755205
65000, 4.0579140782755205
66000, 4.0
67000, 4.0
68000, 4.0
69000, 4.08248290463863
70000, 4.08248290463863
71000, 4.049691346263317
72000, 4.049691346263317
73000, 4.049691346263317
74000, 4.147288270665544
75000, 4.147288270665544
76000, 4.147288270665544
77000, 4.041451884327381
78000, 4.041451884327381
79000, 4.041451884327381
80000, 4.08248290463863
81000, 4.0743097574926725
82000, 4.0743097574926725
83000, 4.179314138308661
84000, 4.179314138308661
85000, 4.179314138308661
86000, 4.179314138308661
87000, 4.155317877932646
88000, 4.187282332651255
89000, 4.179314138308661
90000, 4.179314138308661
91000, 4.179314138308661
92000, 4.179314138308661
93000, 4.273952113286562
94000, 4.273952113286562
95000, 4.273952113286562
96000, 4.273952113286562
97000, 4.179314138308661
98000, 4.179314138308661
99000, 4.179314138308661
100000, 4.1952353926806065
