1, 16.621271511730583
2, 16.433705202012924
3, 15.564917817536548
4, 14.708274315273473
5, 14.238445608047718
6, 13.3815793786334
7, 13.309144725839197
8, 13.311649033834989
9, 13.291601358251256
10, 12.935738607954837
15, 12.727922061357855
20, 12.214745187681975
25, 10.627009613872255
30, 9.736529155710468
35, 9.179687721631202
40, 9.062744249582096
45, 9.08845421400141
50, 8.302610031389728
55, 7.160074487508259
60, 7.023769168568493
65, 7.019021774198073
70, 6.557438524302
75, 6.5777402401331315
80, 6.371812928829597
85, 6.4031242374328485
90, 6.29285308902091
95, 6.2182527020592095
100, 5.87083185474313
150, 5.692099788303083
200, 4.6833036772489285
250, 4.187282332651255
300, 3.924283374069717
350, 3.6606010435446255
400, 3.32665998663324
450, 3.5308167138307627
500, 3.32665998663324
550, 3.2041639575194445
600, 3.011090610836324
650, 3.1091263510296048
700, 2.9097537123726926
750, 2.792848008753788
800, 2.7325202042558927
850, 2.8284271247461903
900, 2.792848008753788
950, 2.6708300832013507
1000, 2.6076809620810595
1250, 2.74469184669852
1500, 2.594866727470475
1750, 2.54296414970142
2000, 2.3664319132398464
2250, 2.206052281036573
2500, 1.983263304085802
2750, 1.96638416050035
3000, 1.8618986725025255
3250, 2.0330600909302543
3500, 2.4083189157584592
3750, 2.556038601690775
4000, 1.9148542155126762
4250, 1.9321835661585918
4500, 2.0330600909302543
4750, 1.591644851508443
5000, 1.6931233465600393
5250, 1.6532795690182993
5500, 1.570562531918633
5750, 1.591644851508443
6000, 1.5491933384829668
6250, 1.570562531918633
6500, 1.570562531918633
6750, 1.61245154965971
7000, 1.5491933384829668
7250, 1.390443574307614
7500, 1.4605934866804429
7750, 1.61245154965971
8000, 1.5491933384829668
8250, 1.6733200530681511
8500, 1.6532795690182993
8750, 1.5275252316519468
9000, 1.3165611772087666
9250, 1.4832396974191326
9500, 1.5275252316519468
9750, 1.390443574307614
10000, 1.3165611772087666
11000, 1.2909944487358056
12000, 1.1547005383792515
13000, 0.9660917830792959
14000, 1.0
15000, 0.9660917830792959
16000, 0.9660917830792959
17000, 0.9660917830792959
18000, 1.0645812948447542
19000, 0.9660917830792959
20000, 1.0645812948447542
21000, 0.9660917830792959
22000, 0.9660917830792959
23000, 1.0
24000, 1.0954451150103321
25000, 1.1254628677422756
26000, 1.0645812948447542
27000, 1.0645812948447542
28000, 0.9660917830792959
29000, 0.816496580927726
30000, 0.8944271909999159
31000, 1.0645812948447542
32000, 1.0
33000, 1.0645812948447542
34000, 1.0645812948447542
35000, 0.816496580927726
36000, 0.7745966692414834
37000, 0.7745966692414834
38000, 0.6831300510639732
39000, 0.6831300510639732
40000, 0.4472135954999579
41000, 0.4472135954999579
42000, 0.4472135954999579
43000, 0.4472135954999579
44000, 0.3651483716701107
45000, 0.4472135954999579
46000, 0.4472135954999579
47000, 0.4472135954999579
48000, 0.3651483716701107
49000, 0.4472135954999579
50000, 0.3651483716701107
51000, 0.4472135954999579
52000, 0.5773502691896257
53000, 0.5773502691896257
54000, 0.6324555320336759
55000, 0.5163977794943222
56000, 0.5163977794943222
57000, 0.5773502691896257
58000, 0.5773502691896257
59000, 0.4472135954999579
60000, 0.4472135954999579
61000, 0.4472135954999579
62000, 0.3651483716701107
63000, 0.3651483716701107
64000, 0.3651483716701107
65000, 0.3651483716701107
66000, 0.3651483716701107
67000, 0.3651483716701107
68000, 0.3651483716701107
69000, 0.3651483716701107
70000, 0.3651483716701107
71000, 0.3651483716701107
72000, 0.3651483716701107
73000, 0.3651483716701107
74000, 0.3651483716701107
75000, 0.3651483716701107
76000, 0.3651483716701107
77000, 0.3651483716701107
78000, 0.3651483716701107
79000, 0.4472135954999579
80000, 0.4472135954999579
81000, 0.4472135954999579
82000, 0.4472135954999579
83000, 0.4472135954999579
84000, 0.4472135954999579
85000, 0.4472135954999579
86000, 0.4472135954999579
87000, 0.4472135954999579
88000, 0.4472135954999579
89000, 0.4472135954999579
90000, 0.4472135954999579
91000, 0.4472135954999579
92000, 0.4472135954999579
93000, 0.4472135954999579
94000, 0.4472135954999579
95000, 0.4472135954999579
96000, 0.4472135954999579
97000, 0.4472135954999579
98000, 0.3651483716701107
99000, 0.3651483716701107
100000, 0.3651483716701107
