1, 17.204650534085253
2, 16.490401248403064
3, 16.52876280911551
4, 16.243973241379916
5, 16.35440817231448
6, 16.068602926203635
7, 16.00208319771731
8, 15.67588381346753
9, 15.605554566670591
10, 15.537052487521564
15, 13.411437904515186
20, 12.425779653607254
25, 13.183322798141598
30, 12.382783747337808
35, 12.720062892926277
40, 12.58040804849615
45, 12.529964086141668
50, 12.871156384205214
55, 12.8296531519757
60, 12.529964086141668
65, 12.598941754501976
70, 12.179217270963408
75, 11.952684496240444
80, 11.913577688223356
85, 11.624686375697769
90, 11.913577688223356
95, 12.088562087086013
100, 11.96383439091888
150, 11.081516141756055
200, 11.369549976435597
250, 9.882644720249063
300, 9.902861539306034
350, 9.66781602362533
400, 9.486832980505138
450, 8.07465169527454
500, 7.814516406449389
550, 8.103497187428813
600, 7.805980613179444
650, 8.144527815247077
700, 8.201625855076948
750, 8.461678320522472
800, 7.698484699385111
850, 7.8230428862431785
900, 7.9833159359587755
950, 7.380153566604605
1000, 7.0379921379135775
1250, 6.668333125052067
1500, 6.592925501373928
1750, 6.0332412515993425
2000, 5.157518783291051
2250, 5.738757124441958
2500, 5.458937625582473
2750, 4.993328882953068
3000, 4.864839839775475
3250, 4.926120853842978
3500, 4.76794854558366
3750, 4.10690475500305
4000, 4.187282332651255
4250, 3.9916579679793878
4500, 4.516635916254486
4750, 4.09878030638384
5000, 4.00832467081531
5250, 3.750555514409388
5500, 3.777124126457412
5750, 4.2895221179054435
6000, 4.250490167812021
6250, 4.442221666388715
6500, 3.847076812334269
6750, 3.7859388972001824
7000, 3.6514837167011076
7250, 3.5870136139505613
7500, 3.7058512292499457
7750, 3.6239941133138354
8000, 3.4351128074635335
8250, 3.642343567906063
8500, 3.966526608171604
8750, 3.5870136139505613
9000, 3.3763886032268267
9250, 2.943920288775949
9500, 2.898275349237888
9750, 2.569046515733026
10000, 2.581988897471611
11000, 2.840187787218772
12000, 2.6457513110645907
13000, 2.8635642126552705
14000, 2.780887148615228
15000, 2.8284271247461903
16000, 2.6832815729997477
17000, 2.9552213679068666
18000, 3.011090610836324
19000, 2.3523038352503134
20000, 2.6331223544175333
21000, 2.3804761428476167
22000, 2.6331223544175333
23000, 2.5298221281347035
24000, 2.5298221281347035
25000, 2.7325202042558927
26000, 2.449489742783178
27000, 2.422120283277993
28000, 2.3664319132398464
29000, 2.4358434541926814
30000, 2.0976176963403033
31000, 2.581988897471611
32000, 2.6457513110645907
33000, 2.463060426921489
34000, 2.4358434541926814
35000, 2.54296414970142
36000, 2.581988897471611
37000, 2.569046515733026
38000, 2.449489742783178
39000, 2.556038601690775
40000, 2.4899799195977463
41000, 2.32379000772445
42000, 2.581988897471611
43000, 2.6076809620810595
44000, 2.503331114069145
45000, 2.280350850198276
46000, 2.280350850198276
47000, 2.265686062395524
48000, 2.0976176963403033
49000, 2.0816659994661326
50000, 2.0816659994661326
51000, 2.160246899469287
52000, 2.1291625896895083
53000, 1.879716290649558
54000, 2.23606797749979
55000, 2.309401076758503
56000, 2.1908902300206643
57000, 2.309401076758503
58000, 2.265686062395524
59000, 2.280350850198276
60000, 2.23606797749979
61000, 2.23606797749979
62000, 2.449489742783178
63000, 2.1291625896895083
64000, 2.206052281036573
65000, 2.1134489978863145
66000, 1.7511900715418263
67000, 1.8618986725025255
68000, 1.7888543819998317
69000, 1.591644851508443
70000, 1.6532795690182993
71000, 1.632993161855452
72000, 1.61245154965971
73000, 1.8618986725025255
74000, 1.8618986725025255
75000, 2.1134489978863145
76000, 1.7511900715418263
77000, 2.0
78000, 2.0330600909302543
79000, 2.0
80000, 2.0816659994661326
81000, 2.0
82000, 2.0
83000, 2.2949219304078006
84000, 2.1908902300206643
85000, 2.1134489978863145
86000, 1.7701224063135672
87000, 1.8439088914585775
88000, 1.7511900715418263
89000, 1.6931233465600393
90000, 1.8439088914585775
91000, 1.8439088914585775
92000, 1.8257418583505538
93000, 1.879716290649558
94000, 1.9148542155126762
95000, 1.7888543819998317
96000, 1.8073922282301278
97000, 1.5491933384829668
98000, 1.8257418583505538
99000, 1.6931233465600393
100000, 1.7701224063135672
