1, 28.37040711727627
2, 28.1296996073545
3, 28.07988603965479
4, 27.787047342242033
5, 27.174988500457548
6, 26.365128484420477
7, 26.299809885244418
8, 26.286118009321957
9, 26.124318172920802
10, 26.145745351777602
15, 25.617181734140857
20, 24.648732218919495
25, 23.671079400821586
30, 21.788988044422805
35, 20.97999046710937
40, 20.85281755542881
45, 20.16035713969373
50, 20.83842604420977
55, 20.58446015809013
60, 20.685260452795852
65, 19.519221295943137
70, 18.668690366493305
75, 19.136352839556444
80, 18.918773744616747
85, 18.681541692269406
90, 18.69759342803239
95, 18.05768534447314
100, 17.634057956125698
150, 17.549928774784245
200, 19.004210059878837
250, 18.587092295461385
300, 18.63866948041088
350, 17.759504497592268
400, 18.519179247472064
450, 17.69632730257892
500, 17.631789472427354
550, 17.565876010037186
600, 17.418381095842403
650, 18.13945974939717
700, 17.06575518399347
750, 17.67597239192232
800, 17.118411141224527
850, 16.53481176185565
900, 16.18888507587845
950, 15.986244086714052
1000, 15.651198037211081
1250, 14.45683229480096
1500, 13.663088962602856
1750, 12.493198149393134
2000, 11.869288099966232
2250, 11.380685392365436
2500, 9.85900603509299
2750, 9.484724561103501
3000, 9.0
3250, 9.728309205612248
3500, 8.834025130143111
3750, 8.468766143896051
4000, 9.344517108978932
4250, 9.271461589199408
4500, 8.777243302996677
4750, 8.321057625085889
5000, 8.187795796183488
5250, 8.349850298059241
5500, 7.853661566428745
5750, 8.091971329657564
6000, 7.310266752998826
6250, 7.260853944268539
6500, 7.048404074682439
6750, 6.925315877272314
7000, 7.0398863627192165
7250, 7.133021800050804
7500, 6.8934751758456345
7750, 7.019971509913698
8000, 6.8934751758456345
8250, 6.779380502671317
8500, 7.0654086930622775
8750, 7.054076835419359
9000, 6.343500610861483
9250, 6.063002556489647
9500, 5.871967302361279
9750, 6.190315016216864
10000, 6.302380502635492
11000, 5.589275444992848
12000, 6.04979338490167
13000, 6.343500610861483
14000, 5.772347875864725
15000, 5.1884487084291395
16000, 4.68187996428785
17000, 4.715930449020639
18000, 4.724404724407087
19000, 4.749736834815167
20000, 4.5563142999578075
21000, 4.8083261120685235
22000, 4.4
23000, 4.180908992073374
24000, 3.8418745424597094
25000, 3.521363372331802
26000, 3.666060555964672
27000, 3.9344631145812006
28000, 3.515679166249389
29000, 3.566510900025402
30000, 3.4409301068170506
31000, 3.778888725538237
32000, 3.736308338453881
33000, 3.521363372331802
34000, 3.492849839314596
35000, 3.2
36000, 3.104834939252005
37000, 3.280243893371345
38000, 3.0789608636681307
39000, 3.2
40000, 3.0789608636681307
41000, 2.973213749463701
42000, 3.026549190084311
43000, 2.986636904613616
44000, 3.0199337741082997
45000, 2.7856776554368237
46000, 2.925747767665559
47000, 3.2062439083762793
48000, 3.1432467291003423
49000, 3.0066592756745814
50000, 2.986636904613616
51000, 3.0724582991474434
52000, 2.8635642126552705
53000, 3.1240998703626617
54000, 2.842534080710379
55000, 2.6758176320519302
56000, 2.835489375751565
57000, 2.814249455894058
58000, 2.9189039038652846
59000, 2.756809750418044
60000, 2.6758176320519302
61000, 2.6832815729997477
62000, 2.5377155080899043
63000, 2.181742422927143
64000, 2.2978250586152114
65000, 2.5219040425836985
66000, 2.4819347291981715
67000, 2.6457513110645907
68000, 2.569046515733026
69000, 2.3151673805580453
70000, 2.449489742783178
71000, 2.545584412271571
72000, 2.727636339397171
73000, 2.80713376952364
74000, 2.8284271247461903
75000, 2.6532998322843198
76000, 2.727636339397171
77000, 2.6608269391300143
78000, 2.592296279363144
79000, 2.778488797889961
80000, 2.7856776554368237
81000, 2.5219040425836985
82000, 2.6
83000, 2.5219040425836985
84000, 2.4819347291981715
85000, 2.4083189157584592
86000, 2.592296279363144
87000, 2.5059928172283334
88000, 2.727636339397171
89000, 2.7202941017470885
90000, 2.3748684174075834
91000, 2.449489742783178
92000, 2.4738633753705965
93000, 2.3748684174075834
94000, 2.3323807579381204
95000, 2.349468024894146
96000, 2.4899799195977463
97000, 2.3065125189341593
98000, 2.6
99000, 2.4576411454889016
100000, 2.4331050121192876
