1, 22.39419567655869
2, 22.150620758795903
3, 21.79678875430966
4, 21.87921387984495
5, 21.682942604729643
6, 21.727862297059968
7, 21.2143819141638
8, 21.242645786248
9, 21.093837962779556
10, 21.019038988498025
15, 20.11342835023408
20, 19.063053270659452
25, 17.50571335307419
30, 16.414932226482083
35, 15.372052563011877
40, 14.247806848775006
45, 13.566502865514016
50, 13.198484761517134
55, 12.159358535712318
60, 12.020815280171307
65, 12.17374223482656
70, 11.872236520555004
75, 11.489125293076057
80, 10.954451150103322
85, 10.924742559895861
90, 10.641898326896381
95, 10.62308806327049
100, 10.883473710171767
150, 9.113177272499422
200, 8.17312669668102
250, 7.276675064890558
300, 6.689544080129826
350, 6.496152707564686
400, 6.296824596572466
450, 6.168468205316454
500, 5.9076221950967716
550, 5.527205442174192
600, 5.761944116355173
650, 5.343220002957018
700, 4.6475800154489
750, 5.152669211195301
800, 4.9749371855331
850, 5.176871642217914
900, 4.898979485566356
950, 4.898979485566356
1000, 4.9899899799498595
1250, 3.8987177379235853
1500, 2.958039891549808
1750, 3.3166247903554
2000, 3.0
2250, 2.8460498941515415
2500, 3.1144823004794873
2750, 2.8372521918222215
3000, 2.3979157616563596
3250, 2.6739483914241875
3500, 2.7658633371878665
3750, 2.711088342345192
4000, 2.6739483914241875
4250, 2.539685019840059
4500, 2.449489742783178
4750, 2.202271554554524
5000, 2.4596747752497685
5250, 2.3345235059857505
5500, 2.3769728648009427
5750, 2.2135943621178655
6000, 2.1908902300206643
6250, 2.16794833886788
6500, 2.3769728648009427
6750, 2.1908902300206643
7000, 2.1563858652847827
7250, 1.8973665961010275
7500, 2.0976176963403033
7750, 2.1330729007701543
8000, 2.0976176963403033
8250, 2.0371548787463363
8500, 2.0248456731316584
8750, 1.9748417658131499
9000, 2.0124611797498106
9250, 2.1213203435596424
9500, 2.29128784747792
9750, 2.3021728866442674
10000, 2.2135943621178655
11000, 2.280350850198276
12000, 2.449489742783178
13000, 2.355843797877949
14000, 2.1447610589527217
15000, 1.5491933384829668
16000, 1.7320508075688772
17000, 1.5968719422671311
18000, 1.6733200530681511
19000, 1.6733200530681511
20000, 1.5652475842498528
21000, 1.5491933384829668
22000, 1.5491933384829668
23000, 1.746424919657298
24000, 1.5
25000, 1.3228756555322954
26000, 1.3416407864998738
27000, 1.396424004376894
28000, 1.4832396974191326
29000, 1.396424004376894
30000, 1.466287829861518
31000, 1.5811388300841898
32000, 1.5329709716755893
33000, 1.466287829861518
34000, 1.118033988749895
35000, 1.161895003862225
36000, 1.140175425099138
37000, 1.0723805294763609
38000, 1.224744871391589
39000, 1.0954451150103321
40000, 1.3038404810405297
41000, 1.02469507659596
42000, 0.9746794344808963
43000, 0.8944271909999159
44000, 0.7416198487095663
45000, 0.806225774829855
46000, 0.7071067811865476
47000, 0.806225774829855
48000, 0.8944271909999159
49000, 0.806225774829855
50000, 0.7416198487095663
51000, 0.9486832980505138
52000, 0.9486832980505138
53000, 1.0488088481701516
54000, 1.0
55000, 0.9486832980505138
56000, 0.9486832980505138
57000, 0.9486832980505138
58000, 0.9219544457292888
59000, 0.8366600265340756
60000, 0.9486832980505138
61000, 1.0723805294763609
62000, 0.9746794344808963
63000, 0.9746794344808963
64000, 1.0488088481701516
65000, 1.0954451150103321
66000, 1.0723805294763609
67000, 0.9219544457292888
68000, 1.0
69000, 0.8944271909999159
70000, 0.9486832980505138
71000, 0.806225774829855
72000, 0.8366600265340756
73000, 0.7071067811865476
74000, 0.8660254037844386
75000, 0.8366600265340756
76000, 0.806225774829855
77000, 0.7416198487095663
78000, 0.8944271909999159
79000, 0.8944271909999159
80000, 0.8944271909999159
81000, 0.806225774829855
82000, 0.7745966692414834
83000, 0.806225774829855
84000, 0.8366600265340756
85000, 0.8366600265340756
86000, 0.8660254037844386
87000, 0.806225774829855
88000, 0.8366600265340756
89000, 0.8366600265340756
90000, 0.8944271909999159
91000, 0.8366600265340756
92000, 0.8944271909999159
93000, 0.8366600265340756
94000, 0.8660254037844386
95000, 0.806225774829855
96000, 0.8366600265340756
97000, 0.8366600265340756
98000, 0.806225774829855
99000, 1.0
100000, 0.9219544457292888
