21.457599386431173
14.834323134445428
14.059059102839807
13.10070881397535
12.053452380364485
12.119641673156607
10.670386256230037
9.863352081605639
10.058400895342588
8.998412558414321
8.734169352933014
8.459989868281674
8.689895610091396
8.159131606453506
7.653197277702214
7.334848328356899
7.408489338975544
7.004080443366057
6.371812928829597
6.5748438330177414
6.48074069840786
6.134213187408099
6.611677980232077
6.222080497252162
5.852960179015645
6.035608621222174
5.882176467941097
5.560061664611798
5.761944116355173
5.877317172218728
5.174111379882402
5.16582174350938
5.539468772880148
5.606119105813881
5.679537204486195
5.5677643628300215
5.2888021868310195
5.101820403402243
5.401058097394303
5.215361924162119
5.220837371259792
5.140872632984737
5.229039791668939
4.916444708468567
5.361236531142526
5.132529312420646
4.705619740571601
4.774934554525329
4.884377427793931
4.840306956027833
4.974219249576475
5.008564094200481
4.849153092477667
4.869731585445518
4.887301329539063
4.6843203501529596
4.656792274271453
4.828486896977739
4.945416348210013
4.798809376144402
4.513471897711181
4.656792274271453
4.678216998570533
4.662923668993215
4.884377427793931
4.798809376144402
4.478520163753074
4.8314446227662735
5.039841267341661
4.98855833740714
5.068107564536716
4.913538149119954
4.922252678253264
4.774934554525329
4.768947173418589
4.8638609002666655
4.481708857758867
4.5197977198732495
