10.509519494249012
8.218880702382776
8.44393273303382
7.736278174936576
6.603029607687671
4.78539444560216
4.716990566028302
4.049691346263317
3.7682887362833544
3.5777087639996634
4.387482193696061
3.40587727318528
3.5496478698597698
3.4641016151377544
3.3090784215548594
3.248076353782343
3.3466401061363023
3.170173496829472
3.0983866769659336
3.2171415884290826
3.0740852297878796
3.1144823004794873
3.170173496829472
3.3090784215548594
3.2015621187164243
3.057776970284131
2.8635642126552705
3.1144823004794873
2.9410882339705484
2.6551836094703507
2.6267851073127395
2.5787593916455256
2.6457513110645907
2.345207879911715
2.6551836094703507
2.8372521918222215
2.819574435974337
3.0495901363953815
2.692582403567252
3.0659419433511785
2.8722813232690143
2.3769728648009427
2.3979157616563596
2.1563858652847827
2.4392621835300936
2.5495097567963922
2.3769728648009427
2.258317958127243
2.4596747752497685
2.202271554554524
2.073644135332772
2.3021728866442674
2.1095023109728985
2.280350850198276
2.5787593916455256
2.6645825188948455
2.3874672772626644
2.3345235059857505
2.4289915602982237
2.7386127875258306
2.6832815729997477
2.16794833886788
2.355843797877949
2.4392621835300936
2.4083189157584592
2.6832815729997477
2.5298221281347035
2.29128784747792
2.16794833886788
2.3130067012440754
2.3769728648009427
2.6076809620810595
2.224859546128699
2.32379000772445
1.9748417658131499
2.1908902300206643
2.0371548787463363
2.0371548787463363
2.1908902300206643
2.1563858652847827
2.073644135332772
2.32379000772445
2.32379000772445
1.9874606914351791
2.16794833886788
1.9235384061671346
1.9493588689617927
2.1563858652847827
2.1095023109728985
2.1908902300206643
2.1908902300206643
2.073644135332772
2.073644135332772
2.0371548787463363
2.16794833886788
2.23606797749979
2.2693611435820435
2.202271554554524
2.1563858652847827
1.9235384061671346
1.8303005217723127
2.0371548787463363
1.9621416870348585
1.8708286933869707
1.9621416870348585
1.8303005217723127
1.70293863659264
1.8027756377319946
1.8708286933869707
1.8708286933869707
1.9874606914351791
1.9493588689617927
2.04939015319192
2.0976176963403033
2.0248456731316584
2.179449471770337
2.1563858652847827
2.073644135332772
1.9364916731037085
2.179449471770337
2.1447610589527217
2.1447610589527217
2.16794833886788
2.1213203435596424
1.9874606914351791
2.224859546128699
2.1213203435596424
2.280350850198276
2.0248456731316584
1.9493588689617927
1.9364916731037085
1.9621416870348585
1.8708286933869707
1.9874606914351791
1.9874606914351791
1.857417562100671
1.91049731745428
1.7175564037317668
1.7175564037317668
1.70293863659264
1.7320508075688772
1.8303005217723127
1.70293863659264
1.7175564037317668
1.6733200530681511
1.6278820596099706
1.6278820596099706
1.6583123951777
1.5811388300841898
1.6431676725154984
1.466287829861518
1.466287829861518
1.5491933384829668
1.5
1.6278820596099706
1.6583123951777
1.61245154965971
1.5811388300841898
1.3416407864998738
1.6431676725154984
1.6733200530681511
1.7748239349298849
1.8027756377319946
1.91049731745428
1.8841443681416772
1.760681686165901
1.6881943016134133
1.746424919657298
1.7320508075688772
1.8027756377319946
1.816590212458495
1.9493588689617927
1.857417562100671
1.746424919657298
1.7888543819998317
1.760681686165901
1.7888543819998317
1.746424919657298
1.6278820596099706
1.6278820596099706
1.70293863659264
1.70293863659264
1.9364916731037085
2.0124611797498106
1.9493588689617927
1.8841443681416772
1.8841443681416772
1.8708286933869707
1.5811388300841898
1.5968719422671311
1.7888543819998317
1.7888543819998317
1.8439088914585775
2.0615528128088303
1.8973665961010275
1.70293863659264
1.6278820596099706
1.91049731745428
2.0124611797498106
2.0248456731316584
1.8841443681416772
1.8841443681416772
2.0
1.9621416870348585
1.9364916731037085
1.8439088914585775
1.8708286933869707
1.9235384061671346
1.8841443681416772
1.8708286933869707
1.8439088914585775
1.8439088914585775
1.6733200530681511
1.6583123951777
1.5652475842498528
1.5968719422671311
1.760681686165901
1.6733200530681511
1.8027756377319946
1.5811388300841898
1.5652475842498528
1.6431676725154984
1.4832396974191326
1.396424004376894
1.396424004376894
1.378404875209022
1.3601470508735443
1.284523257866513
1.3038404810405297
1.3038404810405297
1.284523257866513
1.284523257866513
1.2649110640673518
1.284523257866513
1.2649110640673518
1.2649110640673518
1.224744871391589
1.2449899597988732
1.2041594578792296
1.2041594578792296
1.2649110640673518
1.2449899597988732
1.2449899597988732
1.2449899597988732
1.2449899597988732
1.2449899597988732
1.2449899597988732
1.3038404810405297
1.2449899597988732
1.2449899597988732
1.224744871391589
1.2041594578792296
1.1832159566199232
1.0723805294763609
1.0723805294763609
1.0723805294763609
1.140175425099138
1.1832159566199232
1.2449899597988732
1.224744871391589
1.3416407864998738
1.3228756555322954
1.2649110640673518
1.2649110640673518
1.3038404810405297
1.378404875209022
1.3038404810405297
1.224744871391589
1.2449899597988732
1.2449899597988732
1.3416407864998738
1.2649110640673518
1.3601470508735443
1.3601470508735443
1.3416407864998738
1.284523257866513
1.2649110640673518
1.2649110640673518
1.3038404810405297
1.2649110640673518
1.284523257866513
1.224744871391589
1.2449899597988732
1.3601470508735443
1.224744871391589
1.161895003862225
1.140175425099138
1.2449899597988732
1.140175425099138
1.02469507659596
1.0488088481701516
1.0954451150103321
1.0954451150103321
1.0723805294763609
1.3038404810405297
1.3228756555322954
1.3416407864998738
1.3038404810405297
1.3228756555322954
1.3038404810405297
1.284523257866513
1.224744871391589
1.396424004376894
1.4142135623730951
1.3228756555322954
1.5329709716755893
1.3416407864998738
1.466287829861518
1.396424004376894
1.4832396974191326
1.4317821063276353
1.449137674618944
1.3601470508735443
1.466287829861518
1.3038404810405297
1.396424004376894
1.4317821063276353
1.4832396974191326
1.3416407864998738
1.2649110640673518
1.161895003862225
1.0954451150103321
1.02469507659596
1.0488088481701516
1.0954451150103321
1.0723805294763609
1.0
1.161895003862225
1.140175425099138
1.2449899597988732
1.284523257866513
1.3601470508735443
1.3601470508735443
1.118033988749895
1.161895003862225
1.1832159566199232
1.3038404810405297
1.4142135623730951
1.466287829861518
1.3601470508735443
1.2041594578792296
1.3228756555322954
1.3416407864998738
1.284523257866513
1.2449899597988732
1.2449899597988732
1.3228756555322954
1.3601470508735443
1.3416407864998738
1.2449899597988732
1.5
1.4832396974191326
1.284523257866513
1.2449899597988732
1.284523257866513
1.2449899597988732
1.2041594578792296
1.2041594578792296
1.3228756555322954
1.3228756555322954
1.449137674618944
1.449137674618944
1.396424004376894
1.378404875209022
1.466287829861518
1.449137674618944
1.3601470508735443
1.3416407864998738
1.284523257866513
1.378404875209022
1.3228756555322954
1.140175425099138
1.1832159566199232
1.0488088481701516
1.0723805294763609
1.0
1.02469507659596
1.02469507659596
1.02469507659596
1.0954451150103321
1.0954451150103321
1.2649110640673518
1.2449899597988732
1.1832159566199232
1.140175425099138
1.1832159566199232
1.02469507659596
1.140175425099138
1.02469507659596
1.140175425099138
1.1832159566199232
1.161895003862225
1.2041594578792296
1.1832159566199232
1.161895003862225
1.140175425099138
1.0723805294763609
1.118033988749895
1.140175425099138
1.118033988749895
