4.266145801540309
3.03315017762062
2.3664319132398464
2.0976176963403033
1.61245154965971
1.6733200530681511
1.7888543819998317
1.7320508075688772
1.4832396974191326
2.3664319132398464
1.7320508075688772
2.04939015319192
2.04939015319192
1.9493588689617927
2.6457513110645907
2.280350850198276
2.569046515733026
2.0976176963403033
2.1447610589527217
2.0976176963403033
2.280350850198276
2.9664793948382653
2.9664793948382653
2.8284271247461903
2.898275349237888
2.932575659723036
2.756809750418044
2.7202941017470885
2.8635642126552705
2.756809750418044
2.8635642126552705
2.569046515733026
2.4083189157584592
2.4083189157584592
2.4083189157584592
2.4083189157584592
2.3664319132398464
2.3664319132398464
2.280350850198276
2.280350850198276
2.4083189157584592
2.4083189157584592
2.4083189157584592
2.32379000772445
2.4083189157584592
2.32379000772445
2.32379000772445
2.32379000772445
2.569046515733026
2.569046515733026
2.6076809620810595
2.32379000772445
2.32379000772445
2.32379000772445
2.6076809620810595
2.6076809620810595
2.6076809620810595
2.756809750418044
2.756809750418044
2.6832815729997477
2.6832815729997477
2.6832815729997477
2.6832815729997477
2.6076809620810595
2.32379000772445
2.1908902300206643
2.1908902300206643
2.32379000772445
2.3664319132398464
2.3664319132398464
2.3664319132398464
2.449489742783178
2.449489742783178
2.3664319132398464
2.449489742783178
2.3664319132398464
2.280350850198276
2.0976176963403033
2.280350850198276
2.280350850198276
2.280350850198276
2.280350850198276
2.280350850198276
2.280350850198276
2.280350850198276
2.280350850198276
2.3664319132398464
2.3664319132398464
2.6457513110645907
2.6457513110645907
2.6457513110645907
2.6457513110645907
2.6457513110645907
2.6457513110645907
2.569046515733026
2.569046515733026
2.6457513110645907
2.3664319132398464
2.3664319132398464
2.6457513110645907
2.569046515733026
2.569046515733026
2.6457513110645907
2.6457513110645907
2.6457513110645907
2.3664319132398464
2.280350850198276
2.280350850198276
2.280350850198276
2.280350850198276
2.280350850198276
2.280350850198276
2.280350850198276
2.569046515733026
2.569046515733026
2.569046515733026
2.6832815729997477
2.5298221281347035
2.5298221281347035
2.23606797749979
2.5298221281347035
2.5298221281347035
2.5298221281347035
2.5298221281347035
2.5298221281347035
2.449489742783178
2.449489742783178
2.449489742783178
2.5298221281347035
2.449489742783178
2.6076809620810595
2.449489742783178
2.449489742783178
2.5298221281347035
2.5298221281347035
2.5298221281347035
2.5298221281347035
2.5298221281347035
2.5298221281347035
2.4899799195977463
2.6832815729997477
2.4899799195977463
2.4899799195977463
2.4899799195977463
2.4899799195977463
2.4899799195977463
2.4899799195977463
2.449489742783178
2.5298221281347035
2.7202941017470885
2.6076809620810595
2.6832815729997477
2.7202941017470885
2.7202941017470885
2.792848008753788
2.792848008753788
2.756809750418044
2.7202941017470885
2.7202941017470885
2.6832815729997477
2.6832815729997477
2.6832815729997477
2.6832815729997477
2.6832815729997477
2.6832815729997477
2.7202941017470885
2.6832815729997477
2.756809750418044
2.5298221281347035
2.6832815729997477
2.756809750418044
2.6832815729997477
2.6832815729997477
2.756809750418044
2.756809750418044
2.756809750418044
2.6076809620810595
2.6832815729997477
2.6832815729997477
2.6832815729997477
2.756809750418044
2.756809750418044
2.756809750418044
2.756809750418044
2.756809750418044
2.756809750418044
2.756809750418044
2.5298221281347035
2.5298221281347035
2.6832815729997477
2.5298221281347035
2.6832815729997477
2.792848008753788
2.792848008753788
2.792848008753788
2.9664793948382653
2.932575659723036
2.756809750418044
2.6076809620810595
2.6076809620810595
2.6076809620810595
2.6076809620810595
2.6076809620810595
2.5298221281347035
2.6076809620810595
2.5298221281347035
2.792848008753788
2.6076809620810595
2.6832815729997477
2.6832815729997477
2.6832815729997477
2.6832815729997477
2.6832815729997477
2.792848008753788
2.4899799195977463
2.792848008753788
2.4899799195977463
2.6832815729997477
2.792848008753788
2.6832815729997477
2.792848008753788
2.6076809620810595
2.792848008753788
2.792848008753788
2.4899799195977463
2.6832815729997477
2.792848008753788
2.792848008753788
2.6076809620810595
2.6076809620810595
2.6076809620810595
2.756809750418044
2.756809750418044
2.756809750418044
2.5298221281347035
2.4899799195977463
2.5298221281347035
2.5298221281347035
2.5298221281347035
2.5298221281347035
2.5298221281347035
2.5298221281347035
2.5298221281347035
2.5298221281347035
2.5298221281347035
2.5298221281347035
2.5298221281347035
2.5298221281347035
2.5298221281347035
2.5298221281347035
2.5298221281347035
2.5298221281347035
2.5298221281347035
2.5298221281347035
2.6832815729997477
2.5298221281347035
2.5298221281347035
2.6832815729997477
2.6832815729997477
2.6832815729997477
2.6832815729997477
2.792848008753788
2.792848008753788
2.792848008753788
2.792848008753788
2.792848008753788
2.792848008753788
2.6832815729997477
2.6832815729997477
2.6832815729997477
2.5298221281347035
2.6832815729997477
2.6832815729997477
2.792848008753788
2.756809750418044
2.756809750418044
2.756809750418044
2.756809750418044
2.792848008753788
2.756809750418044
2.756809750418044
2.756809750418044
2.756809750418044
2.756809750418044
2.756809750418044
2.756809750418044
2.756809750418044
2.756809750418044
2.756809750418044
2.792848008753788
2.792848008753788
2.792848008753788
2.756809750418044
2.756809750418044
2.792848008753788
2.792848008753788
2.792848008753788
2.792848008753788
2.792848008753788
2.792848008753788
2.792848008753788
2.792848008753788
2.792848008753788
2.792848008753788
2.792848008753788
2.792848008753788
2.792848008753788
2.792848008753788
2.792848008753788
2.792848008753788
2.792848008753788
2.792848008753788
2.792848008753788
2.792848008753788
2.792848008753788
2.792848008753788
2.792848008753788
2.792848008753788
2.792848008753788
2.792848008753788
2.792848008753788
2.6832815729997477
2.6832815729997477
2.6832815729997477
2.6832815729997477
2.6832815729997477
2.6832815729997477
2.6832815729997477
2.5298221281347035
2.6832815729997477
2.6832815729997477
2.569046515733026
2.6832815729997477
2.6832815729997477
2.6832815729997477
2.569046515733026
2.449489742783178
2.449489742783178
2.449489742783178
2.449489742783178
2.449489742783178
2.449489742783178
2.449489742783178
2.449489742783178
2.449489742783178
2.449489742783178
2.449489742783178
2.449489742783178
2.449489742783178
2.449489742783178
2.569046515733026
2.569046515733026
2.449489742783178
2.449489742783178
2.449489742783178
2.449489742783178
2.569046515733026
2.569046515733026
2.6832815729997477
2.6832815729997477
2.6832815729997477
2.6832815729997477
2.6832815729997477
2.6832815729997477
2.6832815729997477
2.6832815729997477
2.6832815729997477
2.569046515733026
2.569046515733026
2.569046515733026
2.569046515733026
2.569046515733026
2.569046515733026
2.569046515733026
2.569046515733026
2.569046515733026
2.569046515733026
2.569046515733026
2.569046515733026
2.569046515733026
2.569046515733026
2.569046515733026
2.569046515733026
2.569046515733026
2.569046515733026
2.569046515733026
2.569046515733026
2.569046515733026
2.569046515733026
2.569046515733026
2.569046515733026
2.569046515733026
2.569046515733026
2.569046515733026
2.569046515733026
2.569046515733026
2.569046515733026
2.6832815729997477
2.6832815729997477
2.6832815729997477
