1, 5.727128425310541
2, 5.329165037789691
3, 5.385164807134504
4, 5.176871642217914
5, 5.019960159204453
6, 5.019960159204453
7, 5.019960159204453
8, 4.9396356140913875
9, 4.538722287164087
10, 4.669047011971501
15, 3.8987177379235853
20, 3.1937438845342623
25, 2.280350850198276
30, 2.23606797749979
35, 1.9493588689617927
40, 2.04939015319192
45, 2.04939015319192
50, 2.449489742783178
55, 2.0976176963403033
60, 1.9493588689617927
65, 2.280350850198276
70, 2.4083189157584592
75, 2.1908902300206643
80, 2.23606797749979
85, 2.5298221281347035
90, 2.1447610589527217
95, 1.9493588689617927
100, 1.8439088914585775
150, 1.2649110640673518
200, 1.4832396974191326
250, 0.8944271909999159
300, 0.6324555320336759
350, 0.8944271909999159
400, 0.6324555320336759
450, 0.4472135954999579
500, 0.0
550, 1.0
600, 1.0
650, 1.0
700, 1.0954451150103321
750, 1.0
800, 0.6324555320336759
850, 0.0
900, 0.4472135954999579
950, 0.4472135954999579
1000, 0.0
1250, 0.4472135954999579
1500, 0.4472135954999579
1750, 0.0
2000, 0.0
2250, 0.0
2500, 0.4472135954999579
2750, 0.4472135954999579
3000, 0.4472135954999579
3250, 0.4472135954999579
3500, 0.0
3750, 0.0
4000, 0.0
4250, 0.0
4500, 0.0
4750, 0.0
5000, 0.0
5250, 0.0
5500, 0.0
5750, 0.4472135954999579
6000, 0.4472135954999579
6250, 0.4472135954999579
6500, 0.4472135954999579
6750, 0.4472135954999579
7000, 0.4472135954999579
7250, 0.0
7500, 0.4472135954999579
7750, 0.0
8000, 0.4472135954999579
8250, 0.4472135954999579
8500, 0.0
8750, 0.4472135954999579
9000, 0.0
9250, 0.4472135954999579
9500, 0.4472135954999579
9750, 0.4472135954999579
10000, 0.4472135954999579
11000, 0.0
12000, 0.0
13000, 0.0
14000, 0.0
15000, 0.0
16000, 0.0
17000, 0.0
18000, 0.0
19000, 0.0
20000, 0.0
21000, 0.0
22000, 0.0
23000, 0.0
24000, 0.0
25000, 0.0
26000, 0.0
27000, 0.0
28000, 0.0
29000, 0.0
30000, 0.0
31000, 0.0
32000, 0.0
33000, 0.0
34000, 0.0
35000, 0.0
36000, 0.0
37000, 0.0
38000, 0.0
39000, 0.0
40000, 0.0
41000, 0.0
42000, 0.0
43000, 0.0
44000, 0.0
45000, 0.0
46000, 0.0
47000, 0.0
48000, 0.0
49000, 0.0
50000, 0.0
51000, 0.0
52000, 0.0
53000, 0.0
54000, 0.0
55000, 0.0
56000, 0.0
57000, 0.0
58000, 0.0
59000, 0.0
60000, 0.0
61000, 0.0
62000, 0.0
63000, 0.0
64000, 0.0
65000, 0.0
66000, 0.0
67000, 0.0
68000, 0.0
69000, 0.0
70000, 0.0
71000, 0.0
72000, 0.0
73000, 0.0
74000, 0.0
75000, 0.0
76000, 0.0
77000, 0.0
78000, 0.0
79000, 0.0
80000, 0.0
81000, 0.0
82000, 0.0
83000, 0.0
84000, 0.0
85000, 0.0
86000, 0.0
87000, 0.0
88000, 0.0
89000, 0.0
90000, 0.0
91000, 0.0
92000, 0.0
93000, 0.0
94000, 0.0
95000, 0.0
96000, 0.0
97000, 0.0
98000, 0.0
99000, 0.0
100000, 0.0
