1, 68.50048661627643
2, 67.65599258996451
3, 66.7863509009638
4, 65.89056583963038
5, 65.89056583963038
6, 65.04293453814437
7, 65.04293453814437
8, 65.04203768845704
9, 65.04203768845704
10, 65.0415251973691
15, 63.341008306888625
20, 62.531858546930565
25, 62.530259341644616
30, 62.23530616405235
35, 60.666575091505976
40, 59.05999774240881
45, 58.24202377436187
50, 58.2384466367937
55, 58.23787427439295
60, 58.237444998900834
65, 58.23787427439295
70, 57.43663174896894
75, 57.43663174896894
80, 56.483183338052044
85, 55.59496380068972
90, 55.59466401253511
95, 55.58896773041692
100, 55.58881782037343
150, 54.64354185689894
200, 51.77435014882691
250, 50.879596434458215
300, 50.85698903133505
350, 50.85698903133505
400, 50.11370404722977
450, 50.114369196868076
500, 50.08143368554858
550, 49.52827475291261
600, 49.52844300668725
650, 48.68247460157847
700, 48.65353704168554
750, 47.9247674311867
800, 47.92441966263129
850, 47.924245777407215
900, 47.935894692808226
950, 47.972387891369344
1000, 47.972387891369344
1250, 46.93381865279378
1500, 46.93381865279378
1750, 46.18784111285855
2000, 44.9197432465206
2250, 44.96239169202042
2500, 44.13294309998673
2750, 44.10479943649368
3000, 43.107810583852824
3250, 42.598708900622796
3500, 41.371689192812354
3750, 40.3519929288918
4000, 39.3734258944617
4250, 39.199064614690315
4500, 39.16077969942206
4750, 38.49588722621331
5000, 38.264213045612216
5250, 37.97652783847764
5500, 37.32470138304302
5750, 37.32447811646757
6000, 36.40718793498522
6250, 36.4661943906042
6500, 36.4661943906042
6750, 36.48264427550905
7000, 36.29761241000111
7250, 36.121554045564906
7500, 35.742132001323036
7750, 35.262586405424095
8000, 35.268021398050294
8250, 35.26920280735966
8500, 35.14043255283008
8750, 35.40291890037694
9000, 34.935655139126844
9250, 34.0325824272368
9500, 34.0323375629709
9750, 33.5569168230138
10000, 33.08599905297305
11000, 32.89604839490604
12000, 31.33953839268643
13000, 30.93056740507681
14000, 31.03358395888772
15000, 31.406209577088415
16000, 30.644194665004115
17000, 30.42504450832132
18000, 30.64582625198196
19000, 30.50273211806881
20000, 30.35951251255527
21000, 30.481688492164167
22000, 30.753319604014568
23000, 30.114780424236866
24000, 30.29796472812434
25000, 29.511014892748097
26000, 29.566591506856742
27000, 29.330302873762943
28000, 29.106413955232156
29000, 29.229836354884597
30000, 29.182186347153635
31000, 28.993677471706366
32000, 29.219856262480143
33000, 29.55080371157441
34000, 29.70774309839103
35000, 29.737742572921256
36000, 29.651025839477008
37000, 29.629658564800685
38000, 29.86915912218934
39000, 29.796252560794734
40000, 29.549111661774198
41000, 29.6968011745373
42000, 30.152943471575043
43000, 30.25557799811466
44000, 30.204028428892283
45000, 30.26494121366613
46000, 30.22774663561058
47000, 30.1802915824218
48000, 30.2709982216202
49000, 30.138568866708543
50000, 29.97665758552811
51000, 29.688662257950703
52000, 29.462688268384472
53000, 29.190466480228324
54000, 28.82186669874108
55000, 28.984766113713366
56000, 28.750362316557567
57000, 28.43589281172652
58000, 28.77440992734111
59000, 28.305476501906835
60000, 28.126796238936752
61000, 28.047578623950173
62000, 27.84001915708153
63000, 27.961580785070076
64000, 28.03004340584105
65000, 27.89145627846157
66000, 28.042824394129774
67000, 28.062430400804562
68000, 28.447612670779012
69000, 28.35900797512729
70000, 28.060351625261813
71000, 28.18391976523729
72000, 28.419183661745105
73000, 28.49210416940104
74000, 28.645534846929753
75000, 28.831695521884708
76000, 28.90184538514222
77000, 28.68303796090412
78000, 28.769486149970305
79000, 28.943623362207664
80000, 28.81058833137567
81000, 28.8299612671725
82000, 28.76716878665678
83000, 28.65077078660654
84000, 28.946790265358725
85000, 28.979015396202357
86000, 28.630985545966336
87000, 28.785123472608788
88000, 28.8464324772868
89000, 28.87357500091274
90000, 28.99540193432975
91000, 29.08894406242115
92000, 28.780201528133883
93000, 28.991952906510683
94000, 29.116432931708285
95000, 28.85885190601548
96000, 28.843254555152637
97000, 28.709754439911183
98000, 28.52396653108867
99000, 28.476013297744707
100000, 28.425047639948353
