1, 63.41049525978258
2, 62.58695768870119
3, 62.10109060673133
4, 62.08703568378829
5, 61.54480998722505
6, 60.86572404593873
7, 60.86079496388758
8, 60.11685590278623
9, 59.520508306724906
10, 58.71673139280273
15, 55.81137062381725
20, 53.51210568222348
25, 52.375913964687655
30, 51.260298300128746
35, 50.17732193295729
40, 48.48729918048831
45, 46.678007280049606
50, 44.7337578447093
55, 43.17132886955921
60, 42.13786895418419
65, 40.74644435128944
70, 38.06740433398727
75, 36.81600442495331
80, 37.080992435478315
85, 36.60476869082895
90, 35.9231502971653
95, 34.71232424579856
100, 34.16537322015856
150, 30.129417820160718
200, 26.061814630186092
250, 22.042520891965314
300, 21.721376149272444
350, 20.143124249863885
400, 18.865553024205013
450, 17.64240758668004
500, 17.227356680054495
550, 17.21943933201923
600, 15.955050497056924
650, 15.802186269915024
700, 15.049614915037164
750, 15.04055124715121
800, 14.962984631780824
850, 14.748805806819504
900, 14.087389589790774
950, 13.592778831557451
1000, 13.64551208273255
1250, 12.799147698897057
1500, 10.992559467037859
1750, 10.289447374505945
2000, 9.803524412632985
2250, 9.459963482535706
2500, 9.179027478689965
2750, 9.167134974263423
3000, 9.076443035783246
3250, 8.168676314267369
3500, 7.995453253398004
3750, 7.941833999318248
4000, 7.3805641568058515
4250, 7.246315678266502
4500, 7.104416040233517
4750, 6.706848602869919
5000, 6.558824728423669
5250, 6.507338514742763
5500, 5.94367501864568
5750, 5.776126415136391
6000, 5.7255408636929825
6250, 5.6520310106593135
6500, 5.704862359904448
6750, 5.341092840166021
7000, 5.308655025693248
7250, 4.546727094595328
7500, 4.371394618321585
7750, 4.227614844416089
8000, 4.236207566379927
8250, 4.203894298472224
8500, 4.229764661409555
8750, 3.7923367706228546
9000, 3.7682887362833544
9250, 3.709937514788674
9500, 3.7001228480834376
9750, 3.3709993123162105
10000, 3.4324653212841323
11000, 3.2501748204729486
12000, 3.3056425589093457
13000, 3.1766191290283907
14000, 3.039138633949369
15000, 3.0
16000, 2.969542358374741
17000, 2.8793938756115134
18000, 2.8025961989814827
19000, 2.656039430156385
20000, 2.6696952498876585
21000, 2.5334130768948473
22000, 2.347145267999173
23000, 2.3198746047616843
24000, 2.1784064233871843
25000, 2.1908902300206643
26000, 2.1616492020508953
27000, 2.1447610589527217
28000, 2.1105794120443453
29000, 1.9908883353006928
30000, 1.8537431419599741
31000, 1.8389720448713138
32000, 1.8389720448713138
33000, 1.8732567653930705
34000, 2.0
35000, 1.9021518914592015
36000, 1.8439088914585775
37000, 1.8140862964338524
38000, 1.868397465987655
39000, 1.8439088914585775
40000, 1.824081337899362
41000, 1.824081337899362
42000, 1.589739830057965
43000, 1.4770978917519928
44000, 1.543314025666255
45000, 1.513574937328539
46000, 1.572490786213793
47000, 1.6292775867068985
48000, 1.61245154965971
49000, 1.6348477827391983
50000, 1.662418829187267
51000, 1.61245154965971
52000, 1.6348477827391983
53000, 1.6569413222726221
54000, 1.5840110192454184
55000, 1.5608855295516184
56000, 1.5608855295516184
57000, 1.618079669911781
58000, 1.6787441193290353
59000, 1.5075567228888183
60000, 1.667878347427708
61000, 1.6348477827391983
62000, 1.7735429358926007
63000, 1.6787441193290353
64000, 1.684150716641369
65000, 1.694912172570388
66000, 1.7002673586554236
67000, 1.6459316234555155
68000, 1.662418829187267
69000, 1.6068037160207784
70000, 1.4459976109624424
71000, 1.4459976109624424
72000, 1.4522709489247896
73000, 1.4709304414677002
74000, 1.464737022627115
75000, 1.433368568981982
76000, 1.4522709489247896
77000, 1.464737022627115
78000, 1.3280197150781925
79000, 1.300349603340998
80000, 1.3211565181516327
81000, 1.2862913567871994
82000, 1.2504544628399563
83000, 1.2720777563426766
84000, 1.348399724926484
85000, 1.348399724926484
86000, 1.3280197150781925
87000, 1.3551249523064788
88000, 1.3551249523064788
89000, 1.4142135623730951
90000, 1.4206272622267313
91000, 1.4206272622267313
92000, 1.5075567228888183
93000, 1.5015143870590966
94000, 1.4585173044131932
95000, 1.464737022627115
96000, 1.4585173044131932
97000, 1.4709304414677002
98000, 1.4709304414677002
99000, 1.4893561757289013
100000, 1.464737022627115
