1, 34.54465708808431
2, 34.54465708808431
3, 34.279731620886416
4, 33.89247704137306
5, 33.379634509682695
6, 33.06256695015276
7, 33.01363354736949
8, 32.18695387886216
9, 31.676489704511134
10, 31.478034669697323
15, 30.163443658397714
20, 29.036758313099163
25, 28.098042636454235
30, 26.284976697726023
35, 24.59335953734937
40, 24.20743687382041
45, 23.40939982143925
50, 22.71783440383348
55, 21.171521752895643
60, 20.058248511107177
65, 19.32787279207587
70, 19.08053108974346
75, 18.731435253783054
80, 18.334848422244093
85, 17.659747072556467
90, 17.506189381663464
95, 16.837458240482736
100, 16.243973241379916
150, 13.24009063413087
200, 11.727460651536347
250, 10.276186062932103
300, 9.38793552030122
350, 8.457738074292283
400, 7.9498427657407165
450, 7.840068026915753
500, 7.617961232070779
550, 7.011894655987543
600, 7.185633815700139
650, 6.947421584060281
700, 6.787242935586339
750, 6.605553219324883
800, 6.605553219324883
850, 6.475595210738032
900, 6.18869937870632
950, 5.921711464320654
1000, 5.836665714829544
1250, 4.898979485566356
1500, 4.479583313955291
1750, 4.090639721771319
2000, 3.763863263545405
2250, 3.8858718455450894
2500, 3.637764881535547
2750, 3.5402448126271344
3000, 3.9200340134578764
3250, 3.669695718539436
3500, 3.5166271719741156
3750, 3.492849839314596
4000, 3.4641016151377544
4250, 3.3366650016645862
4500, 3.331666249791536
4750, 3.0767948691238205
5000, 2.8343135559308417
5250, 2.9154759474226504
5500, 2.7507574714370344
5750, 2.8343135559308417
6000, 2.6457513110645907
6250, 2.6394443859772205
6500, 2.701851217221259
6750, 2.851899951494325
7000, 2.6331223544175333
7250, 2.5298221281347035
7500, 2.8284271247461903
7750, 2.6832815729997477
8000, 2.581988897471611
8250, 2.7628487713469467
8500, 2.695675549220764
8750, 2.6832815729997477
9000, 2.5298221281347035
9250, 2.516611478423583
9500, 2.345207879911715
9750, 2.588435821108957
10000, 2.5298221281347035
11000, 2.54296414970142
12000, 2.6267851073127395
13000, 2.701851217221259
14000, 2.422120283277993
15000, 2.1525179054617256
16000, 2.160246899469287
17000, 2.0330600909302543
18000, 2.2135943621178655
19000, 2.2135943621178655
20000, 2.0330600909302543
21000, 2.065591117977289
22000, 2.37346441585572
23000, 2.309401076758503
24000, 2.1291625896895083
25000, 2.1213203435596424
26000, 2.1756225162774294
27000, 2.0816659994661326
28000, 1.9407902170679516
29000, 1.760681686165901
30000, 2.1984843263788196
31000, 1.7416467303484175
32000, 1.632993161855452
33000, 1.632993161855452
34000, 1.5811388300841898
35000, 1.816590212458495
36000, 1.7888543819998317
37000, 1.7126976771553504
38000, 1.8073922282301278
39000, 1.8073922282301278
40000, 1.798147194568157
41000, 1.6832508230603465
42000, 1.7511900715418263
43000, 1.6431676725154984
44000, 1.7416467303484175
45000, 1.7888543819998317
46000, 1.798147194568157
47000, 1.798147194568157
48000, 1.6832508230603465
49000, 1.7795130420052185
50000, 1.6431676725154984
51000, 1.6431676725154984
52000, 1.632993161855452
53000, 1.7126976771553504
54000, 1.7511900715418263
55000, 1.6931233465600393
56000, 1.66332999331662
57000, 1.6931233465600393
58000, 1.6832508230603465
59000, 1.8073922282301278
60000, 1.8073922282301278
61000, 1.7416467303484175
62000, 2.008316044185609
63000, 1.9748417658131499
64000, 1.8073922282301278
65000, 1.8257418583505538
66000, 1.7701224063135672
67000, 1.8257418583505538
68000, 1.760681686165901
69000, 1.7126976771553504
70000, 1.760681686165901
71000, 1.8073922282301278
72000, 1.7888543819998317
73000, 1.8439088914585775
74000, 1.7795130420052185
75000, 1.7795130420052185
76000, 1.7795130420052185
77000, 1.798147194568157
78000, 1.816590212458495
79000, 1.70293863659264
80000, 1.5491933384829668
81000, 1.4259499757471625
82000, 1.4719601443879744
83000, 1.4944341180973264
84000, 1.4719601443879744
85000, 1.51657508881031
86000, 1.591644851508443
87000, 1.5811388300841898
88000, 1.4375905768565218
89000, 1.505545305418162
90000, 1.4142135623730951
91000, 1.3038404810405297
92000, 1.3165611772087666
93000, 1.3165611772087666
94000, 1.3662601021279464
95000, 1.2649110640673518
96000, 1.2110601416389966
97000, 1.1832159566199232
98000, 1.1547005383792515
99000, 1.3038404810405297
100000, 1.1972189997378648
