1, 7.469939758793239
2, 8.734169352933014
3, 11.385454379539336
4, 11.385454379539336
5, 11.367874534343324
6, 13.269729246887982
7, 13.269729246887982
8, 13.478024441925562
9, 13.478024441925562
10, 13.424923516674925
15, 14.975217623031154
20, 15.53061492665374
25, 14.96567501222142
30, 14.784161409137434
35, 16.809011188730203
40, 16.39512122553536
45, 16.261259835220994
50, 16.47769054553112
55, 16.01784718903975
60, 16.176702824918134
65, 15.861904047118681
70, 15.10912685384944
75, 14.64337978161365
80, 14.124952591576571
85, 14.044826195334098
90, 14.60528280158538
95, 14.24580138647374
100, 13.965263027547008
150, 12.41427749465452
200, 11.322543883774529
250, 10.291466645443968
300, 9.755584481281918
350, 9.335033858688309
400, 8.74887747901736
450, 8.52726718909908
500, 7.525195773438152
550, 6.8868404532536855
600, 6.650456482721425
650, 5.865151319446072
700, 5.503245795502349
750, 5.503245795502349
800, 5.578018081208209
850, 5.752018279327204
900, 5.669467095138408
950, 5.508435090191872
1000, 5.326483696720433
1250, 5.19065093633324
1500, 4.9106298694043025
1750, 4.672105673951674
2000, 4.548155041960892
2250, 3.9169959334746753
2500, 4.252730215486786
2750, 4.188419408662073
3000, 3.7109875466550104
3250, 3.537553634121427
3500, 3.2732683535398857
3750, 3.1712998686883673
4000, 2.8030595529069404
4250, 3.0142518616920992
4500, 3.1213550171131033
4750, 2.971291205616075
5000, 2.971291205616075
5250, 2.7825989906663056
5500, 2.7979584393931636
5750, 2.699206232527312
6000, 2.6186146828319083
6250, 2.585674822114004
6500, 2.5298221281347035
6750, 2.6240644591385873
7000, 2.5298221281347035
7250, 2.4319304501333328
7500, 2.305273457593635
7750, 2.32992949004287
8000, 2.29906813420444
8250, 2.501428163498376
8500, 2.3603873774083293
8750, 2.280350850198276
9000, 2.197401062294143
9250, 2.2866069685390684
9500, 2.2038926600773587
9750, 2.138089935299395
10000, 2.2038926600773587
11000, 2.1246848505803664
12000, 2.2551528297909846
13000, 2.2866069685390684
14000, 2.4083189157584592
15000, 2.164651077128664
16000, 2.3543273227945902
17000, 2.104417123236605
18000, 2.0770858707058104
19000, 2.0701966780270626
20000, 1.9784553859730358
21000, 1.985662897587892
22000, 1.9784553859730358
23000, 1.7888543819998317
24000, 1.8822478962286404
25000, 1.927248223318863
26000, 1.9048809486609468
27000, 2.0976176963403033
28000, 1.9048809486609468
29000, 2.007130147392398
30000, 2.0213149892370277
31000, 1.740279123753264
32000, 1.6903085094570331
33000, 1.3938641048743392
34000, 1.647508942095828
35000, 1.6212869667555552
36000, 1.3938641048743392
37000, 1.3201731488169053
38000, 1.1588171308956141
39000, 1.2071217242444348
40000, 1.230563169563316
41000, 1.4342743312012722
42000, 1.3522468075656264
43000, 1.4442002235542986
44000, 1.3093073414159542
45000, 1.4040757000349275
46000, 1.3938641048743392
47000, 1.3835771443203715
48000, 1.4638501094227998
49000, 1.4638501094227998
50000, 1.424279266355945
51000, 1.2649110640673518
52000, 1.2421180068162376
53000, 1.218898800440088
54000, 1.230563169563316
55000, 1.2761549390929883
56000, 1.3732131246511903
57000, 1.1588171308956141
58000, 1.1832159566199232
59000, 1.1710800875382399
60000, 1.0954451150103321
61000, 1.0690449676496976
62000, 1.1084094137869043
63000, 1.082325538564332
64000, 1.2535663410560174
65000, 1.1710800875382399
66000, 1.2535663410560174
67000, 1.2649110640673518
68000, 1.2873006086935783
69000, 1.1832159566199232
70000, 1.2071217242444348
71000, 0.9856107606091623
72000, 0.9710083124552245
73000, 0.9710083124552245
74000, 0.9856107606091623
75000, 0.9561828874675149
76000, 1.0
77000, 0.9561828874675149
78000, 1.0690449676496976
79000, 1.0281745265969475
80000, 1.0690449676496976
81000, 1.0555973258234952
82000, 1.01418510567422
83000, 0.9258200997725514
84000, 0.8783100656536799
85000, 0.9710083124552245
86000, 1.1084094137869043
87000, 1.0555973258234952
88000, 0.8783100656536799
89000, 0.9411239481143202
90000, 1.0
91000, 1.0
92000, 1.0
93000, 0.9258200997725514
94000, 0.8783100656536799
95000, 0.828078671210825
96000, 0.8783100656536799
97000, 0.8944271909999159
98000, 0.828078671210825
99000, 0.8618916073713346
100000, 0.8618916073713346
