1, 33.80285983956585
2, 33.064583267699994
3, 33.06256695015276
4, 33.06256695015276
5, 32.51717494904295
6, 31.606961258558215
7, 30.95588258581342
8, 30.251721714088713
9, 30.231881626300847
10, 30.235740440743303
15, 29.202739597510366
20, 27.245183060497133
25, 25.64371267971937
30, 25.628109567426154
35, 24.403551654079642
40, 23.351659469939175
45, 21.841855843006257
50, 20.83666640004266
55, 19.657059800488984
60, 18.78563280807969
65, 18.484227510682363
70, 17.856838092637418
75, 17.85590471898115
80, 17.872697986966973
85, 17.840029895341168
90, 17.28004629623428
95, 16.92926460304759
100, 16.729215960907034
150, 13.92838827718412
200, 11.73740459670138
250, 10.59087657687817
300, 9.439279633531363
350, 8.23609940040389
400, 7.598245411496876
450, 7.307530362578044
500, 7.438637868140466
550, 7.252585745787498
600, 6.700746227100382
650, 6.342975116877989
700, 5.946988033169957
750, 5.890670590009257
800, 5.7067211835402185
850, 5.70087712549569
900, 5.138093031466052
950, 4.9564772436345015
1000, 5.02327914149048
1250, 4.802776974487434
1500, 4.468407620916725
1750, 4.33589667773576
2000, 4.460941604639093
2250, 3.5777087639996634
2500, 3.478505426185217
2750, 3.825354014118606
3000, 3.478505426185217
3250, 3.669695718539436
3500, 4.171330722922842
3750, 4.163331998932265
4000, 3.8297084310253524
4250, 3.8384024454626084
4500, 3.6101708177499487
4750, 3.366501646120693
5000, 3.2197308376115337
5250, 3.366501646120693
5500, 3.468909530866052
5750, 3.5308167138307627
6000, 3.5071355833500366
6250, 3.022140521771503
6500, 3.0495901363953815
6750, 3.0983866769659336
7000, 2.780887148615228
7250, 2.9776948578836393
7500, 3.0767948691238205
7750, 3.1304951684997055
8000, 2.869378562220979
8250, 2.7325202042558927
8500, 2.701851217221259
8750, 2.7141603981096374
9000, 2.6708300832013507
9250, 2.4289915602982237
9500, 2.4289915602982237
9750, 2.6076809620810595
10000, 2.581988897471611
11000, 2.3874672772626644
12000, 2.581988897471611
13000, 2.1908902300206643
14000, 2.2135943621178655
15000, 2.516611478423583
16000, 2.228601953392904
17000, 2.345207879911715
18000, 2.496664441476534
19000, 2.496664441476534
20000, 2.37346441585572
21000, 2.250925735484551
22000, 2.1756225162774294
23000, 2.250925735484551
24000, 2.0816659994661326
25000, 1.9916492328386208
26000, 1.70293863659264
27000, 1.6733200530681511
28000, 1.7126976771553504
29000, 1.816590212458495
30000, 1.834847859269718
31000, 1.798147194568157
32000, 1.7888543819998317
33000, 1.760681686165901
34000, 1.7511900715418263
35000, 1.7224014243685084
36000, 1.6532795690182993
37000, 1.6020819787597222
38000, 1.5491933384829668
39000, 1.505545305418162
40000, 1.5383974345619102
41000, 1.51657508881031
42000, 1.5383974345619102
43000, 1.5811388300841898
44000, 1.5275252316519468
45000, 1.4142135623730951
46000, 1.505545305418162
47000, 1.449137674618944
48000, 1.505545305418162
49000, 1.449137674618944
50000, 1.4719601443879744
51000, 1.5383974345619102
52000, 1.4605934866804429
53000, 1.3416407864998738
54000, 1.378404875209022
55000, 1.3416407864998738
56000, 1.4259499757471625
57000, 1.3165611772087666
58000, 1.2516655570345725
59000, 1.3291601358251257
60000, 1.390443574307614
61000, 1.3662601021279464
62000, 1.3291601358251257
63000, 1.2780193008453875
64000, 1.2909944487358056
65000, 1.2909944487358056
66000, 1.2110601416389966
67000, 1.1690451944500122
68000, 1.0801234497346435
69000, 1.1254628677422756
70000, 1.0801234497346435
71000, 1.1690451944500122
72000, 1.1832159566199232
73000, 1.1832159566199232
74000, 1.1832159566199232
75000, 1.1832159566199232
76000, 1.2382783747337807
77000, 1.224744871391589
78000, 1.0801234497346435
79000, 1.1547005383792515
80000, 1.1547005383792515
81000, 1.1547005383792515
82000, 1.0801234497346435
83000, 1.1105554165971787
84000, 1.1832159566199232
85000, 1.1832159566199232
86000, 1.1690451944500122
87000, 1.2516655570345725
88000, 1.2516655570345725
89000, 1.1972189997378648
90000, 1.2382783747337807
91000, 1.224744871391589
92000, 1.0327955589886444
93000, 1.0327955589886444
94000, 1.0954451150103321
95000, 0.983192080250175
96000, 1.0
97000, 1.0488088481701516
98000, 1.0
99000, 1.1254628677422756
100000, 1.0801234497346435
