1, 28.515960443232487
2, 27.725078899797563
3, 27.465614866592738
4, 27.30567706540162
5, 26.670583045745364
6, 26.390149677483834
7, 25.49745085297744
8, 24.535688292770594
9, 24.596747752497688
10, 23.848689691469424
15, 23.103246525109842
20, 21.498837177856853
25, 20.62328780771873
30, 18.18460887673969
35, 18.33248482884958
40, 17.297398648351724
45, 16.64091343646736
50, 16.05864253291666
55, 15.308820986607689
60, 14.653327267211361
65, 13.521834195108296
70, 12.625371281669304
75, 12.66017377447877
80, 11.953242237987148
85, 11.672189169131899
90, 11.637869220780924
95, 10.919706955774958
100, 10.63202708800161
150, 10.203920815059279
200, 8.9509776002401
250, 8.07465169527454
300, 7.906958960308319
350, 7.547184905645283
400, 7.08801805866774
450, 6.907966415668217
500, 6.486909896090742
550, 6.2960304954788775
600, 6.190315016216864
650, 5.709640969448079
700, 5.582114294781145
750, 5.699122739510003
800, 5.546169849544819
850, 5.436910887627275
900, 5.192301994298868
950, 5.3065996645686395
1000, 5.067543783727971
1250, 3.687817782917155
1500, 3.8262252939417984
1750, 3.560898762952971
2000, 3.847076812334269
2250, 3.605551275463989
2500, 3.1937438845342623
2750, 3.340658617698013
3000, 2.8844410203711917
3250, 3.0983866769659336
3500, 3.352610922848042
3750, 2.9933259094191533
4000, 2.7129319932501073
4250, 3.0066592756745814
4500, 2.90516780926679
4750, 2.705549851693737
5000, 2.7422618401604177
5250, 2.5219040425836985
5500, 2.4413111231467406
5750, 2.5768197453450252
6000, 2.3664319132398464
6250, 2.349468024894146
6500, 2.3323807579381204
6750, 2.2
7000, 1.9798989873223332
7250, 1.8867962264113207
7500, 1.98997487421324
7750, 1.9390719429665315
8000, 2.0591260281974
8250, 1.8110770276274832
8500, 1.98997487421324
8750, 1.865475810617763
9000, 1.969771560359221
9250, 1.8
9500, 1.61245154965971
9750, 1.624807680927192
10000, 1.7320508075688772
11000, 1.4966629547095767
12000, 1.42828568570857
13000, 1.4560219778561037
14000, 1.469693845669907
15000, 1.7320508075688772
16000, 1.4422205101855958
17000, 1.3114877048604001
18000, 1.3416407864998738
19000, 1.2649110640673518
20000, 1.3564659966250536
21000, 1.3114877048604001
22000, 1.296148139681572
23000, 1.2165525060596438
24000, 1.2806248474865698
25000, 1.1489125293076057
26000, 1.131370849898476
27000, 1.0392304845413265
28000, 1.019803902718557
29000, 1.0392304845413265
30000, 1.0770329614269007
31000, 1.1661903789690602
32000, 1.2165525060596438
33000, 1.1661903789690602
34000, 1.1661903789690602
35000, 1.131370849898476
36000, 1.0
37000, 1.019803902718557
38000, 0.9797958971132712
39000, 1.0392304845413265
40000, 0.8717797887081347
41000, 0.8717797887081347
42000, 0.8717797887081347
43000, 0.938083151964686
44000, 0.8717797887081347
45000, 1.0392304845413265
46000, 0.8944271909999159
47000, 0.8717797887081347
48000, 0.7745966692414834
49000, 0.8
50000, 0.8944271909999159
51000, 1.0392304845413265
52000, 0.9591663046625439
53000, 1.0583005244258363
54000, 0.938083151964686
55000, 0.9797958971132712
56000, 0.848528137423857
57000, 0.7483314773547883
58000, 0.7483314773547883
59000, 0.6633249580710799
60000, 0.7483314773547883
61000, 0.6633249580710799
62000, 0.6324555320336759
63000, 0.6633249580710799
64000, 0.6633249580710799
65000, 0.6633249580710799
66000, 0.6633249580710799
67000, 0.8246211251235321
68000, 0.848528137423857
69000, 0.8246211251235321
70000, 0.8246211251235321
71000, 0.6633249580710799
72000, 0.6324555320336759
73000, 0.6324555320336759
74000, 0.6324555320336759
75000, 0.6324555320336759
76000, 0.6324555320336759
77000, 0.6324555320336759
78000, 0.6324555320336759
79000, 0.6633249580710799
80000, 0.6324555320336759
81000, 0.6633249580710799
82000, 0.6633249580710799
83000, 0.6633249580710799
84000, 0.6633249580710799
85000, 0.5291502622129182
86000, 0.4898979485566356
87000, 0.565685424949238
88000, 0.6
89000, 0.6
90000, 0.7483314773547883
91000, 0.6324555320336759
92000, 0.565685424949238
93000, 0.6
94000, 0.6324555320336759
95000, 0.6
96000, 0.6
97000, 0.6
98000, 0.6
99000, 0.6
100000, 0.6
