1, 22.22611077089287
2, 21.37755832643195
3, 21.376388843768723
4, 21.376388843768723
5, 20.90813238909683
6, 20.896171898220974
7, 20.03746490951388
8, 20.03871253349376
9, 19.200260414900626
10, 19.198958305074783
15, 17.522842235208305
20, 17.53425219392033
25, 16.764545922869488
30, 16.773490990250064
35, 16.76603709884957
40, 16.76603709884957
45, 16.059265238484603
50, 16.054594358002323
55, 16.04836440264241
60, 16.051479682571323
65, 16.049922118191105
70, 16.046806535881213
75, 16.049922118191105
80, 15.152557539900648
85, 15.149257407543116
90, 15.149257407543116
95, 15.145956556124146
100, 15.145956556124146
150, 14.609928131240071
200, 14.609928131240071
250, 13.840158958624716
300, 13.141537200799608
350, 13.141537200799608
400, 12.167579874403948
450, 12.163469899662678
500, 12.155245781143218
550, 12.080976781701056
600, 12.083045973594572
650, 12.083045973594572
700, 12.078907235342111
750, 12.078907235342111
800, 12.078907235342111
850, 12.078907235342111
900, 12.091319200153471
950, 12.095453691366853
1000, 12.105783741666626
1250, 12.09958676980334
1500, 10.805091392487155
1750, 10.49047186736612
2000, 10.41633332799983
2250, 10.111874208078342
2500, 10.111874208078342
2750, 10.114346246792227
3000, 10.207840124139876
3250, 10.334408546211051
3500, 10.469001862641921
3750, 10.380269746013347
4000, 10.461835403025608
4250, 10.305338422390601
4500, 9.984988733093292
4750, 9.77496803063826
5000, 9.583840566286565
5250, 9.396807968666806
5500, 9.578622030334008
5750, 9.70051545022222
6000, 8.986100377805714
6250, 8.651589449343975
6500, 8.891006692158093
6750, 8.602325267042627
7000, 8.33966426182733
7250, 8.300602387778854
7500, 8.429116205154607
7750, 8.45872330792301
8000, 8.45872330792301
8250, 8.806247782114696
8500, 7.92464510246358
8750, 8.034301463101817
9000, 8.215838362577491
9250, 7.1449282711585
9500, 7.37563556583431
9750, 7.661592523751182
10000, 7.771743691090179
11000, 8.324662155306964
12000, 8.224962005991275
13000, 8.324662155306964
14000, 7.677890335241837
15000, 7.5398938984577235
16000, 7.33143914930759
17000, 8.139410298049853
18000, 8.417244204607586
19000, 7.990619500389191
20000, 8.024961059095553
21000, 8.018728078691781
22000, 7.797435475847171
23000, 7.813449942247022
24000, 7.563068160475615
25000, 7.463243262818116
26000, 7.807048097712733
27000, 7.739509028355739
28000, 7.483314773547883
29000, 7.6583287994183165
30000, 6.928203230275509
31000, 7.046275611981127
32000, 7.0285133563222315
33000, 7.060453243241541
34000, 6.708203932499369
35000, 6.519202405202649
36000, 6.674578638386096
37000, 6.340346993658944
38000, 6.640783086353597
39000, 6.264982043070834
40000, 5.903388857258177
41000, 6.252999280345393
42000, 5.8779248038742375
43000, 5.9455865984779
44000, 5.974947698515862
45000, 5.683308895353129
46000, 5.852349955359813
47000, 5.822370651203855
48000, 6.103277807866851
49000, 6.41482657598785
50000, 6.461423991660043
51000, 6.3796551630946325
52000, 6.410928169929843
53000, 6.511528238439882
54000, 6.51536645170477
55000, 7.067531393633848
56000, 6.895650803223725
57000, 6.848357467305573
58000, 6.745368781616021
59000, 6.59545297913646
60000, 6.726812023536855
61000, 6.866585760041158
62000, 6.9390201037322266
63000, 6.895650803223725
64000, 6.877499545619759
65000, 6.942621983083913
66000, 6.935416353759881
67000, 6.841052550594828
68000, 6.711929677819934
69000, 6.815423684555495
70000, 6.4265076052238514
71000, 6.507687761409578
72000, 6.629479617586889
73000, 6.545991139621257
74000, 6.9390201037322266
75000, 6.453681120105021
76000, 6.058052492344384
77000, 6.723094525588644
78000, 6.855654600401044
79000, 6.800735254367722
80000, 6.985699678629192
81000, 7.211102550927978
82000, 6.663332499583072
83000, 6.51536645170477
84000, 6.473020933072903
85000, 6.5383484153110105
86000, 6.54217089351845
87000, 6.640783086353597
88000, 6.430396566309111
89000, 6.387487769068525
90000, 6.473020933072903
91000, 6.652067347825035
92000, 7.102816342831906
93000, 6.711929677819934
94000, 6.719374970932936
95000, 6.606814663663572
96000, 6.5840716885526085
97000, 6.5840716885526085
98000, 6.48074069840786
99000, 6.576473218982953
100000, 6.534523701081817
