9.041570660012562
7.446475676452586
8.127115109311545
7.172865536171719
6.024948132556827
4.806245936279167
4.266145801540309
4.43846820423443
4.685082710048992
5.343220002957018
4.893873721296862
4.2895221179054435
4.272001872658765
3.8078865529319543
4.049691346263317
3.7013511046643495
3.63318042491699
3.924283374069717
3.987480407475377
3.8144462245521304
3.714835124201342
3.4132096331752027
3.3391615714128
3.3015148038438356
3.3015148038438356
3.3391615714128
3.2171415884290826
2.898275349237888
3.0659419433511785
2.8722813232690143
2.819574435974337
2.5199206336708304
2.569046515733026
2.8635642126552705
2.569046515733026
2.6076809620810595
2.4392621835300936
2.6457513110645907
2.5495097567963922
2.479919353527449
2.32379000772445
2.539685019840059
2.1095023109728985
2.5099800796022267
2.3130067012440754
2.4899799195977463
2.4698178070456938
2.2693611435820435
2.6457513110645907
2.711088342345192
2.5495097567963922
2.6172504656604803
2.8722813232690143
2.792848008753788
2.7294688127912363
2.4596747752497685
2.701851217221259
2.4186773244895647
2.569046515733026
2.588435821108957
2.588435821108957
2.3979157616563596
2.258317958127243
1.9874606914351791
2.1213203435596424
2.2693611435820435
2.280350850198276
2.4186773244895647
2.6457513110645907
2.5
2.6267851073127395
2.4289915602982237
2.4083189157584592
2.073644135332772
1.9874606914351791
2.0248456731316584
2.247220505424423
2.4083189157584592
2.1095023109728985
2.539685019840059
2.4899799195977463
2.6457513110645907
2.1330729007701543
2.7202941017470885
2.4698178070456938
2.179449471770337
2.179449471770337
1.7175564037317668
1.8303005217723127
2.04939015319192
1.91049731745428
1.9748417658131499
1.857417562100671
1.7888543819998317
1.816590212458495
1.746424919657298
1.8841443681416772
1.760681686165901
1.7888543819998317
1.7175564037317668
1.7320508075688772
1.6278820596099706
1.8027756377319946
1.8708286933869707
1.91049731745428
1.746424919657298
1.7175564037317668
1.8303005217723127
1.760681686165901
1.9235384061671346
1.7888543819998317
1.5968719422671311
1.4317821063276353
1.5968719422671311
1.51657508881031
1.5
1.5968719422671311
1.61245154965971
1.61245154965971
1.70293863659264
1.5968719422671311
1.5
1.3416407864998738
1.3038404810405297
1.3228756555322954
1.5652475842498528
1.6881943016134133
1.4142135623730951
1.396424004376894
1.5
1.4832396974191326
1.5968719422671311
1.760681686165901
1.6881943016134133
1.6278820596099706
1.5811388300841898
1.5329709716755893
1.6431676725154984
1.61245154965971
1.5329709716755893
1.5
1.6278820596099706
1.6881943016134133
1.449137674618944
1.70293863659264
1.3601470508735443
1.378404875209022
1.466287829861518
1.3601470508735443
1.378404875209022
1.3416407864998738
1.3416407864998738
1.284523257866513
1.51657508881031
1.5811388300841898
1.5491933384829668
1.5652475842498528
1.61245154965971
1.4832396974191326
1.5811388300841898
1.61245154965971
1.5
1.51657508881031
1.61245154965971
1.5329709716755893
1.51657508881031
1.4832396974191326
1.5329709716755893
1.51657508881031
1.3601470508735443
1.5491933384829668
1.396424004376894
1.466287829861518
1.4142135623730951
1.2449899597988732
1.378404875209022
1.5
1.466287829861518
1.51657508881031
1.51657508881031
1.6733200530681511
1.6431676725154984
1.3601470508735443
1.3038404810405297
1.284523257866513
1.284523257866513
1.378404875209022
1.6583123951777
1.5652475842498528
1.466287829861518
1.3038404810405297
1.2449899597988732
1.224744871391589
1.224744871391589
1.224744871391589
0.9219544457292888
0.9486832980505138
1.0954451150103321
1.1832159566199232
1.378404875209022
1.3228756555322954
1.140175425099138
1.4317821063276353
1.5329709716755893
1.4317821063276353
1.396424004376894
1.378404875209022
0.9219544457292888
1.02469507659596
1.224744871391589
1.224744871391589
1.284523257866513
1.224744871391589
1.0954451150103321
1.2041594578792296
1.4142135623730951
1.4317821063276353
1.284523257866513
1.0488088481701516
1.118033988749895
0.9746794344808963
1.2449899597988732
1.2449899597988732
1.2449899597988732
1.3416407864998738
1.3228756555322954
1.3601470508735443
1.2041594578792296
1.2449899597988732
1.140175425099138
1.2649110640673518
1.2041594578792296
1.161895003862225
1.3416407864998738
1.3416407864998738
1.118033988749895
1.118033988749895
1.2041594578792296
1.1832159566199232
1.2041594578792296
1.2041594578792296
1.118033988749895
1.140175425099138
1.140175425099138
1.118033988749895
1.02469507659596
0.8660254037844386
1.140175425099138
1.1832159566199232
0.9219544457292888
0.9486832980505138
0.9746794344808963
0.8660254037844386
0.8660254037844386
0.8944271909999159
0.6324555320336759
0.6708203932499369
0.8366600265340756
0.9219544457292888
0.8944271909999159
1.02469507659596
0.9219544457292888
0.8944271909999159
0.9219544457292888
1.0723805294763609
1.02469507659596
0.9746794344808963
1.0
0.9486832980505138
1.02469507659596
0.9486832980505138
0.8944271909999159
0.8944271909999159
0.7071067811865476
0.7745966692414834
0.7745966692414834
0.8366600265340756
0.7745966692414834
0.7745966692414834
0.8366600265340756
0.8366600265340756
0.7416198487095663
0.7745966692414834
0.806225774829855
0.8366600265340756
0.7745966692414834
1.02469507659596
1.0488088481701516
0.9746794344808963
0.9746794344808963
0.9746794344808963
0.9219544457292888
1.02469507659596
0.9746794344808963
0.9746794344808963
1.0
0.9746794344808963
0.9746794344808963
0.9746794344808963
0.9486832980505138
0.9219544457292888
0.9486832980505138
0.7416198487095663
0.8660254037844386
0.8660254037844386
0.806225774829855
0.806225774829855
0.8660254037844386
0.8366600265340756
1.02469507659596
0.9486832980505138
1.02469507659596
1.02469507659596
1.0
1.0723805294763609
1.02469507659596
1.0
1.02469507659596
1.0488088481701516
1.0
1.0
0.9746794344808963
1.02469507659596
0.9746794344808963
0.9746794344808963
0.9746794344808963
1.0
0.9746794344808963
1.02469507659596
1.02469507659596
0.9219544457292888
0.8660254037844386
1.0488088481701516
1.1832159566199232
1.1832159566199232
1.118033988749895
1.0
1.0
1.0
0.9746794344808963
0.9486832980505138
0.9486832980505138
0.8660254037844386
0.7416198487095663
0.8660254037844386
0.8660254037844386
0.7416198487095663
0.8366600265340756
0.8366600265340756
0.806225774829855
0.9486832980505138
0.8660254037844386
0.9219544457292888
0.8366600265340756
0.8366600265340756
0.8366600265340756
0.8366600265340756
0.7745966692414834
0.7745966692414834
0.8366600265340756
0.7745966692414834
0.7745966692414834
0.8944271909999159
0.7745966692414834
0.7745966692414834
0.7745966692414834
0.7745966692414834
0.8366600265340756
0.8944271909999159
0.8944271909999159
0.8366600265340756
0.8944271909999159
0.8944271909999159
1.0
1.0
1.0
1.0
1.0
1.0723805294763609
1.02469507659596
1.02469507659596
1.140175425099138
1.0954451150103321
1.0954451150103321
1.0723805294763609
1.0723805294763609
1.0
1.0
1.0
1.0723805294763609
1.0723805294763609
1.0
1.0
1.140175425099138
1.118033988749895
1.118033988749895
1.0954451150103321
1.0723805294763609
1.140175425099138
1.118033988749895
