1, 62.657655702889315
2, 62.37103057145564
3, 61.54554854296568
4, 61.2103675116323
5, 60.715281886403645
6, 60.710340589931256
7, 60.39145032806608
8, 59.86727744846018
9, 59.71157950743496
10, 59.21992907797171
15, 56.839806793862664
20, 54.00117843831996
25, 52.47111759642805
30, 52.17662311802097
35, 50.73944135572355
40, 50.282294010010034
45, 48.500796619512066
50, 47.68781052561831
55, 45.80849464693401
60, 45.73798898469014
65, 45.38822434388582
70, 44.32134720630476
75, 43.90174980981551
80, 42.993022689734204
85, 42.145850653091905
90, 41.37785969244027
95, 40.40342019726008
100, 39.18348446151075
150, 34.54009527807041
200, 30.217394147922636
250, 28.566986667703112
300, 27.089078644689668
350, 25.942944390264643
400, 24.4172070474901
450, 23.197570405697075
500, 21.971469103031197
550, 21.698345140083422
600, 21.372454659720727
650, 20.873645846116364
700, 19.48752514722268
750, 18.494716690302273
800, 17.96511771588081
850, 17.671240117001616
900, 16.99679114100391
950, 16.427803482898355
1000, 16.220637808332043
1250, 15.135148736392624
1500, 14.277764021531713
1750, 12.581371510726049
2000, 11.936194002810414
2250, 10.902877018141922
2500, 10.652357826919225
2750, 9.937989553407489
3000, 9.359487165438072
3250, 9.284395510748128
3500, 9.097452190785965
3750, 9.097452190785965
4000, 8.870789654304124
4250, 8.465974679428664
4500, 8.40886977596222
4750, 8.457379779061169
5000, 8.33721121893232
5250, 7.745966692414834
5500, 7.913165094839221
5750, 7.833494518006403
6000, 7.7130350116480795
6250, 7.677594320192657
6500, 7.614579317455311
6750, 7.313747951010418
7000, 7.203534485994295
7250, 7.236272269866327
7500, 6.802405991465613
7750, 6.53243654946049
8000, 6.582345533871093
8250, 6.29285308902091
8500, 6.407382106176083
8750, 6.32024165245717
9000, 6.720389599095901
9250, 6.51292421406712
9500, 6.265344799334308
9750, 6.217277977905239
10000, 6.282732468657827
11000, 5.787133063176368
12000, 5.592202363356254
13000, 5.0883110253707065
14000, 5.152228114656275
15000, 5.173358325462906
16000, 5.376717484589544
17000, 5.7144155829398215
18000, 5.050652523099457
19000, 5.115040211341096
20000, 4.715544892837268
21000, 5.180382576254734
22000, 5.13632341094466
23000, 5.427204202399745
24000, 5.086524085534961
25000, 5.631082569905267
26000, 5.349596416383372
27000, 5.258758927213289
28000, 4.992721975763594
29000, 4.795831523312719
30000, 4.831713417148677
31000, 4.839233598224188
32000, 4.818524859143285
33000, 4.5924839782963955
34000, 4.91380245283167
35000, 4.831713417148677
36000, 4.990900811385747
37000, 4.578606377887967
38000, 4.112066501054051
39000, 4.138510931152982
40000, 3.9817766706013855
41000, 4.201731244921009
42000, 4.151669981629517
43000, 4.22331192742895
44000, 3.7489392439122637
45000, 3.9219661117631017
46000, 3.513609902287752
47000, 3.6030290287226636
48000, 3.6030290287226636
49000, 3.513609902287752
50000, 3.3221022916767082
51000, 3.5265228818715517
52000, 3.5598774238346005
53000, 3.5700776665857767
54000, 3.5598774238346005
55000, 3.628172592867705
56000, 3.411211461689767
57000, 3.319364670864263
58000, 3.511021607349167
59000, 3.3925051081893614
60000, 3.333030289254946
61000, 3.1823376199380116
62000, 3.4509550720186013
63000, 3.3275707765165974
64000, 3.513609902287752
65000, 3.5032452487268535
66000, 3.6456699097572027
67000, 3.4824233986223914
68000, 3.675471522007878
69000, 3.471965647086021
70000, 3.640679257301507
71000, 3.4771984543464143
72000, 3.5161962919661303
73000, 3.210777306057041
74000, 3.3574882386580707
75000, 3.5006492904239144
76000, 3.539388750515084
77000, 3.5979792308259015
78000, 3.5878583127998898
79000, 3.539388750515084
80000, 3.4138754304375922
81000, 3.283567904249611
82000, 3.381769305609659
83000, 3.4509550720186013
84000, 3.437758254761643
85000, 3.300137738172316
86000, 3.373695033908397
87000, 3.4085454109021076
88000, 3.333030289254946
89000, 3.3056425589093457
90000, 3.2022719207689803
91000, 3.0570336186333553
92000, 3.0301515113634467
93000, 3.121771059103237
94000, 3.0689056385268376
95000, 2.8380531098880892
96000, 2.8699065553365384
97000, 2.8730724763822884
98000, 2.8380531098880892
99000, 2.8380531098880892
100000, 2.891995221924885
