1, 39.572356874103775
2, 38.791383432038465
3, 37.96953666145683
4, 37.96765540750255
5, 37.96765540750255
6, 37.96765540750255
7, 37.96765540750255
8, 37.96765540750255
9, 37.04900230004273
10, 37.04784551283458
15, 36.15877684404082
20, 36.15877684404082
25, 36.15956700120019
30, 36.15956700120019
35, 35.40460018536736
40, 35.405003681884935
45, 35.40460018536736
50, 35.055466254005445
55, 35.055466254005445
60, 35.055466254005445
65, 35.055466254005445
70, 35.05465120962654
75, 35.055466254005445
80, 34.954255821001254
85, 34.111581610942636
90, 34.111162814706695
95, 34.09314970991764
100, 34.09314970991764
150, 31.784542514517067
200, 31.720205367737275
250, 31.64490480314327
300, 31.645356237978607
350, 31.645807666374118
400, 31.64851610152633
450, 30.694345686833874
500, 30.61558893299761
550, 30.557206304615892
600, 29.96426443043685
650, 29.177290582134006
700, 29.078710916604066
750, 29.069866577904047
800, 29.071340821208388
850, 29.0993372531305
900, 29.098355378170183
950, 29.060036377914503
1000, 28.47756008810145
1250, 26.665119002707854
1500, 25.84237936855992
1750, 24.96569074321226
2000, 24.205076209045785
2250, 24.422472087344943
2500, 24.011901810798506
2750, 23.774536197969695
3000, 23.836346795837414
3250, 23.769728648009426
3500, 22.855446365613354
3750, 21.6794833886788
4000, 21.702534414210707
4250, 21.73542204394871
4500, 21.672892878300434
4750, 21.54662718053902
5000, 20.893608045114114
5250, 20.893608045114114
5500, 20.92503626895645
5750, 21.02855201862458
6000, 21.257603681640937
6250, 21.114653002798114
6500, 21.147103820618085
6750, 21.060457192161266
7000, 21.077408352478795
7250, 20.78254762328925
7500, 20.695064974184408
7750, 20.695064974184408
8000, 20.695064974184408
8250, 21.011561443303403
8500, 20.946189561418016
8750, 21.01971863343017
9000, 21.074697083062834
9250, 20.770858707058103
9500, 20.657063821227975
9750, 21.039418786105827
10000, 20.922305254031095
11000, 19.9778448716143
12000, 20.723347771466436
13000, 20.273839582786763
14000, 20.15085960591118
15000, 19.423843962658736
16000, 19.748417658131498
17000, 19.40692070959665
18000, 19.598104864647354
19000, 19.891850449008366
20000, 19.840794914950934
21000, 19.872450420476227
22000, 19.538240891719425
23000, 19.495787090695114
24000, 19.53970317072396
25000, 19.885385875777505
26000, 19.864541273334254
27000, 20.011425307987007
28000, 20.086953832916386
29000, 20.076994652729134
30000, 20.045662159893133
31000, 20.358922227999063
32000, 20.133837899700808
33000, 19.982134878078327
34000, 19.90333783923835
35000, 19.524343778985248
36000, 19.518489402907914
37000, 19.405448424899348
38000, 19.770829883586433
39000, 19.712215212183246
40000, 19.714389233682663
41000, 19.46645466290298
42000, 19.366392097061933
43000, 19.40692070959665
44000, 19.37966533693058
45000, 19.373767241888117
46000, 19.233898646474593
47000, 19.353109753805903
48000, 19.246521021435832
49000, 19.268034223997603
50000, 19.117680672239356
51000, 19.39145614513184
52000, 19.79826832254348
53000, 19.892568605242655
54000, 19.746247383092456
55000, 20.0463748058631
56000, 20.242106045144045
57000, 20.161490874578554
58000, 20.135256924821483
