1, 17.204650534085253
2, 16.950909513454825
3, 16.439789130845526
4, 15.722595205626837
5, 15.809279975170702
6, 15.05988047761336
7, 15.039946808416577
8, 15.024424559141469
9, 14.48677557866714
10, 14.184498581197715
15, 13.945130571875858
20, 11.713240371477058
25, 11.604596790352806
30, 10.598742063723098
35, 9.726253132630262
40, 9.49385766342288
45, 9.532400886800065
50, 9.695359714832659
55, 9.08845421400141
60, 8.820430828479978
65, 8.342661445845684
70, 7.702813338860896
75, 7.289261508090743
80, 7.0
85, 6.3613415775814675
90, 6.260990336999411
95, 5.767726299562651
100, 5.561774297230456
150, 4.412104562073146
200, 4.320493798938574
250, 3.3862466931200785
300, 3.6606010435446255
350, 3.8901585229053754
400, 3.7058512292499457
450, 3.5496478698597698
500, 3.415650255319866
550, 3.521363372331802
600, 3.723797345005051
650, 2.9211869733608857
700, 2.594866727470475
750, 2.780887148615228
800, 3.151719107619417
850, 3.141125063837266
900, 3.1304951684997055
950, 3.0659419433511785
1000, 2.9097537123726926
1250, 2.7325202042558927
1500, 2.4899799195977463
1750, 1.7320508075688772
2000, 2.0976176963403033
2250, 2.516611478423583
2500, 2.0976176963403033
2750, 2.016597794967223
3000, 2.065591117977289
3250, 1.6733200530681511
3500, 1.9321835661585918
3750, 1.96638416050035
4000, 1.9148542155126762
4250, 1.96638416050035
4500, 1.879716290649558
4750, 1.8257418583505538
5000, 1.8439088914585775
5250, 1.7511900715418263
5500, 1.7888543819998317
5750, 1.9148542155126762
6000, 1.8073922282301278
6250, 1.9321835661585918
6500, 1.8439088914585775
6750, 1.96638416050035
7000, 1.8257418583505538
7250, 1.7701224063135672
7500, 1.7511900715418263
7750, 1.632993161855452
8000, 1.6733200530681511
8250, 1.5491933384829668
8500, 1.5491933384829668
8750, 1.9493588689617927
9000, 1.96638416050035
9250, 1.983263304085802
9500, 1.879716290649558
9750, 1.61245154965971
10000, 1.7320508075688772
11000, 1.7126976771553504
12000, 1.570562531918633
13000, 1.6733200530681511
14000, 1.61245154965971
15000, 1.2649110640673518
16000, 1.4142135623730951
17000, 1.0
18000, 1.0
19000, 0.8944271909999159
20000, 1.0954451150103321
21000, 1.2649110640673518
22000, 1.0954451150103321
23000, 1.1832159566199232
24000, 1.390443574307614
25000, 1.3416407864998738
26000, 1.0327955589886444
27000, 1.0954451150103321
28000, 1.0
29000, 1.0954451150103321
30000, 1.1547005383792515
31000, 1.1547005383792515
32000, 1.0327955589886444
33000, 0.8944271909999159
34000, 1.0
35000, 1.0
36000, 1.0327955589886444
37000, 1.0
38000, 0.9660917830792959
39000, 0.9660917830792959
40000, 0.8944271909999159
41000, 0.8563488385776752
42000, 0.8944271909999159
43000, 0.8944271909999159
44000, 0.8944271909999159
45000, 0.8944271909999159
46000, 0.8944271909999159
47000, 0.8563488385776752
48000, 0.8563488385776752
49000, 0.8944271909999159
50000, 0.8944271909999159
51000, 0.816496580927726
52000, 0.7745966692414834
53000, 0.7745966692414834
54000, 0.6324555320336759
55000, 0.7745966692414834
56000, 0.8563488385776752
57000, 0.7302967433402214
58000, 0.5773502691896257
59000, 0.7302967433402214
60000, 0.6831300510639732
61000, 0.5773502691896257
62000, 0.6831300510639732
63000, 0.7302967433402214
64000, 0.7302967433402214
65000, 0.6831300510639732
66000, 0.6324555320336759
67000, 0.6324555320336759
68000, 0.6324555320336759
69000, 0.6831300510639732
70000, 0.7302967433402214
71000, 0.6324555320336759
72000, 0.6324555320336759
73000, 0.4472135954999579
74000, 0.4472135954999579
75000, 0.5163977794943222
76000, 0.5163977794943222
77000, 0.5163977794943222
78000, 0.5163977794943222
79000, 0.6831300510639732
80000, 0.5163977794943222
81000, 0.816496580927726
82000, 0.5163977794943222
83000, 0.5163977794943222
84000, 0.5163977794943222
85000, 0.6831300510639732
86000, 0.6831300510639732
87000, 0.6831300510639732
88000, 0.5163977794943222
89000, 0.5163977794943222
90000, 0.5163977794943222
91000, 0.5163977794943222
92000, 0.5163977794943222
93000, 0.4472135954999579
94000, 0.4472135954999579
95000, 0.4472135954999579
96000, 0.4472135954999579
97000, 0.4472135954999579
98000, 0.4472135954999579
99000, 0.4472135954999579
100000, 0.4472135954999579
