2.3664319132398464
2.5298221281347035
2.8284271247461903
2.23606797749979
2.3664319132398464
2.756809750418044
2.8284271247461903
2.569046515733026
2.6457513110645907
2.8635642126552705
2.792848008753788
2.7202941017470885
2.6457513110645907
2.8284271247461903
2.898275349237888
2.6076809620810595
2.6076809620810595
2.6076809620810595
2.756809750418044
2.756809750418044
2.9664793948382653
2.898275349237888
2.6076809620810595
2.6832815729997477
2.8284271247461903
2.756809750418044
2.8284271247461903
2.6832815729997477
2.4083189157584592
2.280350850198276
2.280350850198276
2.4083189157584592
2.280350850198276
2.280350850198276
2.449489742783178
2.449489742783178
2.449489742783178
2.932575659723036
2.932575659723036
2.932575659723036
2.7202941017470885
2.9664793948382653
2.9664793948382653
2.9664793948382653
2.9664793948382653
2.9664793948382653
2.9664793948382653
3.0983866769659336
2.756809750418044
2.756809750418044
2.756809750418044
2.756809750418044
2.9664793948382653
2.756809750418044
2.756809750418044
2.756809750418044
2.756809750418044
2.756809750418044
2.756809750418044
2.8284271247461903
2.756809750418044
2.756809750418044
2.8284271247461903
2.8284271247461903
2.8284271247461903
2.756809750418044
2.7202941017470885
2.792848008753788
3.03315017762062
3.03315017762062
3.1304951684997055
2.932575659723036
2.932575659723036
2.8635642126552705
2.8635642126552705
2.8635642126552705
2.932575659723036
2.9664793948382653
2.9664793948382653
2.932575659723036
2.792848008753788
2.792848008753788
2.8635642126552705
2.932575659723036
2.7202941017470885
2.7202941017470885
2.7202941017470885
2.792848008753788
2.7202941017470885
2.7202941017470885
2.449489742783178
2.7202941017470885
2.7202941017470885
2.7202941017470885
2.7202941017470885
2.7202941017470885
2.449489742783178
2.7202941017470885
2.7202941017470885
2.7202941017470885
2.7202941017470885
2.792848008753788
2.792848008753788
2.792848008753788
2.7202941017470885
2.7202941017470885
2.7202941017470885
2.7202941017470885
2.7202941017470885
2.7202941017470885
2.7202941017470885
2.7202941017470885
2.7202941017470885
2.8635642126552705
2.8635642126552705
2.792848008753788
2.792848008753788
2.7202941017470885
2.32379000772445
2.449489742783178
2.792848008753788
2.6457513110645907
2.792848008753788
2.792848008753788
2.7202941017470885
2.7202941017470885
2.7202941017470885
2.7202941017470885
2.7202941017470885
2.7202941017470885
2.6457513110645907
2.7202941017470885
2.792848008753788
2.7202941017470885
2.7202941017470885
2.7202941017470885
2.7202941017470885
2.7202941017470885
2.7202941017470885
2.792848008753788
2.792848008753788
2.792848008753788
2.792848008753788
2.792848008753788
2.792848008753788
2.792848008753788
2.792848008753788
2.7202941017470885
2.7202941017470885
2.7202941017470885
2.7202941017470885
2.7202941017470885
2.7202941017470885
2.7202941017470885
2.6457513110645907
2.6457513110645907
2.6457513110645907
2.6457513110645907
2.6457513110645907
2.6457513110645907
2.6457513110645907
2.7202941017470885
2.7202941017470885
2.7202941017470885
2.792848008753788
2.792848008753788
2.792848008753788
2.792848008753788
2.7202941017470885
2.7202941017470885
2.7202941017470885
2.7202941017470885
2.7202941017470885
2.7202941017470885
2.7202941017470885
2.7202941017470885
2.7202941017470885
2.7202941017470885
2.8635642126552705
2.8635642126552705
2.8635642126552705
2.7202941017470885
2.7202941017470885
2.7202941017470885
2.7202941017470885
2.7202941017470885
2.7202941017470885
2.792848008753788
2.792848008753788
2.792848008753788
2.792848008753788
2.7202941017470885
2.7202941017470885
2.7202941017470885
2.7202941017470885
2.7202941017470885
2.7202941017470885
2.7202941017470885
2.7202941017470885
2.7202941017470885
2.7202941017470885
2.7202941017470885
2.7202941017470885
2.7202941017470885
2.7202941017470885
2.7202941017470885
2.7202941017470885
2.7202941017470885
2.792848008753788
2.792848008753788
2.792848008753788
2.792848008753788
2.792848008753788
2.792848008753788
2.792848008753788
2.792848008753788
2.792848008753788
2.792848008753788
2.792848008753788
2.792848008753788
2.792848008753788
2.792848008753788
2.792848008753788
2.792848008753788
2.932575659723036
2.932575659723036
2.932575659723036
2.792848008753788
2.932575659723036
2.932575659723036
2.932575659723036
2.932575659723036
2.932575659723036
2.898275349237888
3.0
2.8284271247461903
2.8284271247461903
2.8284271247461903
2.8284271247461903
2.898275349237888
2.898275349237888
3.0
3.0
3.0
2.898275349237888
2.898275349237888
2.898275349237888
2.898275349237888
2.898275349237888
2.898275349237888
2.898275349237888
2.898275349237888
2.898275349237888
2.898275349237888
2.7202941017470885
2.898275349237888
2.7202941017470885
2.7202941017470885
2.7202941017470885
2.7202941017470885
2.7202941017470885
2.7202941017470885
2.7202941017470885
2.7202941017470885
2.6457513110645907
2.7202941017470885
2.7202941017470885
2.7202941017470885
2.7202941017470885
2.7202941017470885
2.7202941017470885
2.7202941017470885
2.7202941017470885
2.6457513110645907
2.6457513110645907
2.6457513110645907
2.6457513110645907
2.6457513110645907
2.6457513110645907
2.6457513110645907
2.6457513110645907
2.6457513110645907
2.6457513110645907
2.6457513110645907
2.6457513110645907
2.6457513110645907
2.3664319132398464
2.3664319132398464
2.6457513110645907
2.3664319132398464
2.3664319132398464
2.3664319132398464
2.3664319132398464
2.3664319132398464
2.3664319132398464
2.3664319132398464
2.6457513110645907
2.3664319132398464
2.3664319132398464
2.3664319132398464
2.3664319132398464
2.3664319132398464
2.3664319132398464
2.3664319132398464
2.6457513110645907
2.6457513110645907
2.6457513110645907
2.6457513110645907
2.6457513110645907
2.6457513110645907
2.6457513110645907
2.6457513110645907
2.6457513110645907
2.6457513110645907
2.6457513110645907
2.6457513110645907
2.6457513110645907
2.6457513110645907
2.6457513110645907
2.6457513110645907
2.6457513110645907
2.6457513110645907
2.6457513110645907
2.6457513110645907
2.6457513110645907
2.6457513110645907
2.6457513110645907
2.756809750418044
2.6457513110645907
2.6457513110645907
2.6457513110645907
2.6457513110645907
2.6457513110645907
2.6457513110645907
2.3664319132398464
2.6457513110645907
2.6457513110645907
2.6457513110645907
2.6457513110645907
2.6457513110645907
2.6457513110645907
2.3664319132398464
2.6457513110645907
2.6457513110645907
2.6457513110645907
2.6457513110645907
2.6457513110645907
2.6457513110645907
2.6457513110645907
2.6457513110645907
2.6457513110645907
2.6457513110645907
2.6457513110645907
2.6457513110645907
2.6457513110645907
2.6457513110645907
2.6457513110645907
2.6457513110645907
2.6457513110645907
2.3664319132398464
2.3664319132398464
2.3664319132398464
2.3664319132398464
2.3664319132398464
2.6457513110645907
2.3664319132398464
2.3664319132398464
2.3664319132398464
2.3664319132398464
2.3664319132398464
2.3664319132398464
2.3664319132398464
2.3664319132398464
2.449489742783178
2.6076809620810595
2.8284271247461903
2.8284271247461903
2.6832815729997477
2.6076809620810595
2.6832815729997477
2.8284271247461903
2.8284271247461903
2.8284271247461903
2.8284271247461903
2.8284271247461903
2.8284271247461903
2.8284271247461903
2.8284271247461903
2.8284271247461903
2.756809750418044
2.756809750418044
2.8284271247461903
2.756809750418044
2.756809750418044
2.756809750418044
2.756809750418044
2.8284271247461903
2.8284271247461903
2.8284271247461903
2.8284271247461903
