1, 10.848963084092414
2, 10.507140429250958
3, 9.864076236526156
4, 8.916277250063503
5, 8.276472678623424
6, 8.276472678623424
7, 8.221921916437786
8, 8.07465169527454
9, 8.043631020876083
10, 8.043631020876083
15, 6.730527468185536
20, 6.5038450166036395
25, 6.511528238439882
30, 6.457553716385176
35, 6.260990336999411
40, 6.260990336999411
45, 6.220932405998316
50, 6.131883886702357
55, 6.131883886702357
60, 5.656854249492381
65, 4.753945729601885
70, 4.219004621945797
75, 4.219004621945797
80, 4.219004621945797
85, 3.478505426185217
90, 3.271085446759225
95, 3.1937438845342623
100, 3.2093613071762426
150, 2.9832867780352594
200, 2.3874672772626644
250, 2.4289915602982237
300, 2.258317958127243
350, 2.1908902300206643
400, 2.1908902300206643
450, 1.7320508075688772
500, 1.6431676725154984
550, 1.1832159566199232
600, 1.140175425099138
650, 1.1832159566199232
700, 1.140175425099138
750, 0.8366600265340756
800, 1.0488088481701516
850, 1.0
900, 1.0
950, 1.0
1000, 1.0488088481701516
1250, 0.9486832980505138
1500, 0.8944271909999159
1750, 0.8944271909999159
2000, 0.8944271909999159
2250, 0.8944271909999159
2500, 0.8944271909999159
2750, 1.0488088481701516
3000, 0.9486832980505138
3250, 0.8944271909999159
3500, 0.8944271909999159
3750, 0.8944271909999159
4000, 0.8944271909999159
4250, 0.4472135954999579
4500, 0.31622776601683794
4750, 0.6324555320336759
5000, 0.6324555320336759
5250, 0.5477225575051661
5500, 0.5477225575051661
5750, 0.5477225575051661
6000, 0.5477225575051661
6250, 0.5477225575051661
6500, 0.5477225575051661
6750, 0.5477225575051661
7000, 0.5477225575051661
7250, 0.5477225575051661
7500, 0.5477225575051661
7750, 0.5477225575051661
8000, 0.5477225575051661
8250, 0.5477225575051661
8500, 0.5477225575051661
8750, 0.5477225575051661
9000, 0.5477225575051661
9250, 0.5477225575051661
9500, 0.5477225575051661
9750, 0.5477225575051661
10000, 0.5477225575051661
11000, 0.8366600265340756
12000, 0.8366600265340756
13000, 0.8366600265340756
14000, 0.8366600265340756
15000, 0.5477225575051661
16000, 0.5477225575051661
17000, 0.5477225575051661
18000, 0.5477225575051661
19000, 0.5477225575051661
20000, 0.5477225575051661
21000, 0.8366600265340756
22000, 0.8366600265340756
23000, 0.8366600265340756
24000, 0.8366600265340756
25000, 0.8366600265340756
26000, 0.8366600265340756
27000, 0.8366600265340756
28000, 0.8366600265340756
29000, 0.8366600265340756
30000, 0.0
31000, 0.0
32000, 0.0
33000, 0.0
34000, 0.0
35000, 0.0
36000, 0.0
37000, 0.0
38000, 0.0
39000, 0.0
40000, 0.0
41000, 0.0
42000, 0.0
43000, 0.0
44000, 0.0
45000, 0.0
46000, 0.0
47000, 0.0
48000, 0.0
49000, 0.0
50000, 0.0
51000, 0.0
52000, 0.0
53000, 0.0
54000, 0.0
55000, 0.0
56000, 0.0
57000, 0.0
58000, 0.0
59000, 0.0
60000, 0.0
61000, 0.0
62000, 0.0
63000, 0.0
64000, 0.0
65000, 0.0
66000, 0.0
67000, 0.0
68000, 0.0
69000, 0.0
70000, 0.0
71000, 0.0
72000, 0.0
73000, 0.0
74000, 0.0
75000, 0.0
76000, 0.0
77000, 0.0
78000, 0.0
79000, 0.0
80000, 0.0
81000, 0.0
82000, 0.0
83000, 0.0
84000, 0.0
85000, 0.0
86000, 0.0
87000, 0.0
88000, 0.0
89000, 0.0
90000, 0.0
91000, 0.0
92000, 0.0
93000, 0.0
94000, 0.0
95000, 0.0
96000, 0.0
97000, 0.0
98000, 0.0
99000, 0.0
100000, 0.0
