1, 33.77375707064091
2, 32.948950413227635
3, 32.133575379448
4, 32.133575379448
5, 31.44572042954865
6, 31.44041984452498
7, 30.753861546153843
8, 30.753861546153843
9, 29.81386701967168
10, 29.132456127144515
15, 29.121011887180934
20, 28.233549782720086
25, 27.414108289954157
30, 27.414108289954157
35, 26.508489206290125
40, 26.507860469428056
45, 25.59361899640872
50, 25.576682088704676
55, 25.576682088704676
60, 25.56820942759452
65, 25.570816699250468
70, 25.570816699250468
75, 25.56820942759452
80, 25.56820942759452
85, 25.56820942759452
90, 25.56820942759452
95, 25.56820942759452
100, 25.56820942759452
150, 25.563646062328434
200, 25.56429802152473
250, 25.563646062328434
300, 25.563646062328434
350, 25.563646062328434
400, 25.565601890039673
450, 25.565601890039673
500, 25.563646062328434
550, 25.485289874749316
600, 25.485289874749316
650, 24.788438165133897
700, 24.30089161601552
750, 23.50531854708632
800, 23.506027595774945
850, 23.52587228280105
900, 23.25367354491185
950, 23.25367354491185
1000, 23.25367354491185
1250, 22.28601953392904
1500, 21.722492183602384
1750, 21.67794578213843
2000, 20.62441918374107
2250, 20.609059496574154
2500, 20.107212636265626
2750, 18.941136889497066
3000, 18.752777572046938
3250, 17.896927110540513
3500, 17.582187956376004
3750, 17.501428513124292
4000, 17.489044189625307
4250, 17.569860557215588
4500, 17.67295485574875
4750, 17.55467648994611
5000, 16.517667309076465
5250, 15.402380768353096
5500, 15.138251770487457
5750, 15.19100611107331
6000, 14.151560573543353
6250, 13.104706533659321
6500, 13.286584712909987
6750, 13.3741043313811
7000, 13.10089055497119
7250, 13.537601954063604
7500, 13.60637105672682
7750, 13.868429375143148
8000, 14.315492772983168
8250, 14.315492772983168
8500, 14.124446891825535
8750, 13.880441875771343
9000, 13.780420893427022
9250, 13.896042602122375
9500, 13.730744092485788
9750, 13.386560424545209
10000, 13.547447484058882
11000, 13.361636626301934
12000, 13.379088160259652
13000, 13.276545735494103
14000, 13.505554412907307
15000, 12.880217389469792
16000, 13.042239071570494
17000, 13.079245645933357
18000, 13.154213520136175
19000, 13.169408997116513
20000, 13.03201186821641
21000, 12.882805077570127
22000, 13.165611772087667
23000, 13.294108971019206
24000, 13.180794108601095
25000, 12.77497553813705
26000, 13.007690033207279
27000, 13.21741275741966
28000, 13.911625833572916
29000, 14.184498581197715
30000, 14.46835627614047
31000, 14.35618333680648
32000, 14.38865293671834
33000, 14.318985066454024
34000, 14.079535977202278
35000, 14.350377463095992
36000, 14.328293687665674
37000, 14.4579851062772
38000, 14.600228308717185
39000, 14.471811681103832
40000, 14.562508941342033
41000, 14.726393539039579
42000, 14.357344229812606
43000, 14.37822427608268
44000, 14.04872473453255
45000, 13.881642554107204
46000, 13.936761938604437
47000, 14.358505028959897
48000, 14.251315728731855
49000, 14.5728057239046
50000, 14.548768561863463
51000, 14.898545790333587
52000, 14.562508941342033
53000, 14.54074734438823
54000, 14.608216865860118
55000, 14.954375056595756
56000, 15.017767255265788
57000, 15.154757228892407
58000, 15.039946808416577
59000, 14.767080505863936
60000, 14.417581859197702
61000, 14.529280780547948
62000, 14.528133626404552
63000, 14.674240468703426
64000, 14.951031179598727
65000, 15.370968306084906
66000, 15.241391012633985
67000, 15.042162965034871
68000, 15.243577882723816
69000, 14.911963876923343
70000, 14.98666073546739
71000, 15.046594299043223
72000, 15.443445211480501
73000, 15.44884030167529
74000, 15.302505241517373
75000, 15.0521316319871
76000, 15.326447729333761
77000, 14.996666296213968
78000, 15.173441710216352
79000, 15.016657417681207
80000, 15.13494851879803
81000, 14.99110847580436
82000, 14.958832396502967
83000, 15.253414918196734
84000, 15.17454008089427
85000, 15.131644546005786
86000, 15.01110699893027
87000, 14.646956452906295
88000, 14.60935773171885
89000, 14.452220129331918
90000, 14.112642086677699
91000, 14.467204291085407
92000, 14.178622406049655
93000, 14.27585373979434
94000, 14.219704638282751
95000, 14.317821063276353
96000, 14.416425816870607
97000, 14.373586887064759
98000, 14.27235089254745
99000, 14.410644214144858
100000, 14.401388821915754
