1, 28.0
2, 28.0
3, 27.182347212851212
4, 27.182347212851212
5, 26.41136119172959
6, 26.40984664855137
7, 25.719253488388812
8, 25.719253488388812
9, 24.795967414077637
10, 24.793547547698775
15, 23.97999165971498
20, 23.9741527483246
25, 23.972484226712925
30, 23.243923937235724
35, 23.24478436122822
40, 22.306052990163902
45, 21.435484599140743
50, 21.435484599140743
55, 21.435484599140743
60, 21.434551546510136
65, 21.434551546510136
70, 21.435484599140743
75, 21.435484599140743
80, 21.434551546510136
85, 21.432685319390103
90, 21.434551546510136
95, 21.434551546510136
100, 21.304459627035836
150, 20.8729490010396
200, 20.84514331924825
250, 20.84514331924825
300, 19.639755599294
350, 18.244999314880776
400, 18.197802065084673
450, 18.197802065084673
500, 17.802247049178934
550, 17.802247049178934
600, 17.803370467414307
650, 17.109061926359377
700, 17.107892915259903
750, 17.107892915259903
800, 16.4730082255792
850, 16.3707055437449
900, 15.585891055695212
950, 15.722595205626837
1000, 15.72768260107
1250, 14.871449156017043
1500, 14.271650219929018
1750, 14.137892346456738
2000, 13.258959235173778
2250, 13.101144988129853
2500, 12.992305415129373
2750, 12.843675486401859
3000, 12.456323695216016
3250, 12.67911668847637
3500, 12.701181047445942
3750, 12.710625476348518
4000, 12.710625476348518
4250, 12.668070097690492
4500, 12.549103553640794
4750, 12.762444906835054
5000, 12.83744522870497
5250, 12.798437404620925
5500, 12.22620137246234
5750, 12.294714311442947
6000, 12.448293055676348
6250, 12.448293055676348
6500, 12.975361266646877
6750, 12.299593489217438
7000, 12.191800523302536
7250, 12.191800523302536
7500, 12.489995996796797
7750, 12.416118556135006
8000, 12.209832103677757
8250, 12.48198702130394
8500, 12.48198702130394
8750, 12.42095004417939
9000, 12.565030839596057
9250, 12.453112060846477
9500, 12.2245654319489
9750, 12.129303360045045
10000, 11.963277142990545
11000, 11.909659944767524
12000, 11.343720729989785
13000, 11.40701538527936
14000, 10.901376059929316
15000, 10.978160137290766
16000, 10.371113729971338
17000, 10.451794104363135
18000, 10.493807697875924
19000, 11.135528725660043
20000, 10.981803130633876
21000, 10.764757312638311
22000, 10.565983153497832
23000, 10.609429767899876
24000, 10.768472500777444
25000, 10.68831137270991
26000, 10.961751684835777
27000, 10.950799057603056
28000, 11.122949249187466
29000, 11.041738993473809
30000, 11.061645447219867
31000, 11.010903686800644
32000, 11.248110952511093
33000, 11.232096865679177
34000, 10.992724866929036
35000, 11.010903686800644
36000, 11.11035552986492
37000, 11.081516141756055
38000, 10.57544325312183
39000, 10.870142593360953
40000, 10.84250893474384
41000, 11.113955191559844
42000, 10.860939185908371
43000, 10.844353369380768
44000, 10.871982339941507
45000, 10.998181667894016
46000, 11.103152705425607
47000, 11.198214143335536
48000, 11.253443917308159
49000, 11.343720729989785
50000, 11.429785649783637
51000, 11.398245479020005
52000, 11.435033887138244
53000, 11.556816170554933
54000, 11.567194992737004
55000, 11.452510641776326
56000, 11.377170122662314
57000, 11.239217054581694
58000, 11.276524287208359
59000, 11.205355862265153
60000, 10.849884792015075
61000, 10.972693379476162
62000, 10.85541339608953
63000, 10.85541339608953
64000, 10.75174404457249
65000, 10.660206376989143
66000, 10.607544484940895
67000, 10.403845442911962
68000, 10.528057750601485
69000, 10.41537325303323
70000, 10.382677881933928
71000, 10.293687385966216
72000, 10.501428474260061
73000, 10.243046421841502
74000, 10.309219175087899
75000, 10.388455130576443
76000, 10.141005867269776
77000, 10.029955134495866
78000, 9.752948272189288
79000, 9.925724154942046
80000, 10.073728207570422
81000, 10.04987562112089
82000, 10.154801819828883
83000, 9.750897394599125
84000, 9.76933979345585
85000, 9.713907555664713
86000, 9.654014708917737
87000, 9.773433378296494
88000, 9.757048734120374
89000, 9.88331928048467
90000, 9.73242004847715
91000, 9.80612053770501
92000, 10.059821071967434
93000, 9.836666101886351
94000, 9.771386800244887
95000, 9.713907555664713
96000, 9.624967532412771
97000, 9.691233151668573
98000, 9.793875637356235
99000, 9.61041102138717
100000, 9.797958971132712
