22.155940835038226
20.25057318412776
17.81893054350585
16.826000288668894
12.472827609304499
10.924415643083941
11.409269414446683
10.452614163793804
10.26784161489509
10.054139161843459
9.119837091276827
9.289010404005062
8.308343482823242
8.76682056718072
8.605645987207634
7.937253933193772
7.649463099740119
7.258492562902733
7.528991584914562
7.942651590351568
8.033856928204356
8.067571771339521
7.919235172305828
7.921038892901432
7.912016177940993
7.684864530825696
7.744122195021755
7.307530362578044
7.044754887756666
6.98978847012861
7.334848328356899
7.087211823317505
6.592203186882429
6.742191250412795
6.682600007268343
6.6932802122726045
6.511528238439882
6.691145535065619
6.5835292315639595
6.349353172905546
6.073361036997083
5.862715119415967
5.828501400139539
5.887031752686821
5.390467777210328
5.490251100164468
5.595916878786327
5.687078084821514
5.315744807375807
5.196152422706632
5.0142653642240695
5.237229365663817
5.416904756672129
5.310367218940701
5.215361924162119
5.4327051930217705
5.261721608534063
5.451081150953975
5.31843156256751
5.350567393143593
5.430074979750674
5.0624669311089265
5.229039791668939
5.163055573702733
5.60357029044876
5.1796304335899706
5.323801005189539
5.2590058810713325
5.42744349184244
5.385164807134504
5.390467777210328
4.8902234830614555
5.048337774526808
4.316082880178673
4.378518992927697
4.510305659581969
4.548155041960892
4.3094580368566735
4.381780460041329
4.500793580819149
4.566962103755937
4.462542516804262
4.36871998252512
4.65985898008574
4.5888062562220755
4.491261356392942
4.563832975533989
4.560701700396552
4.626013402488151
4.269493111432718
4.266145801540309
4.272837799067834
4.2594432902501635
3.960519446450716
4.060260371665133
3.865599195837192
4.028470110174758
3.978513721048531
4.161043825085926
4.212227100104783
4.3850395013695636
4.33589667773576
4.345769700031777
4.202040320742158
4.09878030638384
4.049691346263317
4.38829612231705
4.375255094603872
4.147288270665544
4.269493111432718
4.174754056057845
4.095293465849373
4.242640687119285
4.021371478914697
3.9677269491305904
4.140393356054125
3.8950518060006045
3.7416573867739413
3.8766701469910267
3.861901826080735
4.063777271736939
3.861901826080735
3.9496835316262997
3.884033249820898
3.8913824205360674
3.7186787208054732
3.794733192202055
3.7871964753438845
3.764495792457281
3.8766701469910267
3.641035959331198
3.687817782917155
3.672290060127915
3.7682887362833544
3.714835124201342
3.7530939617486645
3.6292462814513664
3.565709706956767
3.4100691237233636
3.4142558277233497
3.251373336211726
3.0472470011002204
3.268901082277389
3.2469766156929962
3.1121880222303866
3.2115861679683633
3.3123146848433
3.359421718944242
3.260148988707637
3.1847852585154217
3.1304951684997055
3.3466401061363023
3.1847852585154217
3.180296482135858
3.1937438845342623
3.0142518616920992
3.1121880222303866
3.2204702407301595
3.0378563870880115
3.0798886807341406
3.004758131459407
2.971291205616075
2.808151400069855
2.9081167199998794
2.792848008753788
2.8132340311971404
2.6886002731107927
2.767154288640743
2.7877282097486784
2.7723120830300267
2.8030595529069404
3.009508740167215
2.8735244660769563
2.9471535904520287
2.9130249373656736
2.990461025135948
2.843539042410757
2.980891525318271
2.9277002188455996
3.0
2.8735244660769563
2.9277002188455996
2.8233718443429607
2.843539042410757
3.004758131459407
2.893342111024649
2.8735244660769563
2.9760952365713798
2.9664793948382653
2.990461025135948
3.04255531702266
3.0612789110808856
2.932575659723036
2.961659766318301
2.7979584393931636
2.7825989906663056
2.7774602993176543
2.7774602993176543
2.6349301969610397
2.6403462976338106
2.7360033416855116
2.8284271247461903
2.898275349237888
2.833473385894321
2.8735244660769563
2.951996902824546
2.893342111024649
2.888400447108597
3.004758131459407
2.9952343099378003
2.833473385894321
2.8030595529069404
2.6349301969610397
2.7097706808616007
2.7360033416855116
2.667261838343906
2.596701204000403
2.5523098781859765
2.4436506647695313
2.6021968740717085
2.613153540948451
2.6619005025947695
2.5579009251449016
2.4784787961282104
2.596701204000403
2.667261838343906
2.5746012173871566
2.5801439605461662
2.7877282097486784
2.767154288640743
2.971291205616075
2.9664793948382653
2.9760952365713798
2.8385106758902383
2.756809750418044
2.8233718443429607
2.922816645439317
2.8685486624025445
2.7619868624907378
2.8834503141697647
2.9856801091687157
3.051931472737505
3.1075943842694236
3.1441555759399513
3.198213787189879
3.0983866769659336
3.0845235797908424
3.0983866769659336
2.9471535904520287
2.903200204700225
3.004758131459407
2.9856801091687157
3.0142518616920992
3.1259284335103663
3.1937438845342623
3.2204702407301595
3.2293298729878046
3.198213787189879
3.0659419433511785
3.051931472737505
3.03315017762062
2.893342111024649
2.8685486624025445
2.808151400069855
2.7516228977511745
2.81830749615033
2.937443008565686
2.917924898671265
2.961659766318301
3.0189875313233268
3.070597894314954
3.0189875313233268
2.9081167199998794
3.0378563870880115
2.990461025135948
3.056608765095256
3.03315017762062
3.0
2.937443008565686
2.7825989906663056
2.9130249373656736
3.0142518616920992
3.0378563870880115
3.0472470011002204
2.951996902824546
2.9856801091687157
2.808151400069855
2.699206232527312
2.9130249373656736
2.917924898671265
2.898275349237888
2.903200204700225
3.0237157840738176
2.971291205616075
3.0378563870880115
3.1304951684997055
3.175801361186541
3.3932706514932924
3.3338094898007764
3.0798886807341406
3.148695875165735
3.1712998686883673
3.281985461794213
3.3636714634883287
3.238165265349236
3.2906794782493525
3.3551665915633544
3.1847852585154217
3.0612789110808856
2.9952343099378003
3.0189875313233268
3.0189875313233268
2.9423023055326687
2.917924898671265
2.9081167199998794
2.922816645439317
2.961659766318301
2.9664793948382653
3.0
2.932575659723036
3.1577568892219317
3.1259284335103663
3.1441555759399513
3.0845235797908424
3.009508740167215
3.0612789110808856
3.0378563870880115
2.8535691936340255
2.937443008565686
2.9952343099378003
3.0472470011002204
2.8385106758902383
2.8385106758902383
2.8635642126552705
2.7825989906663056
2.878491668515698
2.9130249373656736
3.0983866769659336
3.0983866769659336
3.1441555759399513
3.202677451312083
3.004758131459407
2.9664793948382653
2.8385106758902383
2.888400447108597
2.8635642126552705
2.8685486624025445
2.9130249373656736
2.843539042410757
2.7877282097486784
2.8535691936340255
2.843539042410757
2.7723120830300267
2.8233718443429607
2.7723120830300267
2.808151400069855
2.6619005025947695
2.7825989906663056
2.6939084723024385
2.8132340311971404
2.699206232527312
2.704493615131253
2.6832815729997477
2.715037489875337
2.715037489875337
2.7619868624907378
2.833473385894321
2.756809750418044
2.5185029566901727
2.5579009251449016
2.5523098781859765
2.5523098781859765
2.4669240534954224
2.6939084723024385
2.6076809620810595
2.5634797778466227
2.5410908793553326
2.3784749015162756
2.32379000772445
2.242447642325552
2.3176342617912282
2.32379000772445
2.4842360136324753
2.5128242505765725
2.596701204000403
2.4899799195977463
2.4142434484888695
2.390457218668787
2.210365192839022
2.197401062294143
2.104417123236605
2.1246848505803664
2.104417123236605
2.210365192839022
2.1712405933672376
2.18435999126256
2.197401062294143
2.2677868380553634
2.18435999126256
2.248809208701987
