1, 7.788880963698615
2, 6.97614984548545
3, 6.2182527020592095
4, 6.207522318391883
5, 6.186005711819758
6, 6.186005711819758
7, 6.186005711819758
8, 6.186005711819758
9, 6.186005711819758
10, 6.186005711819758
15, 6.186005711819758
20, 6.186005711819758
25, 5.549774770204643
30, 5.549774770204643
35, 5.549774770204643
40, 5.549774770204643
45, 4.69041575982343
50, 4.69041575982343
55, 4.69041575982343
60, 4.69041575982343
65, 4.69041575982343
70, 4.69041575982343
75, 4.69041575982343
80, 4.69041575982343
85, 4.69041575982343
90, 4.69041575982343
95, 4.69041575982343
100, 4.69041575982343
150, 4.320493798938574
200, 3.6147844564602556
250, 3.4253953543107007
300, 3.4253953543107007
350, 3.4253953543107007
400, 3.4253953543107007
450, 3.4253953543107007
500, 3.4253953543107007
550, 3.4253953543107007
600, 3.4253953543107007
650, 3.40587727318528
700, 3.40587727318528
750, 3.40587727318528
800, 2.6331223544175333
850, 2.6331223544175333
900, 2.6331223544175333
950, 2.6331223544175333
1000, 2.6331223544175333
1250, 2.556038601690775
1500, 2.3944379994757297
1750, 2.422120283277993
2000, 2.422120283277993
2250, 2.3664319132398464
2500, 2.6583202716502514
2750, 2.581988897471611
3000, 2.581988897471611
3250, 2.70801280154532
3500, 2.70801280154532
3750, 2.70801280154532
4000, 2.780887148615228
4250, 2.780887148615228
4500, 2.780887148615228
4750, 2.780887148615228
5000, 2.7325202042558927
5250, 2.556038601690775
5500, 2.556038601690775
5750, 2.556038601690775
6000, 2.556038601690775
6250, 2.7325202042558927
6500, 2.7325202042558927
6750, 2.7325202042558927
7000, 2.7325202042558927
7250, 2.898275349237888
7500, 2.898275349237888
7750, 2.898275349237888
8000, 2.6076809620810595
8250, 2.6076809620810595
8500, 2.6331223544175333
8750, 2.6331223544175333
9000, 2.6331223544175333
9250, 2.6331223544175333
9500, 2.6583202716502514
9750, 2.6583202716502514
10000, 2.6583202716502514
11000, 2.6331223544175333
12000, 2.556038601690775
13000, 2.556038601690775
14000, 2.6076809620810595
15000, 2.6331223544175333
16000, 2.581988897471611
17000, 2.449489742783178
18000, 2.6832815729997477
19000, 2.6331223544175333
20000, 2.6331223544175333
21000, 2.6331223544175333
22000, 2.6331223544175333
23000, 2.422120283277993
24000, 2.422120283277993
25000, 2.3380903889000244
26000, 2.3380903889000244
27000, 2.4765567494675613
28000, 2.3380903889000244
29000, 2.5298221281347035
30000, 2.5298221281347035
31000, 2.4765567494675613
32000, 2.3380903889000244
33000, 2.5298221281347035
34000, 2.5298221281347035
35000, 2.503331114069145
36000, 2.3380903889000244
37000, 2.3944379994757297
38000, 2.3944379994757297
39000, 2.556038601690775
40000, 2.556038601690775
41000, 2.449489742783178
42000, 2.556038601690775
43000, 2.556038601690775
44000, 2.556038601690775
45000, 2.4765567494675613
46000, 2.4765567494675613
47000, 2.4765567494675613
48000, 2.4765567494675613
49000, 2.3664319132398464
50000, 2.3380903889000244
51000, 2.160246899469287
52000, 2.1908902300206643
53000, 2.309401076758503
54000, 2.160246899469287
55000, 2.1908902300206643
56000, 2.160246899469287
57000, 2.160246899469287
58000, 2.160246899469287
59000, 2.160246899469287
60000, 2.160246899469287
61000, 2.160246899469287
62000, 2.309401076758503
63000, 2.503331114069145
64000, 2.280350850198276
65000, 2.449489742783178
66000, 2.449489742783178
67000, 2.556038601690775
68000, 2.581988897471611
69000, 2.449489742783178
70000, 2.4765567494675613
71000, 2.4765567494675613
72000, 2.3380903889000244
73000, 2.3380903889000244
74000, 2.3380903889000244
75000, 2.3380903889000244
76000, 2.503331114069145
77000, 2.503331114069145
78000, 2.503331114069145
79000, 2.503331114069145
80000, 2.3380903889000244
81000, 2.3944379994757297
82000, 2.3944379994757297
83000, 2.4765567494675613
84000, 2.422120283277993
85000, 2.422120283277993
86000, 2.3944379994757297
87000, 2.4765567494675613
88000, 2.5298221281347035
89000, 2.3944379994757297
90000, 2.3380903889000244
91000, 2.1908902300206643
92000, 2.3380903889000244
93000, 2.3380903889000244
94000, 2.3380903889000244
95000, 2.3380903889000244
96000, 2.3380903889000244
97000, 2.1908902300206643
98000, 2.1908902300206643
99000, 2.280350850198276
100000, 2.280350850198276
