1, 4.898979485566356
2, 4.898979485566356
3, 4.774934554525329
4, 4.0743097574926725
5, 4.0743097574926725
6, 4.0743097574926725
7, 4.0743097574926725
8, 4.0743097574926725
9, 4.0743097574926725
10, 4.0743097574926725
15, 3.9496835316262997
20, 3.9496835316262997
25, 3.9496835316262997
30, 3.1622776601683795
35, 3.1622776601683795
40, 3.1622776601683795
45, 3.1622776601683795
50, 3.1622776601683795
55, 2.4083189157584592
60, 2.4083189157584592
65, 2.4083189157584592
70, 2.4083189157584592
75, 2.4083189157584592
80, 2.4083189157584592
85, 2.4083189157584592
90, 2.4083189157584592
95, 2.4083189157584592
100, 2.4083189157584592
150, 2.756809750418044
200, 2.756809750418044
250, 2.5298221281347035
300, 2.1908902300206643
350, 2.0
400, 2.0
450, 2.0
500, 2.0
550, 2.0
600, 2.0
650, 2.0
700, 1.9493588689617927
750, 1.9493588689617927
800, 1.9493588689617927
850, 1.9493588689617927
900, 1.8973665961010275
950, 1.8973665961010275
1000, 1.8973665961010275
1250, 1.8973665961010275
1500, 1.8973665961010275
1750, 1.8973665961010275
2000, 1.5491933384829668
2250, 1.5491933384829668
2500, 1.5491933384829668
2750, 1.5491933384829668
3000, 1.5491933384829668
3250, 2.1447610589527217
3500, 2.3664319132398464
3750, 2.3664319132398464
4000, 2.23606797749979
4250, 2.280350850198276
4500, 2.280350850198276
4750, 2.0
5000, 1.7320508075688772
5250, 1.7320508075688772
5500, 1.7320508075688772
5750, 1.7320508075688772
6000, 1.7320508075688772
6250, 1.7320508075688772
6500, 1.7320508075688772
6750, 1.7888543819998317
7000, 1.7888543819998317
7250, 2.0
7500, 1.7888543819998317
7750, 1.7888543819998317
8000, 1.7888543819998317
8250, 1.7888543819998317
8500, 1.7888543819998317
8750, 1.7888543819998317
9000, 1.7320508075688772
9250, 1.7320508075688772
9500, 1.7320508075688772
9750, 1.7320508075688772
10000, 1.7320508075688772
11000, 1.4142135623730951
12000, 1.9493588689617927
13000, 1.7888543819998317
14000, 1.7888543819998317
15000, 1.7320508075688772
16000, 1.7320508075688772
17000, 1.7320508075688772
18000, 1.7320508075688772
19000, 1.7320508075688772
20000, 1.7320508075688772
21000, 1.3416407864998738
22000, 1.4832396974191326
23000, 1.7320508075688772
24000, 1.3416407864998738
25000, 1.7320508075688772
26000, 1.3416407864998738
27000, 1.61245154965971
28000, 1.61245154965971
29000, 1.61245154965971
30000, 1.61245154965971
31000, 1.4832396974191326
32000, 1.7320508075688772
33000, 1.4832396974191326
34000, 1.7320508075688772
35000, 1.7320508075688772
36000, 1.7320508075688772
37000, 1.7320508075688772
38000, 1.7320508075688772
39000, 1.7320508075688772
40000, 1.7888543819998317
41000, 1.7888543819998317
42000, 1.7888543819998317
43000, 2.0976176963403033
44000, 2.0976176963403033
45000, 1.8439088914585775
46000, 1.8439088914585775
47000, 1.8439088914585775
48000, 1.8439088914585775
49000, 1.8439088914585775
50000, 1.8439088914585775
51000, 1.8439088914585775
52000, 1.7888543819998317
53000, 1.7888543819998317
54000, 2.23606797749979
55000, 2.23606797749979
56000, 2.23606797749979
57000, 2.23606797749979
58000, 2.23606797749979
59000, 2.23606797749979
60000, 2.23606797749979
61000, 2.23606797749979
62000, 2.23606797749979
63000, 2.23606797749979
64000, 2.23606797749979
65000, 2.0976176963403033
66000, 2.0976176963403033
67000, 2.0976176963403033
68000, 2.0976176963403033
69000, 2.0976176963403033
70000, 2.0976176963403033
71000, 2.0976176963403033
72000, 2.0976176963403033
73000, 2.0976176963403033
74000, 2.0976176963403033
75000, 2.0976176963403033
76000, 2.0976176963403033
77000, 2.0976176963403033
78000, 2.0
79000, 1.8973665961010275
80000, 1.7888543819998317
81000, 1.7888543819998317
82000, 1.7888543819998317
83000, 2.0
84000, 2.0
85000, 1.7888543819998317
86000, 1.7888543819998317
87000, 1.7888543819998317
88000, 1.7888543819998317
89000, 2.0976176963403033
90000, 2.0976176963403033
91000, 2.0976176963403033
92000, 2.0976176963403033
93000, 1.7888543819998317
94000, 1.7888543819998317
95000, 1.7888543819998317
96000, 2.0976176963403033
97000, 2.0976176963403033
98000, 1.7888543819998317
99000, 1.7888543819998317
100000, 1.7888543819998317
