1, 13.827508813954884
2, 13.490737563232042
3, 12.746764295302553
4, 12.699606293110035
5, 12.32233744059949
6, 11.50651989091402
7, 11.436782764396638
8, 10.906878563548783
9, 11.224972160321824
10, 11.224972160321824
15, 9.269304181005174
20, 8.872429205127533
25, 8.499411744350311
30, 8.059776671843954
35, 7.740800992145451
40, 7.155417527999327
45, 6.584831053261731
50, 6.663332499583072
55, 6.29285308902091
60, 5.61426753904728
65, 4.971921157862421
70, 4.907137658554118
75, 5.106858133921482
80, 5.2839379254491625
85, 4.866210024238575
90, 5.0039984012787215
95, 4.604345773288535
100, 4.6475800154489
150, 4.029888335921977
200, 3.509985754956849
250, 2.727636339397171
300, 2.449489742783178
350, 2.227105745132009
400, 1.7888543819998317
450, 1.6492422502470643
500, 1.6733200530681511
550, 1.469693845669907
600, 1.3266499161421599
650, 1.469693845669907
700, 1.3856406460551018
750, 1.0583005244258363
800, 0.8944271909999159
850, 0.848528137423857
900, 0.9797958971132712
950, 0.8944271909999159
1000, 0.8944271909999159
1250, 0.7483314773547883
1500, 0.6324555320336759
1750, 0.0
2000, 0.0
2250, 0.0
2500, 0.0
2750, 0.0
3000, 0.0
3250, 0.0
3500, 0.0
3750, 0.0
4000, 0.0
4250, 0.0
4500, 0.0
4750, 0.0
5000, 0.0
5250, 0.0
5500, 0.0
5750, 0.0
6000, 0.0
6250, 0.0
6500, 0.0
6750, 0.0
7000, 0.0
7250, 0.0
7500, 0.0
7750, 0.0
8000, 0.0
8250, 0.0
8500, 0.0
8750, 0.0
9000, 0.0
9250, 0.0
9500, 0.0
9750, 0.0
10000, 0.0
11000, 0.0
12000, 0.0
13000, 0.0
14000, 0.0
15000, 0.0
16000, 0.0
17000, 0.0
18000, 0.0
19000, 0.0
20000, 0.0
21000, 0.0
22000, 0.0
23000, 0.0
24000, 0.0
25000, 0.0
26000, 0.0
27000, 0.0
28000, 0.0
29000, 0.0
30000, 0.0
31000, 0.0
32000, 0.0
33000, 0.0
34000, 0.0
35000, 0.0
36000, 0.0
37000, 0.0
38000, 0.0
39000, 0.0
40000, 0.0
41000, 0.0
42000, 0.0
43000, 0.0
44000, 0.0
45000, 0.0
46000, 0.0
47000, 0.0
48000, 0.0
49000, 0.0
50000, 0.0
51000, 0.0
52000, 0.0
53000, 0.0
54000, 0.0
55000, 0.0
56000, 0.0
57000, 0.0
58000, 0.0
59000, 0.0
60000, 0.0
61000, 0.0
62000, 0.0
63000, 0.0
64000, 0.0
65000, 0.0
66000, 0.0
67000, 0.0
68000, 0.0
69000, 0.0
70000, 0.0
71000, 0.0
72000, 0.0
73000, 0.0
74000, 0.0
75000, 0.0
76000, 0.0
77000, 0.0
78000, 0.0
79000, 0.0
80000, 0.0
81000, 0.0
82000, 0.0
83000, 0.0
84000, 0.0
85000, 0.0
86000, 0.0
87000, 0.0
88000, 0.0
89000, 0.0
90000, 0.0
91000, 0.0
92000, 0.0
93000, 0.0
94000, 0.0
95000, 0.0
96000, 0.0
97000, 0.0
98000, 0.0
99000, 0.0
100000, 0.0
