1, 39.80093322667555
2, 39.380198069588225
3, 38.73720987076158
4, 37.995488453988095
5, 37.094859097030835
6, 37.08561523209312
7, 36.2885263252332
8, 36.2885263252332
9, 36.27001910275601
10, 36.26135290203214
15, 33.085603256660484
20, 32.35163939321424
25, 29.72829340159688
30, 28.699427570199774
35, 27.859853347988544
40, 27.154057839351694
45, 26.38506070812475
50, 25.37715508089904
55, 25.355191071765052
60, 24.76345233259231
65, 24.748448724833526
70, 23.99940475452315
75, 23.41184071606258
80, 23.40939982143925
85, 22.74265972635064
90, 22.719406430878173
95, 22.69864690743859
100, 22.679758124182644
150, 20.88882134403129
200, 19.277670280108318
250, 16.892094516159244
300, 16.74600165497936
350, 16.660475040389112
400, 16.637307474468336
450, 16.593458263510268
500, 15.928411274018691
550, 15.37437571322584
600, 15.371587890836595
650, 15.373446495267649
700, 15.376233980678474
750, 15.366940396281139
800, 15.372517221141296
850, 15.20714117962817
900, 15.162924708455348
950, 15.142183273415835
1000, 15.137465347370977
1250, 13.802691248966113
1500, 12.958174474604272
1750, 12.199531606933581
2000, 11.530084871450736
2250, 11.517688260112914
2500, 10.907402466739208
2750, 10.761040841851685
3000, 10.385429353529052
3250, 10.346842168369191
3500, 10.321959946776444
3750, 10.309496315810694
4000, 10.24555652814568
4250, 10.374419088728363
4500, 9.824168448997895
4750, 9.174498818542002
5000, 9.09945053286186
5250, 9.146427874156274
5500, 8.984112962017214
5750, 9.02219485491197
6000, 9.012689466999927
6250, 8.476859256655313
6500, 8.31693624909008
6750, 8.429539895933992
7000, 8.40917865872082
7250, 8.475173828811503
7500, 8.584038343676843
7750, 8.656954264801053
8000, 8.605645987207634
8250, 8.605645987207634
8500, 8.458301078990813
8750, 8.530617127232272
9000, 8.410877311128557
9250, 8.696468905743954
9500, 8.694826047713663
9750, 8.693182879212227
10000, 8.54400374531753
11000, 8.228869042236953
12000, 8.325520146770755
13000, 8.07465169527454
14000, 8.012490249604053
15000, 8.311781655320013
16000, 8.335809156027643
17000, 8.214968915687647
18000, 7.576278769950324
19000, 7.598872096756014
20000, 7.8029298526716415
21000, 7.755182598937123
22000, 7.758865896508329
23000, 7.551726387295254
24000, 7.928249671720919
25000, 7.598872096756014
26000, 7.317298486658662
27000, 7.315345905306578
28000, 7.089227239773236
29000, 7.143428548573257
30000, 7.2859943923746116
31000, 7.291874146708003
32000, 7.240757655699535
33000, 7.211102550927978
34000, 7.371760789855918
35000, 7.381443916044766
36000, 7.299706452023552
37000, 7.016307535204784
38000, 7.129415924784542
39000, 6.695414208887411
40000, 6.351602722373082
41000, 6.308724118235001
42000, 6.099180272790763
43000, 6.068654828590223
44000, 6.224376044460773
45000, 6.254141484991023
46000, 6.2289646009589745
47000, 6.113217530190512
48000, 6.080413519772201
49000, 5.935366157919107
50000, 6.115553940568262
51000, 6.096837587752241
52000, 6.113217530190512
53000, 6.1272226287982345
54000, 5.959386353835915
55000, 5.980922050271896
56000, 6.1272226287982345
57000, 6.387487769068525
58000, 6.550899611067606
59000, 6.652604216180523
60000, 6.511528238439882
61000, 6.482944657219544
62000, 6.531243591931238
63000, 6.412042242085255
64000, 6.342599737376735
65000, 6.308724118235001
66000, 6.194467577720347
67000, 6.29739175033147
68000, 6.254141484991023
69000, 6.143521558752532
70000, 5.959386353835915
71000, 5.903993805649092
72000, 5.850518902505266
73000, 5.9497899122574065
74000, 5.94498588247753
75000, 5.862715119415967
76000, 5.848076606885378
77000, 5.534308577281486
78000, 5.704634707223342
79000, 5.6467436886859215
80000, 5.513619500836088
81000, 5.393117306874966
82000, 5.140872632984737
83000, 5.408987230262506
84000, 5.42481072744215
85000, 5.398412465054624
86000, 5.422176684690384
87000, 5.416904756672129
88000, 5.275279274936203
89000, 5.406345478099918
90000, 5.511027905157855
91000, 5.511027905157855
92000, 5.511027905157855
93000, 5.3772005462215855
94000, 5.437961803049794
95000, 5.445837204428981
96000, 5.347896782848375
97000, 5.193402408000806
98000, 5.198900982762744
99000, 5.280692595267621
100000, 5.1602879210923325
