17.403612104552156
12.608387231181812
12.058192235986288
10.840400625174594
10.07401182676069
8.92028186614238
7.733045971672482
7.473763634016188
6.81175454637056
7.089227239773236
6.600865744084526
6.427618977061857
6.6868741362676865
6.8681459340515305
6.531243591931238
5.803939548764639
5.786684222049298
5.679537204486195
5.6467436886859215
5.850518902505266
5.578018081208209
5.727128425310541
5.629006509652861
5.9904686198756005
5.7296222762562135
5.61630280013971
5.0709255283711
5.171349644228008
4.560701700396552
4.503966505838413
4.8550415622761225
4.798809376144402
5.2590058810713325
4.8814517746846
4.795831523312719
4.322697570466188
4.622924244612772
4.532422877761644
4.430414363078405
4.711687595755898
4.595028369257987
4.249369701160733
4.516635916254486
4.551294949163998
4.678216998570533
4.777925431457824
4.3490557267395085
4.302822993603817
4.355620342893602
4.21561722306812
4.394802124588286
4.381780460041329
4.560701700396552
4.229150539495406
4.0178174601214955
4.154171741411621
