1, 7.907802054511312
2, 7.3484692283495345
3, 6.366579406033772
4, 5.5377492419453835
5, 5.0990195135927845
6, 4.993328882953068
7, 4.320493798938574
8, 4.179314138308661
9, 4.163331998932265
10, 4.08248290463863
15, 4.351245032554859
20, 3.5402448126271344
25, 3.32665998663324
30, 3.1622776601683795
35, 3.0983866769659336
40, 3.483293460696835
45, 3.483293460696835
50, 3.286335345030997
55, 2.9211869733608857
60, 3.03315017762062
65, 2.943920288775949
70, 2.988868236194653
75, 2.851899951494325
80, 2.422120283277993
85, 2.3380903889000244
90, 2.3664319132398464
95, 2.2211108331943574
100, 2.581988897471611
150, 2.280350850198276
200, 1.8973665961010275
250, 1.5491933384829668
300, 1.505545305418162
350, 1.632993161855452
400, 1.4142135623730951
450, 1.2649110640673518
500, 1.2110601416389966
550, 0.8944271909999159
600, 1.4142135623730951
650, 0.9660917830792959
700, 1.0327955589886444
750, 0.9660917830792959
800, 0.9660917830792959
850, 0.9660917830792959
900, 1.3165611772087666
950, 1.2110601416389966
1000, 1.3165611772087666
1250, 1.1547005383792515
1500, 0.8944271909999159
1750, 0.9660917830792959
2000, 0.3651483716701107
2250, 0.6324555320336759
2500, 0.816496580927726
2750, 0.816496580927726
3000, 0.816496580927726
3250, 0.6324555320336759
3500, 0.3651483716701107
3750, 0.3651483716701107
4000, 0.3651483716701107
4250, 0.5163977794943222
4500, 0.3651483716701107
4750, 0.3651483716701107
5000, 0.3651483716701107
5250, 0.3651483716701107
5500, 0.7302967433402214
5750, 0.6324555320336759
6000, 0.6324555320336759
6250, 0.6324555320336759
6500, 0.6324555320336759
6750, 0.6324555320336759
7000, 0.6324555320336759
7250, 0.3651483716701107
7500, 0.3651483716701107
7750, 0.3651483716701107
8000, 0.3651483716701107
8250, 0.6324555320336759
8500, 0.6324555320336759
8750, 0.6324555320336759
9000, 0.6324555320336759
9250, 0.6324555320336759
9500, 0.6324555320336759
9750, 0.6324555320336759
10000, 0.6324555320336759
11000, 0.0
12000, 0.0
13000, 0.0
14000, 0.0
15000, 0.0
16000, 0.0
17000, 0.0
18000, 0.0
19000, 0.0
20000, 0.0
21000, 0.0
22000, 0.0
23000, 0.0
24000, 0.0
25000, 0.0
26000, 0.0
27000, 0.3651483716701107
28000, 0.0
29000, 0.3651483716701107
30000, 0.0
31000, 0.0
32000, 0.3651483716701107
33000, 0.0
34000, 0.0
35000, 0.0
36000, 0.0
37000, 0.0
38000, 0.0
39000, 0.0
40000, 0.0
41000, 0.0
42000, 0.0
43000, 0.0
44000, 0.0
45000, 0.0
46000, 0.0
47000, 0.0
48000, 0.0
49000, 0.0
50000, 0.0
51000, 0.0
52000, 0.0
53000, 0.0
54000, 0.0
55000, 0.0
56000, 0.0
57000, 0.0
58000, 0.0
59000, 0.0
60000, 0.0
61000, 0.0
62000, 0.0
63000, 0.0
64000, 0.0
65000, 0.0
66000, 0.0
67000, 0.0
68000, 0.0
69000, 0.0
70000, 0.0
71000, 0.0
72000, 0.0
73000, 0.0
74000, 0.0
75000, 0.0
76000, 0.0
77000, 0.0
78000, 0.0
79000, 0.0
80000, 0.0
81000, 0.0
82000, 0.0
83000, 0.0
84000, 0.0
85000, 0.0
86000, 0.0
87000, 0.0
88000, 0.0
89000, 0.0
90000, 0.0
91000, 0.0
92000, 0.0
93000, 0.0
94000, 0.0
95000, 0.0
96000, 0.0
97000, 0.0
98000, 0.0
99000, 0.0
100000, 0.0
