1, 51.15206089038186
2, 50.37106753330174
3, 49.79379702555553
4, 49.59704292260444
5, 48.726903360578035
6, 48.2078831727758
7, 48.161072339482736
8, 48.0973549746299
9, 47.3833069527421
10, 46.99763587434774
15, 45.36445010504738
20, 43.89254555793678
25, 43.69159593738315
30, 42.77382377108691
35, 41.57215948738344
40, 40.14999654074982
45, 38.377945055287505
50, 37.67698973585278
55, 35.92615883849662
60, 35.677256994711165
65, 33.175626930356906
70, 31.96942984234227
75, 31.690867945058102
80, 31.269083062276636
85, 30.48533344996501
90, 30.400292396254642
95, 30.365550656404483
100, 29.149423474382626
150, 27.52332344273368
200, 24.254209256676802
250, 22.29449359022188
300, 20.31310469185403
350, 17.882331441335545
400, 17.485867309217337
450, 16.9666339226927
500, 16.6058891829241
550, 15.587744473713244
600, 15.090836071382306
650, 14.142921276109197
700, 14.062558641853037
750, 13.517889381605892
800, 13.569573808094834
850, 13.03158556056101
900, 13.06224414954116
950, 12.95805197979662
1000, 12.882373832316603
1250, 11.220021786471223
1500, 10.831025395183557
1750, 9.987770299499061
2000, 9.151806136252864
2250, 8.767363723871998
2500, 8.582928793055823
2750, 7.748835037890821
3000, 7.283161706597242
3250, 6.592925501373928
3500, 6.451528673285288
3750, 6.96658692139367
4000, 6.93461526610445
4250, 7.0285133563222315
4500, 6.51664535375884
4750, 6.364833942147361
5000, 6.260990336999411
5250, 6.6549897737629085
5500, 7.047458170621991
5750, 6.460134157533676
6000, 6.273400637258516
6250, 5.754225500544023
6500, 5.834761729877617
6750, 5.573747990954262
7000, 5.804213029247711
7250, 5.912322348752269
7500, 5.846176338238334
7750, 5.709640969448079
8000, 5.93108571661022
8250, 5.94418483337567
8500, 5.844275451718165
8750, 5.690147430232171
9000, 5.5837064551942355
9250, 5.69795284875776
9500, 5.70379990298865
9750, 5.240865068542279
10000, 4.9866488413228645
11000, 4.839651043435076
12000, 4.9866488413228645
13000, 4.676180777800049
14000, 4.568004670166906
15000, 4.3384585076063855
16000, 4.168666186896928
17000, 4.090639721771319
18000, 4.115013163202924
19000, 4.085203653294275
20000, 4.131182235954578
21000, 3.8787168554103615
22000, 3.8355066303046734
23000, 4.071581729227326
24000, 4.093355048802334
25000, 3.7712361663282534
26000, 3.8844419018552574
27000, 3.669695718539436
28000, 3.738686638082654
29000, 3.6606010435446255
30000, 3.861490788686555
31000, 3.73571352696584
32000, 3.555902760825223
33000, 3.3366650016645862
34000, 3.343318378165289
35000, 3.5714920629276996
36000, 3.2998316455372216
37000, 3.39934634239519
38000, 3.296462750686964
39000, 3.235222815613581
40000, 3.353273690655811
41000, 3.1091263510296048
42000, 3.0804040139061124
43000, 3.105550586360564
44000, 2.9925834249951255
45000, 2.9173808649388087
46000, 2.9173808649388087
47000, 3.0404678002643677
48000, 3.1162655713387313
49000, 2.882899774725287
50000, 2.890597785157173
51000, 2.8205594401741574
52000, 2.898275349237888
53000, 3.0983866769659336
54000, 2.9776948578836393
55000, 2.8205594401741574
56000, 2.7121127475743987
57000, 2.7527763762750106
58000, 2.556038601690775
59000, 2.756809750418044
60000, 2.5647178748895127
61000, 2.5647178748895127
62000, 2.703906638756433
63000, 2.637338725980331
64000, 2.5254262566501082
65000, 2.507765716507204
66000, 2.54296414970142
67000, 2.6874192494328497
68000, 2.72437556556034
69000, 2.4129281427805145
70000, 2.389793110524656
71000, 2.6331223544175333
72000, 2.4720661623652207
73000, 2.6246692913372702
74000, 2.569046515733026
75000, 2.569046515733026
76000, 2.4449494427856333
77000, 2.569046515733026
78000, 2.521022720158538
79000, 2.573367875415838
80000, 2.581988897471611
81000, 2.6161889160464775
82000, 2.703906638756433
83000, 2.695675549220764
84000, 2.485513584307633
85000, 2.516611478423583
86000, 2.4988886418655083
87000, 2.3851391759997758
88000, 2.3570226039551585
89000, 2.2310934040908683
90000, 2.3285665595430642
91000, 2.417528581929166
92000, 2.3758039574940617
93000, 2.206052281036573
94000, 2.1807236311728166
95000, 2.1447610589527217
96000, 2.092313976863362
97000, 2.086996778999804
98000, 2.092313976863362
99000, 2.3523038352503134
100000, 2.1447610589527217
