10.190682018393076
11.597413504743201
10.981803130633876
9.573400649716902
9.436630754670864
10.024968827881711
8.018728078691781
7.1867934435323795
7.0285133563222315
6.284902544988268
6.9390201037322266
6.6932802122726045
5.722761571129799
6.659579566308972
6.123724356957945
5.509083408335728
4.873397172404482
5.527205442174192
5.300943312279429
5.244044240850758
5.181698563212646
4.663689526544408
4.722287581247038
4.9899899799498595
4.483302354291979
4.183300132670378
4.159326868617084
4.135214625627067
4.806245936279167
4.505552130427524
4.494441010848846
4.306971093471606
4.421538193886829
4.301162633521313
4.135214625627067
4.598912915026768
4.165333119931706
4.024922359499621
4.153311931459037
3.7483329627982624
4.043513323831146
4.0
3.968626966596886
4.0
3.9812058474788765
3.9496835316262997
3.8144462245521304
3.6193922141707713
3.271085446759225
3.1304951684997055
3.598610843089316
3.6742346141747673
3.3015148038438356
3.653765181289022
3.398529093593286
3.9560080889704965
3.8858718455450894
4.260281680828158
4.1952353926806065
3.7013511046643495
4.092676385936225
3.6124783736376886
3.52845575287547
3.6945906403822333
3.866522985836241
3.721558813185679
3.7349698793966195
3.5496478698597698
3.7815340802378077
3.7080992435478315
3.492849839314596
3.626292872893749
3.8600518131237567
3.6674241641784495
3.6193922141707713
4.129164564412516
4.05585995813465
3.626292872893749
3.4132096331752027
3.3015148038438356
3.383784863137726
3.420526275297414
3.5
3.3241540277189325
3.3541019662496847
3.5496478698597698
3.6674241641784495
3.361547262794322
3.255764119219941
3.626292872893749
3.3391615714128
3.0983866769659336
3.361547262794322
3.361547262794322
3.4713109915419564
3.478505426185217
3.5355339059327378
3.6124783736376886
3.570714214271425
3.5071355833500366
3.6674241641784495
3.442382895611701
3.4713109915419564
3.420526275297414
3.4351128074635335
3.255764119219941
2.8896366553599777
2.8809720581775866
2.80178514522438
2.7386127875258306
2.6076809620810595
3.0083217912982647
2.7658633371878665
2.8460498941515415
2.7477263328068173
2.4698178070456938
2.8809720581775866
2.8284271247461903
2.8722813232690143
2.958039891549808
3.24037034920393
3.0413812651491097
3.122498999199199
2.9748949561287032
2.8722813232690143
2.7386127875258306
2.9748949561287032
2.9154759474226504
2.8722813232690143
2.8896366553599777
2.9748949561287032
2.8284271247461903
2.958039891549808
2.7838821814150108
3.024896692450835
3.0983866769659336
2.9068883707497264
2.819574435974337
3.0659419433511785
3.122498999199199
2.8372521918222215
2.9832867780352594
2.8460498941515415
2.932575659723036
2.8635642126552705
2.8635642126552705
2.7477263328068173
2.8722813232690143
2.9154759474226504
2.819574435974337
2.8106938645110393
3.0983866769659336
3.146426544510455
2.8372521918222215
2.6362852652928135
2.6457513110645907
2.8809720581775866
2.701851217221259
2.7202941017470885
2.6076809620810595
2.6076809620810595
2.6172504656604803
2.5
2.6739483914241875
2.588435821108957
2.3664319132398464
2.5
2.4698178070456938
2.3769728648009427
2.32379000772445
2.5
2.598076211353316
2.701851217221259
2.479919353527449
2.5787593916455256
2.5298221281347035
2.5099800796022267
2.569046515733026
2.756809750418044
2.5495097567963922
2.8635642126552705
2.692582403567252
2.5592967784139455
2.6645825188948455
2.756809750418044
2.6362852652928135
2.6739483914241875
2.598076211353316
2.6457513110645907
2.5099800796022267
2.5787593916455256
2.6739483914241875
2.539685019840059
2.6076809620810595
2.6551836094703507
2.5592967784139455
2.4899799195977463
2.5099800796022267
2.5787593916455256
2.6172504656604803
2.6362852652928135
2.3874672772626644
2.4698178070456938
2.5592967784139455
2.4698178070456938
2.479919353527449
2.5298221281347035
2.6267851073127395
2.569046515733026
2.6076809620810595
2.598076211353316
2.5
2.4899799195977463
2.449489742783178
2.449489742783178
2.3769728648009427
2.345207879911715
2.355843797877949
2.4392621835300936
2.5
2.3664319132398464
2.345207879911715
2.4392621835300936
2.3874672772626644
2.3874672772626644
2.2693611435820435
2.3874672772626644
2.449489742783178
2.5787593916455256
2.7202941017470885
2.792848008753788
2.3874672772626644
2.598076211353316
2.4698178070456938
2.4186773244895647
2.4289915602982237
2.4392621835300936
2.5199206336708304
2.5199206336708304
2.4186773244895647
2.5199206336708304
2.4289915602982237
2.4289915602982237
