1, 13.564659966250536
2, 13.564659966250536
3, 13.564659966250536
4, 12.724778976469493
5, 11.906300852909773
6, 11.113955191559844
7, 10.44222198576529
8, 10.41537325303323
9, 10.011992808627062
10, 10.011992808627062
15, 9.979979959899719
20, 9.290855719469548
25, 8.390470785361213
30, 8.294576541331088
35, 8.299397568498572
40, 6.752777206453653
45, 6.740919818541086
50, 6.740919818541086
55, 6.752777206453653
60, 6.7468511173732
65, 6.734983296193095
70, 6.734983296193095
75, 6.717142249498666
80, 6.717142249498666
85, 6.717142249498666
90, 6.717142249498666
95, 6.717142249498666
100, 6.468384651518492
150, 6.505382386916237
200, 6.511528238439882
250, 5.824087911424415
300, 5.871967302361279
350, 5.314132102234569
400, 5.314132102234569
450, 5.3065996645686395
500, 5.3065996645686395
550, 5.299056519796708
600, 4.947726750741193
650, 4.947726750741193
700, 4.955804677345546
750, 4.47213595499958
800, 4.47213595499958
850, 4.47213595499958
900, 4.47213595499958
950, 4.223742416388575
1000, 4.214261501141095
1250, 3.7094473981982814
1500, 3.698648401781386
1750, 3.939543120718442
2000, 3.666060555964672
2250, 3.698648401781386
2500, 3.698648401781386
2750, 3.7094473981982814
3000, 3.4641016151377544
3250, 3.4641016151377544
3500, 3.4641016151377544
3750, 3.3823069050575527
4000, 2.7422618401604177
4250, 2.513961017995307
4500, 2.6381811916545836
4750, 2.6229754097208002
5000, 2.592296279363144
5250, 2.6981475126464085
5500, 2.6981475126464085
5750, 2.9664793948382653
6000, 2.9664793948382653
6250, 3.03315017762062
6500, 3.22490309931942
6750, 2.979932885150268
7000, 3.1240998703626617
7250, 3.1240998703626617
7500, 3.1622776601683795
7750, 3.2
8000, 3.358571124749333
8250, 3.358571124749333
8500, 3.4525353003264136
8750, 3.4525353003264136
9000, 3.3466401061363023
9250, 3.237282811247729
9500, 3.237282811247729
9750, 3.212475680841802
10000, 3.212475680841802
11000, 3.0066592756745814
12000, 3.0724582991474434
13000, 3.4292856398964493
14000, 3.521363372331802
15000, 3.237282811247729
16000, 3.394112549695428
17000, 3.5552777669262356
18000, 3.2984845004941286
19000, 3.3466401061363023
20000, 3.2619012860600183
21000, 3.1240998703626617
22000, 3.1368774282716245
23000, 3.111269837220809
24000, 3.1240998703626617
25000, 3.0854497241083023
26000, 3.655133376499413
27000, 3.4641016151377544
28000, 3.212475680841802
29000, 3.2
30000, 3.1622776601683795
31000, 3.1749015732775088
32000, 3.059411708155671
33000, 2.8284271247461903
34000, 2.8284271247461903
35000, 3.1874754901018454
36000, 3.046309242345563
37000, 3.2984845004941286
38000, 3.1874754901018454
39000, 3.3226495451672298
40000, 3.3226495451672298
41000, 3.3226495451672298
42000, 3.237282811247729
43000, 3.2619012860600183
44000, 3.111269837220809
45000, 3.111269837220809
46000, 2.7712812921102037
47000, 3.111269837220809
48000, 3.1874754901018454
49000, 2.898275349237888
50000, 3.03315017762062
51000, 2.898275349237888
52000, 3.03315017762062
53000, 2.7856776554368237
54000, 2.925747767665559
55000, 2.842534080710379
56000, 2.7856776554368237
57000, 2.870540018881465
58000, 2.756809750418044
59000, 2.6683328128252666
60000, 2.5768197453450252
61000, 2.6229754097208002
62000, 2.5768197453450252
63000, 2.2978250586152114
64000, 2.3323807579381204
65000, 2.3323807579381204
66000, 2.349468024894146
67000, 2.545584412271571
68000, 2.6381811916545836
69000, 2.6076809620810595
70000, 2.7712812921102037
71000, 2.4
72000, 2.449489742783178
73000, 2.6229754097208002
74000, 2.756809750418044
75000, 2.6981475126464085
76000, 2.6683328128252666
77000, 2.4819347291981715
78000, 2.5768197453450252
79000, 2.5612496949731396
80000, 2.5612496949731396
81000, 2.5612496949731396
82000, 2.7856776554368237
83000, 2.7856776554368237
84000, 2.6076809620810595
85000, 2.6076809620810595
86000, 2.4331050121192876
87000, 2.6076809620810595
88000, 2.545584412271571
89000, 2.545584412271571
90000, 2.592296279363144
91000, 2.7422618401604177
92000, 2.8284271247461903
93000, 2.727636339397171
94000, 2.939387691339814
95000, 2.939387691339814
96000, 2.939387691339814
97000, 2.85657137141714
98000, 2.898275349237888
99000, 2.898275349237888
100000, 3.0724582991474434
