10.933892262136114
10.686440005914037
10.784247771634329
10.723805294763608
10.700467279516348
10.249390225764653
9.78008179924892
9.813256340277675
9.581231653602787
9.531526635329726
9.846319109189992
9.565563234854496
9.581231653602787
9.1104335791443
9.216832427683602
8.958236433584458
9.40744386111339
9.20326029187483
9.335416434203673
9.426027795418387
9.762171889492624
9.751922887307918
9.465727652959385
9.410100955887774
9.388823142439099
9.547250913221042
9.7082439194738
9.703092290605094
9.690201236300513
9.78263768111648
9.984988733093292
9.964938534682489
10.0024996875781
9.831073186585481
9.76985158536198
9.677293009927931
9.73909646733207
9.648834126463155
9.521029356114811
9.330058949438637
9.375499986667378
9.692780818733084
9.86154146165801
9.919677414109795
9.904544411531507
9.9498743710662
9.805610638812864
9.713392816107048
9.589056262218927
9.825985955617888
9.797958971132712
9.81580358401695
9.831073186585481
9.787747442593725
9.954898291795853
10.124228365658293
10.331989159885913
10.283481900601567
10.35615758860399
10.295630140987
10.327148686835104
10.377861051295685
10.387492478938313
10.052362906302179
10.099504938362077
10.116817681464859
10.136567466356647
10.370631610466162
10.449880382090505
10.251829105091442
10.295630140987
10.437911668528336
10.319883720275147
10.382677881933928
10.195587280779858
10.188228501560022
10.27131929208707
10.300485425454472
10.273752965688828
10.276186062932103
10.358571330062848
10.153817016275209
9.912113800799505
9.99749968742185
10.042410069301093
10.009995004993758
10.019980039900279
10.16366075781753
10.124228365658293
9.924716620639604
9.795407086997457
9.77496803063826
9.560334722173696
9.797958971132712
9.967447015158896
9.954898291795853
10.0024996875781
9.929753269845127
9.952386648437649
10.27131929208707
9.982484660644364
9.856469956328178
9.9498743710662
9.85393322486001
9.86154146165801
10.00499875062461
10.104454463255301
9.919677414109795
9.969954864491614
10.042410069301093
9.987492177719089
9.917156850630123
9.909591313469996
9.87674035297071
9.9498743710662
9.808159868191384
9.751922887307918
9.754486147409304
9.746794344808963
9.884331034521255
9.828529900244492
9.690201236300513
9.889388252060893
9.927235264664578
9.818350166906862
9.617692030835672
9.555103348473002
9.728823155962905
9.643650760992955
9.562949335848225
9.3834961501564
9.50263121456368
9.625487000666512
9.664367542679656
9.641058033224361
9.568176419778222
9.609890738192604
9.486832980505138
9.602083107326242
9.70051545022222
9.690201236300513
9.67212489580237
9.594269122762817
9.654014708917737
9.531526635329726
9.695359714832659
9.633275663033837
9.436630754670864
9.40744386111339
9.47100839404126
9.534149149242422
9.391485505499118
9.431330765061738
9.505261700763425
9.5236547606473
9.486832980505138
9.557719393244394
9.531526635329726
9.562949335848225
9.586448768965493
9.630680142129112
9.57601169589929
9.677293009927931
9.66695401871758
9.568176419778222
9.560334722173696
9.346122190513025
9.602083107326242
9.630680142129112
9.6850400102426
9.654014708917737
9.589056262218927
9.418067742376884
9.447221813845593
9.489467845985885
9.40744386111339
9.423375191511797
9.404786015641186
9.370165420097983
9.391485505499118
9.44192776926407
9.257429448826494
9.396807968666806
9.402127418834526
9.39946807005588
9.262828941527529
9.22496612459905
9.367496997597597
9.394147114027968
9.268225288586807
9.22496612459905
9.273618495495704
9.249324299644812
9.330058949438637
9.420721840708387
9.297849213662266
9.386160024205852
9.362157870918436
9.335416434203673
9.148770409186143
9.129622117042961
9.16515138991168
9.243916918709298
9.31933474020544
9.273618495495704
9.262828941527529
9.268225288586807
9.297849213662266
9.249324299644812
9.052623929005335
9.06642156531451
9.200543462209176
9.211405973031479
9.35147047260483
9.370165420097983
9.287087810503355
9.270922284217466
9.262828941527529
9.31933474020544
9.246621004453464
9.284395510748128
9.292470069900682
9.305912099305473
9.40744386111339
9.38083151964686
9.354143466934854
9.281702430050212
9.354143466934854
9.484197383015603
9.476286192385707
9.478923989567592
9.50263121456368
9.35147047260483
9.436630754670864
9.463086177352503
9.39946807005588
9.30859817588019
9.35147047260483
9.40744386111339
9.463086177352503
9.436630754670864
9.521029356114811
9.5236547606473
9.628083921528727
9.565563234854496
9.643650760992955
9.669539802906858
9.633275663033837
9.602083107326242
9.539392014169456
9.5524865872714
9.557719393244394
9.476286192385707
9.481561052906848
9.562949335848225
9.549869109050658
9.57078889120432
9.505261700763425
9.505261700763425
9.544631999192006
9.560334722173696
9.539392014169456
9.594269122762817
9.602083107326242
9.581231653602787
9.549869109050658
9.646242791885346
9.67987603226405
9.718538984847465
9.687620966986684
9.609890738192604
9.591663046625438
9.677293009927931
9.6850400102426
9.643650760992955
9.70051545022222
9.669539802906858
9.7082439194738
9.777525249264253
9.646242791885346
9.6591925128346
9.641058033224361
9.764732459212592
9.772410142846033
9.767292357659825
9.754486147409304
9.697937925146768
9.818350166906862
9.808159868191384
9.687620966986684
9.67212489580237
9.7082439194738
9.759610647971568
9.654014708917737
9.66695401871758
9.733961166965893
9.628083921528727
9.604686356149273
9.602083107326242
9.549869109050658
9.573400649716902
9.586448768965493
9.573400649716902
9.617692030835672
9.557719393244394
9.489467845985885
9.628083921528727
9.67987603226405
9.661780374237452
9.604686356149273
9.682458365518542
9.764732459212592
9.927235264664578
10.019980039900279
9.984988733093292
9.871676655968834
9.87674035297071
9.884331034521255
9.904544411531507
9.810708435174291
9.866610360199697
9.979979959899719
9.919677414109795
9.99749968742185
9.919677414109795
9.922197337283713
10.04987562112089
10.007497189607399
10.014988766843425
10.0
9.947361459201128
9.924716620639604
9.894442884771228
9.977474630386189
9.927235264664578
9.896969233053117
10.00499875062461
10.027462291128298
9.977474630386189
10.022474744293447
9.982484660644364
10.014988766843425
10.141498903022176
10.024968827881711
10.092076099594175
10.052362906302179
10.007497189607399
9.984988733093292
10.044899203078147
10.062305898749054
10.047387720198719
10.042410069301093
10.087120500916008
10.10692831675381
10.244510725261602
10.202940752547766
10.18577439373168
10.18577439373168
10.26645021416848
10.175952043912156
10.134100848126586
9.969954864491614
9.922197337283713
9.922197337283713
9.937303457175895
9.9498743710662
9.894442884771228
9.856469956328178
9.82344135219425
9.881801455200362
9.904544411531507
9.843779761859771
9.9498743710662
9.866610360199697
9.939818911831342
9.81580358401695
9.91463564635635
9.85900603509299
9.922197337283713
9.979979959899719
9.909591313469996
9.927235264664578
9.899494936611665
9.939818911831342
9.81580358401695
9.886859966642595
9.851395840184273
9.864076236526156
9.962429422585638
9.894442884771228
9.795407086997457
9.813256340277675
9.800510190801292
9.889388252060893
9.919677414109795
10.057335631269348
10.032447358446493
9.881801455200362
9.866610360199697
9.795407086997457
