1, 34.29625829931501
2, 33.52113760997181
3, 32.96513309543889
4, 32.602658378318374
5, 32.46074552440224
6, 31.77892383325779
7, 31.135189095298585
8, 30.231881626300847
9, 29.360404175238006
10, 29.32518826310697
15, 28.027962228222492
20, 27.40620367726986
25, 26.433564521897786
30, 25.302832516011588
35, 23.879558901565442
40, 23.747280546061127
45, 23.388031127053
50, 22.26881227187476
55, 20.713119835827083
60, 20.628459305855426
65, 18.44812546936228
70, 17.76888666555486
75, 17.78388783890257
80, 17.70781371786666
85, 17.700282483621553
90, 16.885891546890065
95, 16.678329252855836
100, 16.64331697709324
150, 14.89407040849926
200, 14.778362561528933
250, 14.722997883130551
300, 14.695804389915738
350, 14.670832741645354
400, 14.051097228805064
450, 14.064138793399332
500, 13.252672686418137
550, 13.19343270974869
600, 13.173205127581266
650, 13.179529581893277
700, 13.175735273600482
750, 13.177000164427916
800, 13.175735273600482
850, 13.173205127581266
900, 12.928005775576267
950, 12.913816889930981
1000, 12.127104628338401
1250, 11.791239686026797
1500, 11.791239686026797
1750, 11.160943807163742
2000, 11.178849076119898
2250, 10.074720839804943
2500, 9.874208829065749
2750, 9.867454923467685
3000, 9.813256340277675
3250, 9.345230512584124
3500, 9.183318209303941
3750, 8.453795991545258
4000, 8.461678320522472
4250, 7.808115436305144
4500, 7.842193570679061
4750, 6.81175454637056
5000, 6.58027355054484
5250, 6.2048368229954285
5500, 6.104643041707408
5750, 6.6156380392723015
6000, 6.789698078707183
6250, 6.777413469261952
6500, 6.643292356454993
6750, 6.508968172196471
7000, 6.473020933072903
7250, 6.618156843109719
7500, 6.263651757029068
7750, 6.263651757029068
8000, 6.263651757029068
8250, 6.044281043543006
8500, 6.016643582596529
8750, 5.836665714829544
9000, 5.935767291036041
9250, 6.0
9500, 6.0
9750, 6.0
10000, 5.997221578920247
11000, 5.946988033169957
12000, 5.819507424745385
13000, 5.6184220797895446
14000, 5.8594652770823155
15000, 6.212889826803627
16000, 5.935767291036041
17000, 6.223610956135781
18000, 5.955389715767279
19000, 5.138093031466052
20000, 4.9966655548141965
21000, 4.926120853842978
22000, 4.806245936279167
23000, 4.864839839775475
24000, 5.11207720338155
25000, 5.3975302994363386
26000, 5.003332222962347
27000, 5.019960159204453
28000, 4.9396356140913875
29000, 5.221749387577564
30000, 5.354126134736337
31000, 5.338539126015656
32000, 5.307227776030219
33000, 4.8166378315169185
34000, 4.8373546489791295
35000, 4.83045891539648
36000, 4.83045891539648
37000, 4.586211217697385
38000, 4.5789372857319925
39000, 4.43471156521669
40000, 4.527692569068709
41000, 4.618802153517006
42000, 4.715223571935199
43000, 4.643992535164831
44000, 4.2895221179054435
45000, 4.1952353926806065
46000, 4.115013163202924
47000, 4.115013163202924
48000, 4.155317877932646
49000, 4.226897995772629
50000, 4.404543109109048
51000, 4.339738855430512
52000, 4.464676173400859
53000, 4.669047011971501
54000, 4.715223571935199
55000, 4.743416490252569
56000, 4.557045826702499
57000, 4.479583313955291
58000, 4.47213595499958
59000, 4.400757510550504
60000, 4.415880433163924
61000, 4.320493798938574
62000, 4.48701831212369
63000, 4.571651780264984
64000, 4.6475800154489
65000, 4.5789372857319925
66000, 4.520324472129555
67000, 4.531372124791048
68000, 4.686861067566081
69000, 4.54972526643093
70000, 4.339738855430512
71000, 4.4234225060089685
72000, 4.427188724235731
73000, 4.524010020619612
74000, 4.718756898449704
75000, 4.661902329879224
76000, 4.6833036772489285
77000, 4.597100535482483
78000, 4.5789372857319925
79000, 4.701063709417263
80000, 4.909175083453431
81000, 4.607964120230683
82000, 4.725815626252608
83000, 4.871686908385363
84000, 4.8373546489791295
85000, 4.813176359397884
86000, 4.813176359397884
87000, 4.88535225614967
88000, 4.88535225614967
89000, 4.535048695071164
90000, 4.449719092257398
91000, 4.781910357447813
92000, 4.946379147079878
93000, 5.062937223917884
94000, 4.91256891385081
95000, 5.0
96000, 5.01663898109747
97000, 5.105552532945545
98000, 5.11207720338155
99000, 5.157518783291051
100000, 5.259911279353167
