1, 4.898979485566356
2, 4.898979485566356
3, 4.898979485566356
4, 4.898979485566356
5, 4.898979485566356
6, 4.898979485566356
7, 4.898979485566356
8, 4.898979485566356
9, 4.898979485566356
10, 4.898979485566356
15, 4.898979485566356
20, 4.898979485566356
25, 4.898979485566356
30, 4.898979485566356
35, 4.09878030638384
40, 4.09878030638384
45, 4.09878030638384
50, 4.09878030638384
55, 4.09878030638384
60, 4.09878030638384
65, 4.09878030638384
70, 4.09878030638384
75, 4.09878030638384
80, 4.09878030638384
85, 4.09878030638384
90, 4.09878030638384
95, 4.09878030638384
100, 4.09878030638384
150, 4.09878030638384
200, 4.09878030638384
250, 4.09878030638384
300, 4.09878030638384
350, 4.09878030638384
400, 4.09878030638384
450, 4.09878030638384
500, 4.09878030638384
550, 4.09878030638384
600, 4.09878030638384
650, 4.09878030638384
700, 4.09878030638384
750, 4.09878030638384
800, 4.09878030638384
850, 4.09878030638384
900, 4.09878030638384
950, 4.09878030638384
1000, 4.09878030638384
1250, 4.09878030638384
1500, 4.09878030638384
1750, 4.09878030638384
2000, 4.09878030638384
2250, 4.09878030638384
2500, 4.09878030638384
2750, 4.09878030638384
3000, 4.09878030638384
3250, 4.09878030638384
3500, 4.09878030638384
3750, 4.09878030638384
4000, 4.09878030638384
4250, 4.09878030638384
4500, 4.09878030638384
4750, 4.09878030638384
5000, 4.09878030638384
5250, 4.09878030638384
5500, 4.09878030638384
5750, 4.09878030638384
6000, 4.09878030638384
6250, 4.09878030638384
6500, 4.09878030638384
6750, 4.09878030638384
7000, 4.09878030638384
7250, 4.09878030638384
7500, 4.09878030638384
7750, 4.09878030638384
8000, 4.09878030638384
8250, 4.09878030638384
8500, 4.09878030638384
8750, 4.09878030638384
9000, 4.09878030638384
9250, 4.09878030638384
9500, 4.09878030638384
9750, 4.09878030638384
10000, 4.09878030638384
11000, 4.09878030638384
12000, 4.09878030638384
13000, 4.09878030638384
14000, 4.09878030638384
15000, 4.09878030638384
16000, 4.09878030638384
17000, 4.09878030638384
18000, 4.09878030638384
19000, 4.09878030638384
20000, 4.09878030638384
21000, 4.09878030638384
22000, 4.09878030638384
23000, 4.09878030638384
24000, 4.09878030638384
25000, 4.09878030638384
26000, 4.09878030638384
27000, 4.09878030638384
28000, 4.09878030638384
29000, 4.09878030638384
30000, 4.09878030638384
31000, 4.09878030638384
32000, 4.09878030638384
33000, 4.09878030638384
34000, 4.09878030638384
35000, 4.09878030638384
36000, 4.09878030638384
37000, 4.09878030638384
38000, 4.09878030638384
39000, 4.09878030638384
40000, 4.09878030638384
41000, 4.09878030638384
42000, 4.09878030638384
43000, 4.09878030638384
44000, 4.09878030638384
45000, 4.09878030638384
46000, 4.09878030638384
47000, 4.09878030638384
48000, 4.09878030638384
49000, 4.09878030638384
50000, 4.09878030638384
51000, 4.09878030638384
52000, 4.09878030638384
53000, 4.09878030638384
54000, 4.09878030638384
55000, 4.09878030638384
56000, 4.09878030638384
57000, 4.09878030638384
58000, 4.09878030638384
59000, 4.09878030638384
60000, 4.09878030638384
61000, 4.09878030638384
62000, 4.09878030638384
63000, 4.09878030638384
64000, 4.09878030638384
65000, 4.09878030638384
66000, 4.09878030638384
67000, 4.09878030638384
68000, 4.09878030638384
69000, 4.09878030638384
70000, 4.09878030638384
71000, 4.09878030638384
72000, 4.09878030638384
73000, 4.09878030638384
74000, 4.09878030638384
75000, 4.09878030638384
76000, 4.09878030638384
77000, 4.09878030638384
78000, 4.09878030638384
79000, 4.09878030638384
80000, 4.09878030638384
81000, 4.09878030638384
82000, 4.09878030638384
83000, 4.09878030638384
84000, 4.09878030638384
85000, 4.09878030638384
86000, 4.09878030638384
87000, 4.09878030638384
88000, 4.09878030638384
89000, 4.09878030638384
90000, 4.09878030638384
91000, 4.09878030638384
92000, 4.09878030638384
93000, 4.09878030638384
94000, 4.09878030638384
95000, 4.09878030638384
96000, 4.09878030638384
97000, 4.09878030638384
98000, 4.09878030638384
99000, 4.09878030638384
100000, 4.09878030638384
