1, 28.198581524608645
2, 27.389779115575212
3, 26.62630278502819
4, 25.734801339819974
5, 25.03517525403008
6, 25.034376365310163
7, 24.815317850069942
8, 24.344198487524704
9, 23.659247663440187
10, 23.659247663440187
15, 22.76137078473087
20, 22.309639172339836
25, 19.902763627195093
30, 19.358718965882012
35, 18.905025786811294
40, 17.82806775845324
45, 17.267310155319503
50, 16.560193235587562
55, 16.282505949638097
60, 15.297058540778355
65, 14.53684972750286
70, 14.474805698177782
75, 14.149204924659195
80, 13.19090595827292
85, 12.709051892253804
90, 12.617448236470002
95, 12.671227249165726
100, 11.859173664298874
150, 8.9509776002401
200, 8.224354077980836
250, 7.174956445860839
300, 7.269112738154499
350, 6.5482822174979605
400, 6.219324722186485
450, 6.023288138550239
500, 5.325410782277739
550, 4.737087712930805
600, 3.924283374069717
650, 4.467661580737736
700, 4.608687448721165
750, 4.37264222181509
800, 4.132795663954365
850, 4.223742416388575
900, 4.1036569057366385
950, 4.079215610874228
1000, 3.964845520319802
1250, 3.3166247903554
1500, 3.2310988842807022
1750, 2.9189039038652846
2000, 2.9189039038652846
2250, 2.8774989139876315
2500, 2.340939982143925
2750, 2.3664319132398464
3000, 2.584569596664017
3250, 2.705549851693737
3500, 2.6229754097208002
3750, 2.4738633753705965
4000, 2.8
4250, 2.4979991993593593
4500, 2.615339366124404
4750, 2.4738633753705965
5000, 2.553429066960741
5250, 2.4248711305964283
5500, 2.4899799195977463
5750, 2.4899799195977463
6000, 2.615339366124404
6250, 2.3916521486202797
6500, 2.280350850198276
6750, 2.227105745132009
7000, 2.23606797749979
7250, 2.23606797749979
7500, 2.253885533916929
7750, 2.0591260281974
8000, 2.227105745132009
8250, 2.181742422927143
8500, 2.1540659228538015
8750, 2.2
9000, 2.253885533916929
9250, 2.2
9500, 2.1260291625469296
9750, 1.9078784028338913
10000, 1.9287301521985911
11000, 1.8220867158288598
12000, 1.61245154965971
13000, 1.6733200530681511
14000, 1.7663521732655694
15000, 1.8110770276274832
16000, 1.6492422502470643
17000, 1.5874507866387544
18000, 1.5748015748023623
19000, 2.06881608655772
20000, 1.8439088914585775
21000, 1.8220867158288598
22000, 1.697056274847714
23000, 1.6613247725836149
24000, 1.5231546211727816
25000, 1.3416407864998738
26000, 1.5099668870541498
27000, 1.4422205101855958
28000, 1.3711309200802089
29000, 1.4
30000, 1.4422205101855958
31000, 1.4
32000, 1.4142135623730951
33000, 1.3416407864998738
34000, 1.3711309200802089
35000, 1.42828568570857
36000, 1.4
37000, 1.5362291495737217
38000, 1.4
39000, 1.2489995996796797
40000, 1.1489125293076057
41000, 1.2165525060596438
42000, 1.4422205101855958
43000, 1.3856406460551018
44000, 1.2328828005937953
45000, 1.1661903789690602
46000, 1.2328828005937953
47000, 1.2328828005937953
48000, 1.2806248474865698
49000, 1.296148139681572
50000, 1.3564659966250536
51000, 1.3711309200802089
52000, 1.3114877048604001
53000, 1.1832159566199232
54000, 1.1489125293076057
55000, 1.0392304845413265
56000, 1.0392304845413265
57000, 0.9797958971132712
58000, 1.0770329614269007
59000, 1.0583005244258363
60000, 1.0
61000, 0.9797958971132712
62000, 1.0583005244258363
63000, 1.0583005244258363
64000, 1.131370849898476
65000, 1.1661903789690602
66000, 1.131370849898476
67000, 1.0770329614269007
68000, 1.0583005244258363
69000, 1.131370849898476
70000, 1.1489125293076057
71000, 1.1661903789690602
72000, 1.1661903789690602
73000, 1.0392304845413265
74000, 1.0392304845413265
75000, 1.019803902718557
76000, 1.0770329614269007
77000, 1.0954451150103321
78000, 1.1832159566199232
79000, 1.0954451150103321
80000, 1.131370849898476
81000, 1.131370849898476
82000, 1.1489125293076057
83000, 1.0954451150103321
84000, 1.0954451150103321
85000, 1.0954451150103321
86000, 1.0770329614269007
87000, 1.0770329614269007
88000, 1.0770329614269007
89000, 1.0392304845413265
90000, 1.0392304845413265
91000, 1.0392304845413265
92000, 1.019803902718557
93000, 1.0583005244258363
94000, 1.0392304845413265
95000, 1.0583005244258363
96000, 0.9591663046625439
97000, 0.8717797887081347
98000, 0.9797958971132712
99000, 0.8944271909999159
100000, 0.9591663046625439
