1, 28.859660427662693
2, 28.442925306655784
3, 28.115476165272394
4, 27.666586345264932
5, 27.05328076222919
6, 26.39696952303427
7, 26.092144411680692
8, 25.29980237076962
9, 25.415743152620976
10, 25.28319600050595
15, 25.54212207315594
20, 24.829015284541594
25, 23.764679673835285
30, 21.967248348393568
35, 22.283626275810676
40, 21.619435700313733
45, 21.04661492972207
50, 21.110187114282052
55, 21.053265779921176
60, 21.469047487021868
65, 21.60370338622524
70, 21.855891654197045
75, 21.3607115986336
80, 21.06086417980041
85, 20.61649824776264
90, 20.618438350175797
95, 21.28097742116184
100, 21.213203435596427
150, 19.95795580714618
200, 18.6257885739101
250, 17.069270634681494
300, 15.700955384943937
350, 17.029386365926403
400, 16.134435224078963
450, 16.108382910770406
500, 17.008233300375437
550, 16.39634105524766
600, 16.26530048907797
650, 16.2
700, 16.384138671288156
750, 15.908488300275422
800, 16.520290554345586
850, 15.699681525432291
900, 14.966629547095765
950, 15.63457706495446
1000, 15.956190021430555
1250, 15.964961634780085
1500, 14.730919862656235
1750, 14.804053498957641
2000, 12.95839496234005
2250, 12.475576139000555
2500, 13.104197800704933
2750, 12.195080975540916
3000, 11.276524287208359
3250, 10.573551910309043
3500, 10.524257693538296
3750, 9.730364844136114
4000, 9.17605579756357
4250, 9.391485505499118
4500, 9.245539465060975
4750, 9.301612763386787
5000, 8.818163074019441
5250, 8.815894736213677
5500, 8.699425268372618
5750, 9.0598013223249
6000, 9.488940931421167
6250, 9.288702815786497
6500, 9.114823092084674
6750, 9.106041950265768
7000, 7.927168473042566
7250, 7.307530362578044
7500, 7.730459236035075
7750, 7.045565981523415
8000, 7.536577472566709
8250, 7.649836599562111
8500, 6.922427319950712
8750, 7.260853944268539
9000, 7.127411872482185
9250, 7.130217387990355
9500, 6.907966415668217
9750, 6.6452990903344595
10000, 6.368673331236264
11000, 5.865151319446072
12000, 5.7306195127577615
13000, 5.6956123463592565
14000, 5.531726674375733
15000, 5.149757275833493
16000, 5.592852581643825
17000, 5.388877434122992
18000, 5.2115256883181535
19000, 5.207686626516615
20000, 5.377731863899501
21000, 5.215361924162119
22000, 4.935585071701226
23000, 4.874423042781577
24000, 5.2839379254491625
25000, 5.462600113499065
26000, 5.447935388750494
27000, 5.075431016179809
28000, 4.862098312457287
29000, 4.534313619501853
30000, 4.766550115125193
31000, 5.091168824543142
32000, 4.6
33000, 4.2047592083257275
34000, 4.261455150532504
35000, 4.17612260356422
36000, 4.507771067833858
37000, 4.458699361921591
38000, 4.069397989875161
39000, 4.2895221179054435
40000, 4.368065933568311
41000, 4.242640687119285
42000, 4.368065933568311
43000, 4.732863826479693
44000, 4.358898943540674
45000, 4.5563142999578075
46000, 4.280186911806539
47000, 4.147288270665544
48000, 3.9899874686520005
49000, 3.8366652186501757
50000, 4.0743097574926725
51000, 4.214261501141095
52000, 4.0
53000, 3.888444419044716
54000, 4.044749683231337
55000, 3.7841775856849003
56000, 3.893584466786357
57000, 3.82099463490856
58000, 3.566510900025402
59000, 3.752332607858744
60000, 3.9293765408777
61000, 3.704051835490427
62000, 3.5270384177096794
63000, 3.8418745424597094
64000, 3.7202150475476548
65000, 3.3466401061363023
66000, 3.280243893371345
67000, 3.1496031496047245
68000, 3.2984845004941286
69000, 3.1496031496047245
70000, 3.2741411087489802
71000, 3.03315017762062
72000, 3.2186953878862163
73000, 3.3466401061363023
74000, 3.249615361854384
75000, 3.4
76000, 3.7735924528226414
77000, 3.6110940170535577
78000, 3.704051835490427
79000, 3.492849839314596
80000, 3.7202150475476548
81000, 3.746998799039039
82000, 3.5270384177096794
83000, 3.4292856398964493
84000, 3.676955262170047
85000, 3.340658617698013
86000, 3.243454948045371
87000, 3.1685959035509716
88000, 3.3105890714493698
89000, 3.352610922848042
90000, 3.2741411087489802
91000, 3.181194744117373
92000, 2.9189039038652846
93000, 3.1368774282716245
94000, 2.90516780926679
95000, 3.0724582991474434
96000, 3.0919249667480613
97000, 2.6907248094147422
98000, 2.9189039038652846
99000, 2.9120439557122073
100000, 3.0528675044947495
