1, 5.2345009313209605
2, 5.2345009313209605
3, 4.516635916254486
4, 4.494441010848846
5, 4.0
6, 4.024922359499621
7, 4.024922359499621
8, 3.63318042491699
9, 3.63318042491699
10, 2.4899799195977463
15, 2.4899799195977463
20, 2.0976176963403033
25, 2.04939015319192
30, 2.04939015319192
35, 2.04939015319192
40, 2.04939015319192
45, 2.04939015319192
50, 2.04939015319192
55, 2.0
60, 2.0
65, 2.0
70, 2.0
75, 2.0
80, 2.0
85, 2.0
90, 2.0
95, 2.0
100, 2.0
150, 1.4142135623730951
200, 1.4142135623730951
250, 0.8944271909999159
300, 0.8944271909999159
350, 0.8944271909999159
400, 0.8944271909999159
450, 0.8944271909999159
500, 0.8944271909999159
550, 0.8944271909999159
600, 0.8944271909999159
650, 0.8944271909999159
700, 0.8944271909999159
750, 0.7745966692414834
800, 0.7745966692414834
850, 0.7745966692414834
900, 0.7745966692414834
950, 0.7745966692414834
1000, 0.7745966692414834
1250, 0.7745966692414834
1500, 0.7745966692414834
1750, 0.4472135954999579
2000, 0.4472135954999579
2250, 0.4472135954999579
2500, 0.4472135954999579
2750, 0.4472135954999579
3000, 0.4472135954999579
3250, 0.4472135954999579
3500, 0.4472135954999579
3750, 0.4472135954999579
4000, 0.4472135954999579
4250, 0.4472135954999579
4500, 0.4472135954999579
4750, 0.4472135954999579
5000, 0.4472135954999579
5250, 0.4472135954999579
5500, 0.4472135954999579
5750, 0.4472135954999579
6000, 0.4472135954999579
6250, 0.4472135954999579
6500, 0.4472135954999579
6750, 0.4472135954999579
7000, 0.4472135954999579
7250, 0.4472135954999579
7500, 0.4472135954999579
7750, 0.4472135954999579
8000, 0.4472135954999579
8250, 0.4472135954999579
8500, 0.4472135954999579
8750, 0.4472135954999579
9000, 0.7745966692414834
9250, 0.7745966692414834
9500, 0.7745966692414834
9750, 0.7745966692414834
10000, 0.7745966692414834
11000, 0.4472135954999579
12000, 0.4472135954999579
13000, 0.4472135954999579
14000, 0.0
15000, 0.4472135954999579
16000, 0.4472135954999579
17000, 0.4472135954999579
18000, 0.0
19000, 0.0
20000, 0.0
21000, 0.4472135954999579
22000, 0.4472135954999579
23000, 0.4472135954999579
24000, 0.4472135954999579
25000, 0.4472135954999579
26000, 0.4472135954999579
27000, 0.4472135954999579
28000, 0.4472135954999579
29000, 0.4472135954999579
30000, 0.4472135954999579
31000, 0.4472135954999579
32000, 0.4472135954999579
33000, 0.4472135954999579
34000, 0.4472135954999579
35000, 0.4472135954999579
36000, 0.4472135954999579
37000, 0.4472135954999579
38000, 0.4472135954999579
39000, 0.4472135954999579
40000, 0.4472135954999579
41000, 0.4472135954999579
42000, 0.4472135954999579
43000, 0.4472135954999579
44000, 0.4472135954999579
45000, 0.4472135954999579
46000, 0.4472135954999579
47000, 0.4472135954999579
48000, 0.4472135954999579
49000, 0.4472135954999579
50000, 0.4472135954999579
51000, 0.4472135954999579
52000, 0.4472135954999579
53000, 0.4472135954999579
54000, 0.4472135954999579
55000, 0.4472135954999579
56000, 0.4472135954999579
57000, 0.4472135954999579
58000, 0.4472135954999579
59000, 0.4472135954999579
60000, 0.4472135954999579
61000, 0.4472135954999579
62000, 0.4472135954999579
63000, 0.4472135954999579
64000, 0.4472135954999579
65000, 0.4472135954999579
66000, 0.4472135954999579
67000, 0.4472135954999579
68000, 0.4472135954999579
69000, 0.4472135954999579
70000, 0.4472135954999579
71000, 0.4472135954999579
72000, 0.7745966692414834
73000, 0.7745966692414834
74000, 0.7745966692414834
75000, 0.7745966692414834
76000, 0.7745966692414834
77000, 0.7745966692414834
78000, 0.7745966692414834
79000, 0.7745966692414834
80000, 0.7745966692414834
81000, 0.7745966692414834
82000, 0.7745966692414834
83000, 0.7745966692414834
84000, 0.7745966692414834
85000, 0.7745966692414834
86000, 0.7745966692414834
87000, 0.7745966692414834
88000, 0.7745966692414834
89000, 0.7745966692414834
90000, 0.7745966692414834
91000, 0.7745966692414834
92000, 0.7745966692414834
93000, 0.7745966692414834
94000, 0.7745966692414834
95000, 0.7745966692414834
96000, 0.7745966692414834
97000, 0.7745966692414834
98000, 0.7745966692414834
99000, 0.7745966692414834
100000, 0.7745966692414834
