1, 39.54743986657038
2, 38.79064688445252
3, 37.91871004436427
4, 37.91871004436427
5, 37.91644950225618
6, 37.10102039413086
7, 37.10102039413086
8, 37.10063534303884
9, 36.24125510283234
10, 36.24283180358369
15, 36.2381014955254
20, 35.5571973827281
25, 34.76574668919313
30, 34.55967923131563
35, 33.60994750707849
40, 33.60782221872929
45, 32.73879306615581
50, 32.736174835449894
55, 32.73530204534548
60, 32.73530204534548
65, 32.73530204534548
70, 32.735738443306445
75, 32.73486564156677
80, 32.73486564156677
85, 31.89939542642507
90, 31.89939542642507
95, 31.89939542642507
100, 31.89939542642507
150, 31.89849974080734
200, 31.827660925679098
250, 30.34562806825957
300, 29.075763102625526
350, 28.191690771775797
400, 27.935128934218802
450, 26.335744313981873
500, 26.163223916679033
550, 26.179053786240196
600, 26.179053786240196
650, 26.179053786240196
700, 26.178508088015363
750, 26.22158325828989
800, 26.22212806009459
850, 26.22212806009459
900, 26.22212806009459
950, 26.22212806009459
1000, 26.22212806009459
1250, 26.1397343958525
1500, 24.504810023456912
1750, 24.553149347021513
2000, 24.56478315451963
2250, 23.882450221269774
2500, 24.239283346313215
2750, 24.325765294083908
3000, 23.716781280049666
3250, 23.75409739091643
3500, 23.672769166280485
3750, 23.56207606666757
4000, 22.693611435820433
4250, 22.88792570018399
4500, 21.02855201862458
4750, 21.521417903368462
5000, 21.498172679821618
5250, 21.233396875138535
5500, 21.233396875138535
5750, 21.63132648993782
6000, 21.753817398989344
6250, 21.695292445268265
6500, 21.695292445268265
6750, 21.51212282810389
7000, 21.572469227499862
7250, 21.508802184886342
7500, 21.578428381802308
7750, 21.46891440465227
8000, 21.174782845909625
8250, 21.050279943846014
8500, 20.843635547983055
8750, 20.590566494670043
9000, 20.728861866627273
9250, 20.607904170140987
9500, 20.37996214772876
9750, 20.753657164805574
10000, 20.408681626069963
11000, 19.72887658810231
12000, 19.120669444347392
13000, 18.720500603807125
14000, 19.07354188398159
15000, 18.92315286324439
16000, 18.24828759089466
17000, 17.62871034907059
18000, 17.77478149353339
19000, 17.534455875707774
20000, 16.896322507744525
21000, 17.27756596613903
22000, 17.494488928149426
23000, 17.191359956177322
24000, 17.06876847176905
25000, 17.74582445856731
26000, 17.417560924866276
27000, 17.84776896821721
28000, 17.749044239861803
29000, 17.60600546891397
30000, 17.640051830179768
31000, 17.75065391149617
32000, 17.591393999826813
33000, 17.214611733723686
34000, 17.544229820656135
35000, 17.819732241053938
36000, 17.258538259572937
37000, 17.5824587911605
38000, 17.82774723369645
39000, 17.77156637521216
40000, 17.759504497592268
41000, 17.830151028925293
42000, 17.80288901113685
43000, 17.798876369029593
44000, 17.801284062834185
45000, 17.92045917779054
46000, 18.075239575570933
47000, 17.819732241053938
48000, 17.103884270622775
49000, 17.335347868280166
50000, 17.500204080442685
51000, 17.31968326995123
52000, 17.67484087622856
53000, 17.786029830821075
54000, 18.07602990545372
55000, 17.9084975839484
56000, 17.428220136974893
57000, 17.43149858322981
58000, 17.869367244373418
59000, 18.003174323276596
60000, 17.618983268865755
61000, 17.567014544310027
62000, 17.879757109248278
63000, 17.82053390253582
64000, 17.609250815571748
65000, 17.577583126568584
66000, 17.800481534417624
67000, 17.944358444926362
68000, 17.380613173467566
69000, 17.47079195195717
70000, 17.563761393440593
71000, 17.81893054350585
72000, 18.068125050960404
73000, 17.88455039572264
74000, 18.052304957697626
75000, 17.30152759564476
76000, 17.13142475936296
77000, 17.307306467005695
78000, 17.35429135895294
79000, 17.890140940113994
80000, 17.58408371226661
81000, 17.439692002522783
82000, 17.44706279005151
83000, 17.298224516654056
84000, 17.487955038499255
85000, 17.14809443807512
86000, 17.253571058934853
87000, 17.252743053124707
88000, 17.416740715267515
89000, 17.56782773790122
90000, 17.548300691031514
91000, 17.62627908225994
92000, 17.523861283567452
93000, 17.767546659168065
94000, 17.769154654705922
95000, 17.944358444926362
96000, 17.791651332657604
97000, 17.633571877043433
98000, 17.559694107325935
99000, 17.566201313073595
100000, 17.44706279005151
