3.255764119219941
3.63318042491699
3.7416573867739413
3.1937438845342623
2.898275349237888
3.03315017762062
2.23606797749979
2.792848008753788
2.04939015319192
1.4142135623730951
1.4142135623730951
2.1447610589527217
1.4142135623730951
2.0976176963403033
2.04939015319192
2.3664319132398464
2.1447610589527217
2.1908902300206643
2.04939015319192
2.0
1.8439088914585775
1.8439088914585775
1.9493588689617927
1.8439088914585775
2.0
1.8973665961010275
1.9493588689617927
1.9493588689617927
2.04939015319192
2.04939015319192
1.8973665961010275
2.1447610589527217
2.449489742783178
2.1447610589527217
2.3664319132398464
2.04939015319192
1.8973665961010275
2.0
2.0
2.0
1.9493588689617927
1.8439088914585775
1.8439088914585775
2.0
2.0976176963403033
2.0976176963403033
1.7888543819998317
1.8973665961010275
2.0
1.7320508075688772
1.9493588689617927
1.6733200530681511
1.6733200530681511
1.9493588689617927
1.8973665961010275
2.1908902300206643
2.1908902300206643
2.1908902300206643
2.1908902300206643
2.1447610589527217
2.1447610589527217
2.1908902300206643
2.1908902300206643
2.1447610589527217
1.7320508075688772
1.8973665961010275
1.8973665961010275
1.8973665961010275
2.1447610589527217
1.8973665961010275
1.8973665961010275
2.1447610589527217
2.1447610589527217
2.449489742783178
2.449489742783178
2.4899799195977463
2.4899799195977463
2.449489742783178
2.449489742783178
2.4899799195977463
2.4899799195977463
2.4899799195977463
2.7202941017470885
2.449489742783178
2.7202941017470885
2.449489742783178
2.5298221281347035
2.449489742783178
2.4083189157584592
2.3664319132398464
2.23606797749979
2.23606797749979
2.23606797749979
2.4899799195977463
2.4899799195977463
2.3664319132398464
2.3664319132398464
2.3664319132398464
2.3664319132398464
2.3664319132398464
2.3664319132398464
2.1908902300206643
2.0
2.3664319132398464
2.3664319132398464
2.3664319132398464
2.04939015319192
2.04939015319192
2.04939015319192
1.9493588689617927
2.04939015319192
2.04939015319192
2.1447610589527217
2.1447610589527217
2.1447610589527217
2.04939015319192
2.1447610589527217
2.1447610589527217
2.04939015319192
2.04939015319192
2.04939015319192
2.1908902300206643
2.1908902300206643
2.04939015319192
2.04939015319192
2.04939015319192
2.04939015319192
1.9493588689617927
1.9493588689617927
1.8973665961010275
2.04939015319192
1.9493588689617927
1.9493588689617927
1.9493588689617927
2.04939015319192
2.0
2.0
2.0
1.8973665961010275
1.8973665961010275
2.04939015319192
2.04939015319192
2.1908902300206643
2.1447610589527217
2.3664319132398464
2.3664319132398464
2.04939015319192
2.04939015319192
2.04939015319192
2.280350850198276
2.3664319132398464
2.280350850198276
2.280350850198276
2.1908902300206643
2.1908902300206643
2.280350850198276
2.280350850198276
2.1908902300206643
2.280350850198276
2.1908902300206643
2.280350850198276
2.280350850198276
2.1908902300206643
2.1908902300206643
2.1908902300206643
2.1908902300206643
2.1908902300206643
2.1908902300206643
2.280350850198276
2.280350850198276
2.280350850198276
2.280350850198276
2.280350850198276
2.280350850198276
2.4083189157584592
2.4083189157584592
2.4083189157584592
2.4083189157584592
2.4083189157584592
2.4083189157584592
2.6832815729997477
2.6832815729997477
2.756809750418044
2.6832815729997477
2.756809750418044
2.6832815729997477
2.4899799195977463
2.4899799195977463
2.4899799195977463
2.756809750418044
2.756809750418044
2.898275349237888
2.898275349237888
2.898275349237888
2.8284271247461903
2.8284271247461903
2.449489742783178
2.7202941017470885
2.792848008753788
2.5298221281347035
2.3664319132398464
2.3664319132398464
2.3664319132398464
2.3664319132398464
2.3664319132398464
2.4083189157584592
2.4083189157584592
2.4083189157584592
2.1908902300206643
2.32379000772445
2.1908902300206643
2.280350850198276
2.1447610589527217
2.1447610589527217
2.04939015319192
2.1908902300206643
2.1908902300206643
2.1908902300206643
2.280350850198276
2.1908902300206643
2.1908902300206643
2.1908902300206643
2.1908902300206643
2.1908902300206643
2.1908902300206643
2.04939015319192
2.04939015319192
2.04939015319192
2.1908902300206643
2.1908902300206643
2.04939015319192
2.04939015319192
2.04939015319192
2.04939015319192
2.1908902300206643
2.1908902300206643
2.1908902300206643
2.1908902300206643
2.32379000772445
2.04939015319192
2.04939015319192
2.04939015319192
2.04939015319192
2.1908902300206643
2.1908902300206643
2.1908902300206643
2.280350850198276
2.280350850198276
2.280350850198276
2.280350850198276
2.1908902300206643
2.04939015319192
2.1908902300206643
2.04939015319192
2.1908902300206643
2.04939015319192
2.1447610589527217
2.1447610589527217
2.1447610589527217
2.1447610589527217
2.1447610589527217
2.1447610589527217
2.1447610589527217
2.1447610589527217
2.1447610589527217
2.1447610589527217
2.280350850198276
2.280350850198276
2.280350850198276
2.280350850198276
2.280350850198276
2.280350850198276
2.280350850198276
2.280350850198276
2.280350850198276
2.280350850198276
2.4083189157584592
2.4083189157584592
2.4083189157584592
2.280350850198276
2.280350850198276
2.280350850198276
2.280350850198276
2.1447610589527217
2.1447610589527217
2.1447610589527217
2.1447610589527217
2.1447610589527217
2.1447610589527217
2.1447610589527217
2.1447610589527217
2.1447610589527217
2.280350850198276
2.280350850198276
2.1447610589527217
2.280350850198276
2.280350850198276
2.280350850198276
2.280350850198276
2.280350850198276
2.280350850198276
2.280350850198276
2.280350850198276
2.1447610589527217
2.1447610589527217
2.1447610589527217
2.1447610589527217
2.3664319132398464
2.3664319132398464
2.4899799195977463
2.4899799195977463
2.449489742783178
2.449489742783178
2.449489742783178
2.449489742783178
2.449489742783178
2.449489742783178
2.449489742783178
2.449489742783178
2.4899799195977463
2.449489742783178
2.449489742783178
2.7202941017470885
2.756809750418044
2.756809750418044
2.756809750418044
2.756809750418044
2.7202941017470885
2.7202941017470885
2.7202941017470885
2.7202941017470885
2.7202941017470885
2.7202941017470885
2.7202941017470885
2.7202941017470885
2.7202941017470885
2.7202941017470885
2.7202941017470885
2.7202941017470885
2.7202941017470885
2.7202941017470885
2.7202941017470885
2.7202941017470885
2.7202941017470885
2.7202941017470885
2.7202941017470885
2.7202941017470885
2.8284271247461903
2.8284271247461903
2.8284271247461903
2.8284271247461903
2.6832815729997477
2.6832815729997477
2.8284271247461903
2.8284271247461903
2.8284271247461903
2.8284271247461903
2.8284271247461903
2.8284271247461903
2.8284271247461903
2.8284271247461903
2.8284271247461903
2.8284271247461903
2.898275349237888
2.898275349237888
2.898275349237888
2.8284271247461903
2.8284271247461903
2.8284271247461903
2.8284271247461903
2.8284271247461903
2.8284271247461903
2.8284271247461903
2.7202941017470885
2.7202941017470885
2.7202941017470885
2.7202941017470885
2.7202941017470885
2.7202941017470885
2.7202941017470885
2.7202941017470885
2.7202941017470885
2.7202941017470885
2.7202941017470885
2.7202941017470885
2.7202941017470885
2.756809750418044
2.756809750418044
2.756809750418044
2.756809750418044
2.756809750418044
2.756809750418044
2.756809750418044
2.898275349237888
2.898275349237888
2.898275349237888
2.898275349237888
2.898275349237888
2.898275349237888
2.898275349237888
