1, 57.00245608743539
2, 56.72794725706193
3, 56.05532980903778
4, 55.3588294673939
5, 54.764404497812265
6, 53.8874753537406
7, 53.88283585707048
8, 52.97376709277904
9, 52.39122063857646
10, 51.61860129836918
15, 48.3315631859761
20, 47.45566351869922
25, 45.50384599130056
30, 45.1769852911856
35, 43.97908593865952
40, 42.18080132003184
45, 40.48678796842249
50, 39.83490931331462
55, 39.140005109861704
60, 37.639341120694446
65, 37.091778064687055
70, 34.531434954255815
75, 33.46281518342412
80, 32.52414487730615
85, 31.14161203277698
90, 31.104983523544906
95, 31.063805304566277
100, 30.07856379550061
150, 27.36019005781941
200, 24.898192705495713
250, 23.06989380122934
300, 21.177346387118476
350, 19.11910039724673
400, 18.212632978237934
450, 16.415846003176323
500, 15.745475540611658
550, 15.789870170460553
600, 15.196710170296727
650, 13.772436240549455
700, 13.26046756340062
750, 13.367123849205559
800, 13.115639519291463
850, 11.828778466096995
900, 10.748023074035522
950, 10.734989520255713
1000, 10.389417693018219
1250, 9.57601169589929
1500, 8.051086883148137
1750, 7.332121111929344
2000, 6.998571282769077
2250, 6.384355879804947
2500, 5.424020648928247
2750, 5.436910887627275
3000, 5.21344415909483
3250, 5.317894320123332
3500, 5.2687759489277965
3750, 5.1613951602255765
4000, 4.5934736311423405
4250, 4.2895221179054435
4500, 4.2708313008125245
4750, 4.180908992073374
5000, 4.161730409336962
5250, 3.8262252939417984
5500, 3.878143885933063
5750, 3.6932370625238775
6000, 3.6249137920783716
6250, 3.4641016151377544
6500, 3.2619012860600183
6750, 3.2280024783137944
7000, 3.1400636936215163
7250, 3.1240998703626617
7500, 3.111269837220809
7750, 3.0364452901377956
8000, 3.0133038346638727
8250, 3.0
8500, 3.023243291566195
8750, 3.082207001484488
9000, 3.0166206257996713
9250, 3.0528675044947495
9500, 3.0528675044947495
9750, 3.082207001484488
10000, 3.0364452901377956
11000, 2.9120439557122073
12000, 2.831960451701259
13000, 2.6076809620810595
14000, 2.477902338672773
15000, 2.5258661880630178
16000, 2.186321110907545
17000, 2.1023796041628637
18000, 2.0
19000, 2.083266665599966
20000, 2.009975124224178
21000, 1.9595917942265424
22000, 2.083266665599966
23000, 2.073644135332772
24000, 2.0346989949375804
25000, 1.849324200890693
26000, 1.8220867158288598
27000, 1.760681686165901
28000, 1.6186414056238645
29000, 1.5620499351813308
30000, 1.5684387141358123
31000, 1.51657508881031
32000, 1.4966629547095767
33000, 1.3856406460551018
34000, 1.449137674618944
35000, 1.51657508881031
36000, 1.5231546211727816
37000, 1.5362291495737217
38000, 1.6673332000533065
39000, 1.6552945357246849
40000, 1.6492422502470643
41000, 1.6431676725154984
42000, 1.61245154965971
43000, 1.61245154965971
44000, 1.606237840420901
45000, 1.5937377450509227
46000, 1.5684387141358123
47000, 1.624807680927192
48000, 1.6186414056238645
49000, 1.6309506430300091
50000, 1.606237840420901
51000, 1.6186414056238645
52000, 1.6
53000, 1.624807680927192
54000, 1.6186414056238645
55000, 1.624807680927192
56000, 1.61245154965971
57000, 1.61245154965971
58000, 1.6
59000, 1.606237840420901
60000, 1.6
61000, 1.5937377450509227
62000, 1.5811388300841898
63000, 1.6186414056238645
64000, 1.6186414056238645
65000, 1.6
66000, 1.6
67000, 1.5748015748023623
68000, 1.5231546211727816
69000, 1.5231546211727816
70000, 1.5231546211727816
71000, 1.5491933384829668
72000, 1.5362291495737217
73000, 1.47648230602334
74000, 1.4422205101855958
75000, 1.5099668870541498
76000, 1.61245154965971
77000, 1.6
78000, 1.5874507866387544
79000, 1.5874507866387544
80000, 1.5684387141358123
81000, 1.5684387141358123
82000, 1.5748015748023623
83000, 1.5748015748023623
84000, 1.5620499351813308
85000, 1.5556349186104046
86000, 1.5556349186104046
87000, 1.5556349186104046
88000, 1.5491933384829668
89000, 1.5427248620541512
90000, 1.5427248620541512
91000, 1.5491933384829668
92000, 1.5491933384829668
93000, 1.5491933384829668
94000, 1.5491933384829668
95000, 1.5362291495737217
96000, 1.5362291495737217
97000, 1.51657508881031
98000, 1.5684387141358123
99000, 1.6
100000, 1.5937377450509227
