12.996702878587543
10.954451150103322
10.191032472578177
9.421859082549927
9.417309291178361
8.166132149660223
7.358183005529092
6.529055937007389
6.447590912226719
6.425396041156863
5.761944116355173
5.674504383644443
4.681269669041265
4.456135417280635
4.548155041960892
4.33589667773576
4.5197977198732495
4.591918366621328
4.875595201760352
4.420730385678044
4.326001122779063
4.322697570466188
4.312771730569565
3.8877095717511763
3.9821028185046727
3.687817782917155
3.6527875852363962
3.3466401061363023
3.202677451312083
3.3636714634883287
3.589667712437223
3.605551275463989
3.4517076519145875
3.307998963551401
3.238165265349236
3.1712998686883673
2.9952343099378003
2.888400447108597
2.893342111024649
2.937443008565686
3.009508740167215
3.009508740167215
3.0
2.9856801091687157
2.8535691936340255
2.9277002188455996
2.951996902824546
2.937443008565686
3.0472470011002204
2.6886002731107927
2.756809750418044
2.8685486624025445
2.937443008565686
2.971291205616075
3.03315017762062
2.84855853271189
2.961659766318301
2.9760952365713798
2.951996902824546
2.8735244660769563
2.971291205616075
3.0
2.9277002188455996
2.8132340311971404
2.7774602993176543
2.84855853271189
2.9952343099378003
2.808151400069855
2.7307769694983985
2.903200204700225
2.7202941017470885
2.6295029405356662
2.6076809620810595
2.596701204000403
2.4727081741050063
2.667261838343906
2.4023797725231892
2.3603873774083293
