1, 56.98631414646854
2, 56.37286581326161
3, 55.99910713573923
4, 55.82400917168168
5, 55.26662645756479
6, 55.0861144028148
7, 54.51275080199127
8, 53.99185123701539
9, 53.30403361847957
10, 52.69857683087846
15, 51.539305389188165
20, 49.01530373260988
25, 48.1765503123667
30, 47.640738869165325
35, 46.13848718802991
40, 44.533582833632416
45, 42.78831616224223
50, 42.00285704568202
55, 39.63685153994954
60, 38.34292633589669
65, 38.459329167316476
70, 36.66169663286193
75, 35.513940924656616
80, 33.944660846737
85, 33.216261077972035
90, 31.73672951014329
95, 30.522450753502742
100, 29.395237709533838
150, 24.12550517605797
200, 21.992271369733505
250, 20.06937966156403
300, 19.072493282211425
350, 17.647662734764623
400, 16.186414056238647
450, 14.973309587395834
500, 14.707821048680188
550, 14.22251735804882
600, 13.717871555019022
650, 13.41864374666829
700, 12.14084016862095
750, 12.227837094106219
800, 11.72092146548214
850, 11.661046265237095
900, 11.58015543937127
950, 11.169601604354561
1000, 11.077003204838391
1250, 10.205880657738458
1500, 9.221713506718803
1750, 8.334266614405852
2000, 7.744675590365293
2250, 7.428324171709256
2500, 6.96419413859206
2750, 6.962758074211684
3000, 6.685805860178712
3250, 6.52533524043018
3500, 6.041522986797286
3750, 6.064651680022522
4000, 6.1400325732035
4250, 6.058052492344384
4500, 5.772347875864725
4750, 5.457105459856901
5000, 5.31224999411737
5250, 5.669215113223347
5500, 5.502726596879042
5750, 5.493632677928148
6000, 5.302829433425141
6250, 5.540758070878027
6500, 5.347896782848375
6750, 5.209606511052442
7000, 5.274466797696237
7250, 4.894895300208167
7500, 5.033885179461287
7750, 4.933558553417604
8000, 4.8083261120685235
8250, 4.802082881417188
8500, 4.608687448721165
8750, 4.5431266766402185
9000, 4.69041575982343
9250, 4.686149805543993
9500, 4.7833042972405595
9750, 4.843552415324934
10000, 4.71380949975707
11000, 4.724404724407087
12000, 4.641120554348917
13000, 5.174939613174245
14000, 4.797916214358063
15000, 4.467661580737736
16000, 4.256759330758553
17000, 4.052159917870962
18000, 4.071854614300467
19000, 3.749666651850535
20000, 3.4871191548325386
21000, 3.5383612025908264
22000, 3.455430508634199
23000, 3.22490309931942
24000, 3.394112549695428
25000, 3.243454948045371
26000, 3.3166247903554
27000, 3.111269837220809
28000, 3.2062439083762793
29000, 3.082207001484488
30000, 3.1368774282716245
31000, 3.24037034920393
32000, 3.3645207682521443
33000, 3.1240998703626617
34000, 3.159113799786263
35000, 3.152776554086889
36000, 2.891366458960192
37000, 2.839013913315678
38000, 2.9427877939124323
39000, 2.831960451701259
40000, 2.701851217221259
41000, 2.5573423705088842
42000, 2.6795522013948525
43000, 2.5099800796022267
44000, 2.5219040425836985
45000, 2.5377155080899043
46000, 2.5059928172283334
47000, 2.4899799195977463
48000, 2.6645825188948455
49000, 2.4859605789312105
50000, 2.541653005427767
51000, 2.705549851693737
52000, 2.745906043549196
53000, 2.584569596664017
54000, 2.80713376952364
55000, 2.8106938645110393
56000, 2.8460498941515415
57000, 2.839013913315678
58000, 2.842534080710379
59000, 2.8106938645110393
60000, 2.5806975801127883
61000, 2.4819347291981715
62000, 2.5729360660537215
63000, 2.6076809620810595
64000, 2.4698178070456938
65000, 2.3021728866442674
66000, 2.2
67000, 2.3065125189341593
68000, 2.4617067250182343
69000, 2.4124676163629637
70000, 2.2671568097509267
71000, 2.3916521486202797
72000, 2.3366642891095846
73000, 2.353720459187964
74000, 2.32379000772445
75000, 2.23159136044214
76000, 2.3108440016582685
77000, 2.4041630560342617
78000, 2.4372115213907883
79000, 2.3832750575625967
80000, 2.2891046284519194
81000, 2.2045407685048604
82000, 2.2847319317591723
83000, 2.258317958127243
84000, 2.3664319132398464
85000, 2.3874672772626644
86000, 2.222611077089287
87000, 2.280350850198276
88000, 2.2891046284519194
89000, 2.1447610589527217
90000, 2.1633307652783933
91000, 2.06881608655772
92000, 2.1633307652783933
93000, 2.2
94000, 2.1447610589527217
95000, 2.1908902300206643
96000, 2.177154105707724
97000, 2.177154105707724
98000, 2.227105745132009
99000, 2.244994432064365
100000, 2.227105745132009
