1, 28.0
2, 27.18381871628782
3, 27.182347212851212
4, 26.41136119172959
5, 26.41136119172959
6, 26.41136119172959
7, 26.41136119172959
8, 26.41136119172959
9, 25.581243128511172
10, 25.581243128511172
15, 25.578897552474775
20, 24.900602402351634
25, 23.81344158243407
30, 22.98782286342054
35, 22.150395030337496
40, 22.14949209349957
45, 22.14949209349957
50, 22.150395030337496
55, 22.150395030337496
60, 22.12600280213306
65, 22.12419490060599
70, 22.123290894439734
75, 22.123290894439734
80, 22.122386851332294
85, 22.13504009483606
90, 22.13504009483606
95, 22.135943621178654
100, 22.13775056323474
150, 22.13775056323474
200, 22.135943621178654
250, 21.42428528562855
300, 20.70169075220669
350, 20.568908575809267
400, 19.81918262693999
450, 19.662146373170962
500, 18.865842149238926
550, 18.829763673503713
600, 18.829763673503713
650, 18.8456891622461
700, 18.8456891622461
750, 17.971087891388212
800, 17.025862680052366
850, 17.025862680052366
900, 17.064583206161235
950, 17.064583206161235
1000, 17.072785361504433
1250, 16.995293466133496
1500, 17.198837169994952
1750, 16.56140090692813
2000, 16.392681293796937
2250, 15.6
2500, 14.927826365549674
2750, 14.219704638282751
3000, 14.267445461609446
3250, 14.25482374496437
3500, 14.261837188805655
3750, 14.305243793798132
4000, 13.802898246382895
4250, 14.021412197064887
4500, 14.233762678926468
4750, 14.242190842703941
5000, 14.427751037497147
5250, 14.384714109081209
5500, 14.44852933692561
5750, 14.628738838327793
6000, 14.702380759591284
6250, 14.226735395022992
6500, 14.106735979665885
6750, 13.696714934611146
7000, 13.627912532739561
7250, 13.423859355639868
7500, 12.995383795794567
7750, 12.976902558006667
8000, 12.547509713086498
8250, 12.379014500355026
8500, 12.34179889643321
8750, 12.379014500355026
9000, 12.081390648431166
9250, 12.041594578792296
9500, 12.041594578792296
9750, 11.906300852909773
10000, 11.981652640600128
11000, 11.581018953442742
12000, 11.516944039110374
13000, 10.788883167408942
14000, 11.041738993473809
15000, 11.46821694946516
16000, 11.565465835840769
17000, 10.840664186294122
18000, 11.139120252515456
19000, 11.391224692718513
20000, 11.483901775964474
21000, 11.180339887498949
22000, 11.260550608207398
23000, 11.508257904652641
24000, 10.844353369380768
25000, 10.00199980003999
26000, 10.017983829094554
27000, 10.647065323364933
28000, 10.09752444909147
29000, 10.045894683899489
30000, 9.501578816175762
31000, 9.656086163658648
32000, 9.726253132630262
33000, 9.518403227432634
34000, 9.73858305915188
35000, 9.469952481401371
36000, 9.581231653602787
37000, 9.42761899951414
38000, 9.361623790774761
39000, 9.718024490605073
40000, 9.495261976375375
41000, 9.241212041718338
42000, 9.429740187301027
43000, 9.461500938011897
44000, 9.482615672903759
45000, 9.724196624914574
46000, 9.871170143402452
47000, 9.522604685693931
48000, 9.691233151668573
49000, 9.269304181005174
50000, 9.509994742374992
51000, 9.480506315593065
52000, 9.802040603874277
53000, 9.581231653602787
54000, 9.670573922989266
55000, 9.854947995803936
56000, 9.810198774744578
57000, 9.763196197967138
58000, 10.023971268913334
59000, 9.89343216482531
60000, 9.740636529508736
61000, 9.844795579391175
62000, 9.971960689854328
63000, 9.810198774744578
64000, 9.614572273377531
65000, 9.518403227432634
66000, 9.38296328459192
67000, 9.236882591004392
68000, 9.374433316206371
69000, 9.282241108697834
70000, 9.327379053088816
71000, 9.256349172324908
72000, 9.114823092084674
73000, 9.117017056033186
74000, 9.310209449845907
75000, 9.4
76000, 9.438220171197534
77000, 8.97552226892675
78000, 8.908422980528035
79000, 8.888194417315589
80000, 8.879189152169246
81000, 8.858893836140041
82000, 9.182592226599196
83000, 9.121403400793104
84000, 9.191300234460845
85000, 9.453041838477178
86000, 9.574967362868659
87000, 9.162968951164245
88000, 9.1104335791443
89000, 8.854377448471462
90000, 8.815894736213677
91000, 8.903931715820827
92000, 8.822698000045111
93000, 8.687922651589389
94000, 8.852118390532292
95000, 8.892693630166283
96000, 9.293008124391154
97000, 9.221713506718803
98000, 9.643650760992955
99000, 9.221713506718803
100000, 9.134549797335389
