1, 28.6174771774173
2, 28.313954156917045
3, 27.500545449136094
4, 26.951066769239397
5, 27.005925275761246
6, 26.996296042235127
7, 26.58571044753177
8, 26.563132345414388
9, 26.221365334398588
10, 26.23509100422562
15, 25.549168283918753
20, 25.841826560829634
25, 25.078277452807637
30, 24.80161285078049
35, 24.499795917517353
40, 24.061587645041215
45, 23.2163735324878
50, 22.53264298745267
55, 22.643321311150448
60, 22.643321311150448
65, 22.535305633605237
70, 21.769703718700445
75, 21.254646550813305
80, 20.96568625158738
85, 20.67171981234266
90, 20.296797776989354
95, 20.5854317418897
100, 20.352886773133683
150, 20.110693672770218
200, 19.23850306026953
250, 19.05255888325765
300, 19.303885619221845
350, 18.759530910979624
400, 18.150482087261484
450, 17.804493814764857
500, 19.1373979422491
550, 18.23293722909175
600, 18.077610461562667
650, 16.728418933061185
700, 16.868906307167634
750, 16.603614064413808
800, 16.61204382368407
850, 16.974097914174997
900, 16.97174121886143
950, 16.391461191730286
1000, 16.34625339336204
1250, 16.432893841317178
1500, 14.271650219929018
1750, 14.6574213284602
2000, 13.151425778218877
2250, 13.699635031634967
2500, 13.583813897429543
2750, 11.574109036984229
3000, 11.689311356961966
3250, 11.436782764396638
3500, 10.870142593360953
3750, 11.240996397117117
4000, 10.948972554536795
4250, 10.84250893474384
4500, 10.727534665523109
4750, 10.396153134693622
5000, 9.750897394599125
5250, 9.182592226599196
5500, 9.448809448814174
5750, 9.389355675444401
6000, 8.280096617793781
6250, 8.919641248391104
6500, 8.694826047713663
6750, 8.567379996241558
7000, 8.057294831393476
7250, 8.044874144447506
7500, 7.4806416837060175
7750, 8.908422980528035
8000, 8.226785520481254
8250, 8.383316766053875
8500, 7.807688518377254
8750, 7.174956445860839
9000, 6.884765791223402
9250, 6.8934751758456345
9500, 7.183313998427188
9750, 6.974238309665077
10000, 6.928203230275509
11000, 7.219418259112018
12000, 6.2833112289620034
13000, 6.3498031465550175
14000, 6.079473661428265
15000, 5.61426753904728
16000, 5.596427431853289
17000, 5.180733538795447
18000, 5.280151512977634
19000, 5.314132102234569
20000, 5.071488933242386
21000, 4.749736834815167
22000, 4.669047011971501
23000, 5.0039984012787215
24000, 5.118593556827891
25000, 5.325410782277739
26000, 5.203844732503075
27000, 5.370288632839021
28000, 5.535341001239219
29000, 5.2345009313209605
30000, 4.573838650411709
31000, 4.862098312457287
32000, 4.963869458396343
33000, 4.345112196480086
34000, 4.266145801540309
35000, 4.029888335921977
36000, 4.312771730569565
37000, 4.113392760240627
38000, 4.458699361921591
39000, 4.237924020083418
40000, 4.308131845707603
41000, 4.044749683231337
42000, 4.059556626036888
43000, 4.123105625617661
44000, 3.9597979746446663
45000, 4.28485705712571
46000, 3.40587727318528
47000, 4.0743097574926725
48000, 4.27551166528639
49000, 4.064480286580315
50000, 4.409081537009721
51000, 3.6496575181789317
52000, 3.81051177665153
53000, 4.214261501141095
54000, 4.034848200366403
55000, 4.573838650411709
56000, 4.534313619501853
57000, 4.638965401897281
58000, 4.266145801540309
59000, 4.47213595499958
60000, 4.64327470649756
61000, 4.1182520563948
62000, 4.17612260356422
63000, 4.233202097703345
64000, 3.872983346207417
65000, 3.757658845611187
66000, 3.7682887362833544
67000, 4.1036569057366385
68000, 3.9344631145812006
69000, 3.423448553724738
70000, 3.671511950137164
71000, 4.039801975344831
72000, 3.9899874686520005
73000, 3.7841775856849003
74000, 3.778888725538237
75000, 3.704051835490427
76000, 3.757658845611187
77000, 3.862641583165593
78000, 3.8
79000, 3.504283093587046
80000, 3.7416573867739413
81000, 3.872983346207417
82000, 3.54400902933387
83000, 3.560898762952971
84000, 3.515679166249389
85000, 3.5383612025908264
86000, 3.560898762952971
87000, 3.730951621235526
88000, 3.481379037105842
89000, 3.4641016151377544
90000, 3.504283093587046
91000, 3.698648401781386
92000, 3.687817782917155
93000, 3.698648401781386
94000, 3.481379037105842
95000, 3.4525353003264136
96000, 3.3166247903554
97000, 3.3166247903554
98000, 3.370459909270543
99000, 2.986636904613616
100000, 3.1432467291003423
