1, 22.353970564532826
2, 21.467417171145673
3, 21.047565179849187
4, 20.470710783946902
5, 19.836834424877374
6, 19.474342094150447
7, 18.688231591030757
8, 18.55666995988235
9, 17.618172436436193
10, 16.676330531624757
15, 14.705441169852742
20, 13.41081652995074
25, 12.05197079319395
30, 11.749468073066117
35, 11.593101396951552
40, 10.747092630102339
45, 10.425929215182693
50, 9.718538984847465
55, 9.648834126463155
60, 8.969392398596462
65, 8.845903006477066
70, 8.136338242723197
75, 8.17618492941543
80, 7.726577508832744
85, 7.566372975210778
90, 7.622335600063802
95, 7.563068160475615
100, 7.536577472566709
150, 6.576473218982953
200, 6.4265076052238514
250, 5.200961449578338
300, 4.679743582719036
350, 4.652956049652737
400, 4.370354676682432
450, 4.09878030638384
500, 4.012480529547776
550, 3.968626966596886
600, 4.006245124802026
650, 3.872983346207417
700, 3.278719262151
750, 3.24037034920393
800, 3.024896692450835
850, 3.0740852297878796
900, 3.057776970284131
950, 2.9748949561287032
1000, 2.924038303442689
1250, 2.7838821814150108
1500, 2.32379000772445
1750, 2.280350850198276
2000, 2.0124611797498106
2250, 1.3228756555322954
2500, 1.3038404810405297
2750, 1.140175425099138
3000, 1.118033988749895
3250, 1.0954451150103321
3500, 1.0954451150103321
3750, 1.0723805294763609
4000, 1.0488088481701516
4250, 1.0488088481701516
4500, 1.0
4750, 0.9219544457292888
5000, 0.8660254037844386
5250, 0.8366600265340756
5500, 0.8366600265340756
5750, 0.8366600265340756
6000, 0.8366600265340756
6250, 0.8366600265340756
6500, 0.8366600265340756
6750, 0.8366600265340756
7000, 0.8660254037844386
7250, 0.8660254037844386
7500, 0.8660254037844386
7750, 0.8660254037844386
8000, 0.8660254037844386
8250, 0.8366600265340756
8500, 0.8366600265340756
8750, 0.806225774829855
9000, 0.806225774829855
9250, 0.806225774829855
9500, 0.806225774829855
9750, 0.806225774829855
10000, 0.806225774829855
11000, 0.806225774829855
12000, 0.7416198487095663
13000, 0.8660254037844386
14000, 0.8660254037844386
15000, 0.9486832980505138
16000, 0.9486832980505138
17000, 0.8660254037844386
18000, 0.7416198487095663
19000, 0.7416198487095663
20000, 0.7416198487095663
21000, 0.7416198487095663
22000, 0.7416198487095663
23000, 0.7416198487095663
24000, 0.8660254037844386
25000, 0.8660254037844386
26000, 0.8944271909999159
27000, 0.8944271909999159
28000, 0.8944271909999159
29000, 0.8944271909999159
30000, 0.8944271909999159
31000, 0.8944271909999159
32000, 0.8944271909999159
33000, 0.8944271909999159
34000, 0.8944271909999159
35000, 0.7071067811865476
36000, 0.7071067811865476
37000, 0.7071067811865476
38000, 0.7071067811865476
39000, 0.7071067811865476
40000, 0.7071067811865476
41000, 0.6324555320336759
42000, 0.7071067811865476
43000, 0.7071067811865476
44000, 0.7071067811865476
45000, 0.7071067811865476
46000, 0.7071067811865476
47000, 0.6324555320336759
48000, 0.6324555320336759
49000, 0.6324555320336759
50000, 0.6324555320336759
51000, 0.6324555320336759
52000, 0.6324555320336759
53000, 0.7071067811865476
54000, 0.7071067811865476
55000, 0.6708203932499369
56000, 0.6708203932499369
57000, 0.6708203932499369
58000, 0.6708203932499369
59000, 0.5916079783099616
60000, 0.5916079783099616
61000, 0.5916079783099616
62000, 0.5916079783099616
63000, 0.5916079783099616
64000, 0.5916079783099616
65000, 0.4472135954999579
66000, 0.4472135954999579
67000, 0.4472135954999579
68000, 0.4472135954999579
69000, 0.4472135954999579
70000, 0.31622776601683794
71000, 0.31622776601683794
72000, 0.3872983346207417
73000, 0.3872983346207417
74000, 0.6324555320336759
75000, 0.6324555320336759
76000, 0.6324555320336759
77000, 0.6324555320336759
78000, 0.6324555320336759
79000, 0.5916079783099616
80000, 0.5916079783099616
81000, 0.5916079783099616
82000, 0.5916079783099616
83000, 0.5916079783099616
84000, 0.5916079783099616
85000, 0.5916079783099616
86000, 0.5916079783099616
87000, 0.5916079783099616
88000, 0.5916079783099616
89000, 0.5916079783099616
90000, 0.5916079783099616
91000, 0.5916079783099616
92000, 0.5916079783099616
93000, 0.5916079783099616
94000, 0.5916079783099616
95000, 0.4472135954999579
96000, 0.5916079783099616
97000, 0.5916079783099616
98000, 0.5916079783099616
99000, 0.5916079783099616
100000, 0.5916079783099616
