1, 62.7345055118647
2, 61.90770256085778
3, 61.02235059981935
4, 61.02100979468987
5, 60.1866792873337
6, 60.186075103495796
7, 59.30797892051594
8, 59.30843876794355
9, 59.30843876794355
10, 59.30751906952287
15, 57.73891078104798
20, 56.805729544570674
25, 56.80524943732193
30, 55.18168339057972
35, 55.17937691170168
40, 55.178717900028346
45, 53.87392690346602
50, 53.08381023523942
55, 53.10110425148683
60, 53.10127545121166
65, 52.232870180306264
70, 51.47461863517168
75, 50.54880629828778
80, 49.740051540712415
85, 49.740051540712415
90, 49.72433097497734
95, 49.716285972597454
100, 49.70732523298937
150, 48.55793166180709
200, 47.64031905854536
250, 47.63821994995195
300, 47.64470780494075
350, 47.06764957339209
400, 46.288031046716796
450, 46.285084972473484
500, 44.638955673675476
550, 44.63651175683626
600, 44.63569708815417
650, 44.63569708815417
700, 44.63549341866037
750, 44.63508607688473
800, 44.63590075671865
850, 43.77774444955917
900, 43.777952109584696
950, 43.777536788548616
1000, 43.7744217551757
1250, 43.622554633208644
1500, 42.69532654859205
1750, 41.92786012361535
2000, 41.91506563603029
2250, 41.81952567010686
2500, 40.94808242818526
2750, 40.947416390914206
3000, 40.96317636831668
3250, 40.142926468489385
3500, 40.142473538861324
3750, 38.83461436305597
4000, 38.73851736028016
4250, 37.753025164758775
4500, 37.89267139506722
4750, 37.891951652032915
5000, 37.741465019500524
5250, 37.29586864763734
5500, 36.792291682806706
5750, 36.792291682806706
6000, 36.58166455778334
6250, 36.300763828677965
6500, 36.42277010083365
6750, 36.277967267901175
7000, 36.27721548901409
7250, 35.37898708658471
7500, 35.25491584033482
7750, 35.300270408441506
8000, 34.919648024884474
8250, 33.90307038924619
8500, 33.475635644722
8750, 33.31393374878118
9000, 33.06055050963308
9250, 32.647149395259056
9500, 32.647149395259056
9750, 32.799390238234615
10000, 32.716690208238035
11000, 31.17049887313323
12000, 31.4055582804874
13000, 31.625651268895922
14000, 31.429574954462588
15000, 31.761612049768505
16000, 32.02839649152267
17000, 31.861917992829905
18000, 31.924911902775865
19000, 32.63963012268145
20000, 31.989486909409358
21000, 31.865626964147147
22000, 31.044249943354316
23000, 30.82590410087535
24000, 30.708601104872585
25000, 30.69320327487386
26000, 30.385104005985326
27000, 29.478189163577134
28000, 29.462148289257215
29000, 29.939028951277873
30000, 29.621245446776573
31000, 29.56718082296961
32000, 29.247222090311414
33000, 28.652463006932518
34000, 27.691153822114384
35000, 27.473954608286405
36000, 27.541703915071313
37000, 26.92717451335597
38000, 27.367864366808018
39000, 27.151762038920822
40000, 27.77245201470498
41000, 27.25635872432506
42000, 27.531139394577124
43000, 27.791758098073217
44000, 28.380531098880894
45000, 27.98636031420241
46000, 27.978238296608637
47000, 27.6155423958716
48000, 28.626751633584085
49000, 28.876224885472194
50000, 28.899512421177942
51000, 29.25281649221614
52000, 29.231676467334356
53000, 29.241937505762323
54000, 28.937236156268213
55000, 28.75760768909681
56000, 28.715849282234366
57000, 28.767089782344243
58000, 28.775936917058765
59000, 29.10982339660992
60000, 29.005328664041905
61000, 29.603439603593976
62000, 29.559185620470917
63000, 29.5339558043711
64000, 29.34156220665956
65000, 28.96392740822782
66000, 28.75128455628311
67000, 28.95011383240299
68000, 29.017862837162276
69000, 29.02694672823231
70000, 29.21705603986075
71000, 29.093579422896102
72000, 28.898883275058477
73000, 28.92215256669028
74000, 28.889759116652076
75000, 29.064192277221
76000, 28.878113763635163
77000, 28.614999245468834
78000, 28.636594515663788
79000, 28.51219834641753
80000, 28.267231269375564
81000, 28.07360455529843
82000, 27.388783371034474
83000, 27.26536264200423
84000, 27.28669339373381
85000, 27.324647548255104
86000, 27.8619975789768
87000, 28.091085612861082
88000, 28.155735730849845
89000, 28.015580080960795
90000, 27.907639879365718
91000, 27.947678387886306
92000, 27.984736099264087
93000, 27.890043841029463
94000, 28.062268423826843
95000, 27.753787620300177
96000, 27.800588613781674
97000, 27.45310050381791
98000, 27.129319932501073
99000, 26.695249832814145
100000, 27.247351831291454
