1, 57.065225838508695
2, 56.295115241022465
3, 55.41209254305417
4, 54.63698381133424
5, 53.76392842789671
6, 52.89461220200031
7, 52.04747832508315
8, 52.04075326126631
9, 52.04056110381593
10, 51.28801029480477
15, 48.37333976479193
20, 47.58634257851721
25, 46.13415220853202
30, 45.421800933032145
35, 44.82432375396198
40, 43.944510464903345
45, 42.555845661906424
50, 41.71498531702966
55, 41.13951871376232
60, 39.2904568565956
65, 39.2904568565956
70, 39.26092204724693
75, 38.34762052592051
80, 35.84271195096711
85, 35.78547191249544
90, 35.323646470884064
95, 34.613870052335955
100, 34.57079692457204
150, 31.06702431839908
200, 29.821133445930588
250, 28.95651912782336
300, 28.249247777595777
350, 27.518720900506985
400, 27.51363298439521
450, 27.505272221885026
500, 26.540158251223747
550, 26.535259561572033
600, 25.558560209839676
650, 25.080271130910845
700, 24.44994887520217
750, 24.437675830569486
800, 24.331050121192877
850, 23.32209253047419
900, 22.953431116066287
950, 22.468199749868702
1000, 21.71451127702394
1250, 19.52331938989884
1500, 19.26395598001615
1750, 17.53567791675018
2000, 17.37066492682419
2250, 17.147011401407536
2500, 16.37864463256957
2750, 16.23822650414755
3000, 15.96120296218302
3250, 15.632018423735305
3500, 15.636495771111889
3750, 15.05323885414697
4000, 15.102979838429237
4250, 14.459598887936
4500, 14.290556322271012
4750, 14.040655255364687
5000, 13.937001112147477
5250, 13.805071531868279
5500, 13.786225009044355
5750, 13.834016047410094
6000, 13.839075113604956
6250, 13.278554138158265
6500, 13.11945120803458
6750, 12.487593843491227
7000, 12.278436382536661
7250, 12.25724275683565
7500, 12.034949106664307
7750, 12.146604463799749
8000, 11.81185844818672
8250, 11.77709641634983
8500, 11.562871615649808
8750, 11.502173707608488
9000, 11.451637437502114
9250, 11.60861748874516
9500, 11.541230437002806
9750, 10.848041297856494
10000, 10.787029248129441
11000, 11.117553687749837
12000, 10.755463727799002
13000, 10.8664621657649
14000, 10.616967551989598
15000, 10.705138952858109
16000, 10.501428474260061
17000, 10.381714694596457
18000, 10.338278386656068
19000, 10.084641788382967
20000, 10.183319694480774
21000, 9.972963451251589
22000, 9.297311439335568
23000, 9.182592226599196
24000, 9.109335870413386
25000, 8.61742420912421
26000, 8.61974477580398
27000, 8.63944442658207
28000, 8.963258336118624
29000, 8.974408058473829
30000, 8.803408430829505
31000, 8.883692925805123
32000, 8.988882021697693
33000, 9.056489386070078
34000, 8.949860334105779
35000, 8.949860334105779
36000, 9.046546302318914
37000, 9.273618495495704
38000, 9.25418824100742
39000, 9.097252332435328
40000, 8.894942383174834
41000, 8.976636341080104
42000, 8.810221336606704
43000, 8.875809822207774
44000, 8.849858755935035
45000, 8.728115489611719
46000, 8.613942186943213
47000, 8.720091742636656
48000, 8.53580693314932
49000, 8.616263691415206
50000, 8.656789243131659
51000, 8.548684109265004
52000, 8.40713982279348
53000, 8.351047838445185
54000, 7.857480512225277
55000, 7.8051265204351425
56000, 7.785884663928692
57000, 7.775602870517501
58000, 7.863841300535
59000, 7.910752176626443
60000, 7.900632886041472
61000, 7.849840762716146
62000, 7.774316690230724
63000, 7.698051701567092
64000, 7.644605941446557
65000, 7.5657121277510955
66000, 7.58023746329889
67000, 7.319836063738039
68000, 7.366138744281158
69000, 7.4525163535546834
70000, 7.437741592714821
71000, 7.307530362578044
72000, 7.349829930005184
73000, 7.496665925596525
74000, 7.593418202627852
75000, 7.758865896508329
76000, 7.8230428862431785
77000, 7.77303029712351
78000, 7.731752712031082
79000, 7.6131465242697125
80000, 7.577598564189053
81000, 7.424284477308234
82000, 7.493997598078078
83000, 7.6589816555466435
84000, 7.582875444051551
85000, 7.57495874576225
86000, 7.5960516059331775
87000, 7.4404300950953095
88000, 7.285602240034794
89000, 7.167984374982971
90000, 7.07248188403477
91000, 7.052659073002182
92000, 7.152621896899066
93000, 7.0738956735309575
94000, 7.080960386840192
95000, 7.080960386840192
96000, 7.052659073002182
97000, 6.9469417731833625
98000, 6.988562083862459
99000, 6.887670143089026
100000, 7.008566187174092
