8.64291617453276
7.918333157931662
7.752418977325722
7.486654793697917
6.756478372643548
6.220932405998316
6.418722614352485
6.356099432828281
6.168468205316454
5.0
4.330127018922194
4.312771730569565
3.7349698793966195
3.646916505762094
3.556683848755748
3.449637662132068
3.24037034920393
3.331666249791536
3.3466401061363023
3.0983866769659336
3.263433774416144
2.9154759474226504
2.8548204847240397
2.692582403567252
2.6645825188948455
2.8635642126552705
2.7202941017470885
2.7838821814150108
2.8106938645110393
2.701851217221259
2.5298221281347035
2.3979157616563596
2.258317958127243
2.6457513110645907
2.5592967784139455
2.701851217221259
2.4596747752497685
2.3130067012440754
2.345207879911715
2.258317958127243
2.1447610589527217
2.224859546128699
2.1908902300206643
2.3021728866442674
2.29128784747792
2.0371548787463363
2.0615528128088303
1.9235384061671346
2.0615528128088303
2.0371548787463363
1.8841443681416772
2.0
2.1908902300206643
2.4392621835300936
1.9235384061671346
2.23606797749979
2.0976176963403033
2.0371548787463363
2.202271554554524
2.449489742783178
2.32379000772445
2.449489742783178
2.5787593916455256
2.29128784747792
2.3021728866442674
2.085665361461421
2.0976176963403033
2.0976176963403033
2.202271554554524
2.1908902300206643
2.355843797877949
2.258317958127243
2.16794833886788
2.1095023109728985
1.91049731745428
1.9235384061671346
2.073644135332772
2.0124611797498106
2.2135943621178655
1.8027756377319946
1.816590212458495
2.085665361461421
2.0
1.8708286933869707
1.816590212458495
1.9874606914351791
2.0371548787463363
1.9493588689617927
2.224859546128699
1.9748417658131499
2.0615528128088303
2.073644135332772
1.8841443681416772
1.8973665961010275
1.8973665961010275
1.8708286933869707
1.8973665961010275
1.9235384061671346
1.8439088914585775
1.8708286933869707
1.746424919657298
1.9493588689617927
1.746424919657298
1.6583123951777
1.8439088914585775
1.746424919657298
1.746424919657298
1.70293863659264
1.816590212458495
1.816590212458495
1.7888543819998317
1.70293863659264
1.6881943016134133
1.5811388300841898
1.70293863659264
1.7320508075688772
1.6583123951777
