16.469885939409018
15.636038957668093
14.6667748913756
13.201731488169052
13.373748272535373
12.676186898500443
13.037309100095332
13.498148021117563
13.031829166643162
12.929479052592512
13.337380338196638
13.2492587393732
13.057017817469434
12.915107432770352
13.236313686219438
13.397227858244193
13.48332303254654
13.292317867313972
12.938315191708694
13.119233427082763
13.051546159090009
12.776093746860635
12.704329970525798
12.539081761778707
12.440716561815423
12.267261890320688
12.542499181354795
12.367006798043622
12.332303689323998
12.552745857836387
12.192503551655946
12.137309657180445
12.28588039754812
12.470536705141672
12.410824768264655
12.587976122361484
12.712198865656562
12.587976122361484
12.408522416928962
12.843008103355583
12.615183595289334
12.317235311314212
12.284717567542435
12.480842462407278
12.64459229416727
12.920636870636724
12.850792082313726
12.859682288899231
12.921742474272909
12.702080819411329
12.786153224708137
12.550469541586311
12.49685674765573
12.669423258944573
12.678440643188623
12.537942414925983
12.60498767495289
12.492283332407364
12.601587201618692
12.566395096219349
12.759310326189265
12.817398889233115
12.792855148759516
12.720062892926277
12.8296531519757
12.636681300314347
12.782800945019837
12.751470503436064
12.607254147626959
12.51285053740468
12.5288239101453
12.424629916879962
12.105488719703024
12.43727117521019
12.434973720461633
12.283554627456756
12.277738274733549
12.364696287645495
12.319554722936562
12.21006610488716
12.014277220992412
12.011898862615947
12.030912564841335
12.013088100662781
12.277738274733549
12.087774224988062
12.20772589095002
12.284717567542435
12.289368227397674
12.270755012281379
12.468245380050188
12.233443622183529
12.238113766893514
12.336936410632909
12.256776551303014
12.508282969982046
12.29053061739577
12.030912564841335
11.871935694858575
12.096044217606256
12.334620267477112
12.417729261020309
12.43727117521019
12.228771693954268
12.253279444412305
12.256776551303014
12.4280788079712
12.444160994504324
12.392393980641053
12.394699327880907
12.288205727444508
12.263767773404714
11.946308455514018
12.193675175504483
12.274247140136247
12.31143487053514
12.1807811149954
12.401612798341997
12.401612798341997
12.573214158906
12.632158508007592
12.592514783450865
12.421180068162375
12.33809431916337
12.153776602944689
12.163176276896474
11.925962075596729
11.82853692196485
11.636150566231086
11.718117840092141
11.765567195361701
11.792249270480287
11.781341180018513
11.764352935882194
11.822496714798806
11.851461633787745
11.697374552803351
11.814035236591627
11.77285012220915
11.864713589945126
11.793460657742251
11.868325191750639
11.7983049630021
11.7351730159502
11.794671920587097
11.744907711125581
11.84422704467093
11.7983049630021
11.701037805010532
11.648421106987602
11.766781329537098
11.682710057418797
11.862305244525016
11.850256175651706
11.757064745444392
11.838194843085542
11.958260743101398
12.029725088890673
12.116104984688768
11.949895397031725
12.004760960314275
11.916375287812984
11.904380946285519
11.910379626911263
11.905580924207651
11.841814532772055
11.665578180515285
11.838194843085542
11.658228240787093
11.800726369895324
11.669251414355104
11.657002800279079
11.544943234408485
11.661903789690601
11.77285012220915
11.784978332000202
11.769209222130675
11.791037758762858
11.769209222130675
11.670475568716126
11.709580936749433
11.730302638892145
11.820079767678632
11.836988033882848
11.862305244525016
12.057007446768397
11.972587737947764
11.836988033882848
11.835781101630525
11.976166808648392
11.856282240712245
11.983321743156194
11.8911731969558
11.985705772174738
11.855077272749307
11.958260743101398
11.66312871525353
11.810407033024488
11.749772034262744
11.8490505948789
11.789826122551595
11.882760622010357
11.783766072743589
11.917574058027558
11.904380946285519
11.882760622010357
11.90078028654304
11.75827975756415
11.834574046290928
11.834574046290928
11.881558339352148
12.07358391578195
11.698595764327566
11.66312871525353
11.687600266949584
11.823705003085962
