1, 576.9393104998134
2, 576.6473827218849
3, 576.4616691506903
4, 576.4026144978873
5, 576.3980152637586
6, 576.3321472900848
7, 576.1941808106014
8, 575.6148538736644
9, 574.7831695517884
10, 574.7874650686113
15, 572.2959164628033
20, 570.8969521726316
25, 570.4647947069127
30, 568.7997925456724
35, 567.3447646713593
40, 565.0475820672096
45, 564.1921179881903
50, 562.9903675907785
55, 561.3809900593357
60, 560.0910729515335
65, 558.401391473911
70, 556.5658236004076
75, 556.0134422835476
80, 555.3378755316443
85, 554.3035053109443
90, 552.9781496587365
95, 552.3549239393092
100, 550.9092211971043
150, 540.5287929426147
200, 533.4124932920113
250, 524.3540063735568
300, 519.8296509434605
350, 514.8921576408015
400, 510.0360379424184
450, 506.3412979404307
500, 500.9061049737765
550, 496.6005557789882
600, 490.3979649223679
650, 487.39209472456565
700, 485.09049052728295
750, 482.98580103352936
800, 481.42615425421167
850, 478.4497026856637
900, 478.39772992772447
950, 475.98043026998494
1000, 474.9758204372092
1250, 464.4547233046511
1500, 456.8131280950669
