1, 4.898979485566356
2, 4.123105625617661
3, 3.4641016151377544
4, 4.0
5, 3.847076812334269
6, 4.123105625617661
7, 3.794733192202055
8, 3.794733192202055
9, 3.794733192202055
10, 3.7682887362833544
15, 3.847076812334269
20, 3.3166247903554
25, 2.32379000772445
30, 2.32379000772445
35, 2.1908902300206643
40, 2.1447610589527217
45, 2.1447610589527217
50, 2.1908902300206643
55, 1.7320508075688772
60, 1.9493588689617927
65, 2.0
70, 1.9493588689617927
75, 1.9493588689617927
80, 1.7888543819998317
85, 1.9493588689617927
90, 1.7888543819998317
95, 1.9493588689617927
100, 1.7888543819998317
150, 1.0954451150103321
200, 1.1832159566199232
250, 0.6324555320336759
300, 0.6324555320336759
350, 0.6324555320336759
400, 0.4472135954999579
450, 0.4472135954999579
500, 0.4472135954999579
550, 0.4472135954999579
600, 0.4472135954999579
650, 0.4472135954999579
700, 0.4472135954999579
750, 0.4472135954999579
800, 0.4472135954999579
850, 0.8944271909999159
900, 0.8944271909999159
950, 0.8944271909999159
1000, 0.8944271909999159
1250, 0.0
1500, 0.0
1750, 0.0
2000, 0.0
2250, 0.0
2500, 0.0
2750, 0.0
3000, 0.0
3250, 0.0
3500, 0.0
3750, 0.0
4000, 0.0
4250, 0.0
4500, 0.0
4750, 0.0
5000, 0.0
5250, 0.0
5500, 0.0
5750, 0.0
6000, 0.0
6250, 0.0
6500, 0.0
6750, 0.0
7000, 0.0
7250, 0.0
7500, 0.0
7750, 0.0
8000, 0.0
8250, 0.0
8500, 0.0
8750, 0.0
9000, 0.0
9250, 0.0
9500, 0.0
9750, 0.0
10000, 0.0
11000, 0.0
12000, 0.0
13000, 0.0
14000, 0.0
15000, 0.0
16000, 0.0
17000, 0.0
18000, 0.0
19000, 0.0
20000, 0.0
21000, 0.0
22000, 0.0
23000, 0.0
24000, 0.0
25000, 0.0
26000, 0.0
27000, 0.0
28000, 0.0
29000, 0.0
30000, 0.0
31000, 0.0
32000, 0.0
33000, 0.0
34000, 0.0
35000, 0.0
36000, 0.0
37000, 0.0
38000, 0.0
39000, 0.0
40000, 0.0
41000, 0.0
42000, 0.0
43000, 0.0
44000, 0.0
45000, 0.0
46000, 0.0
47000, 0.0
48000, 0.0
49000, 0.0
50000, 0.0
51000, 0.0
52000, 0.0
53000, 0.0
54000, 0.0
55000, 0.0
56000, 0.0
57000, 0.0
58000, 0.0
59000, 0.0
60000, 0.0
61000, 0.0
62000, 0.4472135954999579
63000, 0.4472135954999579
64000, 0.4472135954999579
65000, 0.4472135954999579
66000, 0.4472135954999579
67000, 0.4472135954999579
68000, 0.4472135954999579
69000, 0.4472135954999579
70000, 0.4472135954999579
71000, 0.4472135954999579
72000, 0.4472135954999579
73000, 0.4472135954999579
74000, 0.4472135954999579
75000, 0.4472135954999579
76000, 0.4472135954999579
77000, 0.4472135954999579
78000, 0.4472135954999579
79000, 0.4472135954999579
80000, 0.4472135954999579
81000, 0.4472135954999579
82000, 0.4472135954999579
83000, 0.4472135954999579
84000, 0.4472135954999579
85000, 0.4472135954999579
86000, 0.4472135954999579
87000, 0.4472135954999579
88000, 0.4472135954999579
89000, 0.4472135954999579
90000, 0.4472135954999579
91000, 0.4472135954999579
92000, 0.4472135954999579
93000, 0.4472135954999579
94000, 0.4472135954999579
95000, 0.4472135954999579
96000, 0.4472135954999579
97000, 0.4472135954999579
98000, 0.4472135954999579
99000, 0.4472135954999579
100000, 0.4472135954999579
