14.906374475371265
13.607770889143769
13.055923669244656
12.869676430608946
12.808479334298152
12.491139716958234
13.467421006689758
14.570027943889274
15.185519418182572
15.440207252495027
14.759016614550287
14.782228712690307
14.919785521246611
15.609520904151506
15.42169158777893
15.651563135081064
15.587540812181649
15.559103903686559
15.53061492665374
15.678921245690706
14.849723422147825
14.352700094407323
15.124247324837594
15.261529599430252
15.350197765129003
15.490088997254249
15.481786534044263
15.558185718686573
15.258721159670342
15.203383082158298
15.176109043963994
15.026643005009468
14.91691274072104
14.807334090144074
14.617992826845766
14.953260514014994
14.676511847165866
14.633620780341998
14.48151531139907
14.261837188805655
14.33377629437347
14.293854823464722
14.141125435106945
14.118882999120617
14.095592016148675
13.916074980293216
