1, 13.70255450636851
2, 12.874781551544865
3, 12.87167432776327
4, 12.208193969625482
5, 11.63443165779919
6, 10.586784214292837
7, 10.57544325312183
8, 10.548933595392475
9, 10.548933595392475
10, 10.545141061171254
15, 9.654014708917737
20, 7.833262411026456
25, 7.093659140387279
30, 6.6573267908372955
35, 6.6932802122726045
40, 6.669332800213226
45, 6.54217089351845
50, 6.273754856543249
55, 5.447935388750494
60, 5.513619500836088
65, 5.207686626516615
70, 5.2
75, 5.176871642217914
80, 5.184592558726288
85, 5.027922035990614
90, 5.336665625650533
95, 5.2
100, 5.3814496188294845
150, 4.849742261192857
200, 4.7833042972405595
250, 4.791659420284375
300, 4.09878030638384
350, 2.5768197453450252
400, 2.6229754097208002
450, 2.6832815729997477
500, 2.756809750418044
550, 2.5612496949731396
600, 2.4979991993593593
650, 2.4166091947189146
700, 2.209072203437452
750, 2.262741699796952
800, 2.209072203437452
850, 2.227105745132009
900, 2.4
950, 2.4657656011875906
1000, 2.0976176963403033
1250, 1.9390719429665315
1500, 1.833030277982336
1750, 1.3266499161421599
2000, 1.3564659966250536
2250, 1.296148139681572
2500, 1.2328828005937953
2750, 1.0954451150103321
3000, 0.938083151964686
3250, 0.9797958971132712
3500, 0.848528137423857
3750, 0.8
4000, 0.848528137423857
4250, 0.848528137423857
4500, 0.848528137423857
4750, 0.938083151964686
5000, 1.019803902718557
5250, 0.8944271909999159
5500, 0.6324555320336759
5750, 0.6324555320336759
6000, 0.6324555320336759
6250, 0.8
6500, 1.019803902718557
6750, 1.0583005244258363
7000, 0.9797958971132712
7250, 0.4898979485566356
7500, 0.565685424949238
7750, 0.6324555320336759
8000, 0.6928203230275509
8250, 0.6324555320336759
8500, 0.4898979485566356
8750, 0.4898979485566356
9000, 0.6928203230275509
9250, 0.4898979485566356
9500, 0.4
9750, 0.4
10000, 0.4898979485566356
11000, 0.4898979485566356
12000, 0.4898979485566356
13000, 0.4898979485566356
14000, 0.4898979485566356
15000, 0.4898979485566356
16000, 0.4
17000, 0.4
18000, 0.282842712474619
19000, 0.282842712474619
20000, 0.282842712474619
21000, 0.282842712474619
22000, 0.282842712474619
23000, 0.4
24000, 0.4
25000, 0.4
26000, 0.4
27000, 0.282842712474619
28000, 0.282842712474619
29000, 0.282842712474619
30000, 0.282842712474619
31000, 0.282842712474619
32000, 0.282842712474619
33000, 0.282842712474619
34000, 0.282842712474619
35000, 0.282842712474619
36000, 0.282842712474619
37000, 0.282842712474619
38000, 0.282842712474619
39000, 0.282842712474619
40000, 0.282842712474619
41000, 0.282842712474619
42000, 0.282842712474619
43000, 0.282842712474619
44000, 0.282842712474619
45000, 0.282842712474619
46000, 0.282842712474619
47000, 0.282842712474619
48000, 0.282842712474619
49000, 0.282842712474619
50000, 0.282842712474619
51000, 0.282842712474619
52000, 0.282842712474619
53000, 0.282842712474619
54000, 0.282842712474619
55000, 0.282842712474619
56000, 0.282842712474619
57000, 0.282842712474619
58000, 0.282842712474619
59000, 0.282842712474619
60000, 0.282842712474619
61000, 0.282842712474619
62000, 0.282842712474619
63000, 0.282842712474619
64000, 0.282842712474619
65000, 0.282842712474619
66000, 0.282842712474619
67000, 0.282842712474619
68000, 0.282842712474619
69000, 0.282842712474619
70000, 0.282842712474619
71000, 0.282842712474619
72000, 0.282842712474619
73000, 0.282842712474619
74000, 0.282842712474619
75000, 0.282842712474619
76000, 0.282842712474619
77000, 0.282842712474619
78000, 0.282842712474619
79000, 0.282842712474619
80000, 0.282842712474619
81000, 0.282842712474619
82000, 0.282842712474619
83000, 0.282842712474619
84000, 0.282842712474619
85000, 0.282842712474619
86000, 0.282842712474619
87000, 0.282842712474619
88000, 0.282842712474619
89000, 0.282842712474619
90000, 0.282842712474619
91000, 0.282842712474619
92000, 0.282842712474619
93000, 0.282842712474619
94000, 0.282842712474619
95000, 0.282842712474619
96000, 0.282842712474619
97000, 0.282842712474619
98000, 0.282842712474619
99000, 0.282842712474619
100000, 0.282842712474619
