1, 57.095533975959974
2, 56.421449821854104
3, 55.61061049835723
4, 54.770795137554835
5, 53.987591166859815
6, 53.36197147782304
7, 52.77840467463942
8, 52.77669940418783
9, 51.8804394738518
10, 51.8804394738518
15, 50.01779683272745
20, 47.23706172064473
25, 45.8013100249327
30, 43.674935603844915
35, 41.383813260742414
40, 40.83674815653176
45, 39.17882080920762
50, 38.33040568530419
55, 36.81901682554818
60, 36.724923417210825
65, 36.59699441210986
70, 36.047191291416866
75, 35.88397971240091
80, 35.6176922329339
85, 35.53814851676998
90, 35.492816174544394
95, 34.802586110805045
100, 34.45634919720892
150, 30.119096932013083
200, 28.389786895994835
250, 26.64019519448009
300, 26.440877443836843
350, 25.366513359151273
400, 23.07206102627158
450, 23.046474784660667
500, 21.410277905716217
550, 20.55139897914495
600, 20.047942537826668
650, 20.0509351402871
700, 19.822209765815717
750, 18.874321179846444
800, 18.864782002451022
850, 18.190107201443315
900, 18.14056228455998
950, 18.14497175528251
1000, 17.963852593472257
1250, 17.878478682483024
1500, 15.535765188750762
1750, 15.380507143784303
2000, 15.300980360748131
2250, 15.064527871792066
2500, 14.944564229177109
2750, 14.933184523068078
3000, 14.904361777681055
3250, 14.915093026863762
3500, 14.51895313030523
3750, 13.979985693841035
4000, 13.957077057894322
4250, 13.558761005342634
4500, 12.700393694685216
4750, 12.506798151405498
5000, 12.13260071048248
5250, 11.611201488218176
5500, 11.305750749065716
5750, 11.313708498984761
6000, 10.469001862641921
6250, 10.502380682492898
6500, 9.68813707582629
6750, 9.723168207945392
7000, 9.639502061828713
7250, 9.674709297958259
7500, 9.581231653602787
7750, 9.528903399657276
8000, 9.604165762834375
8250, 9.684007434941384
8500, 9.663332758422428
8750, 10.056838469419702
9000, 9.944847912361455
9250, 9.836666101886351
9500, 9.547774609824009
9750, 9.566608594481119
10000, 9.646761114488116
11000, 10.014988766843425
12000, 10.620734437881403
13000, 10.759182125050213
14000, 10.047885349664377
15000, 9.841747812253676
16000, 9.563472172804184
17000, 9.86103442849684
18000, 9.723168207945392
19000, 9.438220171197534
20000, 9.622889378975527
21000, 9.70051545022222
22000, 9.374433316206371
23000, 9.454099639838793
24000, 9.794896630388704
25000, 9.811218069128827
26000, 9.143303560529969
27000, 8.915155635209068
28000, 8.849858755935035
29000, 8.99110671719561
30000, 8.95656184034923
31000, 8.981091247727083
32000, 8.698275691193054
33000, 9.147677300823418
34000, 8.40713982279348
35000, 8.19756061276768
36000, 8.40713982279348
37000, 8.35463942968217
38000, 8.19756061276768
39000, 8.049844718999243
40000, 8.04114419718985
41000, 8.661408661412992
42000, 8.391662528962899
43000, 7.889233169326408
44000, 7.941032678436729
45000, 7.8587530817554
46000, 7.8179281142768255
47000, 7.696752561957543
48000, 7.788452991448302
49000, 7.913279977354523
50000, 7.739509028355739
51000, 7.962411694957753
52000, 7.904429138147801
53000, 7.432361670424819
54000, 7.293833011524188
55000, 7.383765976789893
56000, 7.584194090343416
57000, 7.734339015067803
58000, 7.856207736560942
59000, 7.844743462982075
60000, 7.824321056807421
61000, 7.764019577512669
62000, 7.792303895511263
63000, 7.866384175718855
64000, 7.584194090343416
65000, 7.421590126111789
66000, 7.191661838546081
67000, 7.249827584156743
68000, 7.249827584156743
69000, 7.14142842854285
70000, 7.280109889280518
71000, 7.076722405181653
72000, 7.068238818828917
73000, 7.0398863627192165
74000, 7.090839160494335
75000, 7.014271166700073
76000, 7.027090436304346
77000, 7.027090436304346
78000, 6.972804313904127
79000, 6.9180922225711905
80000, 6.9397406291589885
81000, 7.005711955254798
82000, 7.205553413860729
83000, 7.068238818828917
84000, 6.906518659932803
85000, 6.982836100038436
86000, 7.018546858146634
87000, 7.022819946431775
88000, 6.903622237637283
89000, 6.528399497579786
90000, 6.545227268781429
91000, 6.545227268781429
92000, 6.529931086925803
93000, 6.502307282803543
94000, 6.473020933072903
95000, 6.272160712226689
96000, 6.20644825967316
97000, 6.201612693485462
98000, 6.203224967708329
99000, 6.182232606429492
100000, 6.249799996799898
