9.837247001647796
8.675087484120425
6.544354164359645
6.706074005812087
6.500549427328652
6.4873503285790175
6.159777361468281
6.045068828628599
5.803939548764639
5.709640969448079
5.3452248382484875
5.4327051930217705
5.435334133506158
4.849153092477667
5.045507195232493
4.771941803021971
4.777925431457824
4.516635916254486
4.332600670662895
4.4077853201547175
3.9749213828703582
3.8172540616821107
3.9569107719460717
3.63318042491699
3.7568984168174833
3.7871964753438845
3.5132402626147194
3.3295216301616493
3.22490309931942
3.093772546815388
2.8834503141697647
2.898275349237888
2.8535691936340255
3.03315017762062
3.1304951684997055
2.6779523094014523
2.7255405754769875
2.893342111024649
2.65114530506561
2.6240644591385873
2.569046515733026
2.524168887263404
2.32992949004287
2.6403462976338106
2.336052836975837
2.5128242505765725
2.6619005025947695
2.767154288640743
2.8284271247461903
2.932575659723036
2.878491668515698
2.878491668515698
2.980891525318271
2.878491668515698
2.8132340311971404
2.7516228977511745
2.893342111024649
2.767154288640743
2.6939084723024385
2.715037489875337
2.6349301969610397
2.6939084723024385
2.7307769694983985
2.7097706808616007
2.7097706808616007
2.6240644591385873
2.5634797778466227
2.53546276418555
2.2677868380553634
2.4553149347021512
2.305273457593635
2.0976176963403033
2.197401062294143
2.336052836975837
2.336052836975837
2.23606797749979
2.0976176963403033
2.0632844828435215
1.8593393604027366
1.9048809486609468
2.056349053193895
2.0354009783964297
2.1111946516469904
2.090796157311509
2.117950491799628
2.0770858707058104
2.1447610589527217
2.007130147392398
2.1313979316066587
1.985662897587892
1.9123657749350298
1.9123657749350298
1.9346465162548798
2.0
1.889822365046136
1.9123657749350298
1.8439088914585775
1.8361450300639575
1.7154757774032086
1.7237832147426693
1.65615734242165
1.647508942095828
1.6987390281365427
1.6987390281365427
1.7566201313073597
1.7566201313073597
1.804755622554715
1.8283482006601322
1.7647338933351153
1.7728105208558367
2.007130147392398
1.9712215212183246
1.8516401995451028
1.8593393604027366
1.8283482006601322
1.8516401995451028
1.867006771737662
1.9566735620873066
1.9198214202665531
1.804755622554715
1.6733200530681511
1.61245154965971
1.6035674514745464
1.558387444947959
1.7484687178050562
1.8593393604027366
1.6903085094570331
1.647508942095828
1.7484687178050562
1.804755622554715
1.7071279138616748
1.8822478962286404
1.8822478962286404
1.8973665961010275
1.8361450300639575
1.7566201313073597
1.6035674514745464
1.5856499343441837
1.647508942095828
1.6903085094570331
1.6987390281365427
1.820517979665599
1.7566201313073597
1.7071279138616748
1.780850519113991
1.7888543819998317
1.740279123753264
1.780850519113991
1.7888543819998317
1.8361450300639575
1.804755622554715
1.7071279138616748
1.7566201313073597
1.8439088914585775
1.8593393604027366
1.7484687178050562
1.804755622554715
1.7888543819998317
1.7968225924034427
1.8973665961010275
1.9123657749350298
1.992844341996778
1.9712215212183246
1.9712215212183246
1.8439088914585775
1.740279123753264
1.7484687178050562
1.7154757774032086
1.780850519113991
1.6035674514745464
1.5946338585572373
1.4540583599999397
1.4540583599999397
1.4142135623730951
1.5023790657297036
1.5491933384829668
1.4540583599999397
1.4832396974191326
1.4928400545843579
1.4540583599999397
1.61245154965971
1.647508942095828
1.61245154965971
1.61245154965971
1.5766148184367308
1.5946338585572373
1.5023790657297036
1.6647608150808246
1.6647608150808246
1.6647608150808246
1.6300744943538186
1.6300744943538186
1.6212869667555552
1.6035674514745464
1.6212869667555552
1.6035674514745464
1.5675276256394517
1.5675276256394517
1.5118578920369088
1.4928400545843579
1.4638501094227998
1.4442002235542986
1.4540583599999397
1.4638501094227998
1.4735767952260144
1.5023790657297036
1.5023790657297036
1.4735767952260144
1.4832396974191326
1.4735767952260144
1.4342743312012722
1.4442002235542986
1.4442002235542986
1.4735767952260144
1.4540583599999397
1.4442002235542986
1.5023790657297036
1.5118578920369088
1.6388149028228556
1.6300744943538186
1.6388149028228556
1.647508942095828
1.4342743312012722
1.4342743312012722
1.4735767952260144
1.4540583599999397
1.4735767952260144
1.5118578920369088
1.5399443403670703
1.5118578920369088
1.5118578920369088
1.4928400545843579
1.5306394555404428
1.7237832147426693
1.7154757774032086
1.7320508075688772
1.7320508075688772
1.740279123753264
1.7484687178050562
1.7320508075688772
1.7071279138616748
1.7728105208558367
1.7968225924034427
1.7320508075688772
1.6818357317441643
1.6388149028228556
1.65615734242165
1.7154757774032086
1.7071279138616748
1.7237832147426693
1.7071279138616748
1.7154757774032086
1.7071279138616748
1.6987390281365427
1.7320508075688772
1.7154757774032086
1.740279123753264
1.740279123753264
1.7647338933351153
1.7647338933351153
1.7566201313073597
1.6212869667555552
1.6212869667555552
1.558387444947959
1.5491933384829668
1.5306394555404428
1.4735767952260144
1.4735767952260144
1.424279266355945
1.4638501094227998
1.4540583599999397
1.4442002235542986
1.4040757000349275
1.4040757000349275
1.4342743312012722
1.4342743312012722
1.4342743312012722
1.4735767952260144
1.4735767952260144
1.4638501094227998
1.5023790657297036
1.5023790657297036
1.5399443403670703
1.5766148184367308
1.5766148184367308
1.5946338585572373
1.5856499343441837
1.5946338585572373
1.61245154965971
1.6035674514745464
1.6035674514745464
1.5675276256394517
1.6903085094570331
1.6903085094570331
1.6818357317441643
1.6903085094570331
1.6647608150808246
1.6818357317441643
1.6818357317441643
1.6647608150808246
1.6818357317441643
1.7071279138616748
1.7566201313073597
1.7484687178050562
1.780850519113991
1.780850519113991
1.7154757774032086
1.7154757774032086
1.7484687178050562
1.7647338933351153
1.7237832147426693
1.6647608150808246
1.7071279138616748
1.7320508075688772
1.7237832147426693
1.7237832147426693
1.740279123753264
1.8126539343499315
1.8439088914585775
1.8126539343499315
1.8126539343499315
1.820517979665599
1.7484687178050562
1.6647608150808246
1.5399443403670703
1.5399443403670703
1.5118578920369088
1.5118578920369088
1.52127765851133
1.5118578920369088
1.5675276256394517
1.5675276256394517
1.5675276256394517
1.5675276256394517
1.5306394555404428
1.558387444947959
1.5766148184367308
1.65615734242165
1.6300744943538186
1.6388149028228556
1.6388149028228556
1.61245154965971
1.61245154965971
1.5946338585572373
1.5766148184367308
1.5766148184367308
1.61245154965971
1.6388149028228556
1.6212869667555552
1.6300744943538186
1.6300744943538186
1.6212869667555552
1.5118578920369088
1.5399443403670703
1.52127765851133
1.647508942095828
1.6035674514745464
1.5675276256394517
1.558387444947959
1.4735767952260144
1.4832396974191326
1.4832396974191326
1.4928400545843579
1.4342743312012722
1.4342743312012722
1.4540583599999397
1.4638501094227998
1.4540583599999397
1.4342743312012722
1.424279266355945
1.424279266355945
1.4142135623730951
1.4040757000349275
1.4442002235542986
1.3522468075656264
1.3522468075656264
1.2873006086935783
1.2421180068162376
1.2649110640673518
1.2535663410560174
1.2649110640673518
1.2761549390929883
1.3522468075656264
1.3627702877384937
1.3522468075656264
1.3627702877384937
1.3627702877384937
1.3416407864998738
1.3416407864998738
1.4540583599999397
1.4735767952260144
1.4342743312012722
1.5306394555404428
1.3627702877384937
1.3416407864998738
1.3627702877384937
1.3093073414159542
1.3416407864998738
1.3522468075656264
1.1832159566199232
