1, 22.543291685111114
2, 21.914607000811127
3, 21.419617176784463
4, 20.724381776062707
5, 19.84187491140895
6, 19.355877660287067
7, 18.77098825315279
8, 18.7136313953225
9, 18.364367672206956
10, 18.364367672206956
15, 16.23730273167314
20, 15.079787796915447
25, 14.131525041551601
30, 13.769531582446804
35, 12.320714265009151
40, 11.730302638892145
45, 10.832820500682175
50, 10.644247272588137
55, 10.51427600931229
60, 10.435516278555651
65, 10.094552986635911
70, 9.113177272499422
75, 7.962411694957753
80, 7.90253124005214
85, 8.043631020876083
90, 7.962411694957753
95, 7.94669742723353
100, 7.733045971672482
150, 6.819090848492928
200, 6.610597552415364
250, 6.565059024867941
300, 5.375872022286245
350, 4.43846820423443
400, 4.024922359499621
450, 3.847076812334269
500, 3.170173496829472
550, 3.1622776601683795
600, 3.082207001484488
650, 3.0
700, 3.1144823004794873
750, 3.082207001484488
800, 3.082207001484488
850, 2.6739483914241875
900, 2.598076211353316
950, 2.6172504656604803
1000, 2.4698178070456938
1250, 2.3979157616563596
1500, 2.2135943621178655
1750, 2.3345235059857505
2000, 2.3345235059857505
2250, 2.23606797749979
2500, 2.224859546128699
2750, 2.2135943621178655
3000, 2.179449471770337
3250, 2.085665361461421
3500, 1.51657508881031
3750, 1.5329709716755893
4000, 1.5329709716755893
4250, 1.5329709716755893
4500, 1.5329709716755893
4750, 1.5329709716755893
5000, 1.5652475842498528
5250, 1.2649110640673518
5500, 1.2649110640673518
5750, 1.284523257866513
6000, 1.284523257866513
6250, 1.284523257866513
6500, 1.2041594578792296
6750, 1.224744871391589
7000, 1.224744871391589
7250, 1.0954451150103321
7500, 1.0954451150103321
7750, 1.0954451150103321
8000, 1.0954451150103321
8250, 0.9746794344808963
8500, 0.9746794344808963
8750, 0.9486832980505138
9000, 0.9486832980505138
9250, 0.9486832980505138
9500, 0.9486832980505138
9750, 0.9486832980505138
10000, 0.9219544457292888
11000, 0.9486832980505138
12000, 0.9486832980505138
13000, 0.7745966692414834
14000, 0.7416198487095663
15000, 0.7745966692414834
16000, 0.9746794344808963
17000, 0.9219544457292888
18000, 0.9219544457292888
19000, 0.5477225575051661
20000, 0.6708203932499369
21000, 0.7071067811865476
22000, 0.7071067811865476
23000, 0.5
24000, 0.5477225575051661
25000, 0.5477225575051661
26000, 0.5916079783099616
27000, 0.5
28000, 0.5
29000, 0.5
30000, 0.5
31000, 0.5
32000, 0.5
33000, 0.5
34000, 0.4472135954999579
35000, 0.4472135954999579
36000, 0.4472135954999579
37000, 0.5
38000, 0.5
39000, 0.7416198487095663
40000, 0.7071067811865476
41000, 0.7071067811865476
42000, 0.7071067811865476
43000, 0.7071067811865476
44000, 0.7071067811865476
45000, 0.7071067811865476
46000, 0.7071067811865476
47000, 0.7071067811865476
48000, 0.7071067811865476
49000, 0.7071067811865476
50000, 0.7071067811865476
51000, 0.7071067811865476
52000, 0.7071067811865476
53000, 0.7071067811865476
54000, 0.7071067811865476
55000, 0.7071067811865476
56000, 0.6708203932499369
57000, 0.6708203932499369
58000, 0.6708203932499369
59000, 0.6708203932499369
60000, 0.6708203932499369
61000, 0.6708203932499369
62000, 0.6708203932499369
63000, 0.6708203932499369
64000, 0.6708203932499369
65000, 0.6708203932499369
66000, 0.6708203932499369
67000, 0.6708203932499369
68000, 0.6708203932499369
69000, 0.6708203932499369
70000, 0.6708203932499369
71000, 0.6708203932499369
72000, 0.5916079783099616
73000, 0.5916079783099616
74000, 0.5916079783099616
75000, 0.5477225575051661
76000, 0.5477225575051661
77000, 0.3872983346207417
78000, 0.3872983346207417
79000, 0.3872983346207417
80000, 0.3872983346207417
81000, 0.3872983346207417
82000, 0.5477225575051661
83000, 0.5477225575051661
84000, 0.5477225575051661
85000, 0.5477225575051661
86000, 0.5916079783099616
87000, 0.5916079783099616
88000, 0.5916079783099616
89000, 0.5916079783099616
90000, 0.5916079783099616
91000, 0.3872983346207417
92000, 0.3872983346207417
93000, 0.3872983346207417
94000, 0.3872983346207417
95000, 0.3872983346207417
96000, 0.3872983346207417
97000, 0.3872983346207417
98000, 0.3872983346207417
99000, 0.3872983346207417
100000, 0.3872983346207417
