1, 57.5019999652186
2, 56.868796364966265
3, 56.552099872595356
4, 56.50557494619447
5, 55.96230874436829
6, 55.48224941366383
7, 54.79963503528103
8, 54.67119899910738
9, 53.925689610796816
10, 53.77713268667269
15, 50.84997541788983
20, 49.95437918741459
25, 49.47969280422019
30, 49.650780457108624
35, 48.088044252183934
40, 47.27472897859913
45, 45.00177774266257
50, 44.912581756118186
55, 43.853164081967904
60, 42.94601262049831
65, 42.98232194751698
70, 42.675754240552095
75, 41.90536958433847
80, 40.55539421581302
85, 39.3270898999659
90, 39.46340076577283
95, 38.87286971655167
100, 38.597409239481344
150, 35.29164207004259
200, 30.097840454092385
250, 29.066475534539787
300, 26.560873479612827
350, 25.674111474401602
400, 25.649951267010234
450, 23.983744494969923
500, 21.922591087734133
550, 20.568422399396606
600, 20.452383724153037
650, 19.809088823063014
700, 18.889679722006935
750, 18.313929125122222
800, 17.544229820656135
850, 16.065490966665166
900, 15.67992346920099
950, 15.099006589838948
1000, 14.975313018431367
1250, 14.476187343358058
1500, 13.75790681753587
1750, 13.18104699938514
2000, 12.310158406779337
2250, 11.427160627207444
2500, 10.594338110519223
2750, 10.067770358922575
3000, 10.016985574512923
3250, 9.6
3500, 9.129074432821763
3750, 8.982204629154248
4000, 8.355836283700153
4250, 8.360621986431392
4500, 7.977468270071652
4750, 8.230431337420901
5000, 7.725283166331186
5250, 7.853661566428745
5500, 7.815369473031969
5750, 7.6954532030283955
6000, 7.33621155638249
6250, 7.032780389006897
6500, 7.154019849007969
6750, 6.945502141674136
7000, 6.871681017043792
7250, 6.714164132637808
7500, 6.473020933072903
7750, 6.373382147651276
8000, 6.460650122085238
8250, 6.146543744251724
8500, 5.702630971753301
8750, 5.801723881744114
9000, 5.10881590977792
9250, 5.302829433425141
9500, 5.219195340279955
9750, 5.141984052872976
10000, 4.949747468305833
11000, 4.476605857119878
12000, 4.368065933568311
13000, 4.161730409336962
14000, 3.9522145690739006
15000, 3.57211421989835
16000, 3.676955262170047
17000, 3.8340579025361627
18000, 3.481379037105842
19000, 3.521363372331802
20000, 3.504283093587046
21000, 3.7549966711037173
22000, 3.9370039370059056
23000, 3.8026306683663087
24000, 3.9293765408777
25000, 3.736308338453881
26000, 3.7202150475476548
27000, 3.6851051545376556
28000, 3.515679166249389
29000, 3.5777087639996634
30000, 3.423448553724738
31000, 3.438022687534217
32000, 3.3555923471125033
33000, 3.271085446759225
34000, 3.340658617698013
35000, 3.3136083051561784
36000, 3.1717503054307414
37000, 3.082207001484488
38000, 2.95296461204668
39000, 3.0528675044947495
40000, 2.9698484809834995
41000, 3.2893768406797053
42000, 3.026549190084311
43000, 2.949576240750525
44000, 3.0298514815086235
45000, 3.1336879231984796
46000, 3.0724582991474434
47000, 3.0199337741082997
48000, 2.925747767665559
49000, 2.7640549922170505
50000, 2.694438717061496
51000, 2.630589287593181
52000, 2.6267851073127395
53000, 2.6795522013948525
54000, 2.6795522013948525
55000, 2.6457513110645907
56000, 2.6419689627245813
57000, 2.6457513110645907
58000, 2.7092434368288134
59000, 2.592296279363144
60000, 2.6907248094147422
61000, 2.6457513110645907
62000, 2.7422618401604177
63000, 2.7676705006196096
64000, 2.701851217221259
65000, 2.592296279363144
66000, 2.5612496949731396
67000, 2.569046515733026
68000, 2.5768197453450252
69000, 2.5729360660537215
70000, 2.701851217221259
71000, 2.723967694375247
72000, 2.630589287593181
73000, 2.5612496949731396
74000, 2.5806975801127883
75000, 2.5806975801127883
76000, 2.5495097567963922
77000, 2.5337718918639855
78000, 2.4289915602982237
79000, 2.3790754506740637
80000, 2.5258661880630178
81000, 2.4819347291981715
82000, 2.5219040425836985
83000, 2.4248711305964283
84000, 2.4372115213907883
85000, 2.4657656011875906
86000, 2.5573423705088842
87000, 2.4859605789312105
88000, 2.4899799195977463
89000, 2.5377155080899043
90000, 2.553429066960741
91000, 2.6038433132583076
92000, 2.553429066960741
93000, 2.565151067676132
94000, 2.5729360660537215
95000, 2.6381811916545836
96000, 2.6758176320519302
97000, 2.5573423705088842
98000, 2.4979991993593593
99000, 2.4248711305964283
100000, 2.569046515733026
