1, 22.31255252094659
2, 21.467417171145673
3, 20.85665361461421
4, 20.848261318392957
5, 19.903517277104566
6, 19.37653219748054
7, 19.361043360315065
8, 19.382982226685346
9, 19.089263998384013
10, 18.281137820168635
15, 17.455658108475888
20, 16.414932226482083
25, 15.170695435608744
30, 13.935566009315876
35, 12.751470503436064
40, 12.25969004502153
45, 11.802542099056458
50, 11.80889495253472
55, 10.62308806327049
60, 10.495237014951115
65, 10.516653460107925
70, 10.516653460107925
75, 9.856469956328178
80, 8.80056816347672
85, 7.7781745930520225
90, 7.469939758793239
95, 7.3824115301167
100, 7.3006848993775915
150, 5.224940191045253
200, 5.029910535983717
250, 4.6097722286464435
300, 4.242640687119285
350, 3.968626966596886
400, 3.331666249791536
450, 3.24037034920393
500, 3.271085446759225
550, 3.146426544510455
600, 3.0983866769659336
650, 3.0495901363953815
700, 3.0903074280724887
750, 3.0659419433511785
800, 3.0903074280724887
850, 2.8809720581775866
900, 2.756809750418044
950, 2.7658633371878665
1000, 2.756809750418044
1250, 2.7477263328068173
1500, 2.701851217221259
1750, 2.4596747752497685
2000, 1.7175564037317668
2250, 1.70293863659264
2500, 1.5811388300841898
2750, 1.466287829861518
3000, 1.396424004376894
3250, 1.396424004376894
3500, 1.396424004376894
3750, 1.2649110640673518
4000, 1.2449899597988732
4250, 1.2449899597988732
4500, 1.2649110640673518
4750, 1.2649110640673518
5000, 1.2649110640673518
5250, 1.2649110640673518
5500, 1.2649110640673518
5750, 1.2649110640673518
6000, 1.2649110640673518
6250, 1.3228756555322954
6500, 1.2649110640673518
6750, 1.2649110640673518
7000, 1.2649110640673518
7250, 1.2449899597988732
7500, 1.2449899597988732
7750, 1.2449899597988732
8000, 1.2449899597988732
8250, 1.2449899597988732
8500, 1.2449899597988732
8750, 1.2449899597988732
9000, 1.2449899597988732
9250, 1.2449899597988732
9500, 1.2449899597988732
9750, 1.284523257866513
10000, 1.2649110640673518
11000, 1.2041594578792296
12000, 1.2041594578792296
13000, 1.284523257866513
14000, 1.2041594578792296
15000, 1.2041594578792296
16000, 1.224744871391589
17000, 0.9746794344808963
18000, 1.0
19000, 1.0
20000, 0.9746794344808963
21000, 0.806225774829855
22000, 0.806225774829855
23000, 0.806225774829855
24000, 0.806225774829855
25000, 0.806225774829855
26000, 0.806225774829855
27000, 0.806225774829855
28000, 0.806225774829855
29000, 0.806225774829855
30000, 0.806225774829855
31000, 0.8944271909999159
32000, 0.8944271909999159
33000, 0.806225774829855
34000, 0.7416198487095663
35000, 0.7416198487095663
36000, 0.7416198487095663
37000, 0.7416198487095663
38000, 0.7416198487095663
39000, 0.7071067811865476
40000, 0.7071067811865476
41000, 0.7071067811865476
42000, 0.7071067811865476
43000, 0.7071067811865476
44000, 0.7071067811865476
45000, 0.7071067811865476
46000, 0.7071067811865476
47000, 0.7071067811865476
48000, 0.7071067811865476
49000, 0.6708203932499369
50000, 0.6708203932499369
51000, 0.6708203932499369
52000, 0.6708203932499369
53000, 0.6708203932499369
54000, 0.6708203932499369
55000, 0.6708203932499369
56000, 0.6708203932499369
57000, 0.6708203932499369
58000, 0.6708203932499369
59000, 0.6708203932499369
60000, 0.6708203932499369
61000, 0.6708203932499369
62000, 0.6708203932499369
63000, 0.6708203932499369
64000, 0.6708203932499369
65000, 0.6708203932499369
66000, 0.6708203932499369
67000, 0.6708203932499369
68000, 0.6708203932499369
69000, 0.6708203932499369
70000, 0.7071067811865476
71000, 0.7071067811865476
72000, 0.6708203932499369
73000, 0.6708203932499369
74000, 0.6708203932499369
75000, 0.6708203932499369
76000, 0.6708203932499369
77000, 0.6708203932499369
78000, 0.6708203932499369
79000, 0.6708203932499369
80000, 0.6708203932499369
81000, 0.6708203932499369
82000, 0.6708203932499369
83000, 0.6708203932499369
84000, 0.6708203932499369
85000, 0.6708203932499369
86000, 0.6708203932499369
87000, 0.6708203932499369
88000, 0.6708203932499369
89000, 0.6708203932499369
90000, 0.6708203932499369
91000, 0.6708203932499369
92000, 0.6708203932499369
93000, 0.6708203932499369
94000, 0.6708203932499369
95000, 0.6708203932499369
96000, 0.7071067811865476
97000, 0.7071067811865476
98000, 0.7071067811865476
99000, 0.7071067811865476
100000, 0.7071067811865476
