1, 56.98631414646854
2, 56.279658847580095
3, 55.59658262879113
4, 54.85617558671038
5, 54.00555526980534
6, 53.1240058730514
7, 53.11911143835145
8, 52.532275793077915
9, 51.98730614294224
10, 51.06094397873976
15, 48.42230890818817
20, 45.92145468079164
25, 44.5461558386355
30, 43.6811172018299
35, 43.65340765621855
40, 43.60871472538488
45, 42.09322985944414
50, 41.565851368641546
55, 41.563445477967775
60, 40.89303119114552
65, 40.88691722299445
70, 39.1680992645801
75, 39.06635380989631
80, 38.62900464676769
85, 36.97079928808681
90, 36.5050681412869
95, 36.502054736685714
100, 36.50013698604431
150, 35.54883964351016
200, 33.30795700729782
250, 31.494761469171344
300, 31.355382313089407
350, 28.419359598696097
400, 26.784323773431353
450, 26.78245694479877
500, 26.751448558909853
550, 25.143189932862537
600, 24.847535089018386
650, 24.82337607981638
700, 24.812899870833316
750, 24.88493520184451
800, 24.873680869545627
850, 24.834653208772615
900, 24.82015310186462
950, 24.79919353527449
1000, 24.75762508804106
1250, 23.93282265007619
1500, 23.152537657889685
1750, 22.92291429988779
2000, 21.014756719981317
2250, 20.945643938537675
2500, 20.661558508495915
2750, 20.183656754909403
3000, 20.129083436659503
3250, 18.84728097100481
3500, 18.839320582229075
3750, 18.190107201443315
4000, 18.187358246870268
4250, 18.039401320442984
4500, 17.266151858477325
4750, 17.29855485293497
5000, 16.67513118389178
5250, 16.799404751359496
5500, 17.03819239238717
5750, 17.03760546555765
6000, 16.36887289950044
6250, 15.737852458324802
6500, 15.297712247261027
6750, 15.21840990379744
7000, 15.216438479486584
7250, 14.429830213831346
7500, 14.512753012437027
7750, 14.456140563788109
8000, 14.540976583434828
8250, 14.309437445266672
8500, 14.303845636750978
8750, 14.476878116500119
9000, 14.487235761179564
9250, 14.60753230357544
9500, 14.584923722803627
9750, 14.81485740734618
10000, 13.6864896887405
11000, 13.841242718773485
12000, 12.529964086141668
13000, 12.204917041913886
14000, 11.871815362445627
15000, 11.955751753863074
16000, 12.003332870498927
17000, 12.031624994156026
18000, 11.854113210189956
19000, 11.71153277756588
20000, 11.264990013311152
21000, 11.220516922138659
22000, 11.179445424527998
23000, 11.117553687749837
24000, 11.139120252515456
25000, 11.208032833642129
26000, 10.605658866850282
27000, 11.01998185116473
28000, 10.96813566655701
29000, 10.875660899458019
30000, 11.121151019566275
31000, 11.08061370141564
32000, 10.8397416943394
33000, 10.604715932074749
34000, 10.583950113261116
35000, 10.698598038995577
36000, 11.020889256316842
37000, 10.930690737551767
38000, 10.626382263028185
39000, 10.8664621657649
40000, 10.989995450408522
41000, 10.988175462741756
42000, 11.259662517144996
43000, 11.15168148756052
44000, 11.133732527773423
45000, 11.070682002478438
46000, 10.940749517286282
47000, 10.988175462741756
48000, 11.038115781237304
49000, 10.726602444390302
50000, 10.734057946554975
51000, 10.397114984456024
52000, 10.681760154581266
53000, 10.64518670573701
54000, 10.25768004960186
55000, 10.321821544669332
56000, 10.147906187977892
57000, 10.179390944452424
58000, 10.187246929372037
59000, 10.087616170334794
60000, 10.064790112068906
61000, 10.061808982484212
62000, 9.715966241192895
63000, 9.65090669315583
64000, 9.807140255956371
65000, 10.025966287595425
66000, 9.563472172804184
67000, 9.762171889492624
68000, 9.578100020358944
69000, 9.5236547606473
70000, 8.847598544237865
71000, 9.050966799187808
72000, 9.258509599282165
73000, 9.38402898546248
74000, 9.693296652842108
75000, 9.627045237246993
76000, 9.591663046625438
77000, 9.640539403996023
78000, 9.756023780208821
79000, 9.719053451854249
80000, 9.854947995803936
81000, 9.735502041497398
82000, 9.636389365317282
83000, 9.894442884771228
84000, 9.678842906050289
85000, 9.553009996854394
86000, 9.491048414163737
87000, 9.705668446840743
88000, 9.797958971132712
89000, 9.664367542679656
90000, 9.290855719469548
91000, 9.276852914647295
92000, 9.459386872308373
93000, 9.430800602281865
94000, 9.516301802696255
95000, 9.649870465451855
96000, 9.820386957752733
97000, 9.943842315724842
98000, 9.980981915623332
99000, 10.048880534666536
100000, 10.044899203078147
