1, 0.4472135954999579
2, 1.5491933384829668
3, 1.1832159566199232
4, 2.1447610589527217
5, 1.7888543819998317
6, 2.3664319132398464
7, 2.3664319132398464
8, 2.3664319132398464
9, 2.3664319132398464
10, 2.9664793948382653
15, 3.521363372331802
20, 2.756809750418044
25, 1.7888543819998317
30, 2.1447610589527217
35, 2.4899799195977463
40, 2.23606797749979
45, 2.04939015319192
50, 1.8439088914585775
55, 2.0
60, 1.7320508075688772
65, 1.4142135623730951
70, 0.8944271909999159
75, 1.0
80, 1.0
85, 0.8944271909999159
90, 0.8944271909999159
95, 0.8944271909999159
100, 0.4472135954999579
150, 0.6324555320336759
200, 1.4142135623730951
250, 1.1832159566199232
300, 1.3416407864998738
350, 0.8944271909999159
400, 1.0954451150103321
450, 0.8944271909999159
500, 0.6324555320336759
550, 1.1832159566199232
600, 1.1832159566199232
650, 0.6324555320336759
700, 0.6324555320336759
750, 0.7745966692414834
800, 0.8944271909999159
850, 0.8944271909999159
900, 0.4472135954999579
950, 1.0
1000, 0.6324555320336759
1250, 0.8944271909999159
1500, 0.4472135954999579
1750, 0.4472135954999579
2000, 0.4472135954999579
2250, 0.4472135954999579
2500, 0.4472135954999579
2750, 0.4472135954999579
3000, 0.4472135954999579
3250, 0.4472135954999579
3500, 0.4472135954999579
3750, 0.4472135954999579
4000, 0.4472135954999579
4250, 0.4472135954999579
4500, 0.4472135954999579
4750, 0.4472135954999579
5000, 0.6324555320336759
5250, 0.6324555320336759
5500, 0.6324555320336759
5750, 0.4472135954999579
6000, 0.4472135954999579
6250, 0.6324555320336759
6500, 0.4472135954999579
6750, 0.6324555320336759
7000, 0.6324555320336759
7250, 0.4472135954999579
7500, 0.4472135954999579
7750, 0.4472135954999579
8000, 0.4472135954999579
8250, 0.4472135954999579
8500, 0.4472135954999579
8750, 0.4472135954999579
9000, 0.4472135954999579
9250, 0.4472135954999579
9500, 0.4472135954999579
9750, 0.4472135954999579
10000, 0.4472135954999579
11000, 0.4472135954999579
12000, 0.4472135954999579
13000, 0.4472135954999579
14000, 0.4472135954999579
15000, 0.4472135954999579
16000, 0.4472135954999579
17000, 0.4472135954999579
18000, 0.4472135954999579
19000, 0.0
20000, 0.0
21000, 0.0
22000, 0.0
23000, 0.0
24000, 0.0
25000, 0.0
26000, 0.0
27000, 0.0
28000, 0.0
29000, 0.0
30000, 0.0
31000, 0.0
32000, 0.0
33000, 0.0
34000, 0.0
35000, 0.0
36000, 0.0
37000, 0.0
38000, 0.0
39000, 0.0
40000, 0.0
41000, 0.0
42000, 0.0
43000, 0.0
44000, 0.0
45000, 0.0
46000, 0.0
47000, 0.0
48000, 0.0
49000, 0.0
50000, 0.0
51000, 0.0
52000, 0.0
53000, 0.0
54000, 0.0
55000, 0.0
56000, 0.0
57000, 0.0
58000, 0.0
59000, 0.0
60000, 0.0
61000, 0.0
62000, 0.0
63000, 0.0
64000, 0.0
65000, 0.0
66000, 0.0
67000, 0.0
68000, 0.0
69000, 0.0
70000, 0.0
71000, 0.0
72000, 0.0
73000, 0.0
74000, 0.0
75000, 0.0
76000, 0.0
77000, 0.0
78000, 0.0
79000, 0.0
80000, 0.0
81000, 0.0
82000, 0.0
83000, 0.0
84000, 0.0
85000, 0.0
86000, 0.0
87000, 0.0
88000, 0.0
89000, 0.0
90000, 0.0
91000, 0.0
92000, 0.0
93000, 0.0
94000, 0.0
95000, 0.0
96000, 0.0
97000, 0.0
98000, 0.0
99000, 0.0
100000, 0.0
