17.838161340227867
14.472634274973677
12.521980673998822
11.51892852159932
10.285912696499032
10.49625783655435
8.709600614100676
7.9318526029097205
7.468027086950648
6.8222325629413385
5.776800894217194
5.752018279327204
5.090607597751541
5.118593556827891
4.786886849956422
4.869731585445518
4.901894677425396
5.005711024134619
4.801785382245114
5.0709255283711
4.705619740571601
4.994282445242474
4.765950662174936
4.928053803045811
4.570089089472358
4.306141793166725
4.423960733486292
4.08481508586549
4.316082880178673
3.8913824205360674
4.202040320742158
4.1438422474110395
4.109223075681617
4.154171741411621
4.242640687119285
4.468940430507949
4.452928410447605
4.249369701160733
4.332600670662895
4.319391491534757
4.225771273642583
3.9749213828703582
3.828464817278965
4.021371478914697
3.8097618973218936
3.772077866186146
3.884033249820898
3.884033249820898
3.8507884164897233
3.9169959334746753
3.5936451848068853
3.7263540204487127
3.6134668750581977
3.4351128074635335
3.6527875852363962
3.7454734585325027
3.760699023168052
3.5132402626147194
3.734013543475324
3.4517076519145875
3.367915845572324
3.5132402626147194
3.5496478698597698
3.621365172733304
3.484660262185848
3.372154885444702
3.3551665915633544
3.3551665915633544
3.389058023361991
3.3763886032268267
3.359421718944242
3.3551665915633544
3.22490309931942
3.2425739335111103
3.202677451312083
3.0798886807341406
3.0798886807341406
3.03315017762062
