1, 51.094683350292584
2, 51.094683350292584
3, 50.27457939489234
4, 49.401979267591656
5, 49.401979267591656
6, 48.59378103786075
7, 47.71163380141158
8, 47.71163380141158
9, 46.95695428321087
10, 46.95435135438579
15, 45.29410067056808
20, 44.38943818322352
25, 43.55430837216656
30, 42.76083358505642
35, 42.76135326826471
40, 42.1054232453097
45, 42.10357598958919
50, 41.26580505293295
55, 41.258803774332684
60, 41.252070655099644
65, 41.252070655099644
70, 41.252070655099644
75, 41.25287868743222
80, 41.25287868743222
85, 41.252070655099644
90, 41.25422537281619
95, 41.252609345079954
100, 40.45985664828782
150, 39.6150925223652
200, 39.61228765589452
250, 37.39667246040898
300, 36.588704996669854
350, 36.610259642771055
400, 36.573821846293896
450, 35.94378326714587
500, 35.9440923905136
550, 35.94131018449074
600, 35.94100103719366
650, 35.9434741411196
700, 35.942855881091155
750, 35.77367126191489
800, 34.346922876891185
850, 34.346275877694026
900, 33.58670371838634
950, 33.58703453550029
1000, 32.83392554457457
1250, 32.743447181586326
1500, 32.653398666056866
1750, 32.6527181104422
2000, 31.723107596128656
2250, 31.36771163686209
2500, 31.035463586033316
2750, 31.03474755102022
3000, 31.113769727673095
3250, 28.67558000963344
3500, 28.194562123454467
3750, 27.566888350579816
4000, 27.42545451866852
4250, 26.64374014452342
4500, 26.599498742144245
4750, 26.906009242050988
5000, 26.70205984563738
5250, 25.859449164881898
5500, 25.44449296453404
5750, 25.365330670030698
6000, 25.39772518247342
6250, 25.32719223811962
6500, 24.55515334009453
6750, 24.466757493019426
7000, 24.466757493019426
7250, 24.71346911211689
7500, 24.800537628581093
7750, 24.80008960557289
8000, 24.80008960557289
8250, 24.570985599550813
8500, 24.5791239333979
8750, 23.932776223785194
9000, 23.99768507354176
9250, 24.49126828529348
9500, 24.675223740964675
9750, 24.70447552795062
10000, 24.83590590701741
11000, 24.143552164317313
12000, 24.719762674157426
13000, 25.02487651207183
14000, 24.744471885431075
15000, 24.77767812635666
16000, 25.023988491045948
17000, 24.886408606573454
18000, 24.863628053846046
19000, 24.983550143600045
20000, 24.95774206311318
21000, 24.614810356549345
22000, 24.7512064801339
23000, 24.552890755355964
24000, 24.73324348591048
25000, 25.011552886171977
26000, 24.7202121529911
27000, 24.312776705080626
28000, 24.197796042890626
29000, 24.13296500639737
30000, 24.18585445163258
31000, 24.588163367315133
32000, 24.321001441369784
33000, 24.64458471055164
34000, 24.774090408238113
35000, 24.722908854384876
36000, 24.331963431758737
37000, 24.392166319902334
38000, 24.322828782853364
39000, 24.38852189043034
40000, 24.091953474598572
41000, 24.67027000707982
42000, 24.594037217721425
43000, 24.338812168587392
44000, 24.27390002085001
45000, 24.330593453053663
46000, 23.97498696558561
47000, 23.531066935247775
48000, 23.44591885832396
49000, 23.210151035939234
50000, 23.403703410642798
51000, 23.417941839538333
52000, 23.21924489154058
53000, 23.141593145964116
54000, 22.888619200137192
55000, 23.209672313259592
56000, 22.992269232166805
57000, 23.101226518664905
58000, 23.259884398298762
59000, 23.115651263447745
60000, 23.06560691207197
61000, 22.804970218499886
62000, 23.04102621171394
63000, 22.9666424770071
64000, 22.76693508870558
65000, 22.610223842815493
66000, 22.273551829717483
67000, 22.749847374335406
68000, 22.686266036231405
69000, 22.733235581412515
70000, 22.75131253844978
71000, 22.899296447222515
72000, 22.75326594384004
73000, 22.632817863545945
74000, 22.500864180935114
75000, 22.52455450293203
76000, 22.253089673121796
77000, 22.397420486396296
78000, 22.799610133118993
79000, 22.817634505891366
80000, 22.461324785308438
81000, 22.693121816483906
82000, 22.28352655114436
83000, 21.89875694087579
84000, 21.683583139734488
85000, 21.469875536564146
86000, 21.194338866782328
87000, 20.869435386069586
88000, 21.061286232748888
89000, 21.46573496942925
90000, 21.6132675302309
91000, 21.755203719774467
92000, 21.64563081393872
93000, 21.469358009342834
94000, 21.473497877875207
95000, 21.563858652847824
96000, 21.374439563802994
97000, 21.26656217320201
98000, 21.256110232641866
99000, 21.29997391756358
100000, 21.599382707228774
