1, 68.74045388270287
2, 67.87242935586339
3, 67.36034936568149
4, 67.27059783689553
5, 67.25449179546796
6, 66.65908290198219
7, 66.51052548281362
8, 66.00808031344849
9, 65.81248615067913
10, 65.68878646060274
15, 63.928214949790885
20, 61.36013906981198
25, 59.86665738678473
30, 58.15697149382293
35, 56.1074861315315
40, 54.764495797916375
45, 54.13224547346988
50, 53.36134680958993
55, 52.307424584533564
60, 50.5329925230372
65, 50.14645218424397
70, 48.85284024496426
75, 46.72829264303729
80, 46.87127762998003
85, 45.86937976471886
90, 45.5847196620388
95, 45.75532755865704
100, 45.29827075433822
150, 42.01031619336692
200, 37.13444043831368
250, 32.25109817251706
300, 30.923292192132454
350, 28.889444439102668
400, 27.712512216205397
450, 26.505030968981465
500, 25.245131543857454
550, 25.061258281791574
600, 22.499259247065595
650, 22.65060705588263
700, 21.708677220564745
750, 21.714434523299627
800, 21.289668856043768
850, 21.027363125223285
900, 21.031722072463143
950, 19.79520143873257
1000, 18.541395129097847
1250, 17.983788996389684
1500, 16.048883657957855
1750, 13.918213486890718
2000, 13.057564857200596
2250, 12.166894975026839
2500, 11.282730166054668
2750, 11.583033569262703
3000, 11.357082958811796
3250, 10.661457061146317
3500, 10.385085459446158
3750, 10.52061468419661
4000, 10.800462953040485
4250, 10.532489417670133
4500, 9.939818911831342
4750, 9.881801455200362
5000, 9.439279633531363
5250, 9.44104513988432
5500, 8.982390179308252
5750, 8.606199315996967
6000, 8.554725789488131
6250, 8.360621986431392
6500, 8.423182296495785
6750, 8.082903768654761
7000, 7.933053216343208
7250, 7.846442930823283
7500, 7.447594690010102
7750, 7.334848328356899
8000, 7.224956747275377
8250, 7.1867934435323795
8500, 7.269800547470337
8750, 6.98212002188447
9000, 6.589132466923599
9250, 6.695769808866889
9500, 6.797058187186572
9750, 6.654572362919598
10000, 6.879922480183431
11000, 6.401822657129244
12000, 6.232976816898969
13000, 6.172519744804386
14000, 5.914671024945794
15000, 6.0456596000767355
16000, 5.671566509057851
17000, 5.767726299562651
18000, 5.683308895353129
19000, 5.808040403899867
20000, 5.5901699437494745
21000, 5.594640292279746
22000, 4.9966655548141965
23000, 5.168816756924806
24000, 5.224940191045253
25000, 4.900680224893955
26000, 4.640402281411961
27000, 5.272570530585627
28000, 5.419102016632153
29000, 5.144576432192126
30000, 5.3416601664027015
31000, 5.32760108616752
32000, 5.335416259924493
33000, 5.067872663488432
34000, 5.056349144063003
35000, 5.269408568963567
36000, 4.741659343872494
37000, 4.907477288111819
38000, 5.021619924552899
39000, 4.934571916590131
40000, 4.8425200051213
41000, 4.892170615721955
42000, 4.927812225859802
43000, 5.216959523196118
44000, 5.118593556827891
45000, 5.240865068542279
46000, 4.915960401250875
47000, 5.021619924552899
48000, 4.9966655548141965
49000, 4.981632931747046
50000, 4.839077046985992
51000, 4.540557968649521
52000, 4.568004670166906
53000, 4.49629477088265
54000, 4.43846820423443
55000, 4.39317652729776
56000, 4.356986726320535
57000, 4.536885862938733
58000, 4.43471156521669
59000, 4.330127018922194
60000, 4.3262763049378465
61000, 4.324349662087931
62000, 4.406434688800762
63000, 4.272001872658765
64000, 4.010403138505321
65000, 4.112987559751022
66000, 4.205155565889725
67000, 4.2972859651955515
68000, 3.9937451095431715
69000, 4.185291706281256
70000, 4.03732584763727
71000, 3.8815804341359033
72000, 4.064070209367287
73000, 3.7903385952532878
74000, 3.7327380477785117
75000, 3.8340579025361627
76000, 3.621693894666785
77000, 3.9008546072196366
78000, 3.9496835316262997
79000, 3.866522985836241
80000, 3.812260921465546
81000, 3.9916579679793878
82000, 3.788139384975162
83000, 3.7969285832981723
84000, 3.630886025935451
85000, 3.8708310907779655
86000, 3.9157800414902435
87000, 3.888015775002291
88000, 3.8708310907779655
89000, 3.8837267325770144
90000, 3.9008546072196366
91000, 3.8944404818493075
92000, 3.812260921465546
93000, 3.759432581299116
94000, 3.6990989893936783
95000, 3.7549966711037173
96000, 3.8622100754188224
97000, 3.7260345319566395
98000, 3.6492008257516693
99000, 3.596294389136314
100000, 3.5308167138307627
