3.286335345030997
3.847076812334269
3.5496478698597698
3.286335345030997
2.8635642126552705
3.3166247903554
2.8635642126552705
3.3763886032268267
2.898275349237888
3.1304951684997055
2.898275349237888
2.9664793948382653
2.8284271247461903
3.1304951684997055
3.0983866769659336
2.7202941017470885
2.8635642126552705
3.3166247903554
3.1304951684997055
3.255764119219941
3.255764119219941
3.255764119219941
3.3166247903554
2.792848008753788
3.0983866769659336
3.3166247903554
3.3166247903554
3.4641016151377544
3.4641016151377544
3.4641016151377544
3.3166247903554
3.255764119219941
3.0983866769659336
3.286335345030997
3.40587727318528
3.1937438845342623
3.03315017762062
3.1937438845342623
3.1937438845342623
3.03315017762062
3.03315017762062
3.40587727318528
3.40587727318528
3.3466401061363023
3.3466401061363023
3.5496478698597698
3.605551275463989
3.1937438845342623
3.1937438845342623
3.1937438845342623
3.1937438845342623
3.40587727318528
3.4641016151377544
3.0983866769659336
3.3166247903554
3.3166247903554
3.22490309931942
3.0
3.0
2.8284271247461903
2.8284271247461903
2.8284271247461903
2.756809750418044
2.8635642126552705
2.8635642126552705
3.03315017762062
2.7202941017470885
2.569046515733026
2.7202941017470885
2.5298221281347035
2.7202941017470885
2.569046515733026
2.792848008753788
2.792848008753788
2.7202941017470885
2.7202941017470885
2.7202941017470885
2.7202941017470885
2.569046515733026
2.569046515733026
2.569046515733026
2.569046515733026
2.569046515733026
2.569046515733026
2.569046515733026
2.569046515733026
2.6457513110645907
2.6457513110645907
2.6457513110645907
2.6457513110645907
2.6457513110645907
2.6457513110645907
2.569046515733026
2.569046515733026
2.569046515733026
2.569046515733026
2.569046515733026
2.569046515733026
2.569046515733026
2.569046515733026
2.6457513110645907
2.569046515733026
2.3664319132398464
2.6457513110645907
2.449489742783178
2.3664319132398464
2.3664319132398464
2.3664319132398464
2.3664319132398464
2.3664319132398464
2.3664319132398464
2.3664319132398464
2.3664319132398464
2.3664319132398464
2.1908902300206643
2.1908902300206643
2.4083189157584592
2.4083189157584592
2.4083189157584592
2.4083189157584592
2.4083189157584592
2.4083189157584592
2.3664319132398464
2.3664319132398464
2.569046515733026
2.569046515733026
2.569046515733026
2.569046515733026
2.569046515733026
2.3664319132398464
2.569046515733026
2.569046515733026
2.569046515733026
2.569046515733026
2.569046515733026
2.569046515733026
2.569046515733026
2.3664319132398464
2.3664319132398464
2.3664319132398464
2.3664319132398464
2.3664319132398464
2.3664319132398464
2.3664319132398464
2.3664319132398464
2.3664319132398464
2.3664319132398464
2.3664319132398464
2.3664319132398464
2.569046515733026
2.569046515733026
2.569046515733026
2.569046515733026
2.569046515733026
2.6457513110645907
2.6457513110645907
2.6457513110645907
2.6457513110645907
2.6457513110645907
2.6457513110645907
2.6457513110645907
2.6457513110645907
2.6457513110645907
2.6457513110645907
2.6457513110645907
2.792848008753788
2.792848008753788
2.6457513110645907
2.6457513110645907
2.6457513110645907
2.6457513110645907
2.6457513110645907
2.5298221281347035
2.5298221281347035
2.5298221281347035
2.5298221281347035
2.5298221281347035
2.5298221281347035
2.5298221281347035
2.5298221281347035
2.6457513110645907
2.6457513110645907
2.8284271247461903
2.8284271247461903
2.8284271247461903
2.8284271247461903
2.6457513110645907
2.5298221281347035
2.5298221281347035
2.7202941017470885
2.6457513110645907
2.5298221281347035
2.5298221281347035
2.6457513110645907
2.6457513110645907
2.5298221281347035
2.5298221281347035
2.5298221281347035
2.5298221281347035
2.5298221281347035
2.5298221281347035
2.5298221281347035
2.5298221281347035
2.5298221281347035
2.5298221281347035
2.5298221281347035
2.5298221281347035
2.5298221281347035
2.5298221281347035
2.5298221281347035
2.449489742783178
2.5298221281347035
2.449489742783178
2.449489742783178
2.569046515733026
2.449489742783178
2.569046515733026
2.569046515733026
2.449489742783178
2.569046515733026
2.569046515733026
2.569046515733026
2.6832815729997477
2.6832815729997477
2.8635642126552705
2.6832815729997477
3.0983866769659336
3.0983866769659336
3.0983866769659336
2.8635642126552705
2.6832815729997477
2.6832815729997477
2.6832815729997477
2.6832815729997477
2.6832815729997477
2.6832815729997477
2.8635642126552705
2.8635642126552705
2.756809750418044
2.8635642126552705
2.8635642126552705
2.756809750418044
2.756809750418044
2.756809750418044
2.8635642126552705
2.8635642126552705
2.756809750418044
2.932575659723036
2.8284271247461903
2.8284271247461903
2.8284271247461903
2.8284271247461903
3.1304951684997055
2.8284271247461903
2.8284271247461903
2.8284271247461903
2.756809750418044
2.756809750418044
2.756809750418044
2.569046515733026
2.569046515733026
2.569046515733026
2.569046515733026
2.569046515733026
2.569046515733026
2.8284271247461903
2.8284271247461903
2.8284271247461903
2.9664793948382653
2.8284271247461903
2.9664793948382653
2.9664793948382653
2.9664793948382653
2.8284271247461903
2.8284271247461903
2.8284271247461903
2.8284271247461903
2.9664793948382653
2.8284271247461903
2.9664793948382653
2.9664793948382653
2.9664793948382653
2.9664793948382653
2.9664793948382653
2.9664793948382653
2.9664793948382653
2.9664793948382653
2.9664793948382653
2.9664793948382653
2.8284271247461903
2.8284271247461903
2.9664793948382653
2.8284271247461903
2.9664793948382653
2.9664793948382653
2.9664793948382653
2.8284271247461903
2.9664793948382653
2.8284271247461903
2.8284271247461903
2.8284271247461903
2.8284271247461903
2.8284271247461903
2.8284271247461903
2.8284271247461903
2.8284271247461903
2.8284271247461903
2.8284271247461903
2.8284271247461903
2.898275349237888
3.03315017762062
2.898275349237888
2.898275349237888
3.03315017762062
2.898275349237888
3.03315017762062
2.898275349237888
2.898275349237888
2.898275349237888
2.898275349237888
2.898275349237888
2.898275349237888
2.898275349237888
2.898275349237888
2.898275349237888
2.898275349237888
2.898275349237888
2.898275349237888
2.898275349237888
2.898275349237888
2.898275349237888
2.898275349237888
2.898275349237888
2.898275349237888
2.6457513110645907
2.6457513110645907
2.6457513110645907
2.6457513110645907
2.6457513110645907
2.6457513110645907
2.756809750418044
2.756809750418044
2.756809750418044
2.756809750418044
2.756809750418044
2.6457513110645907
2.756809750418044
2.6457513110645907
2.6457513110645907
2.6457513110645907
2.6457513110645907
2.6457513110645907
2.6457513110645907
2.6457513110645907
2.6457513110645907
2.6457513110645907
2.6457513110645907
2.6457513110645907
2.6457513110645907
2.792848008753788
2.792848008753788
2.6832815729997477
2.756809750418044
2.792848008753788
2.8635642126552705
2.8635642126552705
2.792848008753788
2.792848008753788
2.6457513110645907
2.792848008753788
2.6832815729997477
2.6832815729997477
2.6832815729997477
2.6832815729997477
2.6832815729997477
2.6832815729997477
2.6832815729997477
2.792848008753788
2.792848008753788
2.6832815729997477
2.6832815729997477
2.792848008753788
2.6832815729997477
2.6832815729997477
2.6832815729997477
2.6832815729997477
2.6832815729997477
2.6832815729997477
2.6832815729997477
2.6832815729997477
2.6832815729997477
2.6832815729997477
2.792848008753788
2.792848008753788
2.792848008753788
2.792848008753788
2.792848008753788
2.792848008753788
2.792848008753788
2.792848008753788
