1, 11.467344941179714
2, 11.322543883774529
3, 10.793516572461451
4, 10.549881515922348
5, 10.435516278555651
6, 9.669539802906858
7, 9.669539802906858
8, 9.654014708917737
9, 9.219544457292887
10, 8.694826047713663
15, 8.23407554009556
20, 8.61974477580398
25, 8.549853799919621
30, 8.497058314499201
35, 8.342661445845684
40, 8.215838362577491
45, 8.006247560499238
50, 8.043631020876083
55, 7.60920495189872
60, 7.700649323271382
65, 8.105553651663778
70, 7.720103626247513
75, 7.899367063252599
80, 7.835815209663893
85, 7.389181280764467
90, 7.5099933422074345
95, 7.628892449104261
100, 7.758865896508329
150, 7.681145747868608
200, 7.155417527999327
250, 6.58027355054484
300, 7.273238618387272
350, 6.058052492344384
400, 5.310367218940701
450, 5.291502622129181
500, 4.277849927241488
550, 5.019960159204453
600, 4.8373546489791295
650, 3.8987177379235853
700, 3.794733192202055
750, 4.527692569068709
800, 5.019960159204453
850, 5.347896782848375
900, 5.540758070878027
950, 5.540758070878027
1000, 5.779273310719955
1250, 5.1478150704935
1500, 4.266145801540309
1750, 4.1952353926806065
2000, 3.9115214431215892
2250, 3.4351128074635335
2500, 4.0743097574926725
2750, 4.449719092257398
3000, 3.9370039370059056
3250, 4.9396356140913875
3500, 4.571651780264984
3750, 4.888762624632126
4000, 4.722287581247038
4250, 4.358898943540674
4500, 4.404543109109048
4750, 3.9115214431215892
5000, 3.6606010435446255
5250, 2.7386127875258306
5500, 3.7549966711037173
5750, 3.420526275297414
6000, 3.0495901363953815
6250, 3.286335345030997
6500, 2.756809750418044
6750, 2.4289915602982237
7000, 3.1304951684997055
7250, 2.949576240750525
7500, 2.8284271247461903
7750, 2.7386127875258306
8000, 2.8635642126552705
8250, 2.569046515733026
8500, 2.449489742783178
8750, 2.1908902300206643
9000, 2.4899799195977463
9250, 2.32379000772445
9500, 2.0976176963403033
9750, 2.3874672772626644
10000, 1.7320508075688772
11000, 2.1213203435596424
12000, 2.345207879911715
13000, 1.6733200530681511
14000, 2.0
15000, 2.0
16000, 2.1447610589527217
17000, 2.1213203435596424
18000, 2.4899799195977463
19000, 2.073644135332772
20000, 1.7888543819998317
21000, 1.7888543819998317
22000, 1.8439088914585775
23000, 1.6733200530681511
24000, 2.04939015319192
25000, 1.8973665961010275
26000, 1.6431676725154984
27000, 1.61245154965971
28000, 1.6733200530681511
29000, 1.7320508075688772
30000, 1.51657508881031
31000, 1.760681686165901
32000, 1.3416407864998738
33000, 1.4142135623730951
34000, 1.2649110640673518
35000, 1.449137674618944
36000, 1.6733200530681511
37000, 1.378404875209022
38000, 1.61245154965971
39000, 1.8973665961010275
40000, 1.4832396974191326
41000, 1.5811388300841898
42000, 1.6733200530681511
43000, 1.5491933384829668
44000, 1.449137674618944
45000, 1.8439088914585775
46000, 1.61245154965971
47000, 1.6733200530681511
48000, 1.7888543819998317
49000, 1.4832396974191326
50000, 1.4832396974191326
51000, 1.2649110640673518
52000, 1.6733200530681511
53000, 1.5491933384829668
54000, 1.5491933384829668
55000, 1.61245154965971
56000, 1.3416407864998738
57000, 1.140175425099138
58000, 1.1832159566199232
59000, 1.0488088481701516
60000, 1.0488088481701516
61000, 1.0954451150103321
62000, 1.0488088481701516
63000, 1.0488088481701516
64000, 1.1832159566199232
65000, 1.1832159566199232
66000, 1.0
67000, 1.378404875209022
68000, 1.0488088481701516
69000, 1.224744871391589
70000, 1.4142135623730951
71000, 1.0488088481701516
72000, 1.0954451150103321
73000, 0.8944271909999159
74000, 0.8944271909999159
75000, 0.9486832980505138
76000, 1.3038404810405297
77000, 1.0
78000, 0.8944271909999159
79000, 0.9486832980505138
80000, 1.0
81000, 1.140175425099138
82000, 1.0488088481701516
83000, 1.0
84000, 1.1832159566199232
85000, 1.1832159566199232
86000, 1.1832159566199232
87000, 1.1832159566199232
88000, 1.1832159566199232
89000, 1.1832159566199232
90000, 1.140175425099138
91000, 1.0954451150103321
92000, 1.0954451150103321
93000, 1.140175425099138
94000, 1.1832159566199232
95000, 1.0954451150103321
96000, 1.1832159566199232
97000, 1.224744871391589
98000, 1.378404875209022
99000, 0.9486832980505138
100000, 0.9486832980505138
