1, 16.941074346097416
2, 16.677329922182786
3, 16.18229485167869
4, 15.58418001264958
5, 14.76030713320921
6, 13.947520687682573
7, 13.443709805456725
8, 13.361636626301934
9, 12.353137253345807
10, 12.24744871391589
15, 10.488088481701515
20, 9.966610925150702
25, 8.921883209278185
30, 8.078778785600374
35, 7.848566748139434
40, 7.890923055426828
45, 7.474400756359446
50, 7.384668803225594
55, 7.32575365861197
60, 7.2203416354998975
65, 7.0898989179442236
70, 7.085195833567341
75, 7.122733557654206
80, 7.132087118555596
85, 7.108680140035373
90, 7.1507575356274895
95, 7.085195833567341
100, 7.0710678118654755
150, 5.272570530585627
200, 4.43471156521669
250, 3.7859388972001824
300, 3.777124126457412
350, 3.812260921465546
400, 3.750555514409388
450, 3.0983866769659336
500, 2.581988897471611
550, 2.32379000772445
600, 2.581988897471611
650, 2.6583202716502514
700, 2.4358434541926814
750, 2.422120283277993
800, 1.7701224063135672
850, 1.7701224063135672
900, 1.6931233465600393
950, 1.6931233465600393
1000, 1.6532795690182993
1250, 1.390443574307614
1500, 1.3662601021279464
1750, 1.0
2000, 0.9309493362512627
2250, 0.9660917830792959
2500, 0.9309493362512627
2750, 0.9309493362512627
3000, 0.9309493362512627
3250, 0.9309493362512627
3500, 0.9660917830792959
3750, 0.9660917830792959
4000, 0.9660917830792959
4250, 0.9660917830792959
4500, 0.9660917830792959
4750, 0.816496580927726
5000, 0.5773502691896257
5250, 0.5773502691896257
5500, 0.6324555320336759
5750, 0.6324555320336759
6000, 0.5163977794943222
6250, 0.5163977794943222
6500, 0.5163977794943222
6750, 0.5163977794943222
7000, 0.5163977794943222
7250, 0.5163977794943222
7500, 0.5163977794943222
7750, 0.5163977794943222
8000, 0.5163977794943222
8250, 0.5163977794943222
8500, 0.5163977794943222
8750, 0.5163977794943222
9000, 0.5163977794943222
9250, 0.5163977794943222
9500, 0.5163977794943222
9750, 0.4472135954999579
10000, 0.4472135954999579
11000, 0.4472135954999579
12000, 0.4472135954999579
13000, 0.4472135954999579
14000, 0.5163977794943222
15000, 0.5163977794943222
16000, 0.5163977794943222
17000, 0.6831300510639732
18000, 0.6831300510639732
19000, 0.6831300510639732
20000, 0.6831300510639732
21000, 0.6831300510639732
22000, 0.6831300510639732
23000, 0.6831300510639732
24000, 0.6831300510639732
25000, 0.6831300510639732
26000, 0.6831300510639732
27000, 0.6831300510639732
28000, 0.6831300510639732
29000, 0.6831300510639732
30000, 0.6831300510639732
31000, 0.6831300510639732
32000, 0.7745966692414834
33000, 0.7745966692414834
34000, 0.7745966692414834
35000, 0.7745966692414834
36000, 0.7745966692414834
37000, 0.7745966692414834
38000, 0.4472135954999579
39000, 0.4472135954999579
40000, 0.5773502691896257
41000, 0.5773502691896257
42000, 0.5773502691896257
43000, 0.5773502691896257
44000, 0.5773502691896257
45000, 0.5773502691896257
46000, 0.5773502691896257
47000, 0.5773502691896257
48000, 0.5773502691896257
49000, 0.4472135954999579
50000, 0.4472135954999579
51000, 0.4472135954999579
52000, 0.4472135954999579
53000, 0.4472135954999579
54000, 0.4472135954999579
55000, 0.4472135954999579
56000, 0.4472135954999579
57000, 0.4472135954999579
58000, 0.5163977794943222
59000, 0.5163977794943222
60000, 0.5163977794943222
61000, 0.5163977794943222
62000, 0.5163977794943222
63000, 0.5163977794943222
64000, 0.5163977794943222
65000, 0.5163977794943222
66000, 0.5163977794943222
67000, 0.5163977794943222
68000, 0.5163977794943222
69000, 0.5163977794943222
70000, 0.5163977794943222
71000, 0.5163977794943222
72000, 0.5163977794943222
73000, 0.5163977794943222
74000, 0.5163977794943222
75000, 0.5163977794943222
76000, 0.5163977794943222
77000, 0.5163977794943222
78000, 0.5163977794943222
79000, 0.5163977794943222
80000, 0.5163977794943222
81000, 0.5163977794943222
82000, 0.5163977794943222
83000, 0.5163977794943222
84000, 0.5163977794943222
85000, 0.5163977794943222
86000, 0.5163977794943222
87000, 0.5163977794943222
88000, 0.5163977794943222
89000, 0.5163977794943222
90000, 0.5163977794943222
91000, 0.5163977794943222
92000, 0.5163977794943222
93000, 0.5163977794943222
94000, 0.5163977794943222
95000, 0.5163977794943222
96000, 0.5163977794943222
97000, 0.5163977794943222
98000, 0.5163977794943222
99000, 0.5163977794943222
100000, 0.5163977794943222
