1, 34.53500639447844
2, 33.74611088703408
3, 33.02322415109302
4, 32.63280557966171
5, 31.920213031870574
6, 31.894618145804266
7, 31.980723360591245
8, 31.660701192487824
9, 31.590082832011273
10, 30.91439794011845
15, 29.928804408685178
20, 28.638552104927836
25, 27.078897072566797
30, 25.835376263307385
35, 25.95187854472196
40, 24.803897543195372
45, 23.630488780387086
50, 22.826884734160874
55, 22.404612620321437
60, 21.756225162774292
65, 20.969819582755914
70, 21.500387593405534
75, 19.599319716085386
80, 18.719864671875523
85, 18.470697514351393
90, 18.189740698170127
95, 17.91740308564088
100, 17.168770097670556
150, 12.72399308393399
200, 11.694728157023004
250, 10.83205120618128
300, 11.028750306962857
350, 10.852035139395129
400, 10.89954127475097
450, 9.763879010584539
500, 9.259229629582222
550, 8.99629553390357
600, 8.588752334691382
650, 8.422192905255336
700, 8.362615220930193
750, 8.396427811873332
800, 8.37456466530251
850, 8.366600265340756
900, 8.17720408615724
950, 7.418445479568703
1000, 7.552041666551723
1250, 7.339391437078872
1500, 6.255664100104267
1750, 5.079370039680118
2000, 4.753945729601885
2250, 4.764451699828638
2500, 5.046450898073483
2750, 5.08592829940284
3000, 4.788875998951459
3250, 4.9023803741991845
3500, 4.764451699828638
3750, 4.654746681256314
4000, 3.855731664245668
4250, 4.033195589934446
4500, 4.396968652757639
4750, 4.0579140782755205
5000, 4.215052391924289
5250, 3.872983346207417
5500, 3.825354014118606
5750, 3.683295625749672
6000, 3.6101708177499487
6250, 3.646916505762094
6500, 3.812260921465546
6750, 3.5023801430836525
7000, 3.22490309931942
7250, 3.255764119219941
7500, 3.497618237219913
7750, 3.141125063837266
8000, 3.32665998663324
8250, 3.3366650016645862
8500, 2.9944392908634274
8750, 2.7325202042558927
9000, 2.886751345948129
9250, 2.9776948578836393
9500, 2.932575659723036
9750, 2.972092416687835
10000, 3.3015148038438356
11000, 3.2145502536643185
12000, 3.22490309931942
13000, 3.082207001484488
14000, 2.869378562220979
15000, 3.093002855909879
16000, 3.0659419433511785
17000, 2.9664793948382653
18000, 2.8751811537130436
19000, 3.0276503540974917
20000, 2.9097537123726926
21000, 2.8925190866555517
22000, 2.7325202042558927
23000, 2.798809270624444
24000, 2.8343135559308417
25000, 3.183289703016886
26000, 3.146426544510455
27000, 2.949576240750525
28000, 2.695675549220764
29000, 2.6204325342711394
30000, 2.5099800796022267
31000, 2.5755258362775812
32000, 2.4899799195977463
33000, 2.32379000772445
34000, 2.3664319132398464
35000, 2.2135943621178655
36000, 2.422120283277993
37000, 2.136976056643281
38000, 2.2135943621178655
39000, 2.4083189157584592
40000, 2.280350850198276
41000, 2.3523038352503134
42000, 2.581988897471611
43000, 2.3874672772626644
44000, 2.449489742783178
45000, 2.41522945769824
46000, 2.206052281036573
47000, 2.4083189157584592
48000, 2.23606797749979
49000, 2.136976056643281
50000, 2.136976056643281
51000, 2.23606797749979
52000, 2.1525179054617256
53000, 2.228601953392904
54000, 2.23606797749979
55000, 2.2949219304078006
56000, 2.228601953392904
57000, 2.250925735484551
58000, 2.160246899469287
59000, 2.0816659994661326
60000, 2.105548226313834
61000, 2.136976056643281
62000, 2.1291625896895083
63000, 2.1291625896895083
64000, 2.1134489978863145
65000, 1.9916492328386208
66000, 2.0
67000, 2.0
68000, 1.9321835661585918
69000, 1.9748417658131499
70000, 1.8973665961010275
71000, 1.9578900207451218
72000, 1.8708286933869707
73000, 1.8618986725025255
74000, 1.906130460732773
75000, 1.9148542155126762
76000, 1.8529256146249728
77000, 2.016597794967223
78000, 1.9235384061671346
79000, 1.9493588689617927
80000, 2.0
81000, 1.9578900207451218
82000, 1.9235384061671346
83000, 1.8973665961010275
84000, 1.8973665961010275
85000, 1.834847859269718
86000, 1.8973665961010275
87000, 1.9578900207451218
88000, 1.9407902170679516
89000, 1.906130460732773
90000, 1.9321835661585918
91000, 1.9407902170679516
92000, 1.879716290649558
93000, 1.8073922282301278
94000, 1.816590212458495
95000, 1.7888543819998317
96000, 1.8073922282301278
97000, 1.8073922282301278
98000, 1.7511900715418263
99000, 1.632993161855452
100000, 1.760681686165901
