1, 143.51925306383114
2, 143.3795522381068
3, 143.3786594999409
4, 142.7386703034605
5, 141.88231743244117
6, 141.6040677381833
7, 140.90961642130745
8, 140.36238812445447
9, 140.39076892730517
10, 140.20901540200614
15, 137.33867627147131
20, 136.00588222573316
25, 133.43927457836392
30, 131.74614984886654
35, 130.58073364780887
40, 127.78954573829581
45, 126.90749386856554
50, 126.65948049790825
55, 125.59363041173704
60, 124.63007662679182
65, 124.29548664372331
70, 122.2818711011571
75, 120.38541439892127
80, 118.8024242176901
85, 117.5413459170857
90, 115.2582491624786
95, 114.0809537127035
100, 113.03263245629556
150, 105.48406514730081
200, 98.27044316578612
250, 92.23296590699012
300, 86.42582947244418
350, 80.84770868738335
400, 78.28665275767
450, 73.88439618755777
500, 71.314626830686
550, 70.44981192309885
600, 67.5463100398534
650, 66.26951033469314
700, 63.767013416028824
750, 62.01251486595267
800, 60.30754513325841
850, 58.64053205761353
900, 57.82815923060322
950, 56.234508978028785
1000, 54.46363924674883
1250, 50.64590802819118
1500, 47.31824172557556
1750, 43.14579933203231
2000, 39.72737091729076
2250, 37.829195074703875
2500, 36.62523720059708
2750, 35.678564993564414
3000, 35.239296247229454
3250, 35.04408651969687
3500, 33.91247558052936
3750, 32.06792790312464
4000, 31.115783776083802
4250, 30.567171933301253
4500, 29.499830507987667
4750, 28.089143810376278
5000, 27.319882869441443
5250, 26.689323708179643
5500, 26.42513954551612
5750, 25.886521589429506
6000, 25.13547294164166
6250, 25.107130461285298
6500, 24.63233647058273
6750, 24.107758087387552
7000, 23.47833043467955
7250, 22.412496514221704
7500, 21.87162545399861
7750, 21.722799082991123
8000, 22.09542939161853
8250, 21.615735009478627
8500, 21.493068650148587
8750, 20.89631546469377
9000, 20.844759533273585
9250, 20.80557617563138
9500, 20.17800783030872
9750, 19.969576860815053
10000, 20.169085254418455
11000, 19.331425193192562
12000, 17.827394649807918
13000, 17.023278180186093
14000, 17.11163346966034
15000, 16.548353392407353
16000, 16.327645268072185
17000, 15.845756529746378
18000, 15.11132025999052
19000, 14.823494864572254
20000, 14.465407011211264
21000, 13.91804583984404
22000, 13.528931960801636
