1, 45.34286051849839
2, 44.50758362346804
3, 44.50730277156772
4, 43.611638354916224
5, 43.61106510967142
6, 43.61192497471305
7, 42.93425206056349
8, 42.933960916738165
9, 42.120066476680684
10, 42.11917615528585
15, 41.2440904857896
20, 40.487034961824506
25, 39.66988782439396
30, 39.66137919941767
35, 37.97433343720466
40, 37.031068037527625
45, 36.77737075974845
50, 35.94022815731698
55, 35.9110010999415
60, 35.9110010999415
65, 35.910304927694504
70, 35.89986072396382
75, 35.898119727918896
80, 35.898119727918896
85, 35.89603042120396
90, 35.89707508976184
95, 35.895682191595135
100, 35.904735063776755
150, 35.904735063776755
200, 34.428549199755714
250, 34.138687731077184
300, 34.13942003022313
350, 33.78535185550093
400, 32.96437470967712
450, 32.29047847276345
500, 31.539657575820318
550, 30.666349636042433
600, 30.614130724226026
650, 30.614130724226026
700, 29.924906014890006
750, 29.925741427740768
800, 29.7636523296453
850, 29.7636523296453
900, 29.7636523296453
950, 29.7636523296453
1000, 29.780026863654776
1250, 29.160332645564935
1500, 28.19530102694419
1750, 28.1633627253565
2000, 28.147379984645106
2250, 27.573084702296185
2500, 27.219478319762118
2750, 27.09012735296754
3000, 25.96728711282717
3250, 26.0
3500, 25.161478493920026
3750, 25.124689052802225
4000, 25.095318288477632
4250, 24.10757142476197
4500, 23.368247687834877
4750, 23.09328906847182
5000, 22.71012989835153
5250, 22.94177412494509
5500, 21.677753573652414
5750, 21.508137994721906
6000, 21.48604198078371
6250, 21.034495477667154
6500, 20.463992767786056
6750, 20.506096654409877
7000, 20.337772739412742
7250, 20.2651178136225
7500, 20.2651178136225
7750, 19.81918262693999
8000, 19.245778757951054
8250, 19.3700800204852
8500, 19.275632285349293
8750, 19.31579664419772
9000, 19.742087022399634
9250, 19.74145384717144
9500, 19.564636464805574
9750, 19.403607911932255
10000, 19.461500456028563
11000, 19.2067696398952
12000, 18.804254837669053
13000, 18.409236811991963
14000, 19.50705000762545
15000, 19.114784853615276
16000, 19.382337320354324
17000, 19.96872554771586
18000, 20.192201464922046
19000, 18.778311958213923
20000, 18.645374761586318
21000, 18.475659663459922
22000, 18.68421793921276
23000, 18.96707673839066
24000, 19.494229915541673
25000, 19.552493447128427
26000, 19.251623308178456
27000, 19.058462687215883
28000, 19.23343443069906
29000, 18.694919095839918
30000, 18.938056922503954
31000, 18.389535067532297
32000, 19.04927820154874
33000, 19.18267447463987
34000, 19.17094155225559
35000, 19.202213414083285
36000, 19.178112524437854
37000, 19.068953825524883
38000, 18.752999760038392
39000, 18.830161974874247
40000, 19.04993438308909
41000, 18.824186569411175
42000, 18.621224449536072
43000, 18.78563280807969
44000, 18.710291285813806
45000, 18.46889276594566
46000, 19.00723546442249
47000, 19.546738858438765
48000, 19.136352839556444
49000, 19.36362569355233
50000, 18.974324757418906
51000, 18.679534255435815
52000, 18.684886941054796
53000, 18.46956956726388
54000, 18.98354550656963
55000, 19.020383802647096
56000, 19.371370627810517
57000, 19.197656106931387
58000, 18.877234967017813
59000, 18.672841240689646
60000, 18.939376969689366
61000, 19.220431836980147
62000, 19.459573479395686
63000, 19.105627443242998
64000, 19.168985366993216
65000, 19.25422031659553
66000, 19.04927820154874
67000, 19.250324672586693
68000, 19.4164878389476
69000, 19.138965489283898
70000, 19.128512749296533
71000, 18.843433869653374
72000, 18.68421793921276
73000, 18.878559267062727
74000, 18.93145530591877
75000, 19.172245564878413
76000, 19.394586873661424
77000, 19.781936204527604
78000, 19.967473550752484
79000, 19.8997487421324
80000, 20.153163523377664
81000, 20.282997806044353
82000, 20.607644212767262
83000, 20.07548255957998
84000, 19.971229306179428
85000, 20.242899989872992
86000, 20.26450098077917
87000, 20.45910555229627
88000, 20.478037015300075
89000, 20.166804407243106
90000, 20.17362139032058
91000, 20.372162379089755
92000, 20.140754702840706
93000, 20.133926591700885
94000, 19.727518850580275
95000, 19.799621208497904
96000, 19.738920943151882
97000, 19.532664948746753
98000, 19.686924594765937
99000, 19.645610196682615
