1, 13.564659966250536
2, 13.564659966250536
3, 13.564659966250536
4, 13.564659966250536
5, 12.724778976469493
6, 12.724778976469493
7, 12.724778976469493
8, 12.724778976469493
9, 12.724778976469493
10, 12.056533498481228
15, 12.046576277100478
20, 11.18212859879549
25, 11.174972035759195
30, 11.174972035759195
35, 11.174972035759195
40, 11.174972035759195
45, 11.174972035759195
50, 10.318914671611545
55, 10.318914671611545
60, 10.318914671611545
65, 10.318914671611545
70, 10.315037566582102
75, 10.315037566582102
80, 10.315037566582102
85, 10.315037566582102
90, 10.315037566582102
95, 10.315037566582102
100, 10.315037566582102
150, 10.315037566582102
200, 10.315037566582102
250, 9.96393496566492
300, 9.96393496566492
350, 9.96393496566492
400, 9.499473669630333
450, 9.499473669630333
500, 9.499473669630333
550, 9.43610088966836
600, 9.43610088966836
650, 9.43610088966836
700, 9.43610088966836
750, 9.43610088966836
800, 9.43610088966836
850, 9.43610088966836
900, 8.644073113989723
950, 8.644073113989723
1000, 8.644073113989723
1250, 8.593020423576334
1500, 8.48999411071645
1750, 7.709734106958553
2000, 7.657675887630659
2250, 7.626270385975047
2500, 7.64198926981712
2750, 7.64198926981712
3000, 7.255342858886822
3250, 7.093659140387279
3500, 6.922427319950712
3750, 6.805879810869422
4000, 6.805879810869422
4250, 6.876045375068434
4500, 6.9339743293438865
4750, 7.0710678118654755
5000, 7.054076835419359
5250, 7.019971509913698
5500, 6.723094525588644
5750, 6.723094525588644
6000, 6.9339743293438865
6250, 6.723094525588644
6500, 6.723094525588644
6750, 6.675327707311455
7000, 6.7468511173732
7250, 6.805879810869422
7500, 7.08801805866774
7750, 7.08801805866774
8000, 7.211102550927978
8250, 7.386474125047755
8500, 7.493997598078078
8750, 7.227724399837061
9000, 7.08801805866774
9250, 7.08801805866774
9500, 7.042726744663604
9750, 6.841052550594828
10000, 6.841052550594828
11000, 6.81175454637056
12000, 6.681317235396026
13000, 6.584831053261731
14000, 6.928203230275509
15000, 6.711184694225007
16000, 6.979971346646059
17000, 6.190315016216864
18000, 6.4
19000, 5.440588203494177
20000, 6.1838499334961226
21000, 5.9262129560116215
22000, 6.170899448216605
23000, 5.61426753904728
24000, 5.528109984434101
25000, 5.9531504264548865
26000, 6.203224967708329
27000, 6.2801273872430325
28000, 6.4
29000, 6.669332800213226
30000, 6.566582063752802
31000, 6.499230723708768
32000, 6.374950980203691
33000, 6.424951361683604
34000, 6.318227599572526
35000, 6.203224967708329
36000, 5.455272678794342
37000, 5.699122739510003
38000, 5.607138307550475
39000, 5.556977595779922
40000, 5.513619500836088
41000, 5.513619500836088
42000, 5.892367945062494
43000, 5.656854249492381
44000, 5.727128425310541
45000, 5.477225575051661
46000, 5.817215828899595
47000, 5.396295025292817
48000, 5.299056519796708
49000, 5.223025942880239
50000, 5.215361924162119
51000, 5.720139858430037
52000, 5.824087911424415
53000, 5.692099788303083
54000, 5.635601121442148
55000, 5.89915248150105
56000, 5.706137047074843
57000, 5.796550698475776
58000, 5.663920903402518
59000, 5.578530272392541
60000, 5.585696017507576
61000, 5.3814496188294845
62000, 4.9396356140913875
63000, 5.1536394906900505
64000, 5.692099788303083
65000, 5.692099788303083
66000, 4.534313619501853
67000, 5.083306010855534
68000, 4.6475800154489
69000, 4.664761515876241
70000, 5.469917732470938
71000, 5.1536394906900505
72000, 5.4258639865002145
73000, 5.469917732470938
74000, 5.692099788303083
75000, 5.6
76000, 5.74108003776293
77000, 5.817215828899595
78000, 5.932958789676531
79000, 5.81033561853358
80000, 5.865151319446072
81000, 5.844655678480983
82000, 6.072890580275591
83000, 6.1838499334961226
84000, 6.273754856543249
85000, 6.4
86000, 6.437390775772433
87000, 6.437390775772433
88000, 6.406246951218787
89000, 6.5482822174979605
90000, 6.424951361683604
91000, 6.3498031465550175
92000, 6.164414002968976
93000, 6.1838499334961226
94000, 6.406246951218787
95000, 6.362389488234746
96000, 6.6332495807108
97000, 6.381222453417527
98000, 6.443601477434805
99000, 6.858571279792899
100000, 6.887670143089026
