1, 45.83803006238379
2, 45.43236731670495
3, 45.419709378198355
4, 45.119840425249734
5, 45.13950597868789
6, 45.18821749084599
7, 45.1259348933626
8, 45.10432351781811
9, 44.6365881312629
10, 44.17946355491429
15, 41.694124286282836
20, 40.665710371269796
25, 38.84359664088793
30, 36.13274138506515
35, 35.694887589121215
40, 34.09765387823626
45, 33.08247270081244
50, 31.62119542332326
55, 31.606565773585714
60, 31.825697164398456
65, 31.499206339207976
70, 30.836666486505962
75, 30.81436353391061
80, 30.41175759471984
85, 30.129719547317396
90, 29.86260202996383
95, 29.187326016612072
100, 28.782373077979514
150, 23.73973462362206
200, 21.041625412500814
250, 19.189841062395487
300, 19.800883818658196
350, 19.08336972340053
400, 17.59332259694001
450, 15.828771272590934
500, 15.397240012417809
550, 14.524978485354117
600, 14.845874847916509
650, 14.647525388269516
700, 14.974979131871937
750, 14.367498042456802
800, 13.57479281609852
850, 12.859821149611685
900, 13.056607522630065
950, 12.737739202856996
1000, 12.96437426179914
1250, 10.530906893520616
1500, 9.909591313469996
1750, 9.191028234098729
2000, 8.632786340458104
2250, 7.9796616469622315
2500, 7.237057413065064
2750, 6.739807118901846
3000, 6.389444420291955
3250, 6.648308055437865
3500, 6.908328307195599
3750, 6.473020933072903
4000, 6.2028219384406
4250, 6.107372593840988
4500, 5.826662852782886
4750, 5.6524331044250316
5000, 5.371219600798314
5250, 5.081830378908765
5500, 4.883646178829912
5750, 4.693080012102926
6000, 5.067050424063293
6250, 4.682413907377263
6500, 4.344536799245692
6750, 4.236744032862972
7000, 4.147288270665544
7250, 4.709033871188442
7500, 4.6097722286464435
7750, 4.488875137492688
8000, 4.596194077712559
8250, 4.886205071423016
8500, 4.650268809434569
8750, 4.4328320518603
9000, 4.519402615390667
9250, 4.358898943540674
9500, 4.396020928066653
9750, 4.224926034855522
10000, 4.168333000133266
11000, 4.003123780249619
12000, 3.840572873934304
13000, 4.043513323831146
14000, 3.6571847095819483
15000, 3.8275318418009276
16000, 3.5637059362410923
17000, 3.7181984885156414
18000, 3.409545424246464
19000, 3.6297382825763074
20000, 3.721558813185679
21000, 3.3166247903554
22000, 2.797320146139873
23000, 2.819574435974337
24000, 2.9111853256019273
25000, 2.9748949561287032
26000, 3.0659419433511785
27000, 2.987473849257931
28000, 3.1344856037314957
29000, 2.9154759474226504
30000, 2.8853076092507015
31000, 2.6645825188948455
32000, 2.752271788904577
33000, 2.7386127875258306
34000, 2.7703790354390136
35000, 2.711088342345192
36000, 3.0041637771599605
37000, 2.7613402542968153
38000, 2.5049950099750697
39000, 2.5248762345905194
40000, 2.5149552679918585
41000, 2.55440795488896
42000, 2.4289915602982237
43000, 2.3979157616563596
44000, 2.3345235059857505
45000, 2.382225849914319
46000, 2.569046515733026
47000, 2.479919353527449
48000, 2.434132288927617
49000, 2.361143790623519
50000, 2.4392621835300936
51000, 2.5298221281347035
52000, 2.361143790623519
53000, 2.444381312316063
54000, 2.4545875417267156
55000, 2.539685019840059
56000, 2.6172504656604803
57000, 2.4949949899749297
58000, 2.6172504656604803
59000, 2.5099800796022267
60000, 2.4748737341529163
61000, 2.382225849914319
62000, 2.5
63000, 2.5199206336708304
64000, 2.479919353527449
65000, 2.173706511928416
66000, 2.1330729007701543
67000, 2.1505813167606567
68000, 2.1908902300206643
69000, 2.1213203435596424
70000, 2.185177338341216
71000, 2.219234102117215
72000, 2.207940216581962
73000, 2.1908902300206643
74000, 2.19658826364888
75000, 2.185177338341216
76000, 2.274862633215465
77000, 2.3130067012440754
78000, 2.339871791359518
79000, 2.329162939770423
80000, 2.202271554554524
81000, 2.4186773244895647
82000, 2.285825890132492
83000, 2.207940216581962
84000, 2.280350850198276
85000, 2.19658826364888
86000, 2.449489742783178
87000, 2.307596151842865
88000, 2.3345235059857505
89000, 2.3021728866442674
90000, 2.4031229681395834
91000, 2.280350850198276
92000, 2.258317958127243
93000, 2.1505813167606567
94000, 2.185177338341216
95000, 2.274862633215465
96000, 2.1272047386182646
97000, 2.16794833886788
98000, 2.006240264773888
99000, 1.9937402037376886
100000, 2.0248456731316584
