1, 33.96665031075825
2, 33.435011589649555
3, 33.409080601936154
4, 33.09884187299207
5, 32.29654264262146
6, 31.50238086240467
7, 31.21644865558327
8, 30.34908016178854
9, 29.928804408685178
10, 29.797091580667175
15, 26.959228475607382
20, 24.770950728625657
25, 24.63736998950984
30, 24.06241883103193
35, 23.082460874005612
40, 22.190087877248256
45, 21.46858169511903
50, 19.453363034018906
55, 18.614510468986285
60, 18.3166590840142
65, 16.65733071853551
70, 16.279844389100695
75, 14.742229591663987
80, 14.445299120013633
85, 13.936761938604437
90, 13.807003054006083
95, 13.568345514468593
100, 13.650396819628847
150, 11.597413504743201
200, 10.068101443006356
250, 9.300537618869138
300, 8.542052836799048
350, 7.977050415619381
400, 7.989576542804589
450, 7.685484153042453
500, 7.8655366420014
550, 7.2984016515033385
600, 7.302967433402215
650, 7.094598884597588
700, 6.930608438898661
750, 6.779872171852997
800, 6.467869303977419
850, 6.121002096606949
900, 5.930148958219065
950, 4.983305462575351
1000, 4.9564772436345015
1250, 4.5423929082955095
1500, 4.324349662087931
1750, 3.582364210034113
2000, 3.596294389136314
2250, 3.468909530866052
2500, 3.4641016151377544
2750, 3.235222815613581
3000, 3.40587727318528
3250, 3.230067078766838
3500, 3.2812599206199238
3750, 3.1728010758108782
4000, 2.898275349237888
4250, 2.869378562220979
4500, 2.503331114069145
4750, 2.503331114069145
5000, 2.41522945769824
5250, 2.1984843263788196
5500, 2.183269719175042
5750, 2.073644135332772
6000, 2.0
6250, 2.016597794967223
6500, 2.04939015319192
6750, 1.9493588689617927
7000, 1.9493588689617927
7250, 1.9916492328386208
7500, 1.6733200530681511
7750, 1.61245154965971
8000, 1.6020819787597222
8250, 1.591644851508443
8500, 1.622754859285078
8750, 1.6431676725154984
9000, 1.8618986725025255
9250, 1.8257418583505538
9500, 1.9235384061671346
9750, 1.9235384061671346
10000, 2.04939015319192
11000, 1.9235384061671346
12000, 1.3662601021279464
13000, 1.2909944487358056
14000, 1.2382783747337807
15000, 1.2110601416389966
16000, 1.2516655570345725
17000, 1.2516655570345725
18000, 0.9309493362512627
19000, 1.0165300454651272
20000, 1.0165300454651272
21000, 1.0165300454651272
22000, 1.0645812948447542
23000, 1.0954451150103321
24000, 1.2909944487358056
25000, 1.3038404810405297
26000, 1.2110601416389966
27000, 1.1690451944500122
28000, 1.3662601021279464
29000, 1.4023789311975086
30000, 1.4259499757471625
31000, 1.4605934866804429
32000, 1.4375905768565218
33000, 1.4375905768565218
34000, 1.2649110640673518
35000, 1.2649110640673518
36000, 1.2516655570345725
37000, 1.2516655570345725
38000, 1.224744871391589
39000, 1.224744871391589
40000, 1.1690451944500122
41000, 1.1972189997378648
42000, 1.2110601416389966
43000, 1.2110601416389966
44000, 1.2649110640673518
45000, 1.2649110640673518
46000, 1.3038404810405297
47000, 1.3038404810405297
48000, 1.3038404810405297
49000, 1.3038404810405297
50000, 1.3038404810405297
51000, 1.3038404810405297
52000, 1.2909944487358056
53000, 1.2909944487358056
54000, 1.2516655570345725
55000, 1.2382783747337807
56000, 1.2382783747337807
57000, 1.2382783747337807
58000, 1.2382783747337807
59000, 1.2516655570345725
60000, 1.2516655570345725
61000, 1.2516655570345725
62000, 1.224744871391589
63000, 1.224744871391589
64000, 1.224744871391589
65000, 1.2110601416389966
66000, 1.2516655570345725
67000, 1.1972189997378648
68000, 1.0954451150103321
69000, 1.0954451150103321
70000, 1.0954451150103321
71000, 1.0954451150103321
72000, 1.0801234497346435
73000, 1.0645812948447542
74000, 1.0801234497346435
75000, 0.8755950357709131
76000, 1.0
77000, 1.0
78000, 0.983192080250175
79000, 0.9128709291752769
80000, 0.9128709291752769
81000, 0.9128709291752769
82000, 0.9128709291752769
83000, 0.9128709291752769
84000, 0.9128709291752769
85000, 0.8944271909999159
86000, 0.8944271909999159
87000, 0.9128709291752769
88000, 0.9128709291752769
89000, 0.9128709291752769
90000, 0.9309493362512627
91000, 0.9309493362512627
92000, 0.9660917830792959
93000, 0.9660917830792959
94000, 0.9660917830792959
95000, 0.9309493362512627
96000, 0.9309493362512627
97000, 0.9309493362512627
98000, 0.9309493362512627
99000, 0.9309493362512627
100000, 0.9309493362512627
