1, 39.64485194466346
2, 38.91235573145667
3, 38.19012587418002
4, 38.19012587418002
5, 37.35696530960267
6, 37.35658289665003
7, 36.45466852328872
8, 35.712342804294266
9, 35.71354284941698
10, 34.79819371338527
15, 34.790803382503256
20, 34.23532010741455
25, 33.22219567870682
30, 31.753514991032322
35, 30.932183886689927
40, 30.94649760935338
45, 30.20879720497704
50, 30.19176803605342
55, 29.216433731720237
60, 29.218389512673106
65, 29.21496681008359
70, 29.213988821404428
75, 28.66904752017907
80, 28.667054260945612
85, 28.657584386286693
90, 28.654593249350345
95, 27.305153882947238
100, 27.308815949642135
150, 25.224138099390885
200, 22.723807528040467
250, 21.076052761368768
300, 19.680301972131566
350, 18.63866948041088
400, 17.70230009268368
450, 17.36252121257575
500, 16.596901604129094
550, 16.59776232766677
600, 15.8772073830921
650, 14.007141035914502
700, 14.004081037836283
750, 13.907860059281996
800, 13.991834353344402
850, 13.995917772183226
900, 13.994897029172558
950, 13.98979219696582
1000, 13.990813312415298
1250, 12.101947895158979
1500, 12.174915664125622
1750, 12.134955412243709
2000, 12.240448171066753
2250, 11.193110125685099
2500, 10.08959860450355
2750, 8.952254305081885
3000, 8.931485238829461
3250, 8.747244464074713
3500, 8.753774696013796
3750, 8.021399949064822
4000, 8.007139671211295
4250, 8.007139671211295
4500, 7.976751934752103
4750, 7.8212165659460275
5000, 7.716401826165946
5250, 7.893939809390854
5500, 7.875821952569233
5750, 8.289408043659433
6000, 8.23234040667832
6250, 8.16788134795589
6500, 8.209750300709517
6750, 8.160882305241266
7000, 8.122279764415197
7250, 8.129312042584802
7500, 8.024961059095553
7750, 7.987490219086343
8000, 8.11348084539376
8250, 8.11348084539376
8500, 8.087026647662292
8750, 8.021399949064822
9000, 8.021399949064822
9250, 7.9857015077843085
9500, 7.9498427657407165
9750, 7.901175319442762
10000, 7.901175319442762
11000, 8.125796664239846
12000, 7.919235172305828
13000, 7.915626498082313
14000, 7.883074092183654
15000, 7.666252576808866
16000, 7.729350370041272
17000, 7.301663215616406
18000, 7.362064927722384
19000, 7.309485031694876
20000, 7.248645193610813
21000, 7.175354645292056
22000, 6.936446187658758
23000, 6.786541302986585
24000, 6.360592964271716
25000, 6.360592964271716
26000, 6.40981390414061
27000, 6.507138936802959
28000, 6.518106648844761
29000, 6.727342926976657
30000, 6.418722614352485
31000, 6.550899611067606
32000, 6.594369893000717
33000, 6.6138383063737765
34000, 6.648308055437865
35000, 6.559616713541382
36000, 6.526867548832288
37000, 6.511528238439882
38000, 6.369570517030843
39000, 6.378535434228949
40000, 6.2427100342262065
41000, 6.2472851246418575
42000, 6.258708219067939
43000, 6.145846448734996
44000, 6.06630035524124
45000, 5.959386353835915
46000, 5.9904686198756005
47000, 5.923319532636602
48000, 6.082762530298219
49000, 6.078063601415926
50000, 5.588252985376685
51000, 5.590808783811413
52000, 5.5523482805540425
53000, 5.61630280013971
54000, 5.363900499769601
55000, 5.310367218940701
56000, 5.572893580281509
57000, 5.339876938121862
58000, 5.611213263253704
59000, 5.664425327049011
60000, 5.361236531142526
61000, 5.264435935053794
62000, 5.1685864328930125
63000, 5.163055573702733
64000, 5.379856609878849
65000, 5.034168962485977
66000, 4.884377427793931
67000, 4.484895284651104
68000, 4.626013402488151
69000, 4.69041575982343
70000, 4.616739727804212
71000, 4.58257569495584
72000, 4.478520163753074
73000, 4.6012420683363935
74000, 4.566962103755937
75000, 4.665986344968079
76000, 4.607447387499008
77000, 4.913538149119954
78000, 4.884377427793931
79000, 4.956957592256421
80000, 5.068107564536716
81000, 4.898979485566356
82000, 5.149202434774313
83000, 5.138093031466052
84000, 5.11300861947808
85000, 4.925154094761184
86000, 5.008564094200481
87000, 5.0142653642240695
88000, 5.135311925426592
89000, 5.135311925426592
90000, 4.898979485566356
91000, 5.037005913380345
92000, 5.185143612834103
93000, 5.154748157905347
94000, 4.878524367060187
95000, 4.9856938190329
96000, 4.9856938190329
97000, 4.925154094761184
98000, 5.104619756371953
99000, 5.011415539973283
100000, 5.008564094200481
