1, 34.33171517222329
2, 33.952908564657605
3, 33.1235062556286
4, 32.24386246507491
5, 31.518248682311015
6, 30.687673964204805
7, 30.658332200779174
8, 30.622976123601486
9, 30.60991124891849
10, 30.60991124891849
15, 28.664147176103693
20, 27.156337504653802
25, 25.50228747910012
30, 24.760856204905355
35, 23.27158496249593
40, 21.372100193164606
45, 20.834266645760938
50, 19.209372712298546
55, 18.806027402582043
60, 18.76166303929372
65, 17.48618502323096
70, 17.471882172984873
75, 17.255916859635903
80, 17.405937684211864
85, 16.55395219678169
90, 15.497311594811103
95, 15.429409148333148
100, 15.426168243172595
150, 12.385475364312828
200, 9.698797176282566
250, 8.820430828479978
300, 8.561541917201597
350, 8.225975119502044
400, 8.0601902376226
450, 7.773887916180251
500, 7.291547618075786
550, 6.371812928829597
600, 6.231639698613306
650, 6.0635523141692005
700, 5.890670590009257
750, 5.552777082985894
800, 5.173651192984184
850, 5.269408568963567
900, 5.674504383644443
950, 5.591660457025862
1000, 5.573747990954262
1250, 5.128352561983234
1500, 5.180090089306685
1750, 4.919349550499537
2000, 4.61519230368573
2250, 4.332051092342595
2500, 4.167333280008532
2750, 3.665151201974256
3000, 3.4009802508492557
3250, 3.3960761671866746
3500, 3.235222815613581
3750, 3.3763886032268267
4000, 3.3115957885386114
4250, 3.2093613071762426
4500, 3.1091263510296048
4750, 3.255764119219941
5000, 2.9944392908634274
5250, 3.151719107619417
5500, 3.0441200151549
5750, 3.146426544510455
6000, 2.7688746209726918
6250, 2.581988897471611
6500, 2.54296414970142
6750, 2.5298221281347035
7000, 2.689485700525908
7250, 2.7325202042558927
7500, 2.496664441476534
7750, 2.456284456925405
8000, 2.442676128074835
8250, 2.4358434541926814
8500, 2.7507574714370344
8750, 2.6583202716502514
9000, 2.652043237455478
9250, 2.496664441476534
9500, 2.442676128074835
9750, 2.503331114069145
10000, 2.4765567494675613
11000, 2.1756225162774294
12000, 1.798147194568157
13000, 1.8439088914585775
14000, 1.983263304085802
15000, 2.065591117977289
16000, 1.9916492328386208
17000, 2.041241452319315
18000, 2.0248456731316584
19000, 2.23606797749979
20000, 2.065591117977289
21000, 2.243509156061845
22000, 2.065591117977289
23000, 2.16794833886788
24000, 2.183269719175042
25000, 2.0976176963403033
26000, 1.96638416050035
27000, 1.7701224063135672
28000, 1.7511900715418263
29000, 1.6431676725154984
30000, 1.70293863659264
31000, 1.6832508230603465
32000, 1.5811388300841898
33000, 1.70293863659264
34000, 1.5811388300841898
35000, 1.6832508230603465
36000, 1.6733200530681511
37000, 1.632993161855452
38000, 1.6431676725154984
39000, 1.66332999331662
40000, 1.7126976771553504
41000, 1.7701224063135672
42000, 1.834847859269718
43000, 1.7888543819998317
44000, 1.7795130420052185
45000, 1.6532795690182993
46000, 1.51657508881031
47000, 1.559914527573012
48000, 1.5383974345619102
49000, 1.5491933384829668
50000, 1.505545305418162
51000, 1.6733200530681511
52000, 1.7320508075688772
53000, 1.66332999331662
54000, 1.51657508881031
55000, 1.632993161855452
56000, 1.570562531918633
57000, 1.559914527573012
58000, 1.622754859285078
59000, 1.51657508881031
60000, 1.5491933384829668
61000, 1.632993161855452
62000, 1.622754859285078
63000, 1.6431676725154984
64000, 1.6931233465600393
65000, 1.7126976771553504
66000, 1.6733200530681511
67000, 1.61245154965971
68000, 1.51657508881031
69000, 1.6532795690182993
70000, 1.5811388300841898
71000, 1.5383974345619102
72000, 1.2780193008453875
73000, 1.2909944487358056
74000, 1.4142135623730951
75000, 1.4023789311975086
76000, 1.4375905768565218
77000, 1.4832396974191326
78000, 1.5383974345619102
79000, 1.505545305418162
80000, 1.4259499757471625
81000, 1.3662601021279464
82000, 1.2909944487358056
83000, 1.2909944487358056
84000, 1.3662601021279464
85000, 1.3165611772087666
86000, 1.4259499757471625
87000, 1.3416407864998738
88000, 1.4023789311975086
89000, 1.35400640077266
90000, 1.378404875209022
91000, 1.2649110640673518
92000, 1.2649110640673518
93000, 1.35400640077266
94000, 1.224744871391589
95000, 1.1690451944500122
96000, 1.2516655570345725
97000, 1.2110601416389966
98000, 1.224744871391589
99000, 1.2110601416389966
100000, 1.2110601416389966
