1, 80.56115689338132
2, 79.87525989226666
3, 79.44449994448055
4, 79.17304736191116
5, 78.37911529409932
6, 77.7370108580389
7, 76.91767398607794
8, 76.90142112749653
9, 76.59121546048401
10, 75.90407480121586
15, 73.94959673414627
20, 71.5555728088316
25, 69.57113522965437
30, 66.08209180362601
35, 63.91635158549023
40, 63.69637800871076
45, 61.606701861775676
50, 59.26104478130156
55, 57.76417574933446
60, 55.31158493996921
65, 53.417091967699946
70, 52.60486126368388
75, 51.046617349802354
80, 50.521282644050125
85, 49.83300684715474
90, 49.27372524987329
95, 49.32125012898309
100, 48.83456036163616
150, 41.68161636569703
200, 36.2851799735689
250, 32.910050570782
300, 28.533689361374716
350, 27.712555174247544
400, 26.273288988737484
450, 25.37715508089904
500, 24.34807120550972
550, 22.590136912251896
600, 21.35214944014503
650, 20.64945519862449
700, 19.796825142286973
750, 19.22646984906857
800, 19.06605060609789
850, 17.948338562186116
900, 16.66647618938774
950, 16.110333861930272
1000, 15.90058399646288
1250, 15.044220532436084
1500, 14.595987706998699
1750, 14.059567154483405
2000, 13.383892237632946
2250, 13.096891670490805
2500, 12.091909928306848
2750, 11.379806676741042
3000, 11.089892437968652
3250, 10.749750827677024
3500, 10.635520002063167
3750, 9.986419349725477
4000, 9.937662846823837
4250, 9.588683806594998
4500, 9.133924207511875
4750, 8.715339514737384
5000, 8.566546228540082
5250, 8.30404376536774
5500, 8.16788134795589
5750, 8.123159132118136
6000, 7.48426921711704
6250, 7.025463889106744
6500, 7.067026046567053
6750, 6.975467214254746
7000, 7.107340270050796
7250, 7.11637949682682
7500, 7.010196655077313
7750, 6.865025231459199
8000, 6.424284284761111
8250, 6.3897238929840645
8500, 6.203685540524623
8750, 5.956988692763676
9000, 5.89915248150105
9250, 5.884604611065337
9500, 5.906412979610746
9750, 5.9521904731427595
10000, 5.9497899122574065
11000, 5.5278515588918316
12000, 5.469395370083033
13000, 5.196152422706632
14000, 4.69498212380592
15000, 4.518217094638738
16000, 4.414262598182655
17000, 4.417497675640103
18000, 4.166190448976482
19000, 4.0708019567928595
20000, 4.039094665180022
21000, 3.927922024247863
22000, 3.865599195837192
23000, 3.7263540204487127
24000, 3.7777544350352597
25000, 3.5496478698597698
26000, 3.4454939517329835
27000, 3.1236425623209287
28000, 3.102993945945017
29000, 3.056608765095256
30000, 2.939873661036668
31000, 2.8735244660769563
32000, 2.893342111024649
33000, 2.9130249373656736
34000, 2.961659766318301
35000, 3.004758131459407
36000, 2.9640705601780613
37000, 2.973694191213539
38000, 2.9760952365713798
39000, 2.84855853271189
40000, 2.843539042410757
41000, 2.856071227603201
42000, 2.7464262493023806
43000, 2.7386127875258306
44000, 2.715037489875337
45000, 2.3964259101539405
46000, 2.305273457593635
47000, 2.220038609702865
48000, 2.1810875399999095
49000, 2.177810171446801
50000, 2.18435999126256
51000, 2.239260081876537
52000, 2.220038609702865
53000, 2.220038609702865
54000, 2.1745278633697542
55000, 2.083952289006911
56000, 2.0598196869767857
57000, 2.0770858707058104
58000, 2.0770858707058104
59000, 2.073644135332772
60000, 2.1514114968019085
61000, 2.042407542932745
62000, 2.0213149892370277
63000, 1.9675946156229873
64000, 2.007130147392398
65000, 2.073644135332772
66000, 2.1111946516469904
67000, 2.0632844828435215
68000, 2.0770858707058104
69000, 2.080521912542963
70000, 2.083952289006911
71000, 2.073644135332772
72000, 1.985662897587892
73000, 1.8400310556385415
74000, 1.8361450300639575
75000, 1.8126539343499315
76000, 1.8007934759036481
77000, 1.8007934759036481
78000, 1.780850519113991
79000, 1.8007934759036481
80000, 1.7968225924034427
81000, 1.6903085094570331
82000, 1.7071279138616748
83000, 1.6212869667555552
84000, 1.6168752933623898
85000, 1.6388149028228556
86000, 1.61245154965971
87000, 1.6344505411386945
88000, 1.6344505411386945
89000, 1.6344505411386945
90000, 1.6212869667555552
91000, 1.6212869667555552
92000, 1.5991068935949395
93000, 1.6300744943538186
94000, 1.6080156360291669
95000, 1.590148241067929
96000, 1.6080156360291669
97000, 1.558387444947959
98000, 1.6080156360291669
99000, 1.6080156360291669
100000, 1.6431676725154984
