9.5524865872714
7.6583287994183165
8.648699324175862
7.310950690573696
6.074537019394976
7.280109889280518
6.6332495807108
6.434283176858165
4.695742752749559
5.692099788303083
5.157518783291051
5.079370039680118
4.954795656734998
4.636809247747852
4.370354676682432
4.636809247747852
4.5934736311423405
4.043513323831146
4.427188724235731
4.03732584763727
3.6606010435446255
3.7416573867739413
3.6606010435446255
3.681032463861192
3.24037034920393
3.7349698793966195
3.7682887362833544
3.7416573867739413
3.427827300200522
3.0
3.1622776601683795
3.5846896657869842
3.3391615714128
3.3241540277189325
3.3391615714128
3.1543620591175006
2.701851217221259
2.7658633371878665
2.1330729007701543
2.32379000772445
2.29128784747792
2.5592967784139455
2.756809750418044
2.9068883707497264
2.7202941017470885
2.4289915602982237
2.4186773244895647
2.1563858652847827
2.2693611435820435
2.202271554554524
2.569046515733026
2.224859546128699
2.345207879911715
2.32379000772445
2.5099800796022267
2.692582403567252
2.179449471770337
2.1213203435596424
2.1095023109728985
2.0615528128088303
1.9493588689617927
1.8303005217723127
2.2135943621178655
2.1563858652847827
1.9493588689617927
2.0976176963403033
1.8841443681416772
1.816590212458495
2.073644135332772
2.247220505424423
2.1447610589527217
2.258317958127243
2.3979157616563596
2.6832815729997477
2.4289915602982237
2.1563858652847827
2.0
2.0248456731316584
2.2135943621178655
2.2135943621178655
2.1563858652847827
1.9748417658131499
1.8027756377319946
1.9235384061671346
1.8708286933869707
1.9493588689617927
1.9493588689617927
1.9493588689617927
1.9493588689617927
1.760681686165901
2.04939015319192
2.1447610589527217
2.073644135332772
2.280350850198276
1.9364916731037085
1.9748417658131499
1.8841443681416772
1.9364916731037085
1.9748417658131499
2.04939015319192
2.0248456731316584
1.9364916731037085
1.9235384061671346
1.760681686165901
1.9748417658131499
1.9493588689617927
1.8708286933869707
1.9235384061671346
1.8708286933869707
2.0
1.91049731745428
1.6733200530681511
1.6733200530681511
1.5811388300841898
1.4317821063276353
1.7888543819998317
1.7888543819998317
1.8708286933869707
1.760681686165901
1.8303005217723127
1.8027756377319946
1.7748239349298849
1.7320508075688772
1.5968719422671311
1.61245154965971
1.5652475842498528
1.6278820596099706
1.5652475842498528
1.4142135623730951
1.3038404810405297
1.5
1.3038404810405297
1.5491933384829668
1.6583123951777
1.6583123951777
1.5968719422671311
1.6278820596099706
1.5968719422671311
1.6583123951777
1.760681686165901
1.8841443681416772
1.9235384061671346
1.8708286933869707
1.8439088914585775
1.7175564037317668
1.8027756377319946
1.91049731745428
1.7748239349298849
1.760681686165901
1.760681686165901
1.9364916731037085
1.8439088914585775
1.9621416870348585
1.8973665961010275
2.085665361461421
2.04939015319192
1.9874606914351791
1.9364916731037085
1.760681686165901
1.6583123951777
1.6881943016134133
1.8973665961010275
1.61245154965971
1.6583123951777
1.70293863659264
1.7888543819998317
1.746424919657298
1.9364916731037085
1.857417562100671
1.8708286933869707
2.0615528128088303
1.6881943016134133
1.7175564037317668
1.6431676725154984
1.5811388300841898
1.5652475842498528
1.466287829861518
1.449137674618944
1.5
1.4317821063276353
1.2649110640673518
1.284523257866513
1.4317821063276353
1.4832396974191326
1.466287829861518
1.61245154965971
1.449137674618944
1.5329709716755893
1.5652475842498528
1.51657508881031
1.5968719422671311
1.7888543819998317
1.7320508075688772
1.760681686165901
1.70293863659264
1.746424919657298
1.5811388300841898
1.449137674618944
1.61245154965971
1.5491933384829668
1.6431676725154984
1.7175564037317668
1.7175564037317668
1.7320508075688772
1.5811388300841898
1.8027756377319946
1.760681686165901
1.7320508075688772
1.6431676725154984
1.6881943016134133
1.7888543819998317
1.7888543819998317
1.760681686165901
1.6431676725154984
1.7175564037317668
1.8708286933869707
1.9493588689617927
1.8973665961010275
1.91049731745428
1.816590212458495
1.857417562100671
1.7888543819998317
1.8708286933869707
1.8841443681416772
1.760681686165901
1.8027756377319946
1.9493588689617927
1.9748417658131499
1.9621416870348585
1.9493588689617927
1.9748417658131499
2.04939015319192
2.0248456731316584
2.179449471770337
1.8303005217723127
2.1095023109728985
2.179449471770337
2.1563858652847827
1.8027756377319946
2.1213203435596424
1.91049731745428
1.8439088914585775
1.7320508075688772
1.70293863659264
1.6431676725154984
1.7320508075688772
1.6431676725154984
1.51657508881031
1.449137674618944
1.4832396974191326
1.449137674618944
1.4142135623730951
1.4142135623730951
1.6278820596099706
1.6733200530681511
1.5491933384829668
1.396424004376894
1.4317821063276353
1.466287829861518
1.466287829861518
1.4317821063276353
1.6431676725154984
1.6733200530681511
1.6431676725154984
1.5329709716755893
1.466287829861518
1.5652475842498528
1.5491933384829668
1.5
1.449137674618944
1.3416407864998738
1.4142135623730951
1.4142135623730951
1.4832396974191326
1.4317821063276353
1.2449899597988732
1.3416407864998738
1.3601470508735443
1.2649110640673518
1.2041594578792296
1.378404875209022
1.5811388300841898
1.5
1.5
1.5
1.5
1.61245154965971
1.5652475842498528
1.5811388300841898
1.5491933384829668
1.5491933384829668
1.5968719422671311
1.5811388300841898
1.5329709716755893
1.5811388300841898
1.6583123951777
1.378404875209022
1.5
1.5652475842498528
1.6583123951777
1.7175564037317668
1.9235384061671346
1.8027756377319946
1.857417562100671
1.6733200530681511
1.6733200530681511
1.6881943016134133
1.70293863659264
1.7888543819998317
1.746424919657298
1.760681686165901
1.8303005217723127
1.70293863659264
1.816590212458495
1.7888543819998317
1.746424919657298
1.7320508075688772
1.70293863659264
1.8027756377319946
1.6431676725154984
1.7175564037317668
1.5968719422671311
1.6881943016134133
1.5491933384829668
1.5811388300841898
1.5811388300841898
1.5811388300841898
1.5811388300841898
1.5491933384829668
1.70293863659264
1.5491933384829668
1.5491933384829668
1.5811388300841898
1.6583123951777
1.6278820596099706
1.6583123951777
1.6733200530681511
1.5
1.5
1.5811388300841898
1.7748239349298849
1.6583123951777
1.70293863659264
1.3601470508735443
1.284523257866513
1.284523257866513
1.378404875209022
1.3601470508735443
1.3416407864998738
1.3038404810405297
1.284523257866513
1.3416407864998738
1.378404875209022
1.378404875209022
1.4142135623730951
1.4832396974191326
1.3601470508735443
1.4142135623730951
1.396424004376894
1.4832396974191326
1.396424004376894
1.2449899597988732
1.378404875209022
1.3416407864998738
1.378404875209022
1.4142135623730951
1.4317821063276353
1.4317821063276353
1.4317821063276353
1.5
1.4317821063276353
1.3038404810405297
1.284523257866513
1.2649110640673518
1.224744871391589
1.0723805294763609
1.0488088481701516
1.02469507659596
1.0488088481701516
1.118033988749895
1.0
1.0488088481701516
1.0488088481701516
0.9746794344808963
1.161895003862225
1.161895003862225
1.161895003862225
1.1832159566199232
1.140175425099138
1.140175425099138
1.161895003862225
1.118033988749895
0.9746794344808963
1.140175425099138
1.2449899597988732
1.2449899597988732
1.4142135623730951
1.5652475842498528
1.5329709716755893
1.61245154965971
