1, 16.901676445449624
2, 16.603212540549695
3, 15.750132274576828
4, 14.910846164230028
5, 14.861583585428125
6, 14.417581859197702
7, 14.417581859197702
8, 13.745302227791623
9, 13.76226725507102
10, 12.904779476354229
15, 11.15347479487895
20, 10.16202079640987
25, 10.253454702359265
30, 9.774115475751927
35, 9.66091783079296
40, 9.556847457887633
45, 8.66410218468519
50, 8.586811592979862
55, 8.644844320942589
60, 8.099382692526634
65, 7.211102550927978
70, 7.2203416354998975
75, 7.178672114906303
80, 7.197221686178632
85, 7.178672114906303
90, 7.238784428341543
95, 7.238784428341543
100, 7.174027227901123
150, 5.0990195135927845
200, 4.597100535482483
250, 3.63318042491699
300, 3.366501646120693
350, 2.74469184669852
400, 2.6708300832013507
450, 2.780887148615228
500, 2.6832815729997477
550, 2.6204325342711394
600, 2.780887148615228
650, 2.74469184669852
700, 2.988868236194653
750, 2.898275349237888
800, 2.54296414970142
850, 2.449489742783178
900, 2.4358434541926814
950, 2.3664319132398464
1000, 2.463060426921489
1250, 2.4765567494675613
1500, 2.016597794967223
1750, 1.6532795690182993
2000, 1.8439088914585775
2250, 1.632993161855452
2500, 1.632993161855452
2750, 1.2110601416389966
3000, 1.1547005383792515
3250, 1.2649110640673518
3500, 1.4375905768565218
3750, 1.7511900715418263
4000, 1.6532795690182993
4250, 1.3662601021279464
4500, 1.5275252316519468
4750, 1.5275252316519468
5000, 1.632993161855452
5250, 1.591644851508443
5500, 1.591644851508443
5750, 1.5275252316519468
6000, 1.591644851508443
6250, 1.4832396974191326
6500, 1.4142135623730951
6750, 1.4142135623730951
7000, 1.5275252316519468
7250, 1.5275252316519468
7500, 1.570562531918633
7750, 1.390443574307614
8000, 1.2382783747337807
8250, 1.2110601416389966
8500, 1.2909944487358056
8750, 1.2649110640673518
9000, 1.0327955589886444
9250, 1.0645812948447542
9500, 1.1547005383792515
9750, 0.9660917830792959
10000, 1.0
11000, 0.8944271909999159
12000, 0.816496580927726
13000, 0.6831300510639732
14000, 0.816496580927726
15000, 0.6831300510639732
16000, 0.8944271909999159
17000, 0.8563488385776752
18000, 0.7745966692414834
19000, 0.6324555320336759
20000, 0.7302967433402214
21000, 0.6831300510639732
22000, 0.7302967433402214
23000, 0.7302967433402214
24000, 0.7302967433402214
25000, 0.6831300510639732
26000, 0.6831300510639732
27000, 0.6324555320336759
28000, 0.5773502691896257
29000, 0.5773502691896257
30000, 0.4472135954999579
31000, 0.4472135954999579
32000, 0.4472135954999579
33000, 0.4472135954999579
34000, 0.4472135954999579
35000, 0.4472135954999579
36000, 0.4472135954999579
37000, 0.4472135954999579
38000, 0.4472135954999579
39000, 0.4472135954999579
40000, 0.4472135954999579
41000, 0.4472135954999579
42000, 0.3651483716701107
43000, 0.4472135954999579
44000, 0.3651483716701107
45000, 0.3651483716701107
46000, 0.3651483716701107
47000, 0.3651483716701107
48000, 0.3651483716701107
49000, 0.2581988897471611
50000, 0.2581988897471611
51000, 0.2581988897471611
52000, 0.5163977794943222
53000, 0.2581988897471611
54000, 0.2581988897471611
55000, 0.2581988897471611
56000, 0.2581988897471611
57000, 0.2581988897471611
58000, 0.2581988897471611
59000, 0.2581988897471611
60000, 0.2581988897471611
61000, 0.2581988897471611
62000, 0.2581988897471611
63000, 0.2581988897471611
64000, 0.2581988897471611
65000, 0.2581988897471611
66000, 0.2581988897471611
67000, 0.2581988897471611
68000, 0.2581988897471611
69000, 0.2581988897471611
70000, 0.2581988897471611
71000, 0.2581988897471611
72000, 0.2581988897471611
73000, 0.2581988897471611
74000, 0.2581988897471611
75000, 0.2581988897471611
76000, 0.2581988897471611
77000, 0.2581988897471611
78000, 0.2581988897471611
79000, 0.2581988897471611
80000, 0.2581988897471611
81000, 0.2581988897471611
82000, 0.2581988897471611
83000, 0.2581988897471611
84000, 0.2581988897471611
85000, 0.2581988897471611
86000, 0.2581988897471611
87000, 0.2581988897471611
88000, 0.2581988897471611
89000, 0.2581988897471611
90000, 0.2581988897471611
91000, 0.2581988897471611
92000, 0.2581988897471611
93000, 0.2581988897471611
94000, 0.2581988897471611
95000, 0.2581988897471611
96000, 0.2581988897471611
97000, 0.2581988897471611
98000, 0.2581988897471611
99000, 0.2581988897471611
100000, 0.2581988897471611
