18.32562608558222
17.457703989111184
16.58226246841572
14.637525161622879
14.150214536485707
13.005493344846904
12.788387589639951
12.188988004400882
12.347353678304628
12.15024985045869
12.329986675928382
12.808479334298152
11.913977385527351
11.35907440897239
11.379178981179367
11.645968033125088
11.381689555723137
10.624768905049855
9.984273347906411
9.236573266871526
9.461198957546856
9.542386643662207
9.041175650481366
9.593152319679461
8.849535903892685
8.249675318286343
8.017837257372731
8.153877254761337
8.424454200209565
7.354299034286972
7.1614044911395895
7.107340270050796
6.585698791428938
7.2031739036145925
6.712461758337462
6.714589658773966
6.587867636800241
6.169047159581685
6.108542028527406
6.356099432828281
6.068654828590223
6.265552079198038
6.063944967711083
5.779273310719955
6.173676839152314
6.445374864416898
6.4209478606021575
6.1620961183211485
6.164414002968976
6.07100838882165
6.295122828712036
6.263271623406687
6.217486860230816
6.199078272499181
6.110880226518692
5.966573556070519
6.026133562599298
5.930550444219202
6.226670745384613
6.2105900340811875
6.301927142889365
6.178303049497376
5.94017796751194
5.5446241660600535
5.5703295619354005
5.884604611065337
5.717142143214063
5.860277906623298
5.6593790674040765
5.310367218940701
5.369224471799575
5.237229365663817
5.138093031466052
5.649273025291459
5.562630415806639
5.385164807134504
5.223572942509206
5.185143612834103
5.0709255283711
5.146427332209625
5.065288032989127
5.093413113311853
5.0426750270636544
4.887301329539063
4.607447387499008
4.738896797477537
4.98855833740714
4.887301329539063
5.218100365896714
5.0878005351737485
4.68736904578982
4.681269669041265
4.6012420683363935
4.391550328268399
4.58257569495584
4.302822993603817
4.38829612231705
4.768947173418589
4.813671007809796
4.795831523312719
4.795831523312719
4.783901575671711
4.585692033768887
4.423960733486292
4.452928410447605
4.202040320742158
4.053217416888888
4.198639235344165
4.212227100104783
4.329302154257328
4.5197977198732495
4.717747646615157
4.768947173418589
4.607447387499008
4.554432691659538
4.272837799067834
4.140393356054125
4.18500725379129
4.09878030638384
4.225771273642583
4.262795863213317
4.130029401486491
4.21561722306812
4.272837799067834
4.077814540727843
4.049691346263317
4.063777271736939
4.171330722922842
4.174754056057845
3.8913824205360674
3.775863193647627
3.8247315498700596
3.835920452027872
3.6955571781725767
3.8987177379235853
3.6606010435446255
3.5173041624841845
3.5456210417116734
3.3466401061363023
3.3509060608395793
3.3252282413607124
3.0798886807341406
3.0659419433511785
3.093772546815388
3.0983866769659336
3.1213550171131033
3.22490309931942
3.3974780562730853
3.22490309931942
2.937443008565686
3.320929301953209
3.3763886032268267
3.2732683535398857
3.3123146848433
3.320929301953209
3.4475664294853385
3.3974780562730853
3.2732683535398857
3.541589635016618
3.5132402626147194
3.4723396805529925
3.676178139628943
3.6292462814513664
3.4142558277233497
3.3636714634883287
3.2204702407301595
3.3423687066852112
3.430951554806417
3.3423687066852112
3.2160312720583337
2.951996902824546
3.075246796135695
3.0659419433511785
3.1350552512789034
3.1259284335103663
2.9760952365713798
2.932575659723036
3.1441555759399513
3.1304951684997055
3.3338094898007764
3.238165265349236
3.3380918415851206
3.3551665915633544
3.468223093829379
3.1847852585154217
3.1396087108337016
3.056608765095256
3.1892677171144745
3.1892677171144745
3.260148988707637
3.3974780562730853
3.2906794782493525
3.255764119219941
2.9952343099378003
3.0798886807341406
2.9760952365713798
3.1712998686883673
3.202677451312083
3.2293298729878046
3.198213787189879
3.1577568892219317
3.0798886807341406
3.056608765095256
3.04255531702266
3.1213550171131033
3.2337505867247796
3.303677604471374
3.389058023361991
3.1847852585154217
3.148695875165735
2.951996902824546
2.9081167199998794
2.81830749615033
2.7979584393931636
3.1075943842694236
3.1532296368734616
3.0659419433511785
3.0612789110808856
3.0378563870880115
2.937443008565686
2.888400447108597
2.6779523094014523
2.7774602993176543
2.833473385894321
2.6295029405356662
2.585674822114004
2.6021968740717085
2.596701204000403
2.5801439605461662
2.7097706808616007
2.596701204000403
2.524168887263404
2.5579009251449016
2.5634797778466227
2.699206232527312
2.767154288640743
2.9277002188455996
2.8685486624025445
2.951996902824546
3.089151524748688
2.980891525318271
3.2337505867247796
3.1847852585154217
3.166791977470486
3.116774889895918
2.903200204700225
2.8535691936340255
2.6403462976338106
2.7360033416855116
2.878491668515698
2.808151400069855
2.7774602993176543
2.767154288640743
2.6457513110645907
2.7516228977511745
2.8635642126552705
2.9471535904520287
2.8735244660769563
3.0142518616920992
2.8030595529069404
2.903200204700225
2.990461025135948
3.1532296368734616
2.922816645439317
2.937443008565686
2.8535691936340255
2.699206232527312
2.8685486624025445
2.7877282097486784
2.9130249373656736
2.9423023055326687
3.0612789110808856
2.8030595529069404
2.792848008753788
2.7255405754769875
2.6886002731107927
2.7723120830300267
2.7825989906663056
2.7723120830300267
2.808151400069855
2.656528346760647
2.7255405754769875
2.667261838343906
2.704493615131253
2.767154288640743
2.8132340311971404
2.9130249373656736
2.9277002188455996
3.0142518616920992
2.971291205616075
2.951996902824546
2.893342111024649
2.8735244660769563
3.0
2.7877282097486784
2.7723120830300267
2.8030595529069404
2.7516228977511745
2.937443008565686
2.84855853271189
2.756809750418044
2.7097706808616007
2.7774602993176543
2.7464262493023806
2.7360033416855116
2.8585710716070314
2.808151400069855
2.715037489875337
2.699206232527312
2.699206232527312
2.7774602993176543
2.917924898671265
2.9471535904520287
2.9760952365713798
2.8535691936340255
2.9760952365713798
2.951996902824546
2.699206232527312
2.7202941017470885
2.704493615131253
2.8385106758902383
2.767154288640743
2.767154288640743
2.8385106758902383
2.9568322818274866
3.1075943842694236
3.0798886807341406
3.0237157840738176
3.093772546815388
3.2645279685036943
3.286335345030997
3.2469766156929962
3.028436654683167
2.9760952365713798
3.1304951684997055
3.1350552512789034
3.0659419433511785
3.1622776601683795
3.1259284335103663
3.1121880222303866
3.2160312720583337
3.22490309931942
3.093772546815388
2.922816645439317
2.9856801091687157
2.8585710716070314
2.699206232527312
2.6779523094014523
2.7825989906663056
2.8233718443429607
2.7360033416855116
2.7202941017470885
2.8685486624025445
2.8284271247461903
2.792848008753788
2.8635642126552705
2.741219749360805
2.7619868624907378
2.8834503141697647
2.8685486624025445
2.893342111024649
2.932575659723036
3.0189875313233268
3.051931472737505
3.1259284335103663
3.3252282413607124
3.430951554806417
3.4267852490135913
3.3848401523768974
3.389058023361991
3.488757453797637
3.553670135025398
3.63318042491699
3.4226138716316967
3.3380918415851206
3.238165265349236
3.299350585450762
3.281985461794213
3.1396087108337016
3.22490309931942
3.307998963551401
3.277629805645711
3.1622776601683795
3.0472470011002204
2.9952343099378003
2.7877282097486784
2.971291205616075
3.051931472737505
2.9664793948382653
3.0983866769659336
3.102993945945017
3.1259284335103663
3.0798886807341406
3.0659419433511785
3.0983866769659336
3.0237157840738176
2.898275349237888
2.8685486624025445
2.9081167199998794
3.056608765095256
