1, 39.59689742535753
2, 38.71655238488351
3, 37.893459669371516
4, 37.8915746383207
5, 37.10102039413086
6, 37.1002502879505
7, 36.39269942486503
8, 35.465878974425145
9, 35.46426773125713
10, 35.46426773125713
15, 33.779114426351846
20, 32.91721217148951
25, 32.90592651787821
30, 32.9124379441659
35, 32.90679478249352
40, 32.202484376209235
45, 32.202484376209235
50, 32.20159712099475
55, 31.40518610493678
60, 31.4047312177185
65, 31.4047312177185
70, 31.40427632391123
75, 31.40427632391123
80, 31.4047312177185
85, 31.40427632391123
90, 31.40427632391123
95, 31.40427632391123
100, 30.797495259934927
150, 29.915118012708653
200, 29.086570293325604
250, 29.085587987376645
300, 28.95957773962084
350, 28.246365126457295
400, 28.246365126457295
450, 28.25091654644652
500, 27.6038299620076
550, 27.6038299620076
600, 26.737881099935457
650, 26.739483914241877
700, 26.028555747211836
750, 26.033494908345617
800, 26.062562093108628
850, 26.062562093108628
900, 26.01702739141646
950, 26.01702739141646
1000, 26.01702739141646
1250, 25.109474591988466
1500, 25.06562814464689
1750, 25.085567848580073
2000, 24.27815008250364
2250, 24.29050372941186
2500, 24.156040356695172
2750, 23.636533465923346
3000, 23.23175167124265
3250, 23.232366585065265
3500, 23.314618344966075
3750, 23.345235059857504
4000, 22.4091817916547
4250, 22.30118510624171
4500, 22.863570524807738
4750, 22.863570524807738
5000, 22.863570524807738
5250, 22.70179351001653
5500, 22.812903616781696
5750, 22.323594180661345
6000, 22.129489052264304
6250, 22.036981903803692
6500, 22.036981903803692
6750, 22.061602065903685
7000, 21.736079288987305
7250, 21.60952171084378
7500, 21.241468875762806
7750, 20.765355763867856
8000, 20.411481362913655
8250, 20.532204669041963
8500, 20.186983076088556
8750, 20.143059776083106
9000, 20.135966399881156
9250, 20.268201696253172
9500, 20.140222725396345
9750, 19.711490485066246
10000, 19.570385790780925
11000, 19.842954849085785
12000, 19.68828513173688
13000, 19.21309077537649
14000, 18.883099019266634
15000, 18.75633226406485
16000, 18.913336186783276
17000, 19.152769288762695
18000, 19.336124593250695
19000, 19.715113854241732
20000, 19.453240640792256
21000, 19.13037972888747
22000, 18.855844111119957
23000, 18.964628729746934
24000, 18.544926144751447
25000, 18.985708911103185
26000, 19.05630754219865
27000, 18.831584410998758
28000, 18.62716909708581
29000, 18.46695891121685
30000, 18.329523413646864
31000, 18.477012745571184
32000, 18.61642899622343
33000, 18.902758679999216
34000, 18.45225499188959
35000, 18.51408730052412
36000, 18.662414481671824
37000, 18.510228832420506
38000, 18.251418731547574
39000, 18.194190595587685
40000, 18.05547008526779
41000, 17.97458523264763
42000, 18.102880591615406
43000, 18.377004263869715
44000, 18.191049604524906
45000, 18.17769433752728
46000, 18.348997637084004
47000, 18.12417485806497
48000, 17.984119979264246
49000, 17.864569884071017
50000, 18.01903755159288
51000, 17.918864759959384
52000, 18.042014458321603
53000, 18.01269393669761
54000, 17.97220075561143
55000, 18.11392518793996
56000, 18.169833712581333
57000, 17.872564769181043
58000, 17.439692002522783
59000, 17.351821641709964
60000, 17.390473582642063
61000, 17.461795031275727
62000, 17.432318098454786
63000, 17.323806905939747
64000, 17.37568087052377
65000, 17.261021323863115
66000, 17.43149858322981
67000, 17.360875553957523
68000, 17.336995950032076
69000, 17.185542096275494
70000, 16.734907913016517
71000, 16.600344230510057
72000, 16.462945405624456
73000, 16.872632109001675
74000, 16.93095221353905
75000, 16.645033579333592
76000, 17.07462612014849
77000, 17.140595088852663
78000, 17.034418938473614
79000, 17.291616465790582
80000, 17.349351572897472
81000, 17.508365347537648
82000, 17.439692002522783
83000, 17.44788157423621
84000, 17.651386024089682
85000, 17.7635260335007
86000, 18.003967816646895
87000, 17.815723392554116
88000, 17.930819437892005
89000, 17.688575812815294
90000, 17.574331932029246
91000, 17.46343117979478
92000, 17.36252121257575
93000, 17.547486592509074
94000, 17.189697911415262
95000, 16.93095221353905
96000, 17.072115945516035
97000, 17.181385275931625
98000, 17.057047140195664
99000, 17.116408167937237
100000, 17.460976899524102
