1, 57.110419364595806
2, 56.511768685823306
3, 55.6693811713405
4, 54.84888330677298
5, 53.99851849819586
6, 53.08163524233216
7, 52.312331242260655
8, 52.305066676183486
9, 51.48727998253549
10, 50.969010192468915
15, 47.792049548015825
20, 45.57609022283504
25, 45.01999555752977
30, 43.215043676941946
35, 42.18340906090924
40, 41.10158147808914
45, 40.214673938750266
50, 39.319206502675
55, 38.55048637825469
60, 38.53647622707608
65, 37.71047599805656
70, 36.893359836154794
75, 36.898780467652315
80, 36.33703345073728
85, 36.28029768345348
90, 35.63144678510823
95, 34.956830519942734
100, 34.973132544855055
150, 32.39783943413511
200, 29.704545106767753
250, 28.394365638274085
300, 28.330548882787287
350, 26.005384057921543
400, 23.720876880924955
450, 23.253816890996628
500, 22.58760722166029
550, 22.412050330123748
600, 22.425431991379785
650, 22.41740395317888
700, 22.04858272089161
750, 21.975440837443966
800, 21.981355736168776
850, 21.524869337582516
900, 21.496511344867102
950, 21.48720549536398
1000, 21.31243768319335
1250, 20.871032557111302
1500, 20.862885706440515
1750, 19.871587757398753
2000, 19.006840873748587
2250, 18.8435665413955
2500, 17.54821928287882
2750, 17.506570195215282
3000, 16.071092059969043
3250, 15.945532289641509
3500, 15.431785379534022
3750, 13.654303350958628
4000, 13.749181793837769
4250, 13.875157656761958
4500, 14.211263138792413
4750, 14.20352069030774
5000, 14.204224723651762
5250, 13.410443691392167
5500, 13.389548162652838
5750, 12.819516371532899
6000, 12.63487237766967
6250, 12.745979758339491
6500, 12.779671357276758
6750, 12.835887191776033
7000, 13.140015220691337
7250, 13.149144458861192
7500, 12.999230746471115
7750, 13.26046756340062
8000, 13.213629327327144
8250, 13.163586137523467
8500, 13.019984639007836
8750, 12.989226304903614
9000, 12.997692102831179
9250, 12.449096352747857
9500, 12.444275792507977
9750, 11.821167455035903
10000, 11.969126952288542
11000, 12.119405926034494
12000, 11.67390251800999
13000, 11.604309544302927
14000, 11.321660655575224
15000, 11.035397591387452
16000, 10.774970997640782
17000, 11.063453348751466
18000, 11.252555265360842
19000, 10.781465577554844
20000, 10.952625256074453
21000, 10.817578287213825
22000, 10.826818553942797
23000, 10.895870777500988
24000, 10.807404868885037
25000, 10.726602444390302
26000, 10.784247771634329
27000, 10.860018416190647
28000, 10.45083728703112
29000, 10.277159140540736
30000, 10.04290794541103
31000, 9.942836617384398
32000, 10.10940156488009
33000, 9.91866926558195
34000, 9.776502442080194
35000, 9.962931295557548
36000, 9.826494797230598
37000, 9.332738076256078
38000, 9.457272334029511
39000, 9.431860898041277
40000, 8.938679992034618
41000, 9.241212041718338
42000, 9.414881836751857
43000, 9.182592226599196
44000, 9.140021881811881
45000, 8.969949832635631
46000, 8.89719056781409
47000, 8.965489389877163
48000, 8.921883209278185
49000, 8.978864070694021
50000, 8.635971282953644
51000, 8.438009243891594
52000, 8.361817984146748
53000, 8.433267456923206
54000, 8.15965685553014
55000, 8.321057625085889
56000, 8.364209466530593
57000, 8.090735442467514
58000, 7.734339015067803
59000, 7.5657121277510955
60000, 7.739509028355739
61000, 7.567033764957046
62000, 7.353910524340094
63000, 7.757576941287788
64000, 8.266801074176154
65000, 8.16945530620004
66000, 8.154753215150045
67000, 8.28854631404084
68000, 8.432081593533118
69000, 8.453401682163221
70000, 8.220705565825844
71000, 8.726969691708572
72000, 8.391662528962899
73000, 8.096912991998865
74000, 8.057294831393476
75000, 8.080841540334768
76000, 8.079603950689663
77000, 7.919595949289333
78000, 7.785884663928692
79000, 7.752418977325722
80000, 7.703246069028303
81000, 7.846018098373213
82000, 8.051086883148137
83000, 8.026207074328447
84000, 8.072174428244226
85000, 8.091971329657564
86000, 8.12526922630875
87000, 8.002499609497024
88000, 7.984985911070852
89000, 7.842193570679061
90000, 7.8179281142768255
91000, 7.794870107962031
92000, 7.808969202141855
93000, 7.976214641043708
94000, 8.104319835741924
95000, 8.187795796183488
96000, 7.952358140828418
97000, 7.896834808959853
98000, 7.889233169326408
99000, 7.757576941287788
100000, 7.708436936240706
