1, 45.809933420602135
2, 45.05246941067715
3, 44.913249715423625
4, 44.36327309836369
5, 43.752428504027066
6, 43.80896027070261
7, 43.17001274032705
8, 43.18796128552493
9, 42.45850915894245
10, 42.41579894331828
15, 41.65903263399187
20, 40.89193074434124
25, 39.38781537480849
30, 38.90404863250097
35, 37.81699353465317
40, 36.5301245549478
45, 36.32423433466974
50, 36.16628264005025
55, 35.58932424196897
60, 34.35476677260377
65, 32.28428410233066
70, 31.734051112330427
75, 30.632499081857492
80, 30.48278202526797
85, 28.74978260787375
90, 28.42929826780816
95, 28.682747427678542
100, 27.588040887312026
150, 23.885141824992374
200, 19.1983072170439
250, 16.97866308046661
300, 15.807434959537236
350, 13.901438774457844
400, 12.852042639207202
450, 12.514991010783827
500, 12.373358476985947
550, 11.9153262649413
600, 11.947803145348521
650, 10.848963084092414
700, 11.299336263692659
750, 11.074746046749786
800, 10.91329464460664
850, 10.847810839058727
900, 10.27253620095836
950, 10.363397126425292
1000, 10.21028892833107
1250, 9.30859817588019
1500, 9.189668111526117
1750, 8.154753215150045
2000, 7.929375763576853
2250, 7.894618420164461
2500, 7.617414259445261
2750, 7.974960814950754
3000, 7.474958193863027
3250, 7.060453243241541
3500, 7.113367697511496
3750, 7.078135347674555
4000, 6.824587899646396
4250, 6.328506932918696
4500, 6.119640512317697
4750, 6.074537019394976
5000, 5.6058005672695845
5250, 5.286775955154521
5500, 5.809475019311125
5750, 5.663479495857648
6000, 5.529466520379701
6250, 5.361902647381804
6500, 5.504543577809154
6750, 5.3967582862307255
7000, 5.198557492228012
7250, 5.130789412946121
7500, 5.389805191284746
7750, 5.347896782848375
8000, 5.347896782848375
8250, 5.0074943834217125
8500, 4.919349550499537
8750, 5.200961449578338
9000, 4.896427268938036
9250, 4.415880433163924
9500, 4.544227107000705
9750, 4.655641738793912
10000, 4.260281680828158
11000, 4.639504283864818
12000, 4.511097427455985
13000, 4.110960958218893
14000, 4.254409477236529
15000, 4.295346318982906
16000, 3.872983346207417
17000, 3.7349698793966195
18000, 3.7980258029665888
19000, 3.431471987354698
20000, 3.274904578762563
21000, 3.420526275297414
22000, 3.664014192112252
23000, 3.3541019662496847
24000, 3.0618621784789726
25000, 3.29013677527242
26000, 3.170173496829472
27000, 3.170173496829472
28000, 3.2093613071762426
29000, 3.1976553910638965
30000, 3.271085446759225
31000, 3.40587727318528
32000, 2.932575659723036
33000, 2.8548204847240397
34000, 2.8679260799399975
35000, 2.6832815729997477
36000, 2.6879360111431225
37000, 2.832843094843059
38000, 2.6739483914241875
39000, 2.9283100928692645
40000, 2.669269563007828
41000, 2.7248853186877424
42000, 2.756809750418044
43000, 2.734044622898463
44000, 2.8151376520518494
45000, 2.806243040080456
46000, 2.8939592256975564
47000, 2.850438562747845
48000, 2.6315394733881536
49000, 2.7386127875258306
50000, 2.701851217221259
51000, 2.6504716561397146
52000, 2.57390753524675
53000, 2.355843797877949
54000, 2.4289915602982237
55000, 2.4949949899749297
56000, 2.3874672772626644
57000, 2.345207879911715
58000, 2.274862633215465
59000, 2.29128784747792
60000, 2.185177338341216
61000, 2.018662923818635
62000, 2.073644135332772
63000, 2.0554804791094465
64000, 2.16794833886788
65000, 2.19658826364888
66000, 2.1505813167606567
67000, 2.2304708023195463
68000, 2.1621748310439655
69000, 2.2967368155711703
70000, 2.4135036772294343
71000, 2.39269722280108
72000, 2.5049950099750697
73000, 2.479919353527449
74000, 2.307596151842865
75000, 2.4748737341529163
76000, 2.274862633215465
77000, 2.085665361461421
78000, 2.103568396796263
79000, 2.1447610589527217
80000, 2.2416511771459895
81000, 2.138924963620744
82000, 2.202271554554524
83000, 2.247220505424423
84000, 2.23606797749979
85000, 2.0676073128135335
86000, 2.043281674170255
87000, 2.073644135332772
88000, 2.0615528128088303
89000, 2.1213203435596424
90000, 2.274862633215465
91000, 2.23606797749979
92000, 2.1213203435596424
93000, 2.0124611797498106
94000, 2.258317958127243
95000, 2.3130067012440754
96000, 2.2416511771459895
97000, 2.115419580130618
98000, 2.179449471770337
99000, 2.2416511771459895
100000, 2.23606797749979
