1, 13.766626311482419
2, 12.946041866145807
3, 11.996666203575058
4, 11.98999582985749
5, 11.363098169073433
6, 11.334901852243803
7, 10.729398864801327
8, 10.744300814850634
9, 10.73685242517564
10, 10.71820880557941
15, 8.867919710958146
20, 8.620904824900922
25, 8.606973916540005
30, 8.606973916540005
35, 8.606973916540005
40, 8.616263691415206
45, 8.597674104081872
50, 8.597674104081872
55, 8.597674104081872
60, 8.597674104081872
65, 8.611620056644394
70, 8.606973916540005
75, 7.863841300535
80, 7.863841300535
85, 7.863841300535
90, 7.863841300535
95, 7.8587530817554
100, 7.1442284397967
150, 7.127411872482185
200, 6.424951361683604
250, 6.424951361683604
300, 6.418722614352485
350, 6.424951361683604
400, 6.424951361683604
450, 5.858327406350724
500, 4.8083261120685235
550, 4.8
600, 4.791659420284375
650, 4.791659420284375
700, 4.791659420284375
750, 4.791659420284375
800, 3.8262252939417984
850, 3.8366652186501757
900, 3.8052595180880897
950, 3.8052595180880897
1000, 3.8052595180880897
1250, 3.752332607858744
1500, 3.7202150475476548
1750, 3.655133376499413
2000, 3.0199337741082997
2250, 2.6683328128252666
2500, 2.6683328128252666
2750, 2.6683328128252666
3000, 2.3832750575625967
3250, 2.3664319132398464
3500, 2.3664319132398464
3750, 2.2978250586152114
4000, 2.2978250586152114
4250, 2.227105745132009
4500, 2.227105745132009
4750, 2.227105745132009
5000, 1.9390719429665315
5250, 1.9390719429665315
5500, 1.6492422502470643
5750, 1.6492422502470643
6000, 1.6492422502470643
6250, 2.0
6500, 2.1540659228538015
6750, 2.4166091947189146
7000, 2.4166091947189146
7250, 2.4166091947189146
7500, 2.3323807579381204
7750, 2.3664319132398464
8000, 2.3664319132398464
8250, 2.349468024894146
8500, 2.349468024894146
8750, 2.0591260281974
9000, 2.0591260281974
9250, 2.1166010488516727
9500, 2.172556098240043
9750, 2.172556098240043
10000, 2.172556098240043
11000, 1.8973665961010275
12000, 1.7204650534085253
13000, 2.3323807579381204
14000, 2.349468024894146
15000, 2.1908902300206643
16000, 2.262741699796952
17000, 2.4657656011875906
18000, 2.172556098240043
19000, 1.8110770276274832
20000, 2.039607805437114
21000, 1.9183326093250879
22000, 1.6733200530681511
23000, 1.9798989873223332
24000, 1.8973665961010275
25000, 1.697056274847714
26000, 1.697056274847714
27000, 1.8110770276274832
28000, 1.7435595774162693
29000, 1.7435595774162693
30000, 1.6733200530681511
31000, 1.6733200530681511
32000, 2.1166010488516727
33000, 1.9798989873223332
34000, 1.9798989873223332
35000, 2.1354156504062622
36000, 2.0199009876724157
37000, 2.227105745132009
38000, 2.1166010488516727
39000, 2.078460969082653
40000, 1.9798989873223332
41000, 2.078460969082653
42000, 2.227105745132009
43000, 2.227105745132009
44000, 2.227105745132009
45000, 2.227105745132009
46000, 2.227105745132009
47000, 2.227105745132009
48000, 2.349468024894146
49000, 2.172556098240043
50000, 2.227105745132009
51000, 2.227105745132009
52000, 2.4331050121192876
53000, 2.4
54000, 2.4
55000, 2.4
56000, 2.4657656011875906
57000, 2.6532998322843198
58000, 2.3664319132398464
59000, 2.3151673805580453
60000, 2.1166010488516727
61000, 2.2978250586152114
62000, 2.280350850198276
63000, 2.3323807579381204
64000, 2.4
65000, 2.349468024894146
66000, 2.3832750575625967
67000, 2.3323807579381204
68000, 2.3323807579381204
69000, 2.3323807579381204
70000, 2.2978250586152114
71000, 2.262741699796952
72000, 2.262741699796952
73000, 2.172556098240043
74000, 2.1908902300206643
75000, 2.262741699796952
76000, 2.4
77000, 2.449489742783178
78000, 2.3832750575625967
79000, 2.0976176963403033
80000, 2.0
81000, 2.349468024894146
82000, 2.262741699796952
83000, 2.244994432064365
84000, 2.244994432064365
85000, 2.0591260281974
86000, 2.0976176963403033
87000, 2.0976176963403033
88000, 2.209072203437452
89000, 2.1540659228538015
90000, 2.1540659228538015
91000, 2.227105745132009
92000, 2.2978250586152114
93000, 2.262741699796952
94000, 2.2978250586152114
95000, 1.9595917942265424
96000, 2.7422618401604177
97000, 2.513961017995307
98000, 2.3664319132398464
99000, 2.6076809620810595
100000, 2.6381811916545836
