8.691950298983537
9.952386648437649
10.014988766843425
7.745966692414834
8.18535277187245
6.985699678629192
7.092249290598858
6.08687111741328
6.119640512317697
5.916079783099616
5.059644256269407
5.162363799656123
4.711687595755898
5.200961449578338
4.5
3.681032463861192
4.08656334834051
4.560701700396552
3.9812058474788765
3.924283374069717
3.331666249791536
3.2015621187164243
3.4856850115866753
3.427827300200522
3.4351128074635335
2.949576240750525
2.8460498941515415
2.932575659723036
2.8722813232690143
2.1563858652847827
2.3130067012440754
2.756809750418044
2.5099800796022267
2.2693611435820435
2.7386127875258306
2.4392621835300936
2.588435821108957
2.3979157616563596
2.701851217221259
2.449489742783178
2.2135943621178655
2.258317958127243
2.247220505424423
2.4289915602982237
2.3021728866442674
2.5199206336708304
2.1330729007701543
2.1447610589527217
1.91049731745428
2.0248456731316584
2.0
1.8439088914585775
1.9621416870348585
2.258317958127243
2.0124611797498106
2.224859546128699
2.0
1.857417562100671
1.8841443681416772
2.0124611797498106
2.202271554554524
2.202271554554524
2.4899799195977463
2.280350850198276
2.3769728648009427
2.247220505424423
2.1447610589527217
2.280350850198276
2.258317958127243
2.258317958127243
2.32379000772445
2.179449471770337
2.0371548787463363
1.8303005217723127
1.8303005217723127
1.91049731745428
1.8439088914585775
1.857417562100671
1.9493588689617927
2.247220505424423
2.202271554554524
2.0124611797498106
2.073644135332772
1.9493588689617927
2.2135943621178655
2.1330729007701543
1.9621416870348585
1.9874606914351791
1.8303005217723127
2.1095023109728985
1.91049731745428
1.9748417658131499
2.179449471770337
2.0371548787463363
1.9364916731037085
1.91049731745428
1.8027756377319946
1.9493588689617927
1.8303005217723127
1.9235384061671346
1.8027756377319946
1.8027756377319946
2.073644135332772
2.0248456731316584
1.91049731745428
1.760681686165901
1.9621416870348585
1.8708286933869707
2.0248456731316584
1.9621416870348585
2.04939015319192
2.0248456731316584
1.857417562100671
1.8303005217723127
1.8708286933869707
2.1447610589527217
1.5968719422671311
1.857417562100671
1.8027756377319946
1.7888543819998317
1.8303005217723127
1.9493588689617927
1.6278820596099706
1.6431676725154984
1.5652475842498528
1.4832396974191326
1.8708286933869707
1.9235384061671346
1.7748239349298849
1.5968719422671311
1.8841443681416772
1.857417562100671
1.4142135623730951
1.5491933384829668
1.6278820596099706
1.5329709716755893
1.6431676725154984
1.6431676725154984
1.6278820596099706
1.5968719422671311
1.6278820596099706
1.816590212458495
1.8439088914585775
1.8973665961010275
1.7320508075688772
1.5652475842498528
1.5968719422671311
1.6583123951777
1.6583123951777
2.0124611797498106
2.0
2.1213203435596424
1.746424919657298
1.8027756377319946
1.8841443681416772
1.70293863659264
1.746424919657298
1.61245154965971
1.5491933384829668
1.6881943016134133
1.6733200530681511
1.7320508075688772
1.7888543819998317
1.6733200530681511
1.6278820596099706
1.5968719422671311
1.5968719422671311
1.6881943016134133
1.760681686165901
1.6583123951777
1.6733200530681511
1.8841443681416772
1.7175564037317668
1.6733200530681511
1.9364916731037085
2.0124611797498106
1.9748417658131499
1.7748239349298849
1.7748239349298849
1.8027756377319946
1.8439088914585775
1.8439088914585775
1.91049731745428
1.91049731745428
1.91049731745428
1.91049731745428
1.9364916731037085
2.04939015319192
1.9874606914351791
1.9874606914351791
1.9235384061671346
1.8439088914585775
1.8708286933869707
1.8841443681416772
1.8303005217723127
1.8303005217723127
1.857417562100671
1.8841443681416772
1.8973665961010275
1.7175564037317668
1.7175564037317668
1.7175564037317668
1.8303005217723127
1.7888543819998317
1.816590212458495
1.8303005217723127
1.816590212458495
1.7320508075688772
1.7320508075688772
1.816590212458495
1.7320508075688772
1.61245154965971
1.6431676725154984
1.6881943016134133
1.4832396974191326
1.5
1.5491933384829668
1.6278820596099706
1.6431676725154984
1.746424919657298
1.70293863659264
1.7175564037317668
1.760681686165901
1.746424919657298
1.8027756377319946
1.857417562100671
1.9748417658131499
1.9621416870348585
1.8303005217723127
1.7888543819998317
1.746424919657298
1.746424919657298
1.816590212458495
1.816590212458495
1.91049731745428
1.8841443681416772
1.6278820596099706
1.5968719422671311
1.5329709716755893
1.5811388300841898
1.51657508881031
1.449137674618944
1.449137674618944
1.6278820596099706
1.6278820596099706
1.70293863659264
1.61245154965971
1.61245154965971
1.5652475842498528
1.449137674618944
1.5811388300841898
1.5329709716755893
1.449137674618944
1.5811388300841898
1.284523257866513
1.224744871391589
1.3416407864998738
1.378404875209022
1.4142135623730951
1.3038404810405297
1.284523257866513
1.284523257866513
1.2041594578792296
1.2041594578792296
1.378404875209022
1.224744871391589
1.224744871391589
1.224744871391589
1.284523257866513
1.3416407864998738
1.378404875209022
1.378404875209022
1.5
1.4317821063276353
1.5
1.284523257866513
1.396424004376894
1.378404875209022
1.378404875209022
1.3601470508735443
1.284523257866513
1.2449899597988732
1.3416407864998738
1.4317821063276353
1.4142135623730951
1.378404875209022
1.3228756555322954
1.449137674618944
1.5
1.5652475842498528
1.5811388300841898
1.51657508881031
1.284523257866513
1.284523257866513
1.224744871391589
1.3038404810405297
1.3038404810405297
1.3038404810405297
1.3601470508735443
1.449137674618944
1.4142135623730951
1.5491933384829668
1.3416407864998738
1.284523257866513
1.4317821063276353
1.224744871391589
1.284523257866513
1.284523257866513
1.284523257866513
1.3416407864998738
1.140175425099138
1.2649110640673518
1.284523257866513
1.2449899597988732
1.224744871391589
1.2649110640673518
1.2649110640673518
1.2449899597988732
1.224744871391589
1.0488088481701516
1.140175425099138
0.9486832980505138
1.140175425099138
1.284523257866513
1.284523257866513
1.3416407864998738
1.1832159566199232
1.1832159566199232
1.1832159566199232
1.284523257866513
1.3416407864998738
1.2649110640673518
1.224744871391589
1.0723805294763609
1.0723805294763609
1.284523257866513
1.396424004376894
1.5329709716755893
1.5329709716755893
1.51657508881031
1.449137674618944
1.466287829861518
1.5652475842498528
1.4317821063276353
1.3038404810405297
1.2649110640673518
1.2649110640673518
1.2649110640673518
1.284523257866513
1.284523257866513
1.378404875209022
1.3416407864998738
1.2449899597988732
1.3416407864998738
1.378404875209022
1.378404875209022
1.4317821063276353
1.4317821063276353
1.2649110640673518
1.2649110640673518
1.3038404810405297
1.3038404810405297
1.3038404810405297
1.3038404810405297
1.3038404810405297
1.3416407864998738
1.2649110640673518
1.2649110640673518
1.2649110640673518
1.2649110640673518
1.224744871391589
1.161895003862225
1.140175425099138
1.1832159566199232
1.2041594578792296
1.2041594578792296
1.2649110640673518
1.161895003862225
1.2449899597988732
1.2649110640673518
1.2649110640673518
1.224744871391589
1.140175425099138
1.140175425099138
1.140175425099138
1.140175425099138
1.224744871391589
1.224744871391589
1.1832159566199232
1.2649110640673518
1.3416407864998738
1.2649110640673518
1.2649110640673518
1.2649110640673518
1.2649110640673518
1.2649110640673518
1.224744871391589
1.224744871391589
1.2649110640673518
1.284523257866513
