1, 57.32434037998169
2, 56.56111738641661
3, 56.0458740675886
4, 55.30117539438018
5, 55.14943336064297
6, 54.932321997163015
7, 54.314454797963315
8, 53.95312780553135
9, 53.08672150359259
10, 52.35799843385918
15, 50.00819932771025
20, 46.810468914549446
25, 44.91458560423329
30, 43.305426911647
35, 41.27057062847569
40, 41.00365837336956
45, 39.689293266572534
50, 37.8322613651365
55, 37.63562142438995
60, 37.399732619365075
65, 36.19226436685055
70, 35.21988074937222
75, 34.57658167025769
80, 32.179807333170906
85, 32.085510748622966
90, 31.38948868650141
95, 30.651590497068828
100, 30.65354791863415
150, 26.779469748297856
200, 23.463588813308164
250, 19.62090721653818
300, 17.73302004735798
350, 16.693112352104986
400, 15.413630331625319
450, 14.182383438618489
500, 13.839075113604956
550, 12.388704532758863
600, 12.014990636700473
650, 11.994165248152955
700, 11.982487220940401
750, 11.719214990774766
800, 11.98999582985749
850, 11.983321743156194
900, 11.40964504268209
950, 11.187493016757596
1000, 11.233877335986895
1250, 10.360501918343532
1500, 10.033942395688745
1750, 9.079647570252934
2000, 8.538149682454625
2250, 8.452218643646175
2500, 8.104319835741924
2750, 7.933473388119481
3000, 7.803845206050668
3250, 7.6406805979572265
3500, 7.481978348003955
3750, 7.523297149521611
4000, 7.541883053985921
4250, 7.428324171709256
4500, 6.764613810115105
4750, 6.482283548256741
5000, 6.482283548256741
5250, 6.499230723708768
5500, 6.252999280345393
5750, 5.890670590009257
6000, 5.912698199637793
6250, 6.172519744804386
6500, 6.1773780845922
6750, 6.107372593840988
7000, 6.061352984276695
7250, 6.100819617067858
7500, 5.964897316802696
7750, 5.8206528843421
8000, 5.594640292279746
8250, 5.646237685397241
8500, 5.6267219586540795
8750, 5.489990892524322
9000, 5.278257288158659
9250, 5.447935388750494
9500, 5.3814496188294845
9750, 5.471745608121781
10000, 5.300943312279429
11000, 5.217278984298233
12000, 4.732863826479693
13000, 5.067543783727971
14000, 4.9396356140913875
15000, 4.732863826479693
16000, 4.2708313008125245
17000, 4.142463035441596
18000, 3.9293765408777
19000, 4.18568990729127
20000, 4.219004621945797
21000, 3.994996871087636
22000, 3.8522720568516444
23000, 3.6851051545376556
24000, 3.9319206502675
25000, 4.044749683231337
26000, 3.8548670534792766
27000, 3.797367509209505
28000, 3.616628264005025
29000, 3.6
30000, 3.5749125863438955
31000, 3.402939905434711
32000, 3.352610922848042
33000, 3.295451410656816
34000, 3.3555923471125033
35000, 3.111269837220809
36000, 3.1749015732775088
37000, 3.280243893371345
38000, 3.237282811247729
39000, 3.2588341473600644
40000, 3.1336879231984796
41000, 3.2526911934581184
42000, 3.3436506994600976
43000, 3.304542328371661
44000, 3.1144823004794873
45000, 3.0397368307141326
46000, 2.842534080710379
47000, 2.9427877939124323
48000, 2.9359836511806394
49000, 2.842534080710379
50000, 2.8284271247461903
51000, 2.7640549922170505
52000, 2.9597297173897483
53000, 2.894822965226026
54000, 2.817800560721074
55000, 2.9698484809834995
56000, 2.9899832775452104
57000, 2.9933259094191533
58000, 2.90516780926679
59000, 2.8809720581775866
60000, 2.9899832775452104
61000, 2.949576240750525
62000, 2.95296461204668
63000, 3.0
64000, 2.986636904613616
65000, 2.9563490998188966
66000, 2.9359836511806394
67000, 2.894822965226026
68000, 2.8284271247461903
69000, 2.745906043549196
70000, 2.6038433132583076
71000, 2.705549851693737
72000, 2.7676705006196096
73000, 2.80713376952364
74000, 2.8460498941515415
75000, 2.891366458960192
76000, 2.8530685235374214
77000, 2.814249455894058
78000, 2.7640549922170505
79000, 2.701851217221259
80000, 2.6419689627245813
81000, 2.7676705006196096
82000, 2.723967694375247
83000, 2.6981475126464085
84000, 2.5768197453450252
85000, 2.569046515733026
86000, 2.569046515733026
87000, 2.5495097567963922
88000, 2.5258661880630178
89000, 2.5768197453450252
90000, 2.5019992006393608
91000, 2.4738633753705965
92000, 2.493992782667985
93000, 2.4979991993593593
94000, 2.4738633753705965
95000, 2.565151067676132
96000, 2.3748684174075834
97000, 2.4819347291981715
98000, 2.4859605789312105
99000, 2.5059928172283334
100000, 2.5099800796022267
