1, 33.83144493908983
2, 33.065087327875
3, 32.19316697686017
4, 32.19109607743524
5, 32.19264926449308
6, 32.19264926449308
7, 31.3565516811612
8, 31.35761470520358
9, 31.35761470520358
10, 31.357083197687036
15, 29.677151705197947
20, 28.0
25, 27.988092706244444
30, 28.03034070431539
35, 28.023204670415552
40, 27.317881811492388
45, 27.293466861747945
50, 27.29224554093464
55, 27.26169473822198
60, 27.256803432048542
65, 27.25558046834935
70, 27.254968965921304
75, 27.226825007701503
80, 27.226825007701503
85, 27.228661369960882
90, 27.228661369960882
95, 27.227437142216182
100, 27.229273463192758
150, 25.676837811537464
200, 25.44864109011193
250, 25.446676272812788
300, 25.446021299998947
350, 23.790754506740637
400, 23.790754506740637
450, 23.789353360975017
500, 23.78164558365688
550, 23.7823463939116
600, 23.7823463939116
650, 23.77814122255985
700, 23.77814122255985
750, 23.77814122255985
800, 23.77814122255985
850, 23.09617572961665
900, 23.063679960781048
950, 21.56695002389845
1000, 21.56695002389845
1250, 21.22577050034541
1500, 21.222629431811693
1750, 20.454828280872952
2000, 20.404247923737188
2250, 20.399346394758176
2500, 19.766132651583618
2750, 19.770348167563128
3000, 19.189406799933483
3250, 18.986837546047525
3500, 18.702049798529217
3750, 18.387495751189178
4000, 18.250114154894117
4250, 18.26745740380965
4500, 18.093276836069986
4750, 17.832554500127006
5000, 17.886680332955397
5250, 17.91368192192772
5500, 17.942500754725728
5750, 17.86896751354146
6000, 17.82133552795637
6250, 17.36567495568965
6500, 17.268468374467957
6750, 17.013719953809826
7000, 17.079227148791013
7250, 16.952875862224673
7500, 16.952875862224673
7750, 16.864163187066236
8000, 16.684323979912
8250, 16.505554620591617
8500, 16.06237840420901
8750, 16.06237840420901
9000, 16.629291426075056
9250, 16.405283701702125
9500, 16.345233759927286
9750, 16.25628083746915
10000, 16.25423021862309
11000, 16.11831256676703
12000, 15.980196077228422
13000, 15.895492023421818
14000, 15.29160989998546
15000, 15.12613632095123
16000, 15.102979838429237
17000, 15.0996688705415
18000, 15.079787796915447
19000, 14.170391667134682
20000, 14.092551223962253
21000, 14.085453489327207
22000, 13.811830677599065
23000, 13.976170195491086
24000, 14.485625058427177
25000, 14.515508947329405
26000, 14.337596265297286
27000, 14.344569239495017
28000, 14.577379737113251
29000, 14.381701336536416
30000, 14.370107863199914
31000, 14.315492772983168
32000, 13.820274961085254
33000, 13.63084736911099
34000, 13.612494260788505
35000, 13.457340004622013
36000, 13.52405264704334
37000, 13.365378159009692
38000, 13.63084736911099
39000, 13.740451229854134
40000, 13.641847382227965
41000, 13.436269323489066
42000, 13.23757278859434
43000, 13.028174597131146
44000, 12.940891262454324
45000, 13.142805382920852
46000, 13.178264933847197
47000, 12.928005775576267
48000, 12.696456198483101
49000, 12.684636376341263
50000, 12.525973016097392
51000, 12.535283536216216
52000, 12.258330500792784
53000, 11.987493482792805
54000, 12.062338081814818
55000, 12.39085684419497
56000, 12.236557250032924
57000, 12.1764800606196
58000, 12.14084016862095
59000, 11.813833698959312
60000, 12.24472675617277
61000, 12.747548783981962
62000, 13.025615788386615
63000, 13.08816259067712
64000, 12.979470970215491
65000, 12.928005775576267
66000, 12.81145320927073
67000, 12.887978895078932
68000, 12.957623238850557
69000, 13.155480480266263
70000, 12.970479302374809
71000, 13.130118049735882
72000, 13.192169394505717
73000, 13.212367943206345
74000, 12.997435644515933
75000, 13.168143377105217
76000, 13.021776632497835
77000, 13.028174597131146
78000, 12.823156137758494
79000, 12.99487078299229
80000, 12.842637320010766
81000, 12.78410471379726
82000, 12.819256348686274
83000, 12.742317947165919
84000, 12.654380005884656
85000, 12.654380005884656
86000, 12.971764207950539
87000, 13.287839051804724
88000, 13.182058514005568
89000, 13.319159132617944
90000, 12.814054783713077
91000, 12.93316151088614
92000, 13.405222862750175
93000, 13.713740068510365
94000, 13.969013327122761
95000, 13.97974725570292
96000, 13.911625833572916
97000, 14.264174237111192
98000, 14.192721139137953
99000, 14.277021164561372
100000, 14.31665696546043
