1, 10.927030703718188
2, 10.516653460107925
3, 10.516653460107925
4, 10.516653460107925
5, 9.617692030835672
6, 9.602083107326242
7, 8.79772697916911
8, 8.79772697916911
9, 8.117881497040962
10, 7.489993324429602
15, 7.321202087089251
20, 6.058052492344384
25, 5.412947441089743
30, 5.412947441089743
35, 5.272570530585627
40, 4.494441010848846
45, 4.381780460041329
50, 4.301162633521313
55, 4.254409477236529
60, 4.207136793592526
65, 4.230839160261236
70, 4.230839160261236
75, 4.230839160261236
80, 4.207136793592526
85, 3.6193922141707713
90, 3.5777087639996634
95, 3.591656999213594
100, 3.591656999213594
150, 2.280350850198276
200, 2.280350850198276
250, 2.2135943621178655
300, 1.8708286933869707
350, 1.7888543819998317
400, 1.760681686165901
450, 1.760681686165901
500, 1.760681686165901
550, 1.760681686165901
600, 1.760681686165901
650, 1.760681686165901
700, 1.0488088481701516
750, 1.0488088481701516
800, 1.0488088481701516
850, 1.0488088481701516
900, 1.0488088481701516
950, 1.0
1000, 1.0
1250, 1.0
1500, 1.0
1750, 0.7071067811865476
2000, 0.7071067811865476
2250, 0.7071067811865476
2500, 0.7071067811865476
2750, 0.7071067811865476
3000, 0.7071067811865476
3250, 0.7071067811865476
3500, 0.7071067811865476
3750, 0.7071067811865476
4000, 0.6324555320336759
4250, 0.6324555320336759
4500, 0.6324555320336759
4750, 0.6324555320336759
5000, 0.6324555320336759
5250, 0.6324555320336759
5500, 0.6324555320336759
5750, 0.7071067811865476
6000, 0.7071067811865476
6250, 0.7071067811865476
6500, 0.7071067811865476
6750, 0.7071067811865476
7000, 0.7071067811865476
7250, 0.31622776601683794
7500, 0.31622776601683794
7750, 0.31622776601683794
8000, 0.31622776601683794
8250, 0.5477225575051661
8500, 0.5477225575051661
8750, 0.5477225575051661
9000, 0.5477225575051661
9250, 0.5477225575051661
9500, 0.31622776601683794
9750, 0.31622776601683794
10000, 0.31622776601683794
11000, 0.31622776601683794
12000, 0.31622776601683794
13000, 0.31622776601683794
14000, 0.31622776601683794
15000, 0.31622776601683794
16000, 0.31622776601683794
17000, 0.31622776601683794
18000, 0.31622776601683794
19000, 0.31622776601683794
20000, 0.31622776601683794
21000, 0.31622776601683794
22000, 0.31622776601683794
23000, 0.31622776601683794
24000, 0.31622776601683794
25000, 0.31622776601683794
26000, 0.31622776601683794
27000, 0.31622776601683794
28000, 0.31622776601683794
29000, 0.31622776601683794
30000, 0.31622776601683794
31000, 0.31622776601683794
32000, 0.31622776601683794
33000, 0.31622776601683794
34000, 0.31622776601683794
35000, 0.31622776601683794
36000, 0.31622776601683794
37000, 0.31622776601683794
38000, 0.31622776601683794
39000, 0.31622776601683794
40000, 0.31622776601683794
41000, 0.31622776601683794
42000, 0.31622776601683794
43000, 0.31622776601683794
44000, 0.31622776601683794
45000, 0.31622776601683794
46000, 0.31622776601683794
47000, 0.31622776601683794
48000, 0.31622776601683794
49000, 0.31622776601683794
50000, 0.31622776601683794
51000, 0.31622776601683794
52000, 0.31622776601683794
53000, 0.31622776601683794
54000, 0.31622776601683794
55000, 0.31622776601683794
56000, 0.31622776601683794
57000, 0.31622776601683794
58000, 0.31622776601683794
59000, 0.31622776601683794
60000, 0.31622776601683794
61000, 0.31622776601683794
62000, 0.31622776601683794
63000, 0.31622776601683794
64000, 0.31622776601683794
65000, 0.31622776601683794
66000, 0.31622776601683794
67000, 0.31622776601683794
68000, 0.31622776601683794
69000, 0.31622776601683794
70000, 0.31622776601683794
71000, 0.5477225575051661
72000, 0.5477225575051661
73000, 0.5477225575051661
74000, 0.5477225575051661
75000, 0.5477225575051661
76000, 0.31622776601683794
77000, 0.31622776601683794
78000, 0.31622776601683794
79000, 0.31622776601683794
80000, 0.31622776601683794
81000, 0.31622776601683794
82000, 0.31622776601683794
83000, 0.31622776601683794
84000, 0.31622776601683794
85000, 0.31622776601683794
86000, 0.31622776601683794
87000, 0.31622776601683794
88000, 0.6324555320336759
89000, 0.6324555320336759
90000, 0.6324555320336759
91000, 0.6324555320336759
92000, 0.6324555320336759
93000, 0.6324555320336759
94000, 0.6324555320336759
95000, 0.5477225575051661
96000, 0.5477225575051661
97000, 0.31622776601683794
98000, 0.31622776601683794
99000, 0.31622776601683794
100000, 0.31622776601683794
