1, 144.22537918133548
2, 143.89151469075583
3, 143.43118210486867
4, 143.27084839561746
5, 142.69377001116763
6, 142.28669649689672
7, 141.99098562937016
8, 141.40565759544418
9, 141.21807249782162
10, 140.74027142221945
15, 139.39540881965948
20, 137.2675635392426
25, 134.95676344666836
30, 133.35594474938117
35, 133.09205836562901
40, 130.59470127076366
45, 128.3310406721616
50, 127.23323465195719
55, 125.42034922611242
60, 124.28975822649267
65, 122.99554463475496
70, 121.56381040424819
75, 119.23207622112433
80, 117.52426132505578
85, 114.86841167179078
90, 113.44172072037695
95, 111.37615543732868
100, 110.92538032389162
150, 103.1491347515819
200, 94.01463715826382
250, 87.43212224348669
300, 83.16528121758502
350, 78.78451624526231
400, 76.92718635177033
450, 73.88017325372213
500, 70.96928913269457
550, 69.00823139307369
600, 68.27052072454113
650, 66.61261141855947
700, 64.31205174770899
750, 63.1167172783883
800, 62.5507154235665
850, 60.86029904625839
900, 58.352103646740964
950, 56.48206795081072
1000, 54.94156896194356
1250, 49.13540475054622
1500, 46.87540933154611
1750, 45.30739453996445
2000, 42.02399314677272
2250, 40.66900539723095
2500, 38.9763004914525
2750, 37.094473981982816
3000, 35.46626566189342
3250, 34.604277192277834
3500, 34.15049047964026
3750, 33.90634158973805
4000, 32.30343634971363
4250, 31.19525604959831
4500, 29.818115299260615
4750, 28.106511701027575
5000, 26.943644890771555
5250, 26.63381309538685
5500, 26.192212583132417
5750, 25.01503547868761
6000, 23.386833902860815
6250, 22.981035659865288
6500, 23.13438998547401
6750, 22.800877176108816
7000, 21.900867562724542
7250, 21.83849811685776
7500, 21.448170085114487
7750, 21.44574549881631
8000, 21.755183290425297
8250, 21.914926420136574
8500, 21.159773155683876
8750, 20.98094373473224
9000, 20.11526783316593
9250, 20.03796396842753
9500, 20.20118808387269
9750, 19.933890739140715
10000, 19.401855581361286
11000, 18.29950819011265
12000, 17.759279264654857
13000, 16.792379223921785
14000, 16.353103680953044
15000, 15.997249763631247
16000, 16.01449343563511
17000, 15.74572957979401
18000, 15.159419513952372
19000, 14.910935584328705
20000, 14.191828634816586
21000, 13.754708284801971
22000, 13.300526305376039
23000, 12.749901960407382
