1, 86.45962448835101
2, 86.16604126143122
3, 85.55294656916655
4, 85.07424208693644
5, 84.21076732421652
6, 83.36162186522044
7, 82.51545309819247
8, 82.11682734575986
9, 81.34232190768428
10, 80.81303525215884
15, 77.66861227892083
20, 74.60062555591162
25, 73.27637181702343
30, 70.4652160052509
35, 67.56803978213368
40, 66.10315171507835
45, 65.12285825013109
50, 64.0964897634808
55, 62.02300648415339
60, 61.85703948083301
65, 61.24508143516506
70, 60.384324676745926
75, 59.1847953447505
80, 59.0277900653582
85, 58.21763764816753
90, 56.76395569960454
95, 55.987974899377576
100, 54.48950969376277
150, 48.906577608061404
200, 43.81430512210976
250, 38.8216434479531
300, 33.97763970613615
350, 32.180118085550895
400, 31.290893243881676
450, 30.457620830699607
500, 30.105149061248643
550, 28.32172311142103
600, 27.45614685275412
650, 24.803225596683994
700, 24.405463869114772
750, 22.721208888026474
800, 21.519603465987316
850, 21.12754915586125
900, 20.958689526462923
950, 19.84674616488389
1000, 19.156200040717888
1250, 17.49476112059455
1500, 16.521097622938576
1750, 15.821504353252886
2000, 15.233296863559554
2250, 14.772496967901759
2500, 14.192016535127534
2750, 12.765056469388087
3000, 12.68857754044952
3250, 12.321796405827628
3500, 11.48796471675176
3750, 11.458912106594878
4000, 10.956885202160937
4250, 10.157427495844276
4500, 10.048548817283685
4750, 9.8
5000, 9.761147473529943
5250, 9.272899582475087
5500, 9.175329240232564
5750, 8.744522094812654
6000, 8.520563361656317
6250, 8.2324560936171
6500, 7.85196366097891
6750, 7.362064927722384
7000, 7.364781055808788
7250, 7.239705334703432
7500, 6.97041366539079
7750, 6.887670143089026
8000, 6.933012813104175
8250, 6.815668223537098
8500, 6.8507907086214015
8750, 6.803920438492306
9000, 6.505382386916237
9250, 6.43117407632541
9500, 6.340346993658944
9750, 6.300264544710273
10000, 6.144916598294887
11000, 5.888972745734183
12000, 5.81033561853358
13000, 5.206406310178515
14000, 5.054371045606631
15000, 4.824935232725927
16000, 4.102032016777376
17000, 4.187282332651255
18000, 4.0579140782755205
19000, 3.966526608171604
20000, 3.752332607858744
21000, 3.770057470826318
22000, 3.764748774265467
23000, 3.6386810797320503
24000, 3.56277045756997
25000, 3.635014901390823
26000, 3.57957166897568
27000, 3.5023801430836525
28000, 3.241398874971525
29000, 2.986636904613616
30000, 2.943920288775949
31000, 2.8472208672083497
32000, 2.7688746209726918
33000, 2.747119703738202
34000, 2.569046515733026
35000, 2.548201980482186
36000, 2.6907248094147422
37000, 2.754390434681813
38000, 2.7688746209726918
39000, 2.891366458960192
40000, 2.8682166352398606
41000, 2.70801280154532
42000, 2.5612496949731396
43000, 2.4819347291981715
44000, 2.4657656011875906
45000, 2.346628787573072
46000, 2.4738633753705965
47000, 2.4711670657134186
48000, 2.262741699796952
49000, 2.203028218914441
50000, 2.1664102412362563
51000, 2.3804761428476167
52000, 2.4027761721253467
53000, 2.4413111231467406
54000, 2.4027761721253467
55000, 2.479247197571607
56000, 2.4467665738003426
57000, 2.3122860261366167
58000, 2.346628787573072
59000, 2.3209193580705616
60000, 2.253885533916929
61000, 2.23308456325923
62000, 2.2
63000, 2.1509687739868903
64000, 2.160246899469287
65000, 2.259793500890439
66000, 2.265686062395524
67000, 2.3352373184182658
68000, 2.3007245235649862
69000, 2.2978250586152114
70000, 2.2920151250228114
71000, 2.326657115548686
72000, 2.32952069462082
73000, 2.405549140355829
74000, 2.4166091947189146
75000, 2.4138489320308896
76000, 2.2949219304078006
77000, 2.1908902300206643
78000, 2.203028218914441
79000, 2.23308456325923
80000, 2.2
81000, 2.206052281036573
82000, 2.181742422927143
83000, 2.181742422927143
84000, 2.203028218914441
85000, 2.2891046284519194
86000, 2.212088003071608
87000, 2.2150996967781533
88000, 2.3523038352503134
89000, 2.349468024894146
90000, 2.349468024894146
91000, 2.349468024894146
92000, 2.4138489320308896
93000, 2.265686062395524
94000, 2.172556098240043
95000, 2.1571586249817916
96000, 2.1166010488516727
97000, 2.110292238845922
98000, 2.1071307505705477
99000, 2.1071307505705477
100000, 2.1071307505705477
