1, 62.74942955191632
2, 61.90740886781866
3, 61.39973349068604
4, 60.51085552496871
5, 59.84343208436798
6, 59.030346587004026
7, 59.02865251877107
8, 58.25258480414098
9, 57.36898116578331
10, 56.74664587604996
15, 53.35984189699898
20, 53.32405222274978
25, 50.928470337416286
30, 48.61630852445972
35, 48.56785319155422
40, 47.63841078182796
45, 47.6302043207497
50, 46.90822761714429
55, 45.25543663975131
60, 45.25503487810148
65, 44.41825996346343
70, 44.41437113858941
75, 44.390826243104044
80, 44.38345310012403
85, 44.37177645141724
90, 43.39208138903603
95, 43.38998627668496
100, 42.60004268030299
150, 41.526552294339886
200, 41.39982432988641
250, 38.89683324338418
300, 38.33251646033454
350, 37.80596393548125
400, 37.759526191172185
450, 35.40287610298966
500, 35.39645590887725
550, 35.28481517336008
600, 35.28275396383801
650, 35.2928012232214
700, 35.28404223389997
750, 35.28378458365053
800, 34.99454502944968
850, 34.99454502944968
900, 34.99376567852674
950, 35.147481482254946
1000, 34.55325270835255
1250, 33.04872435992321
1500, 32.39500522667598
1750, 31.604084891326657
2000, 29.796277985986467
2250, 29.498227989922626
2500, 29.160371615040724
2750, 28.40422503783548
3000, 28.464651124444924
3250, 26.504545064779155
3500, 26.411085826702667
3750, 26.28653301943446
4000, 25.303251677492863
4250, 25.31654148431955
4500, 25.00327251308589
4750, 24.25021087068579
5000, 23.90815760362977
5250, 23.891421054428722
5500, 23.869722167709376
5750, 24.045033507226318
6000, 24.411994071469348
6250, 24.263328108672376
6500, 23.76858124805632
6750, 23.70155345886924
7000, 23.197962292956994
7250, 23.14696131637624
7500, 22.939445978884972
7750, 22.48595521249168
8000, 22.49323130511609
8250, 22.38059224173724
8500, 22.101007792735277
8750, 22.10018510823341
9000, 21.860716115692757
9250, 21.648010616136617
9500, 21.638349794246828
9750, 21.665221397018268
10000, 21.434466721529688
11000, 21.44294755857972
12000, 20.728548605069467
13000, 20.014540169132495
14000, 19.771421064483224
15000, 19.917100920839587
16000, 19.76406288742732
17000, 19.274571095334156
18000, 18.593742838042928
19000, 18.812471685270147
20000, 18.740815932562324
21000, 18.684461215381376
22000, 18.504053609952603
23000, 18.16890450492519
24000, 17.8427474443718
25000, 17.87278276140466
26000, 17.76871612489976
27000, 17.110868422783753
28000, 16.984484898657577
29000, 16.47973962724588
30000, 16.23912223333179
31000, 16.452686986960796
32000, 16.685867727456724
33000, 16.641131954505763
34000, 16.522161425849166
35000, 16.4786363072147
36000, 16.366817872534885
37000, 16.385692206645075
38000, 15.97668756202441
39000, 15.537052487521564
40000, 15.397756625265549
41000, 15.530029561524286
42000, 15.64782877764661
43000, 15.403069351741083
44000, 15.57387089151103
45000, 15.50073312049231
46000, 16.040290181006984
47000, 16.533162266954697
48000, 16.060114343530458
49000, 16.35737253851108
50000, 16.39456672748073
51000, 16.63293556334977
52000, 16.747320002696767
53000, 17.08162223507528
54000, 16.667333320000534
55000, 16.550199119922723
56000, 16.46042084958506
57000, 16.411193519280452
58000, 16.112671467456344
59000, 15.985789143656767
60000, 16.30950643030009
61000, 16.38402769884022
62000, 16.426696674510175
63000, 16.18135852258282
64000, 16.15887034755496
65000, 16.190906538716558
66000, 16.157745117210112
67000, 15.868780098614444
68000, 16.118876568116708
69000, 15.896254561717017
70000, 16.153243411998492
71000, 15.955620269416611
72000, 16.108721522545142
73000, 16.187537293744334
74000, 15.911116754132513
75000, 15.746283832874807
76000, 15.94593137050098
77000, 15.94194011234061
78000, 15.991475001614852
79000, 15.992043476224499
80000, 15.981807839483674
81000, 15.863050262681627
82000, 16.252552247122743
83000, 16.43333640666269
84000, 16.60010952866385
85000, 16.658604110461685
86000, 16.136350832261247
87000, 16.051054907275212
88000, 16.070865791012235
89000, 16.167307078849532
90000, 16.20493751916372
91000, 16.167869371070513
92000, 15.97953236316553
93000, 16.171804869193565
94000, 16.250874102364744
95000, 15.931672285676159
96000, 15.769360395169086
97000, 15.8469957003614
98000, 15.684966745842397
99000, 15.354596587459937
100000, 15.33563882535769
