8.921883209278185
9.186947262284681
8.15781833580523
8.249242389456137
7.179832867135557
6.866585760041158
7.092249290598858
6.819090848492928
7.307530362578044
7.409453421137082
7.503332592921628
7.697402159170326
7.927799190191437
7.6452599694189605
7.677890335241837
7.612489737267302
7.479973261984297
7.207634840916957
7.179832867135557
7.290404652692469
7.283543093852058
7.37563556583431
7.463243262818116
7.297259759663212
7.409453421137082
7.433034373659253
7.416198487095663
7.379024325749306
7.338255923582933
7.453187237685633
7.466592261534039
7.379024325749306
7.365459931328117
7.269800547470337
7.211102550927978
6.457553716385176
6.348228099241551
6.496152707564686
6.606814663663572
6.216912416947821
6.328506932918696
6.7638746292343415
6.545991139621257
6.340346993658944
6.637017402418047
6.700746227100382
6.606814663663572
6.826419266350405
6.837397165588672
6.985699678629192
6.826419266350405
6.5038450166036395
6.8044103344816
6.511528238439882
6.610597552415364
6.5383484153110105
6.734240862933253
6.6670833203133135
6.640783086353597
6.523036102920173
6.6558245169174945
6.371812928829597
6.176568626672903
6.103277807866851
5.783597496368502
5.792236183029832
5.894913061275798
5.792236183029832
5.92452529743945
5.987486951969082
5.958187643906492
6.332456079595025
6.020797289396148
6.15223536610881
5.8779248038742375
5.911852501542981
6.008327554319921
5.852349955359813
5.974947698515862
5.818075283115543
5.531726674375733
5.991660871578097
5.6964901474504455
5.621387729022079
5.744562646538029
5.856620185738529
5.852349955359813
5.830951894845301
5.856620185738529
5.73149195236284
5.761944116355173
5.380520420925842
5.417564028232615
5.403702434442518
5.540758070878027
5.495452665613635
5.431390245600108
5.477225575051661
5.296225070746145
5.286775955154521
5.495452665613635
5.361902647381804
5.319774431308154
5.333854141237834
5.399073994677235
5.4359911699707535
5.5362442142665635
5.554277630799526
5.481788029466299
5.6258332716140815
5.440588203494177
5.431390245600108
5.403702434442518
5.5
5.594640292279746
5.572252686302013
5.5901699437494745
5.554277630799526
5.643580423808985
5.818075283115543
5.599107071667768
5.68770604022395
5.683308895353129
5.744562646538029
5.705260730238365
5.727128425310541
5.634713834792322
5.665686189686118
5.80086200490927
5.792236183029832
5.6258332716140815
5.73149195236284
