1, 10.927030703718188
2, 10.516653460107925
3, 9.944847912361455
4, 9.181503144910424
5, 9.1706052144883
6, 8.252272414311102
7, 7.0992957397195395
8, 6.434283176858165
9, 6.244997998398398
10, 6.244997998398398
15, 5.9497899122574065
20, 5.848076606885378
25, 5.692099788303083
30, 5.540758070878027
35, 5.0990195135927845
40, 4.449719092257398
45, 3.7282703764614498
50, 3.7013511046643495
55, 4.147288270665544
60, 4.604345773288535
65, 4.449719092257398
70, 3.8078865529319543
75, 3.8340579025361627
80, 3.794733192202055
85, 4.0
90, 3.5777087639996634
95, 3.5637059362410923
100, 3.4641016151377544
150, 3.255764119219941
200, 3.082207001484488
250, 3.5496478698597698
300, 3.3466401061363023
350, 2.932575659723036
400, 2.4289915602982237
450, 2.3021728866442674
500, 1.9235384061671346
550, 2.16794833886788
600, 2.3874672772626644
650, 1.6733200530681511
700, 1.51657508881031
750, 1.4142135623730951
800, 1.3416407864998738
850, 1.0954451150103321
900, 1.0488088481701516
950, 1.0954451150103321
1000, 1.0954451150103321
1250, 0.9486832980505138
1500, 1.0954451150103321
1750, 0.9486832980505138
2000, 0.8366600265340756
2250, 0.9486832980505138
2500, 1.224744871391589
2750, 1.378404875209022
3000, 1.0488088481701516
3250, 0.8944271909999159
3500, 0.6324555320336759
3750, 0.6324555320336759
4000, 0.9486832980505138
4250, 0.7745966692414834
4500, 0.7745966692414834
4750, 0.6324555320336759
5000, 0.8366600265340756
5250, 0.5477225575051661
5500, 0.5477225575051661
5750, 0.4472135954999579
6000, 0.7745966692414834
6250, 0.4472135954999579
6500, 0.5477225575051661
6750, 0.4472135954999579
7000, 0.31622776601683794
7250, 0.4472135954999579
7500, 0.31622776601683794
7750, 0.31622776601683794
8000, 0.31622776601683794
8250, 0.31622776601683794
8500, 0.31622776601683794
8750, 0.0
9000, 0.0
9250, 0.31622776601683794
9500, 0.4472135954999579
9750, 0.4472135954999579
10000, 0.5477225575051661
11000, 0.0
12000, 0.31622776601683794
13000, 0.31622776601683794
14000, 0.31622776601683794
15000, 0.4472135954999579
16000, 0.31622776601683794
17000, 0.31622776601683794
18000, 0.31622776601683794
19000, 0.31622776601683794
20000, 0.31622776601683794
21000, 0.31622776601683794
22000, 0.31622776601683794
23000, 0.31622776601683794
24000, 0.31622776601683794
25000, 0.31622776601683794
26000, 0.31622776601683794
27000, 0.0
28000, 0.0
29000, 0.0
30000, 0.0
31000, 0.0
32000, 0.0
33000, 0.0
34000, 0.0
35000, 0.0
36000, 0.0
37000, 0.0
38000, 0.0
39000, 0.0
40000, 0.0
41000, 0.0
42000, 0.0
43000, 0.0
44000, 0.0
45000, 0.0
46000, 0.0
47000, 0.0
48000, 0.0
49000, 0.0
50000, 0.0
51000, 0.0
52000, 0.0
53000, 0.0
54000, 0.0
55000, 0.0
56000, 0.0
57000, 0.0
58000, 0.0
59000, 0.0
60000, 0.0
61000, 0.0
62000, 0.0
63000, 0.0
64000, 0.0
65000, 0.0
66000, 0.0
67000, 0.0
68000, 0.0
69000, 0.0
70000, 0.0
71000, 0.0
72000, 0.0
73000, 0.0
74000, 0.0
75000, 0.0
76000, 0.0
77000, 0.0
78000, 0.0
79000, 0.0
80000, 0.0
81000, 0.0
82000, 0.0
83000, 0.0
84000, 0.0
85000, 0.0
86000, 0.0
87000, 0.0
88000, 0.0
89000, 0.0
90000, 0.0
91000, 0.0
92000, 0.0
93000, 0.0
94000, 0.0
95000, 0.0
96000, 0.0
97000, 0.0
98000, 0.0
99000, 0.0
100000, 0.0
