1, 13.635248439247448
2, 13.078226179417452
3, 12.145781160551183
4, 12.13260071048248
5, 11.363098169073433
6, 11.363098169073433
7, 10.620734437881403
8, 10.616967551989598
9, 10.586784214292837
10, 10.586784214292837
15, 8.92636544176856
20, 8.831760866327848
25, 8.831760866327848
30, 8.836288813749809
35, 8.827230596285565
40, 8.809086218218097
45, 8.809086218218097
50, 8.804544281222055
55, 8.804544281222055
60, 8.804544281222055
65, 8.804544281222055
70, 8.809086218218097
75, 8.499411744350311
80, 8.499411744350311
85, 8.499411744350311
90, 8.499411744350311
95, 8.504116650187719
100, 8.504116650187719
150, 7.833262411026456
200, 6.669332800213226
250, 6.554387843269576
300, 4.6303347611160905
350, 4.578209256903839
400, 4.481071300481616
450, 4.481071300481616
500, 4.481071300481616
550, 4.47213595499958
600, 4.47213595499958
650, 4.525483399593904
700, 4.560701700396552
750, 4.560701700396552
800, 4.551922670696417
850, 4.551922670696417
900, 4.560701700396552
950, 4.560701700396552
1000, 4.8083261120685235
1250, 4.8083261120685235
1500, 4.874423042781577
1750, 4.261455150532504
2000, 3.867815921162743
2250, 4.317406628984581
2500, 4.317406628984581
2750, 4.156921938165306
3000, 4.039801975344831
3250, 4.039801975344831
3500, 4.242640687119285
3750, 4.298837052040936
4000, 4.1085277168348275
4250, 4.1085277168348275
4500, 4.1085277168348275
4750, 3.4871191548325386
5000, 3.4871191548325386
5250, 3.6221540552549665
5500, 3.698648401781386
5750, 3.6221540552549665
6000, 3.6221540552549665
6250, 3.655133376499413
6500, 3.655133376499413
6750, 3.4292856398964493
7000, 3.4292856398964493
7250, 3.566510900025402
7500, 3.521363372331802
7750, 3.509985754956849
8000, 3.3226495451672298
8250, 3.370459909270543
8500, 3.370459909270543
8750, 3.334666400106613
9000, 3.334666400106613
9250, 3.666060555964672
9500, 3.2619012860600183
9750, 3.334666400106613
10000, 2.870540018881465
11000, 2.727636339397171
12000, 2.6832815729997477
13000, 2.85657137141714
14000, 2.898275349237888
15000, 2.9120439557122073
16000, 3.059411708155671
17000, 2.939387691339814
18000, 2.9664793948382653
19000, 2.9120439557122073
20000, 3.0854497241083023
21000, 2.6981475126464085
22000, 3.0724582991474434
23000, 2.8
24000, 2.7712812921102037
25000, 2.7712812921102037
26000, 3.046309242345563
27000, 3.046309242345563
28000, 3.237282811247729
29000, 2.979932885150268
30000, 2.842534080710379
31000, 2.842534080710379
32000, 2.7856776554368237
33000, 2.842534080710379
34000, 2.842534080710379
35000, 2.842534080710379
36000, 2.979932885150268
37000, 2.7129319932501073
38000, 2.6832815729997477
39000, 2.727636339397171
40000, 2.727636339397171
41000, 2.6981475126464085
42000, 2.6981475126464085
43000, 2.6981475126464085
44000, 2.6076809620810595
45000, 2.6076809620810595
46000, 2.4166091947189146
47000, 2.280350850198276
48000, 2.4
49000, 2.3151673805580453
50000, 2.3151673805580453
51000, 2.1540659228538015
52000, 2.5768197453450252
53000, 2.4819347291981715
54000, 2.3323807579381204
55000, 2.3323807579381204
56000, 2.3151673805580453
57000, 2.244994432064365
58000, 2.244994432064365
59000, 2.244994432064365
60000, 2.280350850198276
61000, 2.1540659228538015
62000, 2.172556098240043
63000, 2.262741699796952
64000, 2.262741699796952
65000, 2.262741699796952
66000, 2.262741699796952
67000, 2.0976176963403033
68000, 2.0
69000, 2.0199009876724157
70000, 2.0199009876724157
71000, 2.0976176963403033
72000, 2.0976176963403033
73000, 2.0976176963403033
74000, 2.172556098240043
75000, 2.3151673805580453
76000, 2.0976176963403033
77000, 1.9798989873223332
78000, 1.9183326093250879
79000, 2.244994432064365
80000, 1.9183326093250879
81000, 1.9183326093250879
82000, 1.8973665961010275
83000, 2.039607805437114
84000, 2.0199009876724157
85000, 2.0199009876724157
86000, 2.0199009876724157
87000, 2.0199009876724157
88000, 2.0199009876724157
89000, 1.9390719429665315
90000, 1.9183326093250879
91000, 1.9183326093250879
92000, 2.0
93000, 1.9390719429665315
94000, 2.0
95000, 2.0
96000, 2.0
97000, 2.039607805437114
98000, 2.0591260281974
99000, 2.0591260281974
100000, 2.0
