5.714017850864661
4.790615826801393
3.6674241641784495
2.8809720581775866
2.3345235059857505
1.9364916731037085
2.2693611435820435
2.1447610589527217
2.247220505424423
2.32379000772445
2.449489742783178
2.29128784747792
1.7175564037317668
1.7888543819998317
1.8303005217723127
1.746424919657298
1.760681686165901
1.4832396974191326
1.5
1.378404875209022
1.3038404810405297
1.161895003862225
1.1832159566199232
1.2449899597988732
1.0723805294763609
0.8660254037844386
0.8944271909999159
0.8366600265340756
0.9746794344808963
1.0723805294763609
1.140175425099138
1.224744871391589
1.224744871391589
1.1832159566199232
1.161895003862225
1.1832159566199232
1.378404875209022
1.1832159566199232
1.118033988749895
1.161895003862225
1.140175425099138
1.1832159566199232
1.1832159566199232
1.140175425099138
1.140175425099138
1.140175425099138
1.2649110640673518
1.3228756555322954
1.3038404810405297
1.4317821063276353
1.2041594578792296
1.284523257866513
1.0954451150103321
1.140175425099138
1.2041594578792296
1.224744871391589
1.2041594578792296
1.0723805294763609
1.0723805294763609
1.161895003862225
1.0723805294763609
1.0488088481701516
1.0723805294763609
1.0488088481701516
1.02469507659596
1.0488088481701516
1.0723805294763609
1.0488088481701516
1.0488088481701516
1.02469507659596
1.0723805294763609
1.0
1.118033988749895
1.140175425099138
0.9746794344808963
0.9486832980505138
0.9219544457292888
0.9219544457292888
0.8944271909999159
0.9746794344808963
0.7071067811865476
0.9219544457292888
0.9219544457292888
1.0
1.0
1.1832159566199232
1.118033988749895
1.118033988749895
1.0488088481701516
1.118033988749895
1.0954451150103321
1.0954451150103321
1.0954451150103321
1.118033988749895
1.140175425099138
1.118033988749895
0.9746794344808963
1.118033988749895
1.0488088481701516
1.0723805294763609
1.140175425099138
1.1832159566199232
1.1832159566199232
1.161895003862225
1.161895003862225
1.0723805294763609
0.9486832980505138
0.9219544457292888
0.9219544457292888
0.7745966692414834
0.8366600265340756
0.806225774829855
0.806225774829855
0.806225774829855
0.9486832980505138
0.8944271909999159
0.8944271909999159
0.7416198487095663
0.5916079783099616
0.6708203932499369
0.5477225575051661
0.5
0.5916079783099616
0.5477225575051661
0.7416198487095663
0.7416198487095663
0.7416198487095663
0.7745966692414834
0.8660254037844386
0.8660254037844386
0.806225774829855
0.8366600265340756
0.8660254037844386
0.8660254037844386
0.806225774829855
0.7416198487095663
0.7071067811865476
0.7071067811865476
0.7071067811865476
0.7071067811865476
0.7745966692414834
0.7745966692414834
0.7745966692414834
0.7071067811865476
0.7071067811865476
0.7745966692414834
0.7745966692414834
0.7745966692414834
0.7745966692414834
0.7745966692414834
0.7745966692414834
0.7745966692414834
0.7745966692414834
0.7416198487095663
0.7416198487095663
0.7071067811865476
0.7416198487095663
0.7416198487095663
0.7416198487095663
0.7416198487095663
0.7071067811865476
0.7745966692414834
0.6324555320336759
0.6324555320336759
0.7416198487095663
0.7416198487095663
0.7416198487095663
0.7416198487095663
0.8944271909999159
0.8944271909999159
0.9486832980505138
1.02469507659596
1.02469507659596
1.02469507659596
0.8660254037844386
0.7745966692414834
0.7745966692414834
0.7071067811865476
0.7745966692414834
0.7416198487095663
0.7745966692414834
0.6324555320336759
0.5477225575051661
0.5
0.4472135954999579
0.6708203932499369
0.4472135954999579
0.7071067811865476
0.5477225575051661
0.5477225575051661
0.5916079783099616
0.6324555320336759
0.6324555320336759
0.6324555320336759
0.6324555320336759
0.6708203932499369
0.6324555320336759
0.7416198487095663
0.7745966692414834
0.7071067811865476
0.7416198487095663
0.7416198487095663
0.7745966692414834
0.8366600265340756
0.7416198487095663
0.6324555320336759
0.6324555320336759
0.6708203932499369
0.7071067811865476
0.6324555320336759
0.7071067811865476
0.7071067811865476
0.7071067811865476
0.7071067811865476
0.7071067811865476
0.6708203932499369
0.7745966692414834
0.5916079783099616
0.5916079783099616
0.5916079783099616
0.5916079783099616
0.5916079783099616
0.7416198487095663
0.6708203932499369
0.6708203932499369
0.6324555320336759
0.7745966692414834
0.7416198487095663
0.7416198487095663
0.7071067811865476
0.7071067811865476
0.6708203932499369
0.7071067811865476
0.7071067811865476
0.7745966692414834
0.806225774829855
0.806225774829855
0.806225774829855
0.8366600265340756
0.8366600265340756
0.8366600265340756
0.8366600265340756
0.8366600265340756
0.806225774829855
0.806225774829855
0.806225774829855
0.6708203932499369
0.6708203932499369
0.6708203932499369
0.7416198487095663
0.7071067811865476
0.7745966692414834
0.806225774829855
0.806225774829855
0.806225774829855
0.806225774829855
0.806225774829855
0.8366600265340756
0.8366600265340756
0.8660254037844386
0.8660254037844386
0.8660254037844386
0.8660254037844386
0.8366600265340756
0.8366600265340756
0.806225774829855
0.806225774829855
0.8366600265340756
0.806225774829855
0.806225774829855
0.806225774829855
0.7745966692414834
0.7745966692414834
0.7416198487095663
0.6708203932499369
0.7071067811865476
0.7745966692414834
0.7745966692414834
0.806225774829855
0.806225774829855
0.7745966692414834
0.7745966692414834
0.7071067811865476
0.806225774829855
0.806225774829855
0.806225774829855
0.7071067811865476
0.806225774829855
0.806225774829855
0.7745966692414834
0.7745966692414834
0.7071067811865476
0.6708203932499369
0.6708203932499369
0.6708203932499369
0.6708203932499369
0.6708203932499369
0.6708203932499369
0.6708203932499369
0.6708203932499369
0.6708203932499369
0.6708203932499369
0.7071067811865476
0.6708203932499369
0.6708203932499369
0.6708203932499369
0.6708203932499369
0.6708203932499369
0.6324555320336759
0.5
0.6708203932499369
0.6324555320336759
0.7071067811865476
0.7071067811865476
0.6324555320336759
0.6324555320336759
0.6324555320336759
0.6324555320336759
0.6708203932499369
0.6708203932499369
0.7416198487095663
0.7416198487095663
0.7416198487095663
0.7745966692414834
0.7745966692414834
0.7745966692414834
0.7416198487095663
0.6324555320336759
0.6324555320336759
0.6324555320336759
0.6324555320336759
0.6324555320336759
0.6324555320336759
0.6324555320336759
0.6324555320336759
0.6324555320336759
0.6324555320336759
0.6324555320336759
0.5477225575051661
0.5477225575051661
0.5
0.5916079783099616
0.5916079783099616
0.5477225575051661
0.4472135954999579
0.4472135954999579
0.5916079783099616
0.5916079783099616
0.5916079783099616
0.6324555320336759
0.5477225575051661
0.5916079783099616
0.5916079783099616
0.5916079783099616
0.6708203932499369
0.6708203932499369
0.5477225575051661
0.5477225575051661
0.5477225575051661
0.5477225575051661
0.5916079783099616
0.5916079783099616
0.5916079783099616
0.5916079783099616
0.5916079783099616
0.5916079783099616
0.6324555320336759
0.5916079783099616
0.5916079783099616
0.5916079783099616
0.5477225575051661
0.5477225575051661
0.6324555320336759
0.6324555320336759
0.5477225575051661
0.5477225575051661
0.5477225575051661
0.5477225575051661
0.5477225575051661
0.5477225575051661
0.5477225575051661
0.5916079783099616
0.5916079783099616
0.5916079783099616
0.5916079783099616
0.5916079783099616
0.5916079783099616
0.5916079783099616
0.5916079783099616
0.5916079783099616
0.5477225575051661
0.5916079783099616
0.5916079783099616
0.5916079783099616
0.5916079783099616
0.5916079783099616
0.5916079783099616
0.5916079783099616
0.5916079783099616
0.5916079783099616
