1, 11.335784048754634
2, 10.821275340735028
3, 10.59245014149229
4, 10.540398474441087
5, 9.944847912361455
6, 9.818350166906862
7, 9.348796714016196
8, 9.359487165438072
9, 9.370165420097983
10, 8.54400374531753
15, 8.105553651663778
20, 7.54983443527075
25, 6.0
30, 6.156297588648554
35, 6.5038450166036395
40, 6.123724356957945
45, 6.0909769331364245
50, 5.770615218501403
55, 4.868264577855234
60, 4.8373546489791295
65, 4.888762624632126
70, 4.0
75, 3.924283374069717
80, 3.7682887362833544
85, 3.794733192202055
90, 3.420526275297414
95, 3.271085446759225
100, 2.932575659723036
150, 2.6267851073127395
200, 2.5099800796022267
250, 2.4698178070456938
300, 2.1908902300206643
350, 2.073644135332772
400, 1.9235384061671346
450, 2.258317958127243
500, 1.8708286933869707
550, 1.6431676725154984
600, 1.8973665961010275
650, 1.8973665961010275
700, 1.5811388300841898
750, 1.5811388300841898
800, 1.4142135623730951
850, 1.449137674618944
900, 1.7888543819998317
950, 1.7888543819998317
1000, 1.6431676725154984
1250, 1.5811388300841898
1500, 1.4832396974191326
1750, 1.3416407864998738
2000, 1.1832159566199232
2250, 1.4142135623730951
2500, 1.3038404810405297
2750, 1.1832159566199232
3000, 1.224744871391589
3250, 1.3416407864998738
3500, 1.4142135623730951
3750, 1.4142135623730951
4000, 1.3038404810405297
4250, 1.449137674618944
4500, 1.3416407864998738
4750, 1.140175425099138
5000, 1.140175425099138
5250, 1.1832159566199232
5500, 1.224744871391589
5750, 1.1832159566199232
6000, 1.0488088481701516
6250, 1.0488088481701516
6500, 0.7745966692414834
6750, 1.0488088481701516
7000, 1.1832159566199232
7250, 1.140175425099138
7500, 0.8366600265340756
7750, 0.9486832980505138
8000, 1.0
8250, 0.8366600265340756
8500, 0.8944271909999159
8750, 0.8366600265340756
9000, 0.7745966692414834
9250, 0.7745966692414834
9500, 0.7745966692414834
9750, 0.7745966692414834
10000, 0.7071067811865476
11000, 0.7071067811865476
12000, 0.7745966692414834
13000, 0.7071067811865476
14000, 0.8944271909999159
15000, 0.7745966692414834
16000, 0.8366600265340756
17000, 0.7071067811865476
18000, 0.7745966692414834
19000, 0.7745966692414834
20000, 0.7071067811865476
21000, 0.8366600265340756
22000, 0.7745966692414834
23000, 0.7745966692414834
24000, 0.7745966692414834
25000, 0.7071067811865476
26000, 0.7071067811865476
27000, 0.7071067811865476
28000, 0.7071067811865476
29000, 0.6324555320336759
30000, 0.6324555320336759
31000, 0.6324555320336759
32000, 0.31622776601683794
33000, 0.31622776601683794
34000, 0.31622776601683794
35000, 0.31622776601683794
36000, 0.6324555320336759
37000, 0.31622776601683794
38000, 0.6324555320336759
39000, 0.31622776601683794
40000, 0.31622776601683794
41000, 0.31622776601683794
42000, 0.31622776601683794
43000, 0.31622776601683794
44000, 0.31622776601683794
45000, 0.31622776601683794
46000, 0.31622776601683794
47000, 0.31622776601683794
48000, 0.31622776601683794
49000, 0.31622776601683794
50000, 0.0
51000, 0.0
52000, 0.31622776601683794
53000, 0.0
54000, 0.0
55000, 0.0
56000, 0.0
57000, 0.0
58000, 0.0
59000, 0.0
60000, 0.0
61000, 0.0
62000, 0.0
63000, 0.0
64000, 0.0
65000, 0.0
66000, 0.0
67000, 0.0
68000, 0.0
69000, 0.0
70000, 0.0
71000, 0.0
72000, 0.0
73000, 0.0
74000, 0.0
75000, 0.0
76000, 0.0
77000, 0.0
78000, 0.0
79000, 0.0
80000, 0.0
81000, 0.0
82000, 0.0
83000, 0.0
84000, 0.0
85000, 0.0
86000, 0.0
87000, 0.0
88000, 0.0
89000, 0.0
90000, 0.0
91000, 0.0
92000, 0.0
93000, 0.0
94000, 0.0
95000, 0.0
96000, 0.0
97000, 0.0
98000, 0.0
99000, 0.0
100000, 0.0
