1, 39.54743986657038
2, 39.1097357261773
3, 38.420232764967544
4, 38.267479666160405
5, 38.28576759058123
6, 38.15157738734871
7, 37.76619803853327
8, 37.43069786762121
9, 36.849888544122976
10, 36.547425158474375
15, 33.35737228431349
20, 32.89463699232966
25, 31.299018697533814
30, 29.690306258344418
35, 28.428858577157122
40, 28.306485879690946
45, 27.86292980185065
50, 27.5541026242658
55, 26.726658708381144
60, 27.120893369187844
65, 26.887065397962004
70, 26.719709151539377
75, 26.299375332070966
80, 25.069617354194186
85, 24.098014144619587
90, 23.406958672277657
95, 22.175275807593852
100, 19.873169277768888
150, 15.304527808089063
200, 13.014277873605918
250, 11.631238725334214
300, 12.074767078498866
350, 11.791037758762858
400, 10.252525821195755
450, 10.054139161843459
500, 9.665845613735584
550, 9.408203107622928
600, 8.928285709714139
650, 8.889801540449113
700, 8.493695140682714
750, 8.515532027670716
800, 8.513854255606816
850, 8.199303106275034
900, 8.364892621631707
950, 8.162632628544019
1000, 7.564956802822566
1250, 7.396910551999782
1500, 6.342599737376735
1750, 5.42744349184244
2000, 5.0990195135927845
2250, 5.011415539973283
2500, 4.626013402488151
2750, 4.732863826479693
3000, 4.714718594844387
3250, 4.786886849956422
3500, 4.459340117743239
3750, 4.272837799067834
4000, 4.239272174728649
4250, 4.20883424647321
4500, 4.239272174728649
4750, 4.326001122779063
5000, 4.014260294784796
5250, 4.174754056057845
5500, 3.8060102844992794
5750, 3.9351892312459746
6000, 3.9315573068623655
6250, 3.714835124201342
6500, 3.9206413469518697
6750, 3.5777087639996634
7000, 3.641035959331198
7250, 3.3466401061363023
7500, 3.3806170189140663
7750, 3.5173041624841845
8000, 3.5936451848068853
8250, 3.4475664294853385
8500, 3.3509060608395793
8750, 3.2293298729878046
9000, 3.1532296368734616
9250, 3.166791977470486
9500, 3.2160312720583337
9750, 3.0612789110808856
10000, 3.202677451312083
11000, 3.3932706514932924
12000, 3.093772546815388
13000, 3.070597894314954
14000, 2.9277002188455996
15000, 2.7307769694983985
16000, 2.65114530506561
17000, 2.6726124191242437
18000, 2.7516228977511745
19000, 2.833473385894321
20000, 2.756809750418044
21000, 2.7097706808616007
22000, 2.715037489875337
23000, 2.8834503141697647
24000, 2.7825989906663056
25000, 2.756809750418044
26000, 2.7877282097486784
27000, 2.6886002731107927
28000, 2.7516228977511745
29000, 2.656528346760647
30000, 2.5746012173871566
31000, 2.3784749015162756
32000, 2.29906813420444
33000, 2.3724610489050035
34000, 2.104417123236605
35000, 1.9493588689617927
36000, 1.7320508075688772
37000, 1.9712215212183246
38000, 2.3421601750764798
39000, 1.9566735620873066
40000, 1.9346465162548798
41000, 1.8822478962286404
42000, 2.0632844828435215
43000, 2.0632844828435215
44000, 1.9048809486609468
45000, 2.0632844828435215
46000, 2.090796157311509
47000, 2.138089935299395
48000, 2.1908902300206643
49000, 2.280350850198276
50000, 2.1447610589527217
51000, 2.02837021134844
52000, 2.1111946516469904
53000, 2.311462122306386
54000, 2.0
55000, 2.1712405933672376
56000, 2.138089935299395
57000, 2.042407542932745
58000, 2.23606797749979
59000, 2.0770858707058104
60000, 2.1712405933672376
61000, 2.164651077128664
62000, 2.2232537288526344
63000, 1.9493588689617927
64000, 2.007130147392398
65000, 1.8746428231227714
66000, 1.9346465162548798
67000, 1.9198214202665531
68000, 1.9346465162548798
69000, 1.867006771737662
70000, 1.8593393604027366
71000, 1.867006771737662
72000, 1.780850519113991
73000, 1.9346465162548798
74000, 1.9712215212183246
75000, 1.9566735620873066
76000, 1.8973665961010275
77000, 1.8361450300639575
78000, 1.9346465162548798
79000, 1.9566735620873066
80000, 1.9346465162548798
81000, 1.7647338933351153
82000, 1.8593393604027366
83000, 1.804755622554715
84000, 1.7237832147426693
85000, 1.780850519113991
86000, 1.7154757774032086
87000, 1.7888543819998317
88000, 1.8973665961010275
89000, 1.9123657749350298
90000, 1.992844341996778
91000, 1.9123657749350298
92000, 1.8439088914585775
93000, 1.820517979665599
94000, 1.7888543819998317
95000, 1.7888543819998317
96000, 1.7647338933351153
97000, 1.7154757774032086
98000, 1.7320508075688772
99000, 1.6733200530681511
100000, 1.7647338933351153
