1, 28.0349781523011
2, 27.71425625918906
3, 26.936220967314622
4, 26.306653150866605
5, 26.07297451385246
6, 25.639032743065798
7, 25.6865723676788
8, 24.9110417285187
9, 24.399180314100718
10, 23.852043937574823
15, 22.59557478799776
20, 20.80672968056249
25, 18.973665961010276
30, 17.530544771911682
35, 16.446276174259022
40, 15.8025314427784
45, 15.295751043999115
50, 14.706461165079789
55, 14.27585373979434
60, 14.601369798755183
65, 14.381933110677437
70, 12.69803134347998
75, 12.577758146824099
80, 11.72006825918689
85, 11.914696806885184
90, 11.489125293076057
95, 11.98999582985749
100, 11.030865786510141
150, 9.64157663455516
200, 9.514199913813037
250, 8.044874144447506
300, 7.329392880723478
350, 6.443601477434805
400, 6.04979338490167
450, 5.813776741499453
500, 5.632051136131489
550, 5.2115256883181535
600, 4.8083261120685235
650, 4.569463863518345
700, 4.298837052040936
750, 5.03189825016365
800, 4.898979485566356
850, 4.494441010848846
900, 4.219004621945797
950, 4.507771067833858
1000, 4.252058325093859
1250, 3.4
1500, 3.82099463490856
1750, 3.352610922848042
2000, 3.104834939252005
2250, 3.0659419433511785
2500, 3.4698703145794942
2750, 3.588871688985272
3000, 3.676955262170047
3250, 3.1432467291003423
3500, 3.0659419433511785
3750, 2.8844410203711917
4000, 3.0854497241083023
4250, 2.835489375751565
4500, 2.6981475126464085
4750, 2.7712812921102037
5000, 2.7129319932501073
5250, 2.792848008753788
5500, 2.835489375751565
5750, 2.835489375751565
6000, 2.6981475126464085
6250, 2.7422618401604177
6500, 2.814249455894058
6750, 2.4819347291981715
7000, 2.569046515733026
7250, 2.6381811916545836
7500, 2.7129319932501073
7750, 2.6907248094147422
8000, 2.3832750575625967
8250, 2.4899799195977463
8500, 2.615339366124404
8750, 2.32379000772445
9000, 2.4979991993593593
9250, 2.545584412271571
9500, 2.4657656011875906
9750, 2.3065125189341593
10000, 2.4
11000, 2.06881608655772
12000, 2.039607805437114
13000, 2.1354156504062622
14000, 2.04939015319192
15000, 2.029778313018444
16000, 1.624807680927192
17000, 1.7204650534085253
18000, 1.61245154965971
19000, 1.6492422502470643
20000, 1.5874507866387544
21000, 1.5874507866387544
22000, 1.5748015748023623
23000, 1.3564659966250536
24000, 1.3564659966250536
25000, 1.3564659966250536
26000, 1.2489995996796797
27000, 1.2649110640673518
28000, 1.3416407864998738
29000, 1.3856406460551018
30000, 1.5099668870541498
31000, 1.5748015748023623
32000, 1.3564659966250536
33000, 1.3266499161421599
34000, 1.3564659966250536
35000, 1.3416407864998738
36000, 1.3114877048604001
37000, 1.2489995996796797
38000, 1.3114877048604001
39000, 1.2806248474865698
40000, 1.3416407864998738
41000, 1.2489995996796797
42000, 1.3114877048604001
43000, 1.2
44000, 1.296148139681572
45000, 1.2
46000, 1.0954451150103321
47000, 1.2
48000, 1.2806248474865698
49000, 1.1135528725660044
50000, 1.2806248474865698
51000, 1.2649110640673518
52000, 1.296148139681572
53000, 1.296148139681572
54000, 1.2489995996796797
55000, 1.1135528725660044
56000, 1.1661903789690602
57000, 1.1832159566199232
58000, 1.0770329614269007
59000, 1.1661903789690602
60000, 1.1832159566199232
61000, 1.1489125293076057
62000, 1.019803902718557
63000, 1.1489125293076057
64000, 1.0
65000, 0.9797958971132712
66000, 0.9797958971132712
67000, 0.8
68000, 0.8
69000, 0.916515138991168
70000, 0.916515138991168
71000, 0.8
72000, 0.8246211251235321
73000, 0.916515138991168
74000, 0.8944271909999159
75000, 0.848528137423857
76000, 0.8
77000, 0.7745966692414834
78000, 0.8246211251235321
79000, 0.938083151964686
80000, 0.8944271909999159
81000, 0.8717797887081347
82000, 0.848528137423857
83000, 0.848528137423857
84000, 0.8717797887081347
85000, 0.9797958971132712
86000, 0.9797958971132712
87000, 0.9797958971132712
88000, 0.8944271909999159
89000, 0.848528137423857
90000, 0.8
91000, 0.848528137423857
92000, 0.7745966692414834
93000, 0.7211102550927979
94000, 0.7211102550927979
95000, 0.7745966692414834
96000, 0.9797958971132712
97000, 1.0
98000, 1.019803902718557
99000, 0.8944271909999159
100000, 0.8
