1, 28.343605980891
2, 28.25030973281532
3, 27.681762949638884
4, 27.58912829358695
5, 27.13374283065276
6, 27.19705866449532
7, 27.29395537477117
8, 26.582701141908057
9, 26.443902888945875
10, 25.84646977828887
15, 25.702139988724674
20, 25.306125740618615
25, 23.52020408074726
30, 22.676860452893386
35, 21.803669415949233
40, 20.859530196051875
45, 20.827865949251738
50, 20.78942038634074
55, 20.26622806542944
60, 19.859506539690255
65, 20.1544039852336
70, 19.620397549489155
75, 19.285227507084276
80, 19.245778757951054
85, 18.50513442264065
90, 18.551549800488367
95, 18.806381895516214
100, 18.690104333577167
150, 17.189531698100446
200, 16.412190591142913
250, 15.571769327857384
300, 14.503792607452715
350, 14.065560778013793
400, 13.215142829345432
450, 12.82653499585917
500, 11.496086290559932
550, 11.166019881766287
600, 9.64779767615387
650, 9.38083151964686
700, 9.16951470907812
750, 9.06642156531451
800, 8.692525524840292
850, 8.874683092933516
900, 8.681013765684282
950, 9.252026804976301
1000, 8.333066662399863
1250, 7.937253933193772
1500, 7.435052118176443
1750, 7.704544113703289
2000, 8.087026647662292
2250, 7.332121111929344
2500, 7.386474125047755
2750, 6.6211781428987395
3000, 6.846897107449476
3250, 6.705221845696084
3500, 6.216108107168021
3750, 5.885575587824865
4000, 5.837807807730569
4250, 5.817215828899595
4500, 5.7236352085016735
4750, 5.477225575051661
5000, 5.656854249492381
5250, 5.617828762075256
5500, 5.238320341483518
5750, 5.291502622129181
6000, 5.1613951602255765
6250, 5.310367218940701
6500, 5.063595560468865
6750, 5.067543783727971
7000, 4.64327470649756
7250, 4.866210024238575
7500, 4.686149805543993
7750, 4.824935232725927
8000, 4.591296113299598
8250, 4.3954521951671826
8500, 4.377213725647858
8750, 4.156921938165306
9000, 4.381780460041329
9250, 4.166533331199932
9500, 3.5832945734337835
9750, 3.752332607858744
10000, 3.676955262170047
11000, 3.5832945734337835
12000, 3.82099463490856
13000, 3.8314488121336034
14000, 3.3645207682521443
15000, 3.334666400106613
16000, 3.3286633954186478
17000, 2.946183972531247
18000, 2.986636904613616
19000, 3.212475680841802
20000, 3.2
21000, 3.2310988842807022
22000, 3.0789608636681307
23000, 3.2062439083762793
24000, 2.9664793948382653
25000, 2.932575659723036
26000, 2.986636904613616
27000, 3.111269837220809
28000, 3.0528675044947495
29000, 3.212475680841802
30000, 3.0397368307141326
31000, 3.3645207682521443
32000, 3.370459909270543
33000, 2.8
34000, 3.1622776601683795
35000, 2.932575659723036
36000, 2.835489375751565
37000, 3.0919249667480613
38000, 2.8495613697550013
39000, 2.6981475126464085
40000, 2.8635642126552705
41000, 2.778488797889961
42000, 2.8844410203711917
43000, 2.925747767665559
44000, 2.9189039038652846
45000, 3.0659419433511785
46000, 3.0528675044947495
47000, 2.973213749463701
48000, 2.891366458960192
49000, 3.0854497241083023
50000, 3.0789608636681307
51000, 3.1937438845342623
52000, 2.925747767665559
53000, 2.756809750418044
54000, 2.5377155080899043
55000, 2.6381811916545836
56000, 2.705549851693737
57000, 2.8635642126552705
58000, 2.5768197453450252
59000, 2.842534080710379
60000, 2.6076809620810595
61000, 2.6
62000, 2.778488797889961
63000, 2.6
64000, 2.3916521486202797
65000, 2.4413111231467406
66000, 2.3065125189341593
67000, 2.23606797749979
68000, 2.3151673805580453
69000, 2.340939982143925
70000, 2.227105745132009
71000, 2.1447610589527217
72000, 2.1447610589527217
73000, 2.1260291625469296
74000, 2.1540659228538015
75000, 2.1260291625469296
76000, 2.1540659228538015
77000, 2.1071307505705477
78000, 2.2715633383201093
79000, 2.3323807579381204
80000, 2.2
81000, 2.1908902300206643
82000, 2.172556098240043
83000, 2.181742422927143
84000, 2.181742422927143
85000, 1.9798989873223332
86000, 2.04939015319192
87000, 2.0199009876724157
88000, 2.08806130178211
89000, 2.0976176963403033
90000, 2.0591260281974
91000, 2.1260291625469296
92000, 1.98997487421324
93000, 2.0
94000, 2.0199009876724157
95000, 1.8
96000, 2.04939015319192
97000, 1.9390719429665315
98000, 2.06881608655772
99000, 2.0976176963403033
100000, 2.039607805437114
