1, 3.4641016151377544
2, 3.271085446759225
3, 3.146426544510455
4, 3.146426544510455
5, 3.146426544510455
6, 2.8460498941515415
7, 3.8340579025361627
8, 3.5777087639996634
9, 3.6742346141747673
10, 3.1780497164141406
15, 4.219004621945797
20, 3.8600518131237567
25, 3.4351128074635335
30, 3.8340579025361627
35, 2.898275349237888
40, 2.7202941017470885
45, 2.4899799195977463
50, 2.0
55, 2.1908902300206643
60, 2.280350850198276
65, 2.32379000772445
70, 2.0976176963403033
75, 2.2135943621178655
80, 2.4698178070456938
85, 2.9154759474226504
90, 2.8284271247461903
95, 2.5495097567963922
100, 2.345207879911715
150, 2.588435821108957
200, 2.1908902300206643
250, 1.7320508075688772
300, 1.5811388300841898
350, 1.4832396974191326
400, 1.3038404810405297
450, 1.3038404810405297
500, 0.7745966692414834
550, 1.1832159566199232
600, 1.1832159566199232
650, 0.8366600265340756
700, 0.7745966692414834
750, 0.7745966692414834
800, 1.140175425099138
850, 1.0954451150103321
900, 1.0
950, 0.9486832980505138
1000, 0.4472135954999579
1250, 1.140175425099138
1500, 1.140175425099138
1750, 0.7071067811865476
2000, 0.9486832980505138
2250, 0.7745966692414834
2500, 0.9486832980505138
2750, 0.6324555320336759
3000, 0.7071067811865476
3250, 0.8366600265340756
3500, 0.6324555320336759
3750, 0.8366600265340756
4000, 0.8366600265340756
4250, 0.8366600265340756
4500, 0.8944271909999159
4750, 0.8944271909999159
5000, 0.7745966692414834
5250, 0.7071067811865476
5500, 0.8366600265340756
5750, 0.7071067811865476
6000, 0.7745966692414834
6250, 0.7071067811865476
6500, 0.5477225575051661
6750, 0.31622776601683794
7000, 0.31622776601683794
7250, 0.31622776601683794
7500, 0.4472135954999579
7750, 0.31622776601683794
8000, 0.4472135954999579
8250, 0.31622776601683794
8500, 0.6324555320336759
8750, 0.5477225575051661
9000, 0.4472135954999579
9250, 0.5477225575051661
9500, 0.4472135954999579
9750, 0.4472135954999579
10000, 0.4472135954999579
11000, 0.5477225575051661
12000, 0.4472135954999579
13000, 0.31622776601683794
14000, 0.4472135954999579
15000, 0.4472135954999579
16000, 0.31622776601683794
17000, 0.31622776601683794
18000, 0.31622776601683794
19000, 0.31622776601683794
20000, 0.31622776601683794
21000, 0.31622776601683794
22000, 0.31622776601683794
23000, 0.31622776601683794
24000, 0.4472135954999579
25000, 0.4472135954999579
26000, 0.4472135954999579
27000, 0.31622776601683794
28000, 0.0
29000, 0.0
30000, 0.31622776601683794
31000, 0.31622776601683794
32000, 0.4472135954999579
33000, 0.31622776601683794
34000, 0.31622776601683794
35000, 0.31622776601683794
36000, 0.31622776601683794
37000, 0.31622776601683794
38000, 0.0
39000, 0.31622776601683794
40000, 0.31622776601683794
41000, 0.31622776601683794
42000, 0.31622776601683794
43000, 0.31622776601683794
44000, 0.31622776601683794
45000, 0.31622776601683794
46000, 0.31622776601683794
47000, 0.31622776601683794
48000, 0.31622776601683794
49000, 0.31622776601683794
50000, 0.31622776601683794
51000, 0.31622776601683794
52000, 0.31622776601683794
53000, 0.31622776601683794
54000, 0.31622776601683794
55000, 0.31622776601683794
56000, 0.31622776601683794
57000, 0.31622776601683794
58000, 0.0
59000, 0.0
60000, 0.0
61000, 0.0
62000, 0.0
63000, 0.0
64000, 0.0
65000, 0.0
66000, 0.0
67000, 0.0
68000, 0.0
69000, 0.0
70000, 0.0
71000, 0.0
72000, 0.0
73000, 0.0
74000, 0.31622776601683794
75000, 0.31622776601683794
76000, 0.31622776601683794
77000, 0.31622776601683794
78000, 0.31622776601683794
79000, 0.31622776601683794
80000, 0.31622776601683794
81000, 0.31622776601683794
82000, 0.31622776601683794
83000, 0.31622776601683794
84000, 0.0
85000, 0.0
86000, 0.0
87000, 0.0
88000, 0.0
89000, 0.0
90000, 0.0
91000, 0.0
92000, 0.0
93000, 0.0
94000, 0.0
95000, 0.0
96000, 0.0
97000, 0.0
98000, 0.0
99000, 0.0
100000, 0.0
