1, 16.451950239004088
2, 15.609825965290794
3, 14.85260919838666
4, 14.843629385474879
5, 14.229078208607424
6, 13.525284963110142
7, 13.5400640077266
8, 13.525284963110142
9, 13.5400640077266
10, 13.525284963110142
15, 12.58040804849615
20, 11.24870362901136
25, 10.74554171117802
30, 9.4798030921885
35, 9.212310604113751
40, 8.082903768654761
45, 8.099382692526634
50, 6.582805886043833
55, 6.708203932499369
60, 6.434283176858165
65, 6.470445631227162
70, 6.239658110292048
75, 6.4031242374328485
80, 6.2289646009589745
85, 6.0882400303098
90, 6.016643582596529
95, 6.04979338490167
100, 6.060803027102377
150, 5.354126134736337
200, 3.958114029012639
250, 3.2761766334148303
300, 2.932575659723036
350, 2.74469184669852
400, 2.23606797749979
450, 2.1908902300206643
500, 2.1134489978863145
550, 1.8257418583505538
600, 1.8073922282301278
650, 1.591644851508443
700, 1.5491933384829668
750, 1.390443574307614
800, 1.4832396974191326
850, 1.4605934866804429
900, 1.4605934866804429
950, 1.3165611772087666
1000, 1.3165611772087666
1250, 1.0954451150103321
1500, 1.1254628677422756
1750, 0.8944271909999159
2000, 0.8944271909999159
2250, 0.8563488385776752
2500, 0.8563488385776752
2750, 0.8563488385776752
3000, 0.5773502691896257
3250, 0.5163977794943222
3500, 0.5163977794943222
3750, 0.5163977794943222
4000, 0.5163977794943222
4250, 0.5163977794943222
4500, 0.5163977794943222
4750, 0.5163977794943222
5000, 0.3651483716701107
5250, 0.3651483716701107
5500, 0.3651483716701107
5750, 0.3651483716701107
6000, 0.3651483716701107
6250, 0.3651483716701107
6500, 0.2581988897471611
6750, 0.2581988897471611
7000, 0.2581988897471611
7250, 0.2581988897471611
7500, 0.2581988897471611
7750, 0.2581988897471611
8000, 0.2581988897471611
8250, 0.2581988897471611
8500, 0.2581988897471611
8750, 0.2581988897471611
9000, 0.2581988897471611
9250, 0.2581988897471611
9500, 0.2581988897471611
9750, 0.2581988897471611
10000, 0.2581988897471611
11000, 0.2581988897471611
12000, 0.2581988897471611
13000, 0.2581988897471611
14000, 0.2581988897471611
15000, 0.2581988897471611
16000, 0.2581988897471611
17000, 0.2581988897471611
18000, 0.2581988897471611
19000, 0.2581988897471611
20000, 0.2581988897471611
21000, 0.2581988897471611
22000, 0.2581988897471611
23000, 0.2581988897471611
24000, 0.2581988897471611
25000, 0.2581988897471611
26000, 0.2581988897471611
27000, 0.2581988897471611
28000, 0.2581988897471611
29000, 0.2581988897471611
30000, 0.2581988897471611
31000, 0.2581988897471611
32000, 0.2581988897471611
33000, 0.2581988897471611
34000, 0.2581988897471611
35000, 0.2581988897471611
36000, 0.2581988897471611
37000, 0.2581988897471611
38000, 0.2581988897471611
39000, 0.2581988897471611
40000, 0.2581988897471611
41000, 0.2581988897471611
42000, 0.2581988897471611
43000, 0.2581988897471611
44000, 0.2581988897471611
45000, 0.2581988897471611
46000, 0.2581988897471611
47000, 0.2581988897471611
48000, 0.2581988897471611
49000, 0.2581988897471611
50000, 0.2581988897471611
51000, 0.2581988897471611
52000, 0.2581988897471611
53000, 0.2581988897471611
54000, 0.2581988897471611
55000, 0.2581988897471611
56000, 0.2581988897471611
57000, 0.2581988897471611
58000, 0.0
59000, 0.0
60000, 0.0
61000, 0.0
62000, 0.0
63000, 0.0
64000, 0.0
65000, 0.0
66000, 0.0
67000, 0.0
68000, 0.0
69000, 0.2581988897471611
70000, 0.2581988897471611
71000, 0.2581988897471611
72000, 0.2581988897471611
73000, 0.2581988897471611
74000, 0.2581988897471611
75000, 0.2581988897471611
76000, 0.2581988897471611
77000, 0.2581988897471611
78000, 0.2581988897471611
79000, 0.2581988897471611
80000, 0.2581988897471611
81000, 0.2581988897471611
82000, 0.2581988897471611
83000, 0.2581988897471611
84000, 0.2581988897471611
85000, 0.2581988897471611
86000, 0.2581988897471611
87000, 0.2581988897471611
88000, 0.2581988897471611
89000, 0.2581988897471611
90000, 0.2581988897471611
91000, 0.2581988897471611
92000, 0.2581988897471611
93000, 0.2581988897471611
94000, 0.2581988897471611
95000, 0.2581988897471611
96000, 0.2581988897471611
97000, 0.2581988897471611
98000, 0.2581988897471611
99000, 0.2581988897471611
100000, 0.2581988897471611
