1, 13.70255450636851
2, 13.081284340614266
3, 12.499599993599796
4, 11.963277142990545
5, 11.933147112141038
6, 11.93984924527944
7, 11.892854997854805
8, 11.852425912023243
9, 10.983624174196784
10, 10.979981785048643
15, 8.541662601625049
20, 7.615773105863909
25, 6.8527366796047255
30, 6.835202996254025
35, 6.823488843692792
40, 6.729041536504289
45, 6.151422599691879
50, 5.469917732470938
55, 5.083306010855534
60, 5.106858133921482
65, 5.0039984012787215
70, 4.995998398718719
75, 4.445222154178574
80, 3.939543120718442
85, 3.8262252939417984
90, 3.676955262170047
95, 3.676955262170047
100, 3.63318042491699
150, 3.4871191548325386
200, 2.814249455894058
250, 2.3323807579381204
300, 2.209072203437452
350, 1.9183326093250879
400, 1.7663521732655694
450, 1.7435595774162693
500, 1.697056274847714
550, 1.624807680927192
600, 1.624807680927192
650, 1.624807680927192
700, 1.5491933384829668
750, 1.5491933384829668
800, 1.5748015748023623
850, 1.5748015748023623
900, 1.5748015748023623
950, 1.5748015748023623
1000, 1.5491933384829668
1250, 1.5491933384829668
1500, 1.5231546211727816
1750, 1.4966629547095767
2000, 1.4966629547095767
2250, 1.3856406460551018
2500, 1.3266499161421599
2750, 1.3266499161421599
3000, 1.3266499161421599
3250, 1.2328828005937953
3500, 1.2328828005937953
3750, 1.2328828005937953
4000, 1.2
4250, 1.2
4500, 1.2
4750, 1.2
5000, 1.2
5250, 0.9797958971132712
5500, 0.9797958971132712
5750, 0.9797958971132712
6000, 0.9797958971132712
6250, 0.6928203230275509
6500, 0.6928203230275509
6750, 0.6928203230275509
7000, 0.565685424949238
7250, 0.565685424949238
7500, 0.565685424949238
7750, 0.4898979485566356
8000, 0.4898979485566356
8250, 0.4898979485566356
8500, 0.4898979485566356
8750, 0.4898979485566356
9000, 0.4898979485566356
9250, 0.4898979485566356
9500, 0.4898979485566356
9750, 0.4898979485566356
10000, 0.4898979485566356
11000, 0.4898979485566356
12000, 0.4898979485566356
13000, 0.4898979485566356
14000, 0.4898979485566356
15000, 0.282842712474619
16000, 0.282842712474619
17000, 0.282842712474619
18000, 0.282842712474619
19000, 0.282842712474619
20000, 0.282842712474619
21000, 0.282842712474619
22000, 0.282842712474619
23000, 0.4898979485566356
24000, 0.4898979485566356
25000, 0.4898979485566356
26000, 0.4898979485566356
27000, 0.4898979485566356
28000, 0.4898979485566356
29000, 0.4898979485566356
30000, 0.4898979485566356
31000, 0.4898979485566356
32000, 0.4898979485566356
33000, 0.4898979485566356
34000, 0.4898979485566356
35000, 0.4898979485566356
36000, 0.4898979485566356
37000, 0.4898979485566356
38000, 0.4898979485566356
39000, 0.4898979485566356
40000, 0.4898979485566356
41000, 0.4898979485566356
42000, 0.565685424949238
43000, 0.565685424949238
44000, 0.565685424949238
45000, 0.565685424949238
46000, 0.565685424949238
47000, 0.565685424949238
48000, 0.565685424949238
49000, 0.565685424949238
50000, 0.565685424949238
51000, 0.565685424949238
52000, 0.565685424949238
53000, 0.565685424949238
54000, 0.565685424949238
55000, 0.565685424949238
56000, 0.4898979485566356
57000, 0.4898979485566356
58000, 0.4898979485566356
59000, 0.4898979485566356
60000, 0.4898979485566356
61000, 0.4898979485566356
62000, 0.4898979485566356
63000, 0.4898979485566356
64000, 0.4898979485566356
65000, 0.4898979485566356
66000, 0.4898979485566356
67000, 0.282842712474619
68000, 0.282842712474619
69000, 0.282842712474619
70000, 0.282842712474619
71000, 0.282842712474619
72000, 0.4898979485566356
73000, 0.4898979485566356
74000, 0.4898979485566356
75000, 0.4898979485566356
76000, 0.565685424949238
77000, 0.565685424949238
78000, 0.565685424949238
79000, 0.4898979485566356
80000, 0.4898979485566356
81000, 0.4898979485566356
82000, 0.565685424949238
83000, 0.565685424949238
84000, 0.565685424949238
85000, 0.565685424949238
86000, 0.565685424949238
87000, 0.565685424949238
88000, 0.565685424949238
89000, 0.565685424949238
90000, 0.565685424949238
91000, 0.565685424949238
92000, 0.565685424949238
93000, 0.565685424949238
94000, 0.565685424949238
95000, 0.565685424949238
96000, 0.565685424949238
97000, 0.565685424949238
98000, 0.565685424949238
99000, 0.565685424949238
100000, 0.4898979485566356
