1, 7.788880963698615
2, 7.788880963698615
3, 7.788880963698615
4, 7.788880963698615
5, 7.788880963698615
6, 7.788880963698615
7, 6.96658692139367
8, 6.96658692139367
9, 6.96658692139367
10, 7.0898989179442236
15, 7.0898989179442236
20, 7.0898989179442236
25, 7.0898989179442236
30, 6.44980619863884
35, 6.439461675223067
40, 6.439461675223067
45, 6.303438215238834
50, 6.303438215238834
55, 6.303438215238834
60, 6.303438215238834
65, 6.303438215238834
70, 6.303438215238834
75, 6.303438215238834
80, 6.303438215238834
85, 6.303438215238834
90, 6.303438215238834
95, 6.303438215238834
100, 6.303438215238834
150, 6.303438215238834
200, 6.303438215238834
250, 6.303438215238834
300, 6.1752192943516855
350, 6.1752192943516855
400, 6.1752192943516855
450, 6.1752192943516855
500, 6.1752192943516855
550, 6.303438215238834
600, 6.303438215238834
650, 6.303438215238834
700, 6.303438215238834
750, 6.303438215238834
800, 6.303438215238834
850, 6.303438215238834
900, 6.303438215238834
950, 6.303438215238834
1000, 6.303438215238834
1250, 6.303438215238834
1500, 6.303438215238834
1750, 6.303438215238834
2000, 6.303438215238834
2250, 6.303438215238834
2500, 6.303438215238834
2750, 6.303438215238834
3000, 6.303438215238834
3250, 6.303438215238834
3500, 6.303438215238834
3750, 6.1752192943516855
4000, 6.303438215238834
4250, 6.1752192943516855
4500, 6.1752192943516855
4750, 6.1752192943516855
5000, 6.1752192943516855
5250, 6.1752192943516855
5500, 6.1752192943516855
5750, 6.1752192943516855
6000, 6.303438215238834
6250, 6.303438215238834
6500, 6.1752192943516855
6750, 6.1752192943516855
7000, 6.1752192943516855
7250, 6.1752192943516855
7500, 6.1752192943516855
7750, 6.1752192943516855
8000, 6.1752192943516855
8250, 6.1752192943516855
8500, 6.303438215238834
8750, 6.1752192943516855
9000, 6.1752192943516855
9250, 6.1752192943516855
9500, 6.1752192943516855
9750, 6.1752192943516855
10000, 6.1752192943516855
11000, 6.1752192943516855
12000, 6.1752192943516855
13000, 6.1752192943516855
14000, 6.303438215238834
15000, 6.1752192943516855
16000, 6.303438215238834
17000, 6.303438215238834
18000, 6.1752192943516855
19000, 6.1752192943516855
20000, 6.1752192943516855
21000, 6.1752192943516855
22000, 6.1752192943516855
23000, 6.1752192943516855
24000, 6.1752192943516855
25000, 6.1752192943516855
26000, 6.1752192943516855
27000, 6.1752192943516855
28000, 6.1752192943516855
29000, 6.1752192943516855
30000, 6.1752192943516855
31000, 6.1752192943516855
32000, 6.1752192943516855
33000, 6.1752192943516855
34000, 6.1752192943516855
35000, 6.1752192943516855
36000, 6.1752192943516855
37000, 6.1752192943516855
38000, 6.1752192943516855
39000, 6.1752192943516855
40000, 6.1752192943516855
41000, 6.1752192943516855
42000, 6.1752192943516855
43000, 6.1752192943516855
44000, 6.1752192943516855
45000, 6.1752192943516855
46000, 6.1752192943516855
47000, 6.1752192943516855
48000, 6.1752192943516855
49000, 6.1752192943516855
50000, 6.1752192943516855
51000, 6.1752192943516855
52000, 6.1752192943516855
53000, 6.1752192943516855
54000, 6.1752192943516855
55000, 6.1752192943516855
56000, 6.1752192943516855
57000, 6.1752192943516855
58000, 6.1752192943516855
59000, 6.1752192943516855
60000, 6.1752192943516855
61000, 6.1752192943516855
62000, 6.1752192943516855
63000, 6.1752192943516855
64000, 6.1752192943516855
65000, 6.1752192943516855
66000, 6.1752192943516855
67000, 6.1752192943516855
68000, 6.1752192943516855
69000, 6.1752192943516855
70000, 6.1752192943516855
71000, 6.1752192943516855
72000, 6.1752192943516855
73000, 6.1752192943516855
74000, 6.1752192943516855
75000, 6.1752192943516855
76000, 6.1752192943516855
77000, 6.1752192943516855
78000, 6.1752192943516855
79000, 6.1752192943516855
80000, 6.1752192943516855
81000, 6.1752192943516855
82000, 6.1752192943516855
83000, 6.1752192943516855
84000, 6.1752192943516855
85000, 6.1752192943516855
86000, 6.1752192943516855
87000, 6.1752192943516855
88000, 6.1752192943516855
89000, 6.1752192943516855
90000, 6.1752192943516855
91000, 6.1752192943516855
92000, 6.1752192943516855
93000, 6.1752192943516855
94000, 6.1752192943516855
95000, 6.1752192943516855
96000, 6.1752192943516855
97000, 6.1752192943516855
98000, 6.1752192943516855
99000, 6.1752192943516855
100000, 6.1752192943516855
