1, 13.827508813954884
2, 13.013838787997953
3, 12.680693987317888
4, 12.396773773849388
5, 11.879393923933998
6, 11.142710621747295
7, 11.045361017187261
8, 10.174477873581523
9, 10.174477873581523
10, 10.087616170334794
15, 9.457272334029511
20, 9.21737489744233
25, 8.212186067059124
30, 7.49933330370107
35, 7.615773105863909
40, 7.515317691222374
45, 7.244308110509933
50, 6.0
55, 5.851495535331118
60, 5.699122739510003
65, 5.81033561853358
70, 6.072890580275591
75, 5.2
80, 5.230678732248808
85, 4.8
90, 4.656178690729126
95, 4.749736834815167
100, 4.48998886412873
150, 3.698648401781386
200, 3.6441734316577197
250, 2.9120439557122073
300, 2.3323807579381204
350, 1.7663521732655694
400, 1.697056274847714
450, 1.697056274847714
500, 1.7204650534085253
550, 1.7435595774162693
600, 1.2
650, 1.1661903789690602
700, 1.4142135623730951
750, 1.3856406460551018
800, 1.3266499161421599
850, 1.0583005244258363
900, 0.9797958971132712
950, 0.9797958971132712
1000, 1.019803902718557
1250, 0.6928203230275509
1500, 0.4
1750, 0.282842712474619
2000, 0.0
2250, 0.0
2500, 0.0
2750, 0.0
3000, 0.0
3250, 0.0
3500, 0.0
3750, 0.0
4000, 0.0
4250, 0.0
4500, 0.0
4750, 0.0
5000, 0.0
5250, 0.0
5500, 0.0
5750, 0.0
6000, 0.0
6250, 0.0
6500, 0.0
6750, 0.0
7000, 0.0
7250, 0.0
7500, 0.0
7750, 0.0
8000, 0.0
8250, 0.0
8500, 0.0
8750, 0.0
9000, 0.0
9250, 0.0
9500, 0.0
9750, 0.0
10000, 0.0
11000, 0.0
12000, 0.0
13000, 0.0
14000, 0.0
15000, 0.0
16000, 0.0
17000, 0.0
18000, 0.0
19000, 0.0
20000, 0.0
21000, 0.0
22000, 0.0
23000, 0.0
24000, 0.0
25000, 0.0
26000, 0.0
27000, 0.0
28000, 0.0
29000, 0.0
30000, 0.0
31000, 0.0
32000, 0.0
33000, 0.0
34000, 0.0
35000, 0.0
36000, 0.0
37000, 0.0
38000, 0.0
39000, 0.0
40000, 0.0
41000, 0.0
42000, 0.0
43000, 0.0
44000, 0.0
45000, 0.0
46000, 0.0
47000, 0.0
48000, 0.0
49000, 0.0
50000, 0.0
51000, 0.0
52000, 0.0
53000, 0.0
54000, 0.0
55000, 0.0
56000, 0.0
57000, 0.0
58000, 0.0
59000, 0.0
60000, 0.0
61000, 0.0
62000, 0.0
63000, 0.0
64000, 0.0
65000, 0.0
66000, 0.0
67000, 0.0
68000, 0.0
69000, 0.0
70000, 0.0
71000, 0.0
72000, 0.0
73000, 0.0
74000, 0.0
75000, 0.0
76000, 0.0
77000, 0.0
78000, 0.0
79000, 0.0
80000, 0.0
81000, 0.0
82000, 0.0
83000, 0.0
84000, 0.0
85000, 0.0
86000, 0.0
87000, 0.0
88000, 0.0
89000, 0.0
90000, 0.0
91000, 0.0
92000, 0.0
93000, 0.0
94000, 0.0
95000, 0.0
96000, 0.0
97000, 0.0
98000, 0.0
99000, 0.0
100000, 0.0
