1, 2.3664319132398464
2, 2.04939015319192
3, 1.7320508075688772
4, 1.7320508075688772
5, 1.7320508075688772
6, 1.7320508075688772
7, 1.8973665961010275
8, 2.6457513110645907
9, 3.0983866769659336
10, 3.0983866769659336
15, 4.024922359499621
20, 2.7202941017470885
25, 2.898275349237888
30, 3.0983866769659336
35, 2.6076809620810595
40, 2.5298221281347035
45, 2.04939015319192
50, 1.2649110640673518
55, 0.8944271909999159
60, 1.7320508075688772
65, 1.7320508075688772
70, 1.4832396974191326
75, 0.7745966692414834
80, 0.6324555320336759
85, 1.0954451150103321
90, 0.7745966692414834
95, 0.7745966692414834
100, 0.6324555320336759
150, 0.7745966692414834
200, 1.0
250, 0.8944271909999159
300, 0.4472135954999579
350, 0.8944271909999159
400, 0.8944271909999159
450, 1.0954451150103321
500, 1.0954451150103321
550, 0.0
600, 0.4472135954999579
650, 0.0
700, 0.7745966692414834
750, 0.0
800, 0.0
850, 0.7745966692414834
900, 0.4472135954999579
950, 0.4472135954999579
1000, 0.0
1250, 0.0
1500, 0.7745966692414834
1750, 0.0
2000, 0.4472135954999579
2250, 0.4472135954999579
2500, 0.4472135954999579
2750, 0.4472135954999579
3000, 0.6324555320336759
3250, 0.6324555320336759
3500, 0.0
3750, 0.6324555320336759
4000, 0.6324555320336759
4250, 0.6324555320336759
4500, 0.6324555320336759
4750, 0.6324555320336759
5000, 0.4472135954999579
5250, 0.4472135954999579
5500, 0.4472135954999579
5750, 0.4472135954999579
6000, 0.4472135954999579
6250, 0.4472135954999579
6500, 0.4472135954999579
6750, 0.4472135954999579
7000, 0.4472135954999579
7250, 0.4472135954999579
7500, 0.4472135954999579
7750, 0.4472135954999579
8000, 0.6324555320336759
8250, 0.4472135954999579
8500, 0.6324555320336759
8750, 0.6324555320336759
9000, 0.6324555320336759
9250, 0.6324555320336759
9500, 0.6324555320336759
9750, 0.6324555320336759
10000, 0.6324555320336759
11000, 0.0
12000, 0.0
13000, 0.0
14000, 0.0
15000, 0.0
16000, 0.0
17000, 0.0
18000, 0.0
19000, 0.0
20000, 0.0
21000, 0.0
22000, 0.0
23000, 0.0
24000, 0.0
25000, 0.0
26000, 0.0
27000, 0.0
28000, 0.0
29000, 0.0
30000, 0.0
31000, 0.0
32000, 0.0
33000, 0.0
34000, 0.0
35000, 0.0
36000, 0.0
37000, 0.0
38000, 0.0
39000, 0.0
40000, 0.0
41000, 0.0
42000, 0.0
43000, 0.0
44000, 0.0
45000, 0.0
46000, 0.0
47000, 0.0
48000, 0.0
49000, 0.0
50000, 0.0
51000, 0.0
52000, 0.0
53000, 0.0
54000, 0.0
55000, 0.0
56000, 0.0
57000, 0.0
58000, 0.0
59000, 0.0
60000, 0.0
61000, 0.0
62000, 0.0
63000, 0.0
64000, 0.0
65000, 0.0
66000, 0.0
67000, 0.0
68000, 0.0
69000, 0.0
70000, 0.0
71000, 0.0
72000, 0.0
73000, 0.0
74000, 0.0
75000, 0.0
76000, 0.0
77000, 0.0
78000, 0.0
79000, 0.0
80000, 0.0
81000, 0.0
82000, 0.0
83000, 0.0
84000, 0.0
85000, 0.0
86000, 0.0
87000, 0.0
88000, 0.0
89000, 0.0
90000, 0.0
91000, 0.0
92000, 0.0
93000, 0.0
94000, 0.0
95000, 0.0
96000, 0.0
97000, 0.0
98000, 0.0
99000, 0.0
100000, 0.0
