1, 28.135386970859315
2, 27.742386342922988
3, 27.78992623235981
4, 27.2
5, 26.897583534585408
6, 26.909477884195375
7, 26.948840420322355
8, 26.61803899613944
9, 26.53149072328956
10, 26.4227174983952
15, 25.11413944374762
20, 23.30064376793053
25, 23.76636278440603
30, 23.221541723150082
35, 22.533530571128885
40, 22.770155906361293
45, 21.49697653159625
50, 21.055165636964247
55, 20.560155641434235
60, 20.228692493584454
65, 18.97893569197177
70, 17.578395831246947
75, 17.402298698735176
80, 17.85273088353712
85, 17.216271373325874
90, 16.414627622946554
95, 15.583324420674813
100, 16.06735821471595
150, 17.04816705690087
200, 16.011246047700347
250, 15.353175567289004
300, 15.969971822141703
350, 14.795945390545343
400, 14.875483185429642
450, 14.871449156017043
500, 14.579437574886077
550, 14.724129855444769
600, 13.9312598138144
650, 15.1762973086323
700, 14.798648586948742
750, 14.420818284688286
800, 14.790537515587458
850, 13.514436725220921
900, 13.36413109783049
950, 12.851459061133875
1000, 13.280060240827224
1250, 12.150720143267229
1500, 11.122949249187466
1750, 10.790736768172968
2000, 11.541230437002806
2250, 11.233877335986895
2500, 10.36532681587995
2750, 11.417530380953668
3000, 11.232096865679177
3250, 10.4
3500, 9.297311439335568
3750, 8.847598544237865
4000, 8.678709581498852
4250, 8.634813257969162
4500, 8.795453370918409
4750, 8.511169132381285
5000, 8.01498596380555
5250, 8.511169132381285
5500, 8.31143790207206
5750, 7.848566748139434
6000, 7.886697661252142
6250, 7.828154316312371
6500, 7.288346863315439
6750, 7.353910524340094
7000, 6.663332499583072
7250, 6.913754406977442
7500, 6.663332499583072
7750, 6.20966987850401
8000, 6.48999229583518
8250, 6.606057825965498
8500, 6.346652661048973
8750, 6.359245238233858
9000, 6.474565622495458
9250, 6.584831053261731
9500, 5.936328831862332
9750, 6.260990336999411
10000, 6.102458520956943
11000, 6.0
12000, 5.702630971753301
13000, 5.366563145999495
14000, 5.173006862551025
15000, 5.145872132107443
16000, 5.617828762075256
17000, 5.462600113499065
18000, 5.5641710972974225
19000, 5.477225575051661
20000, 5.027922035990614
21000, 4.753945729601885
22000, 4.591296113299598
23000, 4.8083261120685235
24000, 4.317406628984581
25000, 4.37264222181509
26000, 4.427188724235731
27000, 4.312771730569565
28000, 3.9899874686520005
29000, 4.256759330758553
30000, 3.8987177379235853
31000, 3.63318042491699
32000, 3.984971769034255
33000, 3.903844259188627
34000, 3.7682887362833544
35000, 3.725587202039432
36000, 4.2047592083257275
37000, 3.984971769034255
38000, 3.984971769034255
39000, 3.4698703145794942
40000, 3.7682887362833544
41000, 3.7416573867739413
42000, 3.594440151122286
43000, 3.627671429443411
44000, 3.7735924528226414
45000, 3.82099463490856
46000, 3.6932370625238775
47000, 3.939543120718442
48000, 3.757658845611187
49000, 3.8418745424597094
50000, 3.6221540552549665
51000, 3.4985711369071804
52000, 3.605551275463989
53000, 3.4525353003264136
54000, 3.4985711369071804
55000, 3.423448553724738
56000, 3.492849839314596
57000, 3.280243893371345
58000, 3.4351128074635335
59000, 3.627671429443411
60000, 3.4
61000, 3.2619012860600183
62000, 3.4292856398964493
63000, 3.370459909270543
64000, 3.22490309931942
65000, 3.0724582991474434
66000, 2.7712812921102037
67000, 2.979932885150268
68000, 2.792848008753788
69000, 2.8635642126552705
70000, 3.117691453623979
71000, 2.90516780926679
72000, 3.0724582991474434
73000, 2.835489375751565
74000, 2.7856776554368237
75000, 2.8774989139876315
76000, 2.95296461204668
77000, 3.0199337741082997
78000, 3.0199337741082997
79000, 3.0066592756745814
80000, 2.8635642126552705
81000, 3.046309242345563
82000, 2.821347195933177
83000, 2.986636904613616
84000, 3.1685959035509716
85000, 2.7856776554368237
86000, 2.9933259094191533
87000, 2.939387691339814
88000, 2.8284271247461903
89000, 3.237282811247729
90000, 2.979932885150268
91000, 2.7640549922170505
92000, 2.756809750418044
93000, 2.7640549922170505
94000, 2.932575659723036
95000, 2.925747767665559
96000, 2.8844410203711917
97000, 2.8495613697550013
98000, 2.6457513110645907
99000, 2.6832815729997477
100000, 2.6758176320519302
