7.22841614740048
5.375872022286245
3.7549966711037173
3.492849839314596
4.104875150354759
3.63318042491699
3.847076812334269
3.8340579025361627
3.427827300200522
3.2326459750489227
2.8372521918222215
2.9748949561287032
3.1304951684997055
3.0740852297878796
2.7748873851023217
2.4186773244895647
2.247220505424423
2.7386127875258306
2.8284271247461903
2.4289915602982237
2.588435821108957
2.569046515733026
2.539685019840059
2.3769728648009427
2.3769728648009427
2.355843797877949
2.4392621835300936
2.5199206336708304
2.1563858652847827
2.247220505424423
2.4899799195977463
2.5298221281347035
2.16794833886788
2.29128784747792
2.1095023109728985
1.9748417658131499
1.9621416870348585
2.258317958127243
2.4186773244895647
2.073644135332772
2.202271554554524
2.1213203435596424
2.1908902300206643
2.0615528128088303
1.8708286933869707
2.0248456731316584
2.0248456731316584
2.0248456731316584
1.8841443681416772
1.9748417658131499
1.760681686165901
1.466287829861518
1.6431676725154984
1.5811388300841898
1.51657508881031
1.7175564037317668
1.6881943016134133
1.5968719422671311
1.61245154965971
1.6583123951777
1.7175564037317668
1.5491933384829668
1.4142135623730951
1.3228756555322954
1.284523257866513
1.5491933384829668
1.6881943016134133
1.61245154965971
1.6583123951777
1.816590212458495
1.6881943016134133
1.5652475842498528
1.51657508881031
1.5
1.4142135623730951
1.4832396974191326
1.4832396974191326
1.51657508881031
1.466287829861518
1.4832396974191326
1.5
1.61245154965971
1.6583123951777
1.6583123951777
1.4832396974191326
1.466287829861518
1.4317821063276353
1.449137674618944
1.396424004376894
1.4317821063276353
1.3416407864998738
1.396424004376894
1.5811388300841898
1.6431676725154984
1.6431676725154984
1.6278820596099706
1.5811388300841898
1.5329709716755893
1.61245154965971
1.5968719422671311
1.5491933384829668
1.760681686165901
1.6733200530681511
1.6881943016134133
1.61245154965971
1.51657508881031
1.5811388300841898
1.5968719422671311
1.51657508881031
1.61245154965971
1.746424919657298
1.6733200530681511
1.6733200530681511
1.760681686165901
1.760681686165901
1.7175564037317668
1.5652475842498528
1.5491933384829668
1.3416407864998738
1.3601470508735443
1.4317821063276353
1.396424004376894
1.396424004376894
1.3038404810405297
1.3038404810405297
1.3416407864998738
1.3228756555322954
1.378404875209022
1.378404875209022
1.3601470508735443
1.3601470508735443
1.284523257866513
1.224744871391589
1.2449899597988732
1.0488088481701516
1.0488088481701516
0.9219544457292888
0.9746794344808963
0.9746794344808963
0.8944271909999159
0.9486832980505138
0.8660254037844386
1.161895003862225
1.2041594578792296
1.161895003862225
1.0488088481701516
0.9746794344808963
0.9746794344808963
0.9486832980505138
0.8660254037844386
0.9746794344808963
0.7745966692414834
0.806225774829855
0.9486832980505138
1.0954451150103321
1.0
0.9219544457292888
0.8660254037844386
0.8366600265340756
0.8366600265340756
0.8660254037844386
0.8366600265340756
0.8660254037844386
0.8366600265340756
0.8366600265340756
0.806225774829855
0.806225774829855
0.8366600265340756
0.9219544457292888
0.9219544457292888
0.8660254037844386
0.8944271909999159
0.7745966692414834
0.806225774829855
0.806225774829855
0.806225774829855
0.7745966692414834
0.7745966692414834
0.806225774829855
0.8660254037844386
0.806225774829855
0.806225774829855
0.806225774829855
0.806225774829855
0.7745966692414834
0.8366600265340756
0.806225774829855
0.806225774829855
0.806225774829855
0.7416198487095663
0.7416198487095663
0.6708203932499369
0.806225774829855
0.806225774829855
0.8660254037844386
0.8660254037844386
0.8944271909999159
0.9746794344808963
1.140175425099138
1.0
1.0
0.8944271909999159
0.8944271909999159
0.8944271909999159
1.02469507659596
1.02469507659596
1.02469507659596
1.02469507659596
1.02469507659596
0.9746794344808963
1.118033988749895
1.2041594578792296
1.1832159566199232
1.161895003862225
1.161895003862225
1.161895003862225
1.161895003862225
1.140175425099138
1.0954451150103321
1.0954451150103321
1.140175425099138
1.118033988749895
0.9746794344808963
0.9746794344808963
0.9486832980505138
1.0488088481701516
1.0488088481701516
1.02469507659596
1.02469507659596
1.02469507659596
1.02469507659596
1.02469507659596
1.0488088481701516
1.0723805294763609
1.2649110640673518
1.2649110640673518
1.2649110640673518
1.2649110640673518
1.140175425099138
1.140175425099138
1.2649110640673518
1.2649110640673518
1.2449899597988732
1.2649110640673518
1.2649110640673518
1.3038404810405297
1.284523257866513
1.284523257866513
1.2041594578792296
1.2041594578792296
1.2041594578792296
1.2041594578792296
1.2041594578792296
1.224744871391589
1.1832159566199232
1.2041594578792296
1.2041594578792296
1.2041594578792296
1.2041594578792296
1.1832159566199232
1.1832159566199232
1.161895003862225
1.161895003862225
1.161895003862225
1.161895003862225
1.161895003862225
1.161895003862225
1.161895003862225
1.140175425099138
1.140175425099138
1.161895003862225
1.161895003862225
1.1832159566199232
1.1832159566199232
1.161895003862225
1.1832159566199232
1.1832159566199232
1.1832159566199232
1.2041594578792296
1.2041594578792296
1.2449899597988732
1.1832159566199232
1.140175425099138
1.118033988749895
1.140175425099138
1.1832159566199232
1.2449899597988732
1.140175425099138
1.118033988749895
1.2041594578792296
1.2041594578792296
1.118033988749895
1.0954451150103321
1.0723805294763609
1.0954451150103321
1.0954451150103321
1.0954451150103321
1.0723805294763609
1.0954451150103321
1.0723805294763609
1.0954451150103321
1.0954451150103321
1.0954451150103321
1.0954451150103321
1.0954451150103321
0.7745966692414834
0.7745966692414834
0.7745966692414834
0.7745966692414834
1.0
1.0
1.0
1.02469507659596
1.140175425099138
1.140175425099138
1.161895003862225
1.224744871391589
1.1832159566199232
1.1832159566199232
1.1832159566199232
1.2041594578792296
1.140175425099138
1.140175425099138
1.118033988749895
1.140175425099138
1.118033988749895
1.0954451150103321
1.0954451150103321
1.0954451150103321
1.118033988749895
1.118033988749895
1.0954451150103321
1.0723805294763609
1.0
0.8660254037844386
1.0
1.0
1.0723805294763609
1.0954451150103321
1.0954451150103321
1.02469507659596
0.9486832980505138
0.9486832980505138
0.9486832980505138
0.9486832980505138
0.9486832980505138
0.9219544457292888
0.9486832980505138
0.9486832980505138
0.9486832980505138
0.9219544457292888
0.9219544457292888
0.9486832980505138
0.9486832980505138
0.9219544457292888
0.8944271909999159
0.8944271909999159
0.8660254037844386
0.8944271909999159
0.8660254037844386
0.8944271909999159
0.8944271909999159
0.8944271909999159
0.8660254037844386
0.8660254037844386
0.8660254037844386
0.9219544457292888
0.9219544457292888
0.9486832980505138
0.9486832980505138
0.9486832980505138
0.9486832980505138
0.9486832980505138
0.9486832980505138
0.9486832980505138
0.9486832980505138
0.8366600265340756
0.8366600265340756
0.7745966692414834
0.8366600265340756
0.8944271909999159
0.8366600265340756
0.8366600265340756
0.8366600265340756
0.806225774829855
0.7416198487095663
0.7416198487095663
0.806225774829855
0.806225774829855
0.8366600265340756
0.8366600265340756
0.8366600265340756
0.8366600265340756
0.8366600265340756
0.8366600265340756
0.8366600265340756
0.8366600265340756
0.8366600265340756
0.806225774829855
0.8660254037844386
