1, 56.9699921011053
2, 56.11292186297199
3, 56.112030795543305
4, 56.112030795543305
5, 55.25920737759455
6, 55.25848351158399
7, 55.25848351158399
8, 54.444650793259754
9, 53.81821253070377
10, 52.96715963689199
15, 51.31120735278015
20, 50.33845448561169
25, 48.64319068482247
30, 48.644424140902316
35, 48.64380741677197
40, 47.88402656418944
45, 47.88486190854057
50, 47.06038673874238
55, 47.05762424942424
60, 47.056986728858874
65, 47.06017424532128
70, 47.05804925833624
75, 45.32813695708219
80, 45.32769572788804
85, 45.32703387604356
90, 45.32769572788804
95, 45.32769572788804
100, 45.38325682451624
150, 44.48775112320244
200, 43.74905713269716
250, 43.748828555745355
300, 43.74905713269716
350, 43.7289377872365
400, 43.71475723368483
450, 43.7154434954056
500, 43.71429971988571
550, 43.713842201298206
600, 43.71315591443839
650, 43.68661122128838
700, 43.68661122128838
750, 42.881464527229014
800, 42.04259744592382
850, 42.04164601915581
900, 42.042121735231206
950, 42.042121735231206
1000, 41.496023905911755
1250, 40.24375727985646
1500, 38.9658825127829
1750, 39.022557578918374
2000, 38.91040991816971
2250, 36.587976167041546
2500, 35.53674155011964
2750, 33.39730528051627
3000, 33.3709454466007
3250, 32.856354027798034
3500, 32.3403772396056
3750, 32.00218742523705
4000, 32.15151629394794
4250, 32.09143187830671
4500, 32.13876164384683
4750, 32.27413825340655
5000, 31.97467748078157
5250, 31.9721754029969
5500, 31.94839589087377
5750, 31.08247094424766
6000, 30.96804804956231
6250, 30.677353210471075
6500, 30.65224298481271
6750, 30.428933599454318
7000, 30.16720073192075
7250, 30.458824665439735
7500, 30.060605449657864
7750, 29.620263334413487
8000, 29.86938231701486
8250, 29.768775587853792
8500, 29.377542443165662
8750, 29.024127893874777
9000, 29.25645227979633
9250, 28.77707420847366
9500, 28.329136944142864
9750, 28.17232684745795
10000, 27.983209251263514
11000, 27.249954128401757
12000, 27.491453217318288
13000, 27.194117010853653
14000, 27.465250772567142
15000, 27.64416755845616
16000, 27.00481438558688
17000, 26.87489534863345
18000, 26.71216951129204
19000, 25.69824896758532
20000, 25.717698186268535
21000, 25.781000756370958
22000, 25.747621249350395
23000, 25.804650743615966
24000, 25.56403723984144
25000, 25.80620080523284
26000, 25.70175091311874
27000, 25.466448515645048
28000, 25.314027731674784
29000, 24.328584011405184
30000, 24.389751946258084
31000, 24.300205760445735
32000, 24.075713904264603
33000, 24.15077638503574
34000, 24.04786892845185
35000, 23.823098035310185
36000, 23.527005759339627
37000, 23.596186132508787
38000, 23.317375495539803
39000, 23.93240481021496
40000, 23.990831582085686
41000, 24.018742681497713
42000, 24.237986715071862
43000, 24.012496746485986
44000, 23.880117252643462
45000, 24.335159748807897
46000, 24.499387747451976
47000, 24.336803405541986
48000, 24.298559628093184
49000, 24.374576919405186
50000, 24.050779613143522
51000, 24.09439768908947
52000, 23.71117879819559
53000, 23.86461816162161
54000, 24.25613324501661
55000, 24.16898839422122
56000, 23.5927955104943
57000, 23.96789519336231
58000, 23.66938951472978
59000, 23.385037951647632
60000, 23.434163095788165
61000, 23.472963170422265
62000, 23.534230388946227
63000, 23.60804947470248
64000, 23.099783548769455
65000, 22.967368155711704
66000, 22.76005272401626
67000, 22.831557108528536
68000, 22.75258227103025
69000, 22.60088493842664
70000, 22.65612499965517
71000, 22.483327155917117
72000, 22.191890410688316
73000, 22.111987698983555
74000, 22.473539997072113
75000, 22.33696487887287
76000, 22.320394261750845
77000, 22.385263009399733
