4.0
3.1304951684997055
3.687817782917155
2.23606797749979
2.756809750418044
2.6832815729997477
2.1908902300206643
2.449489742783178
2.5298221281347035
2.04939015319192
2.6457513110645907
2.280350850198276
2.1447610589527217
1.8973665961010275
1.4832396974191326
2.0976176963403033
1.2649110640673518
1.4142135623730951
1.0954451150103321
1.0954451150103321
2.0
2.1908902300206643
2.280350850198276
2.280350850198276
1.7320508075688772
1.7888543819998317
1.2649110640673518
2.0976176963403033
1.9493588689617927
1.4832396974191326
1.61245154965971
1.4832396974191326
1.4832396974191326
1.4832396974191326
1.2649110640673518
0.8944271909999159
1.0954451150103321
1.4832396974191326
0.8944271909999159
1.1832159566199232
1.0
1.0
1.0
0.8944271909999159
0.8944271909999159
0.6324555320336759
1.0
1.0
1.0954451150103321
1.2649110640673518
1.3416407864998738
1.3416407864998738
1.1832159566199232
1.0954451150103321
1.0
1.0
1.0
1.3416407864998738
1.3416407864998738
1.3416407864998738
1.3416407864998738
1.3416407864998738
1.3416407864998738
1.3416407864998738
1.4142135623730951
0.4472135954999579
1.0
0.8944271909999159
1.0
0.4472135954999579
0.4472135954999579
0.4472135954999579
0.4472135954999579
0.4472135954999579
0.4472135954999579
0.4472135954999579
0.4472135954999579
1.0
1.0
1.3416407864998738
1.0
1.2649110640673518
1.3416407864998738
1.3416407864998738
1.0
0.6324555320336759
0.6324555320336759
0.4472135954999579
0.6324555320336759
0.6324555320336759
0.6324555320336759
0.6324555320336759
0.6324555320336759
0.6324555320336759
0.8944271909999159
0.8944271909999159
0.8944271909999159
0.8944271909999159
0.8944271909999159
0.8944271909999159
0.8944271909999159
0.6324555320336759
0.7745966692414834
0.7745966692414834
0.7745966692414834
0.7745966692414834
0.7745966692414834
0.7745966692414834
0.7745966692414834
0.7745966692414834
1.0
1.0
1.0
1.0
1.0
1.0
1.0
1.0
1.0
0.8944271909999159
0.7745966692414834
0.7745966692414834
0.7745966692414834
0.6324555320336759
0.7745966692414834
0.6324555320336759
0.6324555320336759
0.6324555320336759
0.7745966692414834
0.7745966692414834
0.6324555320336759
0.7745966692414834
0.7745966692414834
0.7745966692414834
0.7745966692414834
0.7745966692414834
0.7745966692414834
0.7745966692414834
0.7745966692414834
0.7745966692414834
0.7745966692414834
0.7745966692414834
0.7745966692414834
0.7745966692414834
0.7745966692414834
0.7745966692414834
0.7745966692414834
0.7745966692414834
0.7745966692414834
0.7745966692414834
0.7745966692414834
0.7745966692414834
0.7745966692414834
0.7745966692414834
0.7745966692414834
0.7745966692414834
0.7745966692414834
0.6324555320336759
0.6324555320336759
0.6324555320336759
0.6324555320336759
0.6324555320336759
0.6324555320336759
0.6324555320336759
0.6324555320336759
0.6324555320336759
0.6324555320336759
0.7745966692414834
0.7745966692414834
0.6324555320336759
0.6324555320336759
0.6324555320336759
0.6324555320336759
0.6324555320336759
0.6324555320336759
1.0
1.0954451150103321
1.0954451150103321
1.0954451150103321
1.0954451150103321
1.0954451150103321
1.0954451150103321
1.0954451150103321
1.0954451150103321
1.0954451150103321
1.0954451150103321
1.0954451150103321
1.0954451150103321
1.0954451150103321
1.0954451150103321
1.0954451150103321
1.0954451150103321
1.0954451150103321
1.0954451150103321
1.0954451150103321
1.0954451150103321
1.0954451150103321
1.0954451150103321
1.0954451150103321
1.0954451150103321
1.0954451150103321
1.0954451150103321
1.0954451150103321
1.0954451150103321
0.6324555320336759
0.6324555320336759
0.6324555320336759
0.6324555320336759
1.0
1.0954451150103321
1.0954451150103321
0.6324555320336759
0.6324555320336759
0.6324555320336759
0.6324555320336759
0.6324555320336759
0.6324555320336759
0.6324555320336759
0.6324555320336759
0.6324555320336759
0.6324555320336759
0.6324555320336759
0.6324555320336759
0.6324555320336759
0.6324555320336759
0.7745966692414834
0.7745966692414834
0.7745966692414834
0.7745966692414834
0.7745966692414834
0.7745966692414834
0.7745966692414834
0.7745966692414834
0.7745966692414834
0.6324555320336759
0.6324555320336759
0.7745966692414834
0.7745966692414834
0.7745966692414834
0.7745966692414834
0.7745966692414834
0.7745966692414834
0.7745966692414834
0.7745966692414834
0.7745966692414834
0.7745966692414834
0.7745966692414834
0.7745966692414834
0.7745966692414834
0.7745966692414834
0.7745966692414834
0.6324555320336759
0.6324555320336759
0.6324555320336759
0.6324555320336759
0.7745966692414834
0.7745966692414834
0.7745966692414834
0.7745966692414834
0.6324555320336759
0.7745966692414834
0.7745966692414834
0.6324555320336759
0.6324555320336759
0.6324555320336759
0.6324555320336759
0.6324555320336759
0.6324555320336759
0.6324555320336759
0.6324555320336759
0.6324555320336759
0.6324555320336759
0.6324555320336759
0.6324555320336759
0.6324555320336759
0.6324555320336759
0.6324555320336759
0.6324555320336759
0.6324555320336759
0.6324555320336759
0.6324555320336759
0.6324555320336759
0.6324555320336759
0.6324555320336759
0.6324555320336759
0.6324555320336759
0.6324555320336759
0.6324555320336759
0.6324555320336759
0.6324555320336759
0.6324555320336759
0.6324555320336759
0.6324555320336759
0.6324555320336759
0.6324555320336759
0.6324555320336759
0.6324555320336759
0.6324555320336759
0.6324555320336759
0.6324555320336759
0.6324555320336759
0.6324555320336759
0.6324555320336759
0.6324555320336759
0.6324555320336759
0.6324555320336759
0.6324555320336759
0.6324555320336759
0.6324555320336759
0.6324555320336759
0.6324555320336759
0.6324555320336759
0.6324555320336759
0.6324555320336759
0.6324555320336759
0.6324555320336759
0.6324555320336759
0.6324555320336759
0.6324555320336759
0.6324555320336759
0.6324555320336759
0.6324555320336759
0.6324555320336759
0.6324555320336759
0.6324555320336759
0.6324555320336759
0.8944271909999159
0.8944271909999159
0.6324555320336759
0.8944271909999159
0.8944271909999159
0.6324555320336759
0.6324555320336759
0.8944271909999159
0.8944271909999159
0.8944271909999159
0.8944271909999159
0.8944271909999159
0.8944271909999159
0.8944271909999159
0.8944271909999159
0.8944271909999159
0.8944271909999159
0.8944271909999159
0.8944271909999159
0.8944271909999159
0.8944271909999159
0.8944271909999159
0.8944271909999159
0.8944271909999159
0.8944271909999159
0.8944271909999159
0.8944271909999159
0.8944271909999159
0.8944271909999159
0.8944271909999159
0.8944271909999159
0.8944271909999159
0.8944271909999159
0.8944271909999159
0.8944271909999159
0.8944271909999159
0.8944271909999159
0.8944271909999159
0.8944271909999159
0.8944271909999159
0.6324555320336759
0.6324555320336759
0.8944271909999159
0.8944271909999159
0.8944271909999159
0.8944271909999159
0.8944271909999159
0.8944271909999159
0.8944271909999159
0.8944271909999159
0.8944271909999159
0.8944271909999159
0.8944271909999159
0.8944271909999159
0.8944271909999159
0.8944271909999159
0.8944271909999159
0.8944271909999159
0.8944271909999159
0.8944271909999159
0.8944271909999159
0.8944271909999159
0.8944271909999159
0.8944271909999159
0.8944271909999159
0.8944271909999159
0.8944271909999159
0.8944271909999159
0.8944271909999159
0.8944271909999159
0.8944271909999159
0.8944271909999159
0.8944271909999159
0.8944271909999159
