1, 51.207421337146044
2, 50.35165229551945
3, 50.350548932238844
4, 49.594130477081436
5, 48.69177434525147
6, 48.69177434525147
7, 47.83281068239434
8, 47.83281068239434
9, 46.97848207187816
10, 46.12904604356011
15, 44.389688492311414
20, 44.388687247490836
25, 43.549461024857195
30, 42.78213542018574
35, 41.95712096891301
40, 41.95659132431465
45, 41.94917559777943
50, 41.95155936712405
55, 41.95049993080469
60, 41.94997020261159
65, 41.95394300102594
70, 41.94652680629364
75, 41.947056577971665
80, 41.301062671289436
85, 41.30160072227495
90, 41.30186974513919
95, 41.301062671289436
100, 41.298641355107286
150, 38.24191998899172
200, 37.94645350139237
250, 37.94235393623098
300, 37.07529875507112
350, 36.28375822749224
400, 36.14999615798351
450, 36.14722980011362
500, 35.611795798583366
550, 35.60836356188747
600, 34.755974706196604
650, 34.75629439396553
700, 34.13111971988808
750, 34.17438937111955
800, 33.40858173184449
850, 32.55149766139801
900, 32.55149766139801
950, 31.916906004324556
1000, 31.91655787622886
1250, 30.918890306377065
1500, 30.83396395751499
1750, 28.793517789020964
2000, 28.957823736523356
2250, 28.85519402503165
2500, 28.64534090485843
2750, 28.00476149990688
3000, 27.642961732298755
3250, 27.686739706140113
3500, 27.040710049848915
3750, 26.55518363291389
4000, 26.647493107023948
4250, 26.655831131918085
4500, 25.75784670089227
4750, 25.37715508089904
5000, 25.292510968883875
5250, 25.49640497534244
5500, 25.209345709698834
5750, 25.215956147734005
6000, 24.891319325776564
6250, 24.76242673442524
6500, 24.597651197714885
6750, 24.46630335788388
7000, 24.498072486535662
7250, 24.71212028315031
7500, 24.64458471055164
7750, 24.644133852366032
8000, 24.53161225847172
8250, 23.510281438837207
8500, 23.355227823052093
8750, 22.55462504922463
9000, 22.55363976538303
9250, 22.479620400116488
9500, 22.479620400116488
9750, 22.220611052704097
10000, 21.78531615561271
11000, 21.272308551520943
12000, 20.21165780214753
13000, 20.773915267843844
14000, 20.36663938896155
15000, 19.48902825238401
16000, 19.27865832122834
17000, 19.588545405698483
18000, 18.600477891112845
19000, 19.668361508891493
20000, 19.848873463695057
21000, 19.223827807061618
22000, 19.4096196081565
23000, 19.122412679017955
24000, 18.723722326978088
25000, 18.59689340842831
26000, 18.45535152740256
27000, 18.615405806302835
28000, 18.807209019711326
29000, 19.238849584456272
30000, 19.264821134215946
31000, 18.862661530123475
32000, 19.0473095212946
33000, 19.419348884839344
34000, 19.54368326481873
35000, 19.54936770787684
36000, 20.087585995114274
37000, 19.720829371786348
38000, 19.91872374314066
39000, 19.662146373170962
40000, 19.11078811096555
41000, 18.853823661704983
42000, 19.092174080264172
43000, 19.112532246902525
44000, 19.083442503326747
45000, 19.244624068958988
46000, 19.128803180311913
47000, 18.867962264113206
48000, 18.445113776342563
49000, 19.055474570608602
50000, 18.620180211563774
51000, 17.98950311215466
52000, 18.207446584052118
53000, 17.920813473599786
54000, 17.764508937141432
55000, 17.710637105046974
56000, 17.66729558628975
57000, 17.229174224101527
58000, 16.80542240534948
59000, 16.413409152275463
60000, 16.20150884605779
61000, 16.19396320992624
62000, 16.36459593146131
63000, 16.55428779635187
64000, 16.328570734213763
65000, 16.34557364480604
66000, 16.36527488990705
67000, 16.529435024289917
68000, 16.92926460304759
69000, 16.918103387266026
70000, 16.864822033517644
71000, 16.843726164691443
72000, 17.27104191671391
73000, 17.379425895133718
74000, 17.332051234634633
75000, 17.082804869874916
76000, 17.07304568285603
77000, 17.01045430185671
78000, 16.98299803398158
79000, 17.110750356947463
80000, 16.639978632464913
81000, 16.18366803636033
82000, 16.116244392951273
83000, 16.08933394105134
84000, 15.873807916746939
85000, 15.95270788577566
86000, 16.110727964792762
87000, 16.420853949915163
88000, 16.337414456122215
89000, 16.224124698183942
90000, 16.189845926107854
91000, 16.617260103077562
92000, 16.486357996840905
93000, 16.550931494430557
94000, 16.53346774138915
95000, 16.39850941735593
96000, 16.601204775557708
97000, 16.865480854231357
98000, 16.73452850977417
99000, 16.69331203406522
100000, 16.885891546890065
