11.726039399558575
11.47170431975999
9.604686356149273
7.368853370776216
7.8198465458089395
7.402702209328699
6.928203230275509
6.565059024867941
5.9497899122574065
6.5
6.148170459575759
6.2809234989768825
6.172519744804386
6.2008063991709985
5.68770604022395
5.5901699437494745
5.809475019311125
4.994997497496871
5.394441583704471
5.545268253204709
5.024937810560445
5.239274758971894
5.07444578254611
5.157518783291051
5.176871642217914
4.759201613716317
4.652956049652737
4.415880433163924
4.129164564412516
4.242640687119285
4.341658669218482
4.171330722922842
4.341658669218482
4.364630568559039
4.277849927241488
4.147288270665544
4.588027898781785
4.018706259482023
4.031128874149275
4.165333119931706
4.153311931459037
4.110960958218893
4.043513323831146
4.080441152620633
4.11703777004778
3.7616485747608057
3.9115214431215892
3.8600518131237567
3.7349698793966195
3.8275318418009276
3.8340579025361627
3.872983346207417
3.6674241641784495
3.7282703764614498
3.7080992435478315
3.278719262151
3.286335345030997
3.598610843089316
3.449637662132068
3.2093613071762426
3.0903074280724887
3.331666249791536
3.3015148038438356
3.2015621187164243
3.626292872893749
3.22490309931942
3.170173496829472
3.1780497164141406
3.3015148038438356
3.2326459750489227
3.122498999199199
3.082207001484488
3.1622776601683795
3.3466401061363023
3.2015621187164243
3.2939338184001206
3.3763886032268267
3.5425979167836705
3.63318042491699
3.3241540277189325
3.3541019662496847
3.521363372331802
3.3689761055846033
2.924038303442689
3.0903074280724887
3.3763886032268267
3.449637662132068
3.1859064644147983
3.361547262794322
3.263433774416144
3.2939338184001206
3.2015621187164243
3.0740852297878796
3.1543620591175006
2.9664793948382653
2.932575659723036
3.1144823004794873
3.146426544510455
3.057776970284131
3.057776970284131
3.0413812651491097
3.057776970284131
2.9916550603303182
2.8548204847240397
2.756809750418044
2.949576240750525
2.792848008753788
2.924038303442689
2.756809750418044
2.7658633371878665
2.598076211353316
2.7294688127912363
2.7748873851023217
2.692582403567252
2.7838821814150108
2.8372521918222215
