9.428679653058534
9.599479152537391
8.769264507357502
8.130190649671137
6.797058187186572
6.3796551630946325
6.2048368229954285
5.449770637375485
5.639148871948674
5.059644256269407
5.92452529743945
6.410928169929843
6.41482657598785
5.740209055426466
5.740209055426466
5.481788029466299
5.128352561983234
5.024937810560445
5.215361924162119
4.631414470763764
4.177319714841085
3.6606010435446255
3.82099463490856
3.7416573867739413
4.012480529547776
3.924283374069717
3.7013511046643495
3.968626966596886
3.626292872893749
3.7483329627982624
3.8794329482541645
4.141255848169731
4.0
3.721558813185679
3.63318042491699
3.681032463861192
3.8078865529319543
3.7282703764614498
3.681032463861192
3.63318042491699
3.449637662132068
2.949576240750525
3.024896692450835
2.898275349237888
2.588435821108957
2.7202941017470885
2.7748873851023217
2.8896366553599777
2.898275349237888
2.8284271247461903
2.6551836094703507
3.1064449134018135
2.9916550603303182
3.03315017762062
2.8372521918222215
2.8284271247461903
2.588435821108957
2.8460498941515415
3.1622776601683795
2.819574435974337
2.8284271247461903
2.7294688127912363
2.701851217221259
3.24037034920393
2.924038303442689
2.6172504656604803
2.9154759474226504
2.8548204847240397
2.8460498941515415
2.8548204847240397
2.5495097567963922
2.7202941017470885
2.4289915602982237
2.3130067012440754
2.247220505424423
2.1447610589527217
2.179449471770337
2.29128784747792
2.29128784747792
2.4392621835300936
2.29128784747792
2.345207879911715
2.4289915602982237
2.539685019840059
2.5
2.3130067012440754
2.3021728866442674
2.16794833886788
2.1908902300206643
2.3345235059857505
2.3874672772626644
2.479919353527449
2.449489742783178
2.4083189157584592
2.3664319132398464
2.5298221281347035
2.4596747752497685
2.355843797877949
2.3769728648009427
2.1213203435596424
2.2693611435820435
2.04939015319192
1.9235384061671346
1.6583123951777
1.816590212458495
2.0371548787463363
2.179449471770337
2.1095023109728985
2.3130067012440754
2.0615528128088303
2.1447610589527217
2.3769728648009427
2.280350850198276
2.345207879911715
2.4083189157584592
2.5787593916455256
2.4899799195977463
2.345207879911715
2.3979157616563596
2.3664319132398464
2.280350850198276
2.29128784747792
2.23606797749979
2.1908902300206643
2.2135943621178655
2.1563858652847827
2.32379000772445
2.449489742783178
2.4392621835300936
2.4289915602982237
2.6457513110645907
2.539685019840059
2.3345235059857505
2.701851217221259
2.8372521918222215
2.7748873851023217
2.7838821814150108
2.898275349237888
2.7658633371878665
2.924038303442689
2.9832867780352594
2.756809750418044
2.7294688127912363
2.701851217221259
2.7386127875258306
2.701851217221259
2.6076809620810595
2.6832815729997477
2.6267851073127395
2.6457513110645907
2.6172504656604803
2.5099800796022267
2.6457513110645907
2.7202941017470885
2.6832815729997477
2.6739483914241875
2.598076211353316
2.598076211353316
2.6832815729997477
2.6739483914241875
2.6832815729997477
2.6076809620810595
2.598076211353316
2.6172504656604803
2.5495097567963922
2.569046515733026
2.5099800796022267
2.3664319132398464
2.4289915602982237
2.4698178070456938
2.4392621835300936
2.3021728866442674
2.3130067012440754
2.258317958127243
2.1908902300206643
2.258317958127243
2.247220505424423
2.224859546128699
2.2135943621178655
2.2135943621178655
2.3130067012440754
2.3345235059857505
2.247220505424423
2.2693611435820435
2.29128784747792
2.224859546128699
2.29128784747792
2.202271554554524
2.0371548787463363
1.9364916731037085
1.9235384061671346
1.91049731745428
2.0976176963403033
2.16794833886788
2.1095023109728985
1.8027756377319946
1.7748239349298849
1.6278820596099706
1.5652475842498528
1.5652475842498528
1.6431676725154984
1.6733200530681511
1.5652475842498528
1.6278820596099706
1.6431676725154984
1.6583123951777
1.5652475842498528
1.449137674618944
1.5968719422671311
1.5652475842498528
1.4142135623730951
1.4317821063276353
1.3416407864998738
1.3416407864998738
1.3038404810405297
1.3416407864998738
1.449137674618944
1.4142135623730951
1.449137674618944
1.449137674618944
1.5
1.5491933384829668
1.466287829861518
1.5491933384829668
1.466287829861518
1.4142135623730951
1.4142135623730951
1.4317821063276353
1.4832396974191326
1.378404875209022
1.3416407864998738
1.3228756555322954
1.5491933384829668
1.51657508881031
1.396424004376894
1.466287829861518
1.5491933384829668
1.4317821063276353
1.449137674618944
1.449137674618944
1.6431676725154984
1.5329709716755893
1.7320508075688772
1.760681686165901
1.760681686165901
1.760681686165901
1.760681686165901
1.8708286933869707
1.8708286933869707
1.8027756377319946
1.8027756377319946
1.7888543819998317
1.8841443681416772
1.8303005217723127
1.760681686165901
1.7175564037317668
1.5652475842498528
1.4832396974191326
1.5652475842498528
1.61245154965971
1.7175564037317668
1.6278820596099706
1.6278820596099706
1.6881943016134133
1.6431676725154984
1.7888543819998317
1.746424919657298
1.5811388300841898
1.5491933384829668
1.5491933384829668
1.4142135623730951
1.3416407864998738
1.3601470508735443
1.5491933384829668
1.4142135623730951
1.4142135623730951
1.3601470508735443
1.3601470508735443
1.396424004376894
1.4832396974191326
1.396424004376894
1.4832396974191326
1.4142135623730951
1.3228756555322954
1.3416407864998738
1.396424004376894
1.3228756555322954
1.4317821063276353
1.4317821063276353
1.4832396974191326
1.2041594578792296
1.02469507659596
1.118033988749895
1.2649110640673518
1.224744871391589
1.396424004376894
1.5811388300841898
1.61245154965971
1.5968719422671311
1.4832396974191326
1.51657508881031
1.4317821063276353
1.449137674618944
1.51657508881031
1.5491933384829668
1.4142135623730951
1.396424004376894
1.4317821063276353
1.3228756555322954
1.449137674618944
1.449137674618944
1.4317821063276353
1.3601470508735443
1.3416407864998738
1.396424004376894
1.4317821063276353
1.466287829861518
1.3601470508735443
1.4142135623730951
1.378404875209022
1.5491933384829668
1.51657508881031
1.3416407864998738
1.284523257866513
1.3601470508735443
1.51657508881031
1.449137674618944
1.449137674618944
1.5652475842498528
1.5652475842498528
1.3038404810405297
1.3038404810405297
1.284523257866513
1.396424004376894
1.4142135623730951
1.3601470508735443
1.3416407864998738
1.2649110640673518
1.140175425099138
1.2041594578792296
1.2449899597988732
1.3228756555322954
1.224744871391589
1.224744871391589
1.161895003862225
1.2649110640673518
1.3416407864998738
1.5652475842498528
1.5329709716755893
1.284523257866513
1.3601470508735443
1.378404875209022
1.5811388300841898
1.5811388300841898
1.5329709716755893
1.2449899597988732
1.2449899597988732
1.3601470508735443
1.3416407864998738
1.466287829861518
1.378404875209022
1.3416407864998738
1.3228756555322954
1.3228756555322954
1.3416407864998738
1.284523257866513
1.4142135623730951
1.3038404810405297
1.3038404810405297
1.3228756555322954
1.3038404810405297
1.3601470508735443
1.3038404810405297
1.2449899597988732
1.3228756555322954
1.378404875209022
1.396424004376894
1.449137674618944
1.449137674618944
1.449137674618944
1.378404875209022
1.3416407864998738
1.284523257866513
1.3416407864998738
1.2649110640673518
1.1832159566199232
1.2041594578792296
1.284523257866513
1.3228756555322954
1.284523257866513
1.118033988749895
1.118033988749895
1.1832159566199232
1.2449899597988732
1.2449899597988732
1.284523257866513
1.224744871391589
1.224744871391589
1.224744871391589
1.2449899597988732
