15.975874668654967
15.021888791265326
14.197585307770776
13.476964473818704
13.36413109783049
13.22011454456536
13.509784813766862
14.042791745233567
13.858468272400916
13.660161053223348
13.401492454200763
13.581500022351834
13.533028380331475
13.438749941865872
13.271882200458876
13.290168224238979
13.311649033834989
13.013180131807028
13.145341380123988
13.27511097613016
12.93610672276853
13.070140451753815
13.215791420007461
13.158375931050806
12.772738827004064
13.13120601576913
13.379088160259652
13.32130409746519
13.367337591521892
13.222275576789777
13.38976154700726
13.432370283333148
13.723806219225668
13.724847123790799
13.790265717941354
13.95400608120427
13.784048752090222
13.98774974244045
13.973444201668494
14.168375247107804
14.184498581197715
14.118882999120617
14.16434154588809
14.018355314168838
14.365633594500055
14.416260660399125
14.561200892391103
14.527805851440295
14.516985125805466
14.273852218054422
14.30184803243473
14.339754929167075
14.285857142142865
14.47164715671894
14.429137188342205
14.343739301272075
14.51895313030523
14.53468757342733
14.463747785411636
14.442002235542985
14.482501757046576
14.321811537451739
14.383522318462688
14.341747253585048
14.277854980953647
14.326798067158721
14.389480284469723
14.357675896288269
14.351704727015134
14.252819269985048
14.330786041645746
14.259833699691493
14.120906486483083
14.101671633432076
14.06820122525569
14.041774409647399
14.095592016148675
14.044826195334098
13.943764607471378
13.996938440755025
14.00102037097909
13.925310973701295
13.94786209936337
13.915048380389177
13.828541912601322
13.602520774789188
13.721724173212136
13.841965178398622
13.788193707454422
13.869802758923019
13.817173579074908
13.790265717941354
13.746687912782066
13.852281916193963
13.72068303172779
13.693585568224478
13.648652471424214
13.500264547672495
13.51084220701497
13.456809216367537
13.34594641508371
13.414278107406941
13.297690454683153
13.290168224238979
13.422795110237978
13.32559299136172
13.463177294277264
13.348087075361345
13.319159132617944
13.16271791299741
13.148601229245424
13.30413469565007
13.327736920744325
13.27511097613016
13.250336922940058
13.286943107534446
13.186573257890553
13.11705541869603
13.120322295692935
13.087616829878321
13.089799736545137
13.127941847176851
13.11705541869603
13.246023662108673
13.199567092468277
13.210385524816667
13.173566606764364
13.211466880814452
13.10070881397535
13.161632551798862
12.944938337876646
13.06358078235607
13.009886350662056
13.028540100212961
12.996702878587543
13.103979766249859
13.155118504108689
13.181155379664453
13.241708996306222
13.207140925596706
13.237392924158874
13.315941037504098
13.506612137341156
13.431306712304652
13.338451398655156
13.43556049125922
13.282641733803235
13.231995854205604
13.257881752807595
13.322376450382803
13.206059215375342
13.258959235173778
13.267575943953418
13.555178240910635
13.487560406325738
13.610919985700557
13.79130160644745
13.684193175234807
13.548853404308003
13.56887193963764
13.565713082199972
13.660161053223348
13.519298375708281
13.350227392391915
13.407886804840969
13.32559299136172
13.258959235173778
13.26111393726571
13.239551136111611
13.250336922940058
13.206059215375342
13.290168224238979
13.46636020396221
13.443001365553963
13.476964473818704
13.498148021117563
13.60567108650969
13.537250195558286
13.492855252211921
13.4451265732766
13.323448716990871
13.49603116263656
13.535139452550904
13.421730780449186
13.488619541778808
13.447251445130764
13.528805247639994
13.670614992958958
13.627702877384937
13.702971523411577
13.637134177363972
13.770569030674492
13.841965178398622
14.0
13.961170642689162
14.032615070409568
14.066170155985704
14.11281079627402
13.948886284267592
13.94069069819918
13.835771443203715
13.821308600439085
13.674794331177344
13.618265045781083
13.789229751616192
13.721724173212136
13.590963384333199
13.635038896691336
13.549907748763458
13.549907748763458
13.690455486526787
13.544635205761093
13.516127932426294
13.586758259423032
13.560446684593922
13.752921767495703
13.713392828076604
