1, 57.00245608743539
2, 56.14623762996057
3, 55.25920737759455
4, 55.25757866573598
5, 55.2563118566558
6, 55.2563118566558
7, 54.39044033651502
8, 53.66786748138964
9, 52.84921948335661
10, 52.84921948335661
15, 51.406419832546206
20, 47.99645820266324
25, 46.164055281138374
30, 46.15062296437612
35, 45.105875448770526
40, 45.09212791607865
45, 45.06151351208701
50, 44.266691767061154
55, 44.26330308506133
60, 43.65730179477426
65, 43.06762124845067
70, 43.06367378661509
75, 42.26961083331617
80, 41.47698156809388
85, 40.042727179851276
90, 40.0507178462509
95, 40.04322664321646
100, 40.04622329259028
150, 38.78762689312147
200, 37.26338685626952
250, 36.5863362472932
300, 36.538199189341555
350, 35.62948217417705
400, 34.846807601271024
450, 34.846807601271024
500, 33.17710053636393
550, 33.17860756571921
600, 32.41635389737717
650, 32.41573691897193
700, 31.875068627377104
750, 31.1926273340352
800, 31.178197510439887
850, 30.382560787399076
900, 30.361818127378342
950, 28.616778295258882
1000, 28.440464131233863
1250, 27.695848064285737
1500, 27.69440376682625
1750, 27.703068422108046
2000, 27.028873450441843
2250, 26.89014689435519
2500, 26.40075756488817
2750, 26.17632518135424
3000, 26.22746651889961
3250, 25.381883302859936
3500, 25.077878698167435
3750, 24.633716731342027
4000, 24.342144523439178
4250, 24.140008285002722
4500, 23.704429965725815
4750, 21.891094079556645
5000, 21.787611158637837
5250, 21.650866033486974
5500, 21.173568428585675
5750, 21.03188056261256
6000, 20.94707616828659
6250, 20.979037156170918
6500, 20.212372448577135
6750, 20.216330032921405
7000, 20.148449071826843
7250, 20.05193257519085
7500, 20.121630152649164
7750, 19.985494739935763
8000, 19.884164553734713
8250, 19.8801408445715
8500, 19.48537913410976
8750, 19.733727473541332
9000, 19.678922734743384
9250, 19.500769215597625
9500, 19.732713954243597
9750, 19.549424543960367
10000, 19.63720957773787
11000, 19.988996973335105
12000, 18.972084756293917
13000, 18.959957805860224
14000, 18.87220177933672
15000, 19.046259475288053
16000, 18.65475810617763
17000, 18.471599822430107
18000, 18.16259893297212
19000, 17.85441121963981
20000, 17.669748158929714
21000, 17.745421944828475
22000, 18.193955040067564
23000, 18.584402061944314
24000, 18.840382161729096
25000, 18.61719635176038
26000, 18.747799870918186
27000, 18.681541692269406
28000, 18.495945501649814
29000, 18.46456065006693
30000, 18.416297130530882
31000, 18.1030384190058
32000, 17.793257149830662
33000, 17.68219443394965
34000, 17.550498568416796
35000, 17.291038141187475
36000, 17.31415605797753
37000, 17.221498192666047
38000, 17.255723688098392
39000, 17.02233826476257
40000, 17.148177745754793
41000, 17.120163550620656
42000, 16.705089044958726
43000, 17.238329385413195
44000, 17.232527382830412
45000, 16.96349020691202
46000, 17.014699527173555
47000, 17.280624988697603
48000, 17.30317889868795
49000, 17.064583206161235
50000, 16.880165875962238
51000, 17.093273530836626
52000, 17.10672382427448
53000, 17.316466152191676
54000, 17.592043656153198
55000, 17.751056306597643
56000, 17.86672885561316
57000, 17.551638100188825
58000, 17.35453831134669
59000, 17.05813588877753
60000, 16.95228598154243
61000, 16.944025495731527
62000, 16.9162643630324
63000, 16.59819267269783
64000, 16.868313490091417
65000, 17.014699527173555
66000, 16.823792675850473
67000, 16.849925815860438
68000, 16.875425920550864
69000, 16.82200939245963
70000, 16.87424072365924
71000, 16.697904060090895
72000, 16.32850268701941
73000, 16.624078921853084
74000, 16.42254547870092
75000, 16.310732662881826
76000, 16.607829478893382
77000, 16.676930173146374
78000, 16.889049706836676
79000, 16.962311163281967
80000, 16.961132037691353
81000, 16.962900695340995
82000, 16.955235179731364
83000, 17.46539435569664
84000, 17.31877593827
85000, 17.304912597294447
86000, 17.266151858477325
87000, 17.06575518399347
88000, 17.024687956024334
89000, 16.81903683330291
90000, 16.86001186239203
91000, 16.861198059449986
92000, 17.138844768536764
93000, 17.19767426136453
94000, 17.196511274092778
95000, 17.483134730362288
96000, 17.54821928287882
97000, 17.590906741836818
98000, 17.559043254118375
99000, 17.42584287774913
100000, 17.417232845661793
