14.161315515970157
10.122111580947074
8.502100580780864
7.602631123499285
8.102909530356541
7.295791350399998
7.147427109506909
6.8494003908579995
5.830951894845301
5.649273025291459
4.896062557957014
4.933848106990845
5.140872632984737
4.8314446227662735
4.306141793166725
4.857983120596447
4.8314446227662735
4.443293501768384
4.2895221179054435
4.28285618984074
4.272837799067834
4.060260371665133
4.0035698356056475
3.828464817278965
3.772077866186146
3.625307868699863
3.687817782917155
3.6527875852363962
3.5976182597459037
3.760699023168052
3.589667712437223
3.4267852490135913
3.3166247903554
3.286335345030997
3.2160312720583337
3.295017884191656
2.9568322818274866
2.9130249373656736
3.028436654683167
3.070597894314954
2.8385106758902383
2.6939084723024385
2.5634797778466227
2.5298221281347035
2.6457513110645907
2.591193878173865
2.756809750418044
2.7307769694983985
2.7877282097486784
2.971291205616075
2.9130249373656736
2.903200204700225
2.84855853271189
2.7464262493023806
2.7979584393931636
2.524168887263404
2.7774602993176543
2.6886002731107927
2.5523098781859765
2.4669240534954224
2.569046515733026
2.4023797725231892
2.4727081741050063
2.5579009251449016
2.6349301969610397
2.5579009251449016
2.591193878173865
2.3421601750764798
2.596701204000403
2.699206232527312
2.7774602993176543
2.715037489875337
2.767154288640743
2.8233718443429607
2.917924898671265
2.971291205616075
3.0
3.0659419433511785
3.1259284335103663
2.961659766318301
3.0237157840738176
3.0142518616920992
3.093772546815388
3.0237157840738176
2.917924898671265
2.8535691936340255
2.8030595529069404
2.5746012173871566
2.5746012173871566
2.4784787961282104
2.4669240534954224
2.53546276418555
2.449489742783178
2.280350850198276
2.32379000772445
2.32379000772445
2.449489742783178
2.4842360136324753
2.437797600880176
2.449489742783178
2.32379000772445
2.4553149347021512
2.501428163498376
2.4553149347021512
2.3784749015162756
2.3784749015162756
2.1908902300206643
2.0770858707058104
2.138089935299395
2.0976176963403033
2.117950491799628
2.083952289006911
1.9784553859730358
1.992844341996778
2.02837021134844
2.0976176963403033
2.1908902300206643
2.2614786566062732
2.274077520980446
2.3543273227945902
2.305273457593635
2.2551528297909846
2.2551528297909846
2.3482516292522218
2.2168188275738085
2.177810171446801
2.164651077128664
2.18435999126256
2.1514114968019085
2.0976176963403033
2.0976176963403033
2.1908902300206643
2.2168188275738085
2.18435999126256
2.177810171446801
2.1712405933672376
2.2038926600773587
2.2038926600773587
2.1908902300206643
2.138089935299395
2.177810171446801
2.1313979316066587
2.0701966780270626
2.0770858707058104
1.9048809486609468
1.8361450300639575
1.8283482006601322
1.7968225924034427
1.8439088914585775
1.7566201313073597
1.8126539343499315
1.780850519113991
1.8516401995451028
1.8283482006601322
1.8593393604027366
1.7888543819998317
1.7071279138616748
1.6903085094570331
1.6733200530681511
1.7237832147426693
1.804755622554715
1.780850519113991
1.8283482006601322
1.780850519113991
1.6300744943538186
1.558387444947959
1.5946338585572373
1.5399443403670703
1.558387444947959
1.52127765851133
1.5399443403670703
1.558387444947959
1.5856499343441837
1.5306394555404428
1.5766148184367308
1.5766148184367308
1.5946338585572373
1.6300744943538186
1.52127765851133
1.7320508075688772
1.5946338585572373
1.647508942095828
1.5766148184367308
1.61245154965971
1.6388149028228556
1.6388149028228556
1.6733200530681511
1.6388149028228556
1.7728105208558367
1.7484687178050562
1.7728105208558367
1.804755622554715
1.7566201313073597
1.7484687178050562
1.740279123753264
1.7968225924034427
1.780850519113991
1.804755622554715
1.5856499343441837
1.5306394555404428
1.4832396974191326
1.4638501094227998
1.4832396974191326
1.5118578920369088
1.4342743312012722
1.4342743312012722
1.424279266355945
1.4342743312012722
1.5023790657297036
1.4442002235542986
1.4832396974191326
1.4928400545843579
1.5118578920369088
1.5491933384829668
1.5491933384829668
1.4735767952260144
1.4540583599999397
1.3835771443203715
1.3732131246511903
1.3938641048743392
1.4342743312012722
1.3627702877384937
1.3732131246511903
1.3938641048743392
1.4040757000349275
1.424279266355945
1.4040757000349275
1.3309502512973848
1.3835771443203715
1.4142135623730951
1.4442002235542986
1.424279266355945
1.4638501094227998
1.4638501094227998
1.3309502512973848
1.4040757000349275
1.4040757000349275
1.3732131246511903
1.3201731488169053
1.3522468075656264
1.424279266355945
1.4540583599999397
1.52127765851133
1.4142135623730951
1.3416407864998738
1.2983506020002016
1.3627702877384937
1.3627702877384937
1.4735767952260144
1.4928400545843579
1.5023790657297036
1.61245154965971
1.5023790657297036
1.3627702877384937
1.4342743312012722
1.5118578920369088
1.5399443403670703
1.52127765851133
1.5118578920369088
1.4638501094227998
1.5306394555404428
1.424279266355945
1.4540583599999397
1.4342743312012722
1.3835771443203715
1.3093073414159542
1.424279266355945
1.3732131246511903
1.4040757000349275
1.3522468075656264
1.3522468075656264
1.4142135623730951
1.4735767952260144
1.4442002235542986
1.3627702877384937
1.3522468075656264
1.3732131246511903
1.3201731488169053
1.3938641048743392
1.3835771443203715
1.4638501094227998
1.4342743312012722
1.4540583599999397
1.5023790657297036
1.4832396974191326
1.4540583599999397
1.4540583599999397
1.4832396974191326
1.4540583599999397
1.4342743312012722
1.4442002235542986
1.4342743312012722
1.424279266355945
1.3627702877384937
1.3416407864998738
1.3938641048743392
1.3732131246511903
1.3732131246511903
1.3201731488169053
1.3093073414159542
1.2649110640673518
1.3309502512973848
1.2873006086935783
1.3201731488169053
1.2873006086935783
1.2873006086935783
1.3201731488169053
1.2983506020002016
1.2983506020002016
1.2761549390929883
1.230563169563316
1.2421180068162376
1.2421180068162376
1.2535663410560174
1.3309502512973848
1.3522468075656264
1.4040757000349275
1.2761549390929883
1.3416407864998738
1.3732131246511903
1.3938641048743392
1.3835771443203715
1.3938641048743392
1.3938641048743392
1.3522468075656264
1.3309502512973848
1.3201731488169053
1.3835771443203715
1.3522468075656264
1.4142135623730951
1.3201731488169053
1.2983506020002016
1.2761549390929883
1.2649110640673518
1.2535663410560174
1.3416407864998738
1.3416407864998738
1.2983506020002016
1.2873006086935783
1.2649110640673518
1.2649110640673518
1.3093073414159542
1.3309502512973848
1.3309502512973848
1.3093073414159542
1.3201731488169053
1.3201731488169053
1.2761549390929883
1.2761549390929883
1.2873006086935783
1.3201731488169053
1.2421180068162376
1.218898800440088
1.1710800875382399
1.1588171308956141
1.1588171308956141
1.1588171308956141
1.1084094137869043
1.082325538564332
1.0419761445034554
1.0419761445034554
1.0419761445034554
1.0419761445034554
1.0419761445034554
1.0
0.9856107606091623
0.9856107606091623
1.0
0.9856107606091623
0.9856107606091623
1.01418510567422
1.01418510567422
1.01418510567422
1.0
1.01418510567422
1.0419761445034554
1.0281745265969475
1.0281745265969475
1.0419761445034554
1.0690449676496976
1.0690449676496976
1.0555973258234952
1.0281745265969475
1.0690449676496976
1.0690449676496976
1.1338934190276817
1.1464230084422218
1.1464230084422218
1.1464230084422218
1.1338934190276817
1.121223821162776
1.1588171308956141
1.1832159566199232
1.1952286093343936
1.1588171308956141
1.1952286093343936
1.218898800440088
1.2421180068162376
1.230563169563316
1.1464230084422218
