1, 39.572356874103775
2, 38.93144157178286
3, 38.114863992186265
4, 38.11224025353085
5, 37.68061267321129
6, 37.68061267321129
7, 37.03434699225649
8, 36.235341863986875
9, 35.34240674155786
10, 35.331491416501024
15, 33.99915965348051
20, 31.784991966110585
25, 30.06469215351646
30, 28.32817880284072
35, 26.350928419534455
40, 25.873317750697755
45, 24.60545816335415
50, 24.481479880572113
55, 23.738455840982702
60, 23.031034962167276
65, 23.033515952690703
70, 22.071960234003427
75, 21.037381694769635
80, 20.93527440196842
85, 20.80384579831335
90, 20.75778683496182
95, 20.714384236218905
100, 20.73299647559761
150, 18.534138386077885
200, 18.423587365889723
250, 17.81893054350585
300, 17.76835067512699
350, 17.737772448325394
400, 16.934326929979488
450, 16.740882379884965
500, 16.723806812018438
550, 16.711843533426055
600, 15.891597060800942
650, 15.858301115999604
700, 15.828545642062544
750, 15.26808061657672
800, 15.272758194155465
850, 14.603326431232812
900, 13.828541912601322
950, 13.826475638116483
1000, 13.799585915112505
1250, 13.284792594757146
1500, 12.411975783780068
1750, 11.261819188238258
2000, 11.269427669584644
2250, 11.2351489277433
2500, 11.148350294358098
2750, 9.534898306446992
3000, 9.473270667665796
3250, 9.435495293230314
3500, 9.086882225022428
3750, 8.228869042236953
4000, 8.22018421760903
4250, 7.630764799715126
4500, 7.779092859343287
4750, 7.790103612001209
5000, 7.784600182411426
5250, 7.574392950687769
5500, 7.5706199029066115
5750, 7.566844973774926
6000, 7.297749163758841
6250, 7.2269337501163955
6500, 7.254555219210301
6750, 7.151423434733616
7000, 7.317298486658662
7250, 7.246674113983994
7500, 7.350413010747861
7750, 7.632636691022498
8000, 7.812078560061428
8250, 8.028520589569592
8500, 7.971377367987112
8750, 7.930051341934319
9000, 7.930051341934319
9250, 7.965999175065414
9500, 7.965999175065414
9750, 7.974960814950754
10000, 7.901175319442762
11000, 8.094089554377671
12000, 7.90659760670073
13000, 7.500476175359992
14000, 6.761234037828133
15000, 6.669761186557903
16000, 6.954957122184764
17000, 7.111359122659224
18000, 6.973418919624105
19000, 7.002040518918141
20000, 6.9405639951972615
21000, 7.26046043404175
22000, 7.179335424874446
23000, 7.282071918662396
24000, 6.950847841399329
25000, 6.957010852370434
26000, 7.248645193610813
27000, 7.446955274281084
28000, 7.600751842510619
29000, 6.991831969213383
30000, 7.052861627939197
31000, 6.944679361105985
32000, 7.097283182417661
33000, 7.14142842854285
34000, 7.0325772556825035
35000, 7.002040518918141
36000, 7.254555219210301
37000, 7.195236519491807
38000, 7.289914755527471
39000, 7.3055751704727925
40000, 7.2269337501163955
41000, 7.2031739036145925
42000, 7.332900420122216
43000, 7.445036697597362
44000, 7.660660172969056
45000, 7.338742593737898
46000, 7.109349980332741
47000, 7.087211823317505
48000, 7.217043320204908
49000, 7.19325080494606
50000, 7.3055751704727925
51000, 7.319250547113999
52000, 7.2565241581037165
53000, 7.195236519491807
54000, 7.217043320204908
55000, 7.109349980332741
56000, 7.362064927722384
57000, 7.362064927722384
58000, 7.293833011524188
59000, 7.3270535882927925
60000, 7.238784428341543
61000, 7.252585745787498
62000, 7.236810662952885
63000, 7.264394577074443
64000, 7.264394577074443
65000, 7.45845637036052
66000, 7.519498463518504
67000, 7.402702209328699
68000, 7.394978991566797
69000, 7.519498463518504
70000, 7.595111209568579
71000, 7.54983443527075
72000, 7.487131817801985
73000, 7.299706452023552
74000, 7.41041737787324
75000, 7.238784428341543
76000, 7.2565241581037165
77000, 7.211102550927978
78000, 7.201190377787748
79000, 7.254555219210301
80000, 7.232861516321581
81000, 7.113367697511496
82000, 7.121396331779724
83000, 7.121396331779724
84000, 7.121396331779724
85000, 7.087211823317505
86000, 7.242730345466608
87000, 7.264394577074443
88000, 7.151423434733616
89000, 7.018343312858303
90000, 7.058935573340461
91000, 6.841052550594828
92000, 6.834784979374678
93000, 6.776008095795467
94000, 6.776008095795467
95000, 6.771790225423618
96000, 6.767569726275452
97000, 6.882690503823964
98000, 6.90755280213519
99000, 7.101307726649468
100000, 6.959063976467771
