1, 28.653097563788805
2, 28.655889447022926
3, 27.967838672303586
4, 27.91701989826278
5, 27.410217073201007
6, 27.306409503997408
7, 26.59924810967408
8, 26.363611285254528
9, 26.327172275046934
10, 26.334008430164975
15, 24.786286531063908
20, 22.755219181541626
25, 21.985449733858072
30, 21.101658702575964
35, 20.134547424762246
40, 19.454562446891476
45, 18.91983086605163
50, 18.547236990991408
55, 18.228549037155975
60, 18.34666182170479
65, 18.62256695517565
70, 18.045498053531247
75, 18.296447742663055
80, 17.916472867168917
85, 17.623847480048163
90, 17.549928774784245
95, 17.741476826916074
100, 17.854971296532515
150, 14.021412197064887
200, 11.822013364905319
250, 12.273548794053006
300, 11.483901775964474
350, 9.264987857520376
400, 10.192153844992726
450, 9.6
500, 9.425497334358543
550, 9.566608594481119
600, 8.604649905719581
650, 8.361817984146748
700, 7.421590126111789
750, 7.402702209328699
800, 7.381056834898374
850, 6.587867636800241
900, 6.907966415668217
950, 6.5482822174979605
1000, 6.305553108173778
1250, 6.539113089708726
1500, 6.636264009214823
1750, 5.3516352641038605
2000, 5.524490926773253
2250, 5.5605755097831375
2500, 5.6956123463592565
2750, 5.385164807134504
3000, 4.591296113299598
3250, 4.591296113299598
3500, 4.6604720790924175
3750, 4.485532298401161
4000, 4.494441010848846
4250, 4.638965401897281
4500, 4.604345773288535
4750, 5.102940328869229
5000, 4.82078831727758
5250, 4.516635916254486
5500, 4.3954521951671826
5750, 4.33589667773576
6000, 4.33589667773576
6250, 4.27551166528639
6500, 3.9698866482558417
6750, 3.8832975677895196
7000, 3.8314488121336034
7250, 3.481379037105842
7500, 3.181194744117373
7750, 3.1622776601683795
8000, 3.1937438845342623
8250, 3.388214869219483
8500, 3.4583232931581165
8750, 3.4756294393965534
9000, 3.3466401061363023
9250, 3.3466401061363023
9500, 3.6221540552549665
9750, 3.704051835490427
10000, 3.3645207682521443
11000, 2.9189039038652846
12000, 2.979932885150268
13000, 2.973213749463701
14000, 2.9120439557122073
15000, 2.95296461204668
16000, 3.0854497241083023
17000, 3.0789608636681307
18000, 2.727636339397171
19000, 2.2978250586152114
20000, 2.5059928172283334
21000, 2.5298221281347035
22000, 2.6457513110645907
23000, 2.939387691339814
24000, 2.946183972531247
25000, 2.4738633753705965
26000, 2.792848008753788
27000, 2.5219040425836985
28000, 2.630589287593181
29000, 2.7856776554368237
30000, 2.6381811916545836
31000, 2.449489742783178
32000, 2.1633307652783933
33000, 2.244994432064365
34000, 2.349468024894146
35000, 2.23606797749979
36000, 2.32379000772445
37000, 2.340939982143925
38000, 2.6832815729997477
39000, 2.4657656011875906
40000, 2.5059928172283334
41000, 2.513961017995307
42000, 2.5219040425836985
43000, 2.3065125189341593
44000, 2.2715633383201093
45000, 2.3664319132398464
46000, 2.253885533916929
47000, 2.23606797749979
48000, 2.2715633383201093
49000, 2.1633307652783933
50000, 2.23606797749979
51000, 2.1071307505705477
52000, 1.9287301521985911
53000, 1.98997487421324
54000, 1.9798989873223332
55000, 2.04939015319192
56000, 1.9595917942265424
57000, 1.9390719429665315
58000, 1.865475810617763
59000, 1.969771560359221
60000, 1.8867962264113207
61000, 2.0199009876724157
62000, 1.9183326093250879
63000, 2.0976176963403033
64000, 2.1071307505705477
65000, 2.08806130178211
66000, 2.06881608655772
67000, 2.1447610589527217
68000, 2.23606797749979
69000, 1.9390719429665315
70000, 2.0199009876724157
71000, 1.9493588689617927
72000, 1.9798989873223332
73000, 1.8867962264113207
74000, 1.8547236990991407
75000, 1.833030277982336
76000, 1.9390719429665315
77000, 1.9493588689617927
78000, 1.9493588689617927
79000, 2.009975124224178
80000, 2.0976176963403033
81000, 2.0976176963403033
82000, 2.172556098240043
83000, 1.8547236990991407
84000, 1.7320508075688772
85000, 1.7776388834631178
86000, 1.8
87000, 1.7549928774784245
88000, 1.8110770276274832
89000, 1.8220867158288598
90000, 1.7663521732655694
91000, 1.7204650534085253
92000, 1.6852299546352716
93000, 1.7776388834631178
94000, 1.865475810617763
95000, 1.9287301521985911
96000, 1.876166303929372
97000, 1.7549928774784245
98000, 1.7204650534085253
99000, 1.7549928774784245
100000, 1.7888543819998317
