4.312771730569565
3.1622776601683795
3.255764119219941
2.898275349237888
2.3664319132398464
2.6457513110645907
2.32379000772445
2.932575659723036
2.756809750418044
2.4899799195977463
2.280350850198276
2.4899799195977463
2.569046515733026
2.898275349237888
2.569046515733026
2.569046515733026
2.6457513110645907
2.449489742783178
2.449489742783178
2.3664319132398464
2.8284271247461903
2.5298221281347035
2.5298221281347035
2.3664319132398464
2.3664319132398464
2.04939015319192
2.04939015319192
1.6733200530681511
1.5491933384829668
1.61245154965971
1.61245154965971
1.8973665961010275
2.0976176963403033
2.0976176963403033
2.0976176963403033
2.0976176963403033
1.8973665961010275
2.0976176963403033
2.280350850198276
2.3664319132398464
2.3664319132398464
2.1447610589527217
2.1447610589527217
2.23606797749979
2.23606797749979
2.449489742783178
2.23606797749979
2.4083189157584592
2.4083189157584592
2.756809750418044
2.4083189157584592
2.8284271247461903
2.756809750418044
2.756809750418044
2.756809750418044
2.756809750418044
2.756809750418044
2.756809750418044
2.756809750418044
3.0
3.0
2.932575659723036
3.0
2.932575659723036
3.0
3.0
3.0
3.0
3.0
3.0
3.0
2.756809750418044
2.756809750418044
2.756809750418044
2.8284271247461903
2.8284271247461903
2.898275349237888
2.898275349237888
2.898275349237888
2.898275349237888
2.898275349237888
2.569046515733026
2.898275349237888
2.898275349237888
2.898275349237888
2.898275349237888
2.898275349237888
3.1304951684997055
3.0659419433511785
3.0659419433511785
3.0659419433511785
3.0659419433511785
3.22490309931942
3.22490309931942
3.22490309931942
3.0659419433511785
3.0659419433511785
3.0
3.0
2.5298221281347035
2.6832815729997477
2.5298221281347035
2.4083189157584592
2.6832815729997477
2.6832815729997477
3.0659419433511785
3.0659419433511785
3.0659419433511785
3.0659419433511785
3.0659419433511785
3.0659419433511785
3.0659419433511785
3.0659419433511785
3.0
3.0659419433511785
3.0659419433511785
3.0659419433511785
3.1622776601683795
3.1622776601683795
3.1622776601683795
3.1622776601683795
3.1622776601683795
3.1622776601683795
3.0983866769659336
3.0983866769659336
3.0983866769659336
3.0983866769659336
3.0983866769659336
3.1622776601683795
3.0983866769659336
3.22490309931942
3.22490309931942
3.22490309931942
3.22490309931942
3.22490309931942
3.22490309931942
3.22490309931942
3.22490309931942
3.22490309931942
3.22490309931942
3.22490309931942
3.22490309931942
3.22490309931942
3.1622776601683795
3.22490309931942
3.22490309931942
3.1622776601683795
3.1622776601683795
3.1622776601683795
3.0
3.0
2.6832815729997477
2.6832815729997477
3.0
3.0
3.0
3.0
2.6832815729997477
2.6832815729997477
2.756809750418044
2.756809750418044
2.756809750418044
2.756809750418044
2.6832815729997477
2.6832815729997477
2.756809750418044
2.6832815729997477
3.0659419433511785
3.0659419433511785
3.0
3.0
3.0
2.6832815729997477
2.6832815729997477
3.0
3.0
2.6832815729997477
2.6832815729997477
2.6832815729997477
2.6832815729997477
2.6832815729997477
2.5298221281347035
2.5298221281347035
2.6832815729997477
2.5298221281347035
2.5298221281347035
2.5298221281347035
2.5298221281347035
2.5298221281347035
2.5298221281347035
2.5298221281347035
2.5298221281347035
2.5298221281347035
2.23606797749979
2.4083189157584592
2.4083189157584592
2.4083189157584592
2.4083189157584592
2.4083189157584592
2.4083189157584592
2.4083189157584592
2.4083189157584592
2.4083189157584592
2.23606797749979
2.23606797749979
2.23606797749979
2.23606797749979
2.23606797749979
2.23606797749979
2.23606797749979
2.0
2.0
2.23606797749979
2.0
2.23606797749979
2.0
2.0
2.0
2.0
2.0
2.0
2.0
2.0
2.0
1.9493588689617927
1.9493588689617927
1.9493588689617927
2.0
2.0
1.9493588689617927
1.9493588689617927
2.1447610589527217
1.9493588689617927
1.9493588689617927
1.9493588689617927
1.9493588689617927
1.9493588689617927
1.9493588689617927
1.9493588689617927
1.9493588689617927
1.9493588689617927
1.9493588689617927
1.9493588689617927
1.9493588689617927
1.9493588689617927
1.9493588689617927
1.9493588689617927
1.9493588689617927
1.9493588689617927
1.9493588689617927
1.9493588689617927
2.3664319132398464
2.0
2.0
2.23606797749979
2.4083189157584592
2.4083189157584592
2.4083189157584592
2.4083189157584592
2.4083189157584592
2.4083189157584592
2.3664319132398464
2.3664319132398464
2.3664319132398464
2.4083189157584592
2.4083189157584592
2.4083189157584592
2.3664319132398464
2.3664319132398464
2.3664319132398464
2.3664319132398464
2.4083189157584592
2.3664319132398464
2.4899799195977463
2.4899799195977463
2.4899799195977463
2.4899799195977463
2.4899799195977463
2.4899799195977463
2.4899799195977463
2.4899799195977463
2.4899799195977463
2.4899799195977463
2.4899799195977463
2.4899799195977463
2.4899799195977463
2.4899799195977463
2.4899799195977463
2.4899799195977463
2.4899799195977463
2.4899799195977463
2.4899799195977463
2.4899799195977463
2.4899799195977463
2.4899799195977463
2.4899799195977463
2.4899799195977463
2.4899799195977463
2.4899799195977463
2.4899799195977463
2.4899799195977463
2.4899799195977463
2.4899799195977463
2.4899799195977463
2.4899799195977463
2.4899799195977463
2.4899799195977463
2.8284271247461903
2.4899799195977463
2.4899799195977463
2.4899799195977463
2.4899799195977463
2.4899799195977463
2.4899799195977463
2.4899799195977463
2.4083189157584592
2.4083189157584592
2.4083189157584592
2.4083189157584592
2.4083189157584592
2.4083189157584592
2.4083189157584592
2.4083189157584592
2.4083189157584592
2.4083189157584592
2.4083189157584592
2.4083189157584592
2.4083189157584592
2.4083189157584592
2.4083189157584592
2.4083189157584592
2.4083189157584592
2.4083189157584592
2.4083189157584592
2.4083189157584592
2.4083189157584592
2.4083189157584592
2.4083189157584592
2.4083189157584592
2.4083189157584592
2.4083189157584592
2.4083189157584592
2.4083189157584592
2.4083189157584592
2.4083189157584592
2.4083189157584592
2.4083189157584592
2.4083189157584592
2.4083189157584592
2.32379000772445
2.32379000772445
2.32379000772445
2.32379000772445
2.32379000772445
2.32379000772445
2.32379000772445
2.32379000772445
2.32379000772445
2.32379000772445
2.32379000772445
2.32379000772445
2.32379000772445
2.4083189157584592
2.4083189157584592
2.4083189157584592
2.4083189157584592
2.4083189157584592
2.4083189157584592
2.4083189157584592
2.4083189157584592
2.4083189157584592
2.4083189157584592
2.4083189157584592
2.32379000772445
2.32379000772445
2.32379000772445
2.32379000772445
2.32379000772445
2.32379000772445
2.32379000772445
2.6832815729997477
2.6832815729997477
2.6832815729997477
2.6832815729997477
2.6832815729997477
2.6832815729997477
2.1908902300206643
2.569046515733026
2.1908902300206643
2.1908902300206643
2.1908902300206643
2.1908902300206643
2.1908902300206643
2.1908902300206643
2.1908902300206643
2.1908902300206643
2.1908902300206643
2.1908902300206643
2.1908902300206643
2.1908902300206643
