1, 22.26993488989135
2, 21.554581879498382
3, 20.627651344736268
4, 19.761072845369505
5, 19.772455588520106
6, 19.763602910400724
7, 19.763602910400724
8, 19.75854245636555
9, 19.75854245636555
10, 19.75854245636555
15, 19.75854245636555
20, 19.756011743264377
25, 18.89576672167605
30, 18.89576672167605
35, 18.894443627691185
40, 18.894443627691185
45, 18.894443627691185
50, 18.894443627691185
55, 18.894443627691185
60, 18.894443627691185
65, 18.734993995195193
70, 18.734993995195193
75, 18.734993995195193
80, 18.734993995195193
85, 18.734993995195193
90, 18.734993995195193
95, 18.734993995195193
100, 18.734993995195193
150, 17.995832850968583
200, 17.997222007854432
250, 17.190113437671084
300, 17.118703221914913
350, 17.118703221914913
400, 17.131841699011815
450, 17.131841699011815
500, 16.45600194457937
550, 16.504544828622205
600, 16.504544828622205
650, 16.504544828622205
700, 16.451443705644802
750, 16.31563667161046
800, 16.211107303327555
850, 16.211107303327555
900, 16.18486947738535
950, 16.18486947738535
1000, 16.18486947738535
1250, 15.031633311120917
1500, 14.491376746189438
1750, 14.491376746189438
2000, 13.564659966250536
2250, 13.564659966250536
2500, 12.804296154025804
2750, 12.739701723352868
3000, 12.708265027138834
3250, 12.706297651164952
3500, 12.037441588643327
3750, 12.101652779682617
4000, 11.962441222426131
4250, 11.962441222426131
4500, 11.962441222426131
4750, 11.947803145348521
5000, 12.103718436910205
5250, 12.351113310143342
5500, 12.13260071048248
5750, 12.186057606953941
6000, 12.186057606953941
6250, 12.085114811204733
6500, 11.821590417536889
6750, 11.666190466471907
7000, 11.34019400186787
7250, 11.3754120804479
7500, 10.825894882179487
7750, 10.825894882179487
8000, 10.698130677833394
8250, 10.698130677833394
8500, 10.58772874605314
8750, 10.561723344227493
9000, 10.573551910309043
9250, 10.590089706891062
9500, 10.590089706891062
9750, 10.590089706891062
10000, 10.73312629199899
11000, 10.339245620450265
12000, 10.401922899156675
13000, 9.703092290605094
14000, 9.874208829065749
15000, 9.917156850630123
16000, 9.604686356149273
17000, 9.547250913221042
18000, 10.0821624664553
19000, 10.445094542415593
20000, 10.27861858422619
21000, 10.079682534683322
22000, 10.75174404457249
23000, 10.62779375035101
24000, 10.261578825892242
25000, 9.78008179924892
26000, 10.502380682492898
27000, 10.037429949942366
28000, 10.315037566582102
29000, 10.2810505299799
30000, 10.29805806936434
31000, 10.03493896344168
32000, 10.25426740435415
33000, 10.49047186736612
34000, 10.485704554296769
35000, 9.91463564635635
36000, 9.825985955617888
37000, 9.648834126463155
38000, 9.460443964212251
39000, 9.573400649716902
40000, 9.785192895390463
41000, 9.528903399657276
42000, 9.50789145920377
43000, 9.5236547606473
44000, 9.460443964212251
45000, 9.528903399657276
46000, 9.6591925128346
47000, 9.420721840708387
48000, 9.654014708917737
49000, 9.418067742376884
50000, 9.777525249264253
51000, 9.404786015641186
52000, 9.521029356114811
53000, 9.44192776926407
54000, 9.41541289588513
55000, 9.518403227432634
56000, 9.549869109050658
57000, 9.476286192385707
58000, 9.713392816107048
59000, 9.764732459212592
60000, 9.751922887307918
61000, 9.810708435174291
62000, 9.687620966986684
63000, 9.687620966986684
64000, 9.944847912361455
65000, 10.022474744293447
66000, 10.079682534683322
67000, 9.969954864491614
68000, 10.146427942877237
69000, 10.239628899525608
70000, 10.246950765959598
71000, 10.329569206893384
72000, 10.29805806936434
73000, 10.101980003939822
74000, 10.18577439373168
75000, 10.302912209661887
76000, 9.612491872558333
77000, 9.677293009927931
78000, 9.617692030835672
79000, 9.5524865872714
80000, 9.767292357659825
81000, 9.813256340277675
82000, 9.841239759298622
83000, 9.838699100999074
84000, 9.646242791885346
85000, 9.818350166906862
86000, 9.87674035297071
87000, 9.91463564635635
88000, 9.838699100999074
89000, 9.864076236526156
90000, 9.792854537876073
91000, 10.052362906302179
92000, 10.069756700139283
93000, 9.954898291795853
94000, 10.0174847142384
95000, 10.293201639917484
96000, 10.768008172359455
97000, 10.59245014149229
98000, 10.507140429250958
99000, 10.35132841716463
100000, 10.471389592599447
