6.103277807866851
4.774934554525329
4.9899899799498595
5.0099900199501395
4.272001872658765
3.3391615714128
3.7682887362833544
3.8013155617496426
3.905124837953327
4.2485291572496005
3.840572873934304
4.012480529547776
3.5071355833500366
4.024922359499621
3.7549966711037173
3.0495901363953815
2.9664793948382653
2.6645825188948455
2.692582403567252
2.479919353527449
2.7748873851023217
2.7838821814150108
2.6832815729997477
2.5099800796022267
2.4698178070456938
2.7386127875258306
2.7386127875258306
2.4899799195977463
2.3345235059857505
2.3664319132398464
2.2693611435820435
2.4392621835300936
2.3874672772626644
2.7202941017470885
2.598076211353316
2.4596747752497685
2.2693611435820435
2.1095023109728985
2.1095023109728985
2.2693611435820435
2.202271554554524
2.202271554554524
2.073644135332772
2.1447610589527217
2.3021728866442674
2.04939015319192
1.6881943016134133
1.7175564037317668
1.760681686165901
1.816590212458495
1.760681686165901
1.7888543819998317
1.746424919657298
1.7888543819998317
1.760681686165901
1.7888543819998317
1.8973665961010275
2.2135943621178655
2.0248456731316584
2.16794833886788
2.085665361461421
2.085665361461421
1.9748417658131499
1.9748417658131499
2.0
1.9621416870348585
1.8841443681416772
1.8303005217723127
1.746424919657298
1.6583123951777
1.6431676725154984
1.5491933384829668
1.6431676725154984
1.6431676725154984
1.5329709716755893
1.5
1.5
1.5811388300841898
1.5652475842498528
1.51657508881031
1.4832396974191326
1.466287829861518
1.51657508881031
1.5
1.396424004376894
1.3228756555322954
1.449137674618944
1.466287829861518
1.51657508881031
1.4832396974191326
1.3601470508735443
1.284523257866513
1.3038404810405297
1.3601470508735443
1.466287829861518
1.5652475842498528
1.6278820596099706
1.466287829861518
1.6881943016134133
1.6431676725154984
1.6431676725154984
1.6733200530681511
1.6583123951777
1.61245154965971
1.449137674618944
1.61245154965971
1.5
1.3038404810405297
1.4317821063276353
1.4142135623730951
1.4832396974191326
1.449137674618944
1.449137674618944
1.466287829861518
1.3601470508735443
1.2649110640673518
1.284523257866513
1.3038404810405297
1.3038404810405297
1.284523257866513
1.3601470508735443
1.3228756555322954
1.2649110640673518
1.161895003862225
1.1832159566199232
1.3416407864998738
1.2041594578792296
1.140175425099138
1.140175425099138
1.0723805294763609
1.2041594578792296
1.1832159566199232
1.0954451150103321
1.0488088481701516
0.9486832980505138
0.9219544457292888
1.0
1.0723805294763609
0.9746794344808963
1.0954451150103321
1.0488088481701516
1.118033988749895
1.0723805294763609
1.0723805294763609
1.0954451150103321
1.0954451150103321
1.0723805294763609
1.0954451150103321
1.118033988749895
1.118033988749895
1.118033988749895
1.0723805294763609
1.0723805294763609
1.0723805294763609
1.0723805294763609
1.0488088481701516
1.0723805294763609
1.0488088481701516
1.0954451150103321
1.0954451150103321
1.0
1.02469507659596
1.0488088481701516
1.118033988749895
1.0488088481701516
1.0
0.9219544457292888
0.9219544457292888
1.118033988749895
1.0488088481701516
1.0954451150103321
1.0488088481701516
1.0
1.0723805294763609
1.02469507659596
1.0
1.0488088481701516
1.0723805294763609
1.1832159566199232
1.0488088481701516
1.0488088481701516
1.224744871391589
1.161895003862225
1.118033988749895
1.0
0.9486832980505138
0.9486832980505138
0.9219544457292888
0.8660254037844386
0.9219544457292888
0.9219544457292888
0.9219544457292888
0.7745966692414834
0.9219544457292888
0.9219544457292888
0.9746794344808963
0.9219544457292888
0.9486832980505138
0.8366600265340756
0.7745966692414834
0.7745966692414834
0.7745966692414834
0.8944271909999159
0.9746794344808963
0.7745966692414834
0.8660254037844386
0.8660254037844386
0.8944271909999159
0.9219544457292888
0.8944271909999159
0.7071067811865476
0.9746794344808963
1.140175425099138
1.0954451150103321
0.9219544457292888
0.8366600265340756
0.8944271909999159
0.8944271909999159
1.0723805294763609
1.0488088481701516
0.8660254037844386
0.9219544457292888
0.7745966692414834
0.806225774829855
0.7416198487095663
0.7416198487095663
0.7416198487095663
0.7416198487095663
0.7745966692414834
0.7416198487095663
0.7071067811865476
0.7071067811865476
0.7071067811865476
0.7071067811865476
0.7745966692414834
0.7745966692414834
0.806225774829855
0.8944271909999159
0.9486832980505138
0.8944271909999159
0.9486832980505138
0.9486832980505138
0.8944271909999159
0.9486832980505138
0.9486832980505138
0.9486832980505138
0.9486832980505138
1.0
1.0
1.0
0.9746794344808963
0.9486832980505138
0.8366600265340756
0.7745966692414834
0.806225774829855
0.8660254037844386
0.806225774829855
0.8944271909999159
0.9219544457292888
0.9219544457292888
0.8660254037844386
0.8660254037844386
0.8944271909999159
0.8944271909999159
0.8944271909999159
1.0
1.0
0.9486832980505138
1.0
0.9486832980505138
0.9486832980505138
0.9486832980505138
1.02469507659596
0.9746794344808963
1.0
0.9486832980505138
0.9486832980505138
0.9219544457292888
0.806225774829855
0.8366600265340756
0.8366600265340756
0.8660254037844386
0.806225774829855
0.806225774829855
0.7745966692414834
0.806225774829855
0.8366600265340756
0.806225774829855
0.8366600265340756
0.9219544457292888
0.9219544457292888
0.9219544457292888
0.9219544457292888
0.8660254037844386
0.8660254037844386
0.8660254037844386
0.8660254037844386
0.9746794344808963
0.9746794344808963
0.9746794344808963
0.8366600265340756
0.8366600265340756
0.8944271909999159
0.8366600265340756
0.8366600265340756
0.8366600265340756
0.8660254037844386
0.8944271909999159
0.7416198487095663
0.7416198487095663
0.6324555320336759
0.7416198487095663
0.7416198487095663
0.7416198487095663
0.806225774829855
0.806225774829855
0.8660254037844386
0.8944271909999159
0.8944271909999159
0.8366600265340756
0.8944271909999159
0.8366600265340756
0.8660254037844386
0.8366600265340756
0.8366600265340756
0.8944271909999159
0.8366600265340756
0.9486832980505138
0.9219544457292888
0.8944271909999159
0.8944271909999159
0.8366600265340756
0.8660254037844386
0.8366600265340756
0.8366600265340756
0.7745966692414834
0.7745966692414834
0.806225774829855
0.806225774829855
0.7416198487095663
0.7071067811865476
0.8660254037844386
0.8944271909999159
0.8366600265340756
0.806225774829855
0.806225774829855
0.5916079783099616
0.5916079783099616
0.5477225575051661
0.6708203932499369
0.6324555320336759
0.6324555320336759
0.6708203932499369
0.7745966692414834
0.8660254037844386
0.8660254037844386
0.8660254037844386
0.7745966692414834
0.6708203932499369
0.6708203932499369
0.5916079783099616
0.5477225575051661
0.5477225575051661
0.5916079783099616
0.5916079783099616
0.5916079783099616
0.5916079783099616
0.5916079783099616
0.5916079783099616
0.5916079783099616
0.5916079783099616
0.5477225575051661
0.5477225575051661
0.5477225575051661
0.5477225575051661
0.5477225575051661
0.5916079783099616
0.5916079783099616
0.5916079783099616
0.5477225575051661
0.5477225575051661
0.5916079783099616
0.6324555320336759
0.6324555320336759
0.5916079783099616
0.5916079783099616
0.6324555320336759
0.5477225575051661
0.5477225575051661
0.5477225575051661
0.5477225575051661
0.5477225575051661
0.5477225575051661
0.5477225575051661
0.6324555320336759
0.5916079783099616
0.5
0.5477225575051661
0.5477225575051661
0.5
