1, 16.673332000533065
2, 15.90387793380386
3, 14.977761292440647
4, 14.438374793122204
5, 14.0
6, 13.175735273600482
7, 13.112335159434164
8, 13.0843417870369
9, 12.060956291549466
10, 11.460075625114056
15, 10.782702196883056
20, 9.821744583660617
25, 9.650561296283929
30, 8.193493353468552
35, 7.576278769950324
40, 6.552353266829661
45, 6.552353266829661
50, 6.587867636800241
55, 6.54217089351845
60, 6.44980619863884
65, 6.439461675223067
70, 6.434283176858165
75, 6.439461675223067
80, 6.429100507328637
85, 6.4239136565388755
90, 6.413527370592047
95, 6.397916327472041
100, 6.377042156569663
150, 6.282250127674532
200, 5.513619500836088
250, 5.118593556827891
300, 4.640402281411961
350, 4.626013402488151
400, 4.568004670166906
450, 4.560701700396552
500, 3.759432581299116
550, 2.932575659723036
600, 2.463060426921489
650, 2.3523038352503134
700, 2.74469184669852
750, 2.74469184669852
800, 2.6832815729997477
850, 2.6457513110645907
900, 2.6331223544175333
950, 2.6204325342711394
1000, 2.6204325342711394
1250, 2.516611478423583
1500, 2.1908902300206643
1750, 2.1908902300206643
2000, 2.2211108331943574
2250, 2.2211108331943574
2500, 2.280350850198276
2750, 2.250925735484551
3000, 2.250925735484551
3250, 2.250925735484551
3500, 2.0
3750, 2.0
4000, 2.0
4250, 2.0
4500, 2.016597794967223
4750, 2.1134489978863145
5000, 2.1756225162774294
5250, 2.160246899469287
5500, 2.160246899469287
5750, 2.160246899469287
6000, 2.160246899469287
6250, 2.160246899469287
6500, 2.3664319132398464
6750, 2.3664319132398464
7000, 2.3664319132398464
7250, 2.3664319132398464
7500, 2.0330600909302543
7750, 1.6733200530681511
8000, 1.6733200530681511
8250, 1.591644851508443
8500, 1.591644851508443
8750, 1.4375905768565218
9000, 1.4375905768565218
9250, 1.4375905768565218
9500, 1.4375905768565218
9750, 1.4375905768565218
10000, 1.4832396974191326
11000, 1.4832396974191326
12000, 1.5275252316519468
13000, 1.4832396974191326
14000, 1.4832396974191326
15000, 1.6532795690182993
16000, 1.4832396974191326
17000, 1.4375905768565218
18000, 1.591644851508443
19000, 1.505545305418162
20000, 1.505545305418162
21000, 1.5491933384829668
22000, 1.505545305418162
23000, 1.4605934866804429
24000, 1.3416407864998738
25000, 1.2110601416389966
26000, 1.1254628677422756
27000, 1.1254628677422756
28000, 1.1547005383792515
29000, 1.2649110640673518
30000, 1.2649110640673518
31000, 1.2649110640673518
32000, 1.2649110640673518
33000, 1.2110601416389966
34000, 1.2110601416389966
35000, 1.2110601416389966
36000, 1.2110601416389966
37000, 1.2110601416389966
38000, 1.2649110640673518
39000, 1.2649110640673518
40000, 1.2649110640673518
41000, 1.2649110640673518
42000, 1.2649110640673518
43000, 1.2649110640673518
44000, 1.2649110640673518
45000, 0.9309493362512627
46000, 0.9309493362512627
47000, 0.9309493362512627
48000, 0.9309493362512627
49000, 0.9309493362512627
50000, 0.9309493362512627
51000, 0.9309493362512627
52000, 0.9309493362512627
53000, 0.9309493362512627
54000, 0.9309493362512627
55000, 0.9309493362512627
56000, 0.9309493362512627
57000, 0.7745966692414834
58000, 0.7745966692414834
59000, 0.7745966692414834
60000, 0.7745966692414834
61000, 0.7745966692414834
62000, 0.7745966692414834
63000, 0.7302967433402214
64000, 0.7302967433402214
65000, 0.7302967433402214
66000, 0.7302967433402214
67000, 0.7302967433402214
68000, 0.7302967433402214
69000, 0.7302967433402214
70000, 0.7302967433402214
71000, 0.7302967433402214
72000, 0.7302967433402214
73000, 0.7302967433402214
74000, 0.7302967433402214
75000, 0.7302967433402214
76000, 0.7302967433402214
77000, 0.7302967433402214
78000, 0.7302967433402214
79000, 0.7302967433402214
80000, 0.7302967433402214
81000, 0.7302967433402214
82000, 0.5773502691896257
83000, 0.5773502691896257
84000, 0.9660917830792959
85000, 0.9660917830792959
86000, 0.9660917830792959
87000, 0.9660917830792959
88000, 0.9660917830792959
89000, 0.9660917830792959
90000, 0.9660917830792959
91000, 0.9660917830792959
92000, 0.9660917830792959
93000, 0.9660917830792959
94000, 0.9660917830792959
95000, 0.9660917830792959
96000, 0.9660917830792959
97000, 0.8563488385776752
98000, 0.8563488385776752
99000, 0.8563488385776752
100000, 0.8563488385776752
