1, 0.06324555320336758
2, 0.0
3, 0.28982753492378877
4, 0.6099180272790763
5, 0.867179335547152
6, 1.1349008767288886
7, 1.4394443372357266
8, 13.88005763676794
9, 19.765930284203677
10, 24.315344949229075
15, 41.03237745975731
20, 53.8726646825642
25, 65.21021392389386
30, 69.21491168816154
35, 73.338093784881
40, 77.54596056533184
45, 78.76910561889096
50, 77.59033444959495
55, 76.44519605573656
60, 75.33530380903764
65, 74.25706700375393
70, 73.43320774690426
75, 74.5200912506151
80, 74.19048456507075
85, 74.14170216551547
90, 73.46708106356206
95, 73.31687391044437
100, 73.33580298871759
150, 71.05268467834273
200, 69.27732673826264
250, 72.95790567169537
300, 70.01982576385062
350, 68.97721362884992
400, 65.83187677713586
450, 65.51604383660539
500, 63.937406891427806
550, 63.54503914547539
600, 61.6077592515748
650, 59.143080744918926
700, 57.4059927185307
750, 55.693626206236566
800, 55.82698272341073
850, 55.266481704555794
900, 54.21464746726663
950, 53.50140185079266
1000, 53.92057121359157
1250, 49.972392378192175
1500, 47.64842075032497
1750, 47.381937486768095
2000, 44.79812496076147
2250, 42.86299102955836
2500, 40.36602531832927
2750, 38.867055458318426
3000, 36.076806954052905
3250, 35.633074523537815
3500, 35.179823763060554
3750, 34.83153743376827
4000, 33.97057550292606
4250, 33.77460584522046
4500, 33.84824958546601
4750, 32.8258434773579
5000, 32.226945247727095
5250, 31.88309897108498
5500, 32.48002463053253
5750, 32.458589001988365
6000, 32.319715345281125
6250, 32.402654212270946
6500, 32.20372649244183
6750, 32.2822551876414
7000, 31.79452783105923
7250, 31.628088781967207
7500, 31.08729644082933
7750, 30.54825690608222
8000, 30.24506571326966
8250, 29.62795976775991
8500, 29.474870652812033
8750, 29.22882139259125
9000, 29.736442288881836
9250, 29.80449630508793
9500, 29.836621792689602
9750, 29.719353963368718
10000, 29.615401398596642
11000, 28.921894820360578
12000, 27.791365565585295
13000, 27.32500686184726
14000, 27.00311093189079
15000, 26.802089470785667
16000, 26.705355268185443
17000, 25.98638104854156
18000, 25.811082890882357
19000, 25.07508723813339
20000, 24.48379055620269
21000, 23.6105908439412
22000, 23.281322986462776
23000, 22.805350249448043
24000, 22.616277324086738
25000, 22.55890068243575
26000, 22.35218110162854
27000, 22.167273174659982
28000, 21.826314393410538
29000, 21.598981457466923
30000, 21.398224225388425
31000, 21.173946254772634
32000, 20.94249268831196
33000, 20.8281540228605
34000, 20.415974137914656
35000, 20.671042547486568
36000, 20.21454921584946
37000, 20.03756472229098
38000, 19.937803289229233
39000, 19.683089188437876
40000, 19.480349072847744
41000, 19.301398913032184
42000, 18.996631280308623
43000, 18.984520009734247
44000, 18.932511719262184
45000, 18.838577440985294
46000, 18.852798200797675
47000, 18.965231345807517
48000, 18.804786624686813
49000, 18.412495756958098
50000, 18.62750654274479
51000, 18.775622493009386
52000, 18.71865379774945
53000, 18.557586049915006
54000, 18.38281806470379
55000, 18.20164827701052
56000, 18.16436070991765
57000, 18.05070635737006
58000, 17.852842910864364
59000, 17.665672928026265
60000, 17.34151089149962
61000, 17.315657654273487
62000, 17.24528921183985
63000, 16.892246742218752
64000, 16.809878048338128
65000, 16.564661179752516
66000, 16.451139778143034
67000, 16.493756394466363
68000, 16.185425542752963
69000, 15.922562607821645
70000, 15.789363508387538
71000, 15.760710643876436
72000, 15.733276836056753
73000, 15.839318167143432
74000, 15.85055204085965
75000, 15.633425728227323
76000, 15.485218758545196
77000, 15.3278830893245
78000, 15.344966601462513
79000, 15.201447299517241
80000, 15.10470125490736
81000, 15.02983699179735
82000, 14.827946587440891
83000, 14.681008139770238
84000, 14.571753497777816
85000, 14.498551651803018
86000, 14.563790715332324
87000, 14.456278912638618
88000, 14.332620137295205
89000, 14.2360106771525
90000, 14.113539598555707
91000, 14.036238812445447
92000, 13.896618293671306
93000, 13.843843396976144
94000, 13.825917691061234
95000, 13.788110820558414
96000, 13.686781944635488
97000, 13.369517567960333
98000, 13.17619064828678
99000, 13.064608681472247
100000, 13.02274932569924
101000, 13.007382519169642
102000, 12.946350837205054
103000, 12.8380683905329
104000, 12.838691522113926
105000, 12.94974903231719
106000, 12.79390479877039
107000, 12.819672382709317
108000, 12.741742424017211
109000, 12.454557398799848
110000, 12.410157130350928
111000, 12.556432614401272
112000, 12.3775603411981
113000, 12.341150675686608
114000, 12.216382443260361
115000, 12.186549962971473
116000, 12.168483882554966
117000, 12.158289353358885
118000, 12.132271015766175
119000, 12.062503886009736
120000, 12.16272995671613
121000, 12.117920613702665
122000, 12.136556348486996
123000, 11.917550083804976
124000, 11.948891161944694
125000, 11.847193760549374
126000, 11.899243673444124
127000, 11.829961961054652
128000, 11.833680746073894
129000, 11.860522754077916
130000, 11.80355878538333
131000, 11.757720867583139
132000, 11.771490984577952
133000, 11.628585468576992
134000, 11.62067123706716
135000, 11.60379248349435
136000, 11.512254340484317
137000, 11.437482240423371
138000, 11.337548235840057
139000, 11.371367551882226
140000, 11.284679880262443
141000, 11.231562669548703
142000, 11.223368478313452
143000, 11.119892085807308
144000, 11.031591000395183
145000, 11.055134553681379
146000, 10.878970539531762
147000, 10.80758992560321
148000, 10.80203684496586
149000, 10.850069124203772
150000, 10.852833731334872
151000, 10.95810202544218
152000, 10.940566712926712
153000, 10.93928699687507
154000, 10.99618115529205
155000, 10.889077095879154
156000, 10.942577392917995
157000, 10.895870777500988
158000, 10.814989597775858
159000, 10.800555541267311
160000, 10.740949678682979
161000, 10.770329614269007
162000, 10.791292786316196
163000, 10.831251081938781
164000, 10.808885233917511
165000, 10.77701257306495
166000, 10.726975342565117
167000, 10.661519591502893
168000, 10.553103808832736
169000, 10.615460423363652
170000, 10.579035872895034
171000, 10.50599828669318
172000, 10.513229760639687
173000, 10.44222198576529
174000, 10.377282881371212
175000, 10.388262607385318
176000, 10.369763738870814
177000, 10.32898833381082
178000, 10.374777106039435
179000, 10.377668331566586
180000, 10.288634506094576
181000, 10.314455875129818
182000, 10.32395273139121
183000, 10.362239140263073
184000, 10.360501918343532
185000, 10.335569650483713
186000, 10.363976070987428
187000, 10.327245518530098
188000, 10.374584329022538
189000, 10.266645021622205
190000, 10.301067905804718
191000, 10.32395273139121
192000, 10.293493090297385
193000, 10.331505214633538
194000, 10.361274052933839
195000, 10.304368005850723
196000, 10.173298383513579
197000, 10.16739888073641
198000, 10.14770910107301
199000, 10.031350856190805
200000, 10.04828343549285
201000, 10.090391469115557
202000, 10.101485039339513
203000, 10.116521141182872
204000, 10.09554357129917
205000, 9.991996797437437
206000, 9.96634336153436
207000, 9.94947234781825
208000, 9.946657730112161
209000, 9.976171610392436
210000, 9.986190464836929
211000, 9.869549128506327
212000, 9.852715361767029
213000, 9.828936870282565
214000, 9.815090422405694
215000, 9.813256340277675
216000, 9.860831607932466
217000, 9.845405019601785
218000, 9.775070332227795
219000, 9.693296652842108
220000, 9.699484522385713
221000, 9.663746685421758
222000, 9.628707078315344
223000, 9.570161963101773
224000, 9.559707108484025
225000, 9.518823456709343
226000, 9.592705562040356
227000, 9.563681299583335
228000, 9.589786233279655
229000, 9.599791664406057
230000, 9.536246641105713
231000, 9.549659679800113
232000, 9.560543917581258
233000, 9.444786921895062
234000, 9.446480826212479
235000, 9.474808705192945
236000, 9.47269760944579
237000, 9.49568322976288
238000, 9.587074632024098
239000, 9.70443197719475
240000, 9.649041403165395
241000, 9.570161963101773
242000, 9.612907988740972
243000, 9.573296193057018
244000, 9.49652568047915
245000, 9.428891769449896
246000, 9.403829007377793
247000, 9.448386105573798
248000, 9.41573151698794
249000, 9.298386956886661
250000, 9.278577477178278
251000, 9.268872639107736
252000, 9.20260832590413
253000, 9.039469010954129
254000, 9.026184132843735
255000, 9.024189714317846
256000, 9.040132742388245
257000, 9.038362683583792
258000, 8.925693250386773
259000, 8.857990742826502
260000, 8.817028978062849
261000, 8.75602649607686
262000, 8.755798078987432
263000, 8.683777979658393
264000, 8.700114941769447
265000, 8.695056066524241
266000, 8.718486107117451
267000, 8.75602649607686
268000, 8.5313539370958
269000, 8.510934143794088
270000, 8.52994724485445
271000, 8.549619874590917
272000, 8.527367706390994
273000, 8.556167366291989
274000, 8.515632683482773
275000, 8.410231863628969
276000, 8.42567504714014
277000, 8.424725514816492
278000, 8.476084001471435
279000, 8.42709914502019
280000, 8.385940615100967
281000, 8.402142583888946
282000, 8.410707461325712
283000, 8.344818751776458
284000, 8.3265839334027
285000, 8.30132519541308
286000, 8.318653737234168
287000, 8.323701099871379
288000, 8.32634373539791
289000, 8.337385681375187
290000, 8.315287126732306
291000, 8.1245307556806
292000, 8.143218037115302
293000, 8.086779334197267
294000, 8.030691128414789
295000, 8.045619926394734
296000, 8.030940169120923
297000, 8.155488949167916
298000, 8.189505479575674
299000, 8.064242059859067
300000, 8.067217612039482
301000, 8.039402962907134
302000, 7.992996934817378
303000, 7.981729135970475
304000, 7.981227975693966
305000, 7.980977383754448
306000, 7.996499234039856
307000, 7.972703431082834
308000, 7.9062000986567496
309000, 7.890500617831545
310000, 7.885936849861277
311000, 7.888726132906377
312000, 7.896581538868576
313000, 7.808456953841777
314000, 7.824576665865061
315000, 7.880609113514005
316000, 7.86867206077366
317000, 7.851114570556208
318000, 7.8722296714463305
319000, 7.935489902961253
320000, 7.964420882901656
321000, 7.940528949635534
322000, 7.91732277982905
323000, 7.926411546216863
324000, 7.9505974618263755
325000, 7.955124134795132
326000, 7.946319902948786
327000, 7.925149840854746
328000, 7.91530163670343
329000, 7.933977564878791
330000, 7.935489902961253
331000, 7.923635529225205
332000, 7.91732277982905
333000, 7.904176111398328
334000, 7.903670033598316
335000, 7.937001952878681
336000, 7.881624198095213
337000, 7.872737770305829
338000, 7.875277772878872
339000, 7.812809993849844
340000, 7.77868883553006
341000, 7.713624310270756
342000, 7.731494034143725
343000, 7.638848080699079
344000, 7.6511437053554285
345000, 7.6850504227363405
346000, 7.6733304373003515
347000, 7.6482677777389565
348000, 7.646698634051168
349000, 7.63753887060485
350000, 7.6241720862005735
351000, 7.585776163320402
352000, 7.633347889360212
353000, 7.624696715279894
354000, 7.625745865159683
355000, 7.6275815302099526
356000, 7.675936424958196
357000, 7.638324423589247
358000, 7.687652437513028
359000, 7.696492707720836
360000, 7.697532072034517
361000, 7.717771699136999
362000, 7.71673506089201
363000, 7.76736763646475
364000, 7.799230731296517
365000, 7.777146006087323
366000, 7.734856171901324
367000, 7.710252914139717
368000, 7.673069789855948
369000, 7.623647421018367
370000, 7.576278769950324
371000, 7.570468941882002
372000, 7.54983443527075
373000, 7.531268153505092
374000, 7.488925156522797
375000, 7.47288431597867
376000, 7.476095237488619
377000, 7.493463818555475
378000, 7.452247982991441
379000, 7.46404715955091
380000, 7.488658090739622
381000, 7.483047507533278
382000, 7.472349028250755
383000, 7.332393879218437
384000, 7.297122720634483
385000, 7.299589029527621
386000, 7.298767019161524
387000, 7.278186587330666
388000, 7.259201057967743
389000, 7.2949297460633575
390000, 7.266085603679604
391000, 7.212489168102785
392000, 7.201944181955314
393000, 7.188045631463395
394000, 7.165472768771088
395000, 7.198610977126073
396000, 7.239336986216348
397000, 7.224679923705963
398000, 7.1785792466197655
399000, 7.129095314273754
400000, 7.11168053275736
401000, 7.07276466454243
402000, 7.077287616029181
403000, 7.015411605886001
404000, 7.036476390921808
405000, 7.074461110218926
406000, 7.069653456853454
407000, 7.096477999684069
408000, 7.1229207492432485
409000, 7.122639960014826
410000, 7.0654086930622775
411000, 7.085195833567341
412000, 7.009992867328753
413000, 7.031358332498778
414000, 7.004569936834095
415000, 6.992853494818835
416000, 6.967065379340142
417000, 6.97309113664808
418000, 6.9475175422592494
419000, 6.9397406291589885
420000, 6.948956756233269
421000, 6.981117389071752
422000, 6.938299503480662
423000, 6.921560517686745
424000, 6.951258878793107
425000, 6.989706717738592
426000, 7.018261893090055
427000, 6.981117389071752
428000, 6.992853494818835
429000, 7.0376132317711235
430000, 6.997999714204052
431000, 7.01512651347073
432000, 6.948668937285759
433000, 6.935993079581323
434000, 6.902753073955348
435000, 6.935127972863947
436000, 6.931954991198371
437000, 6.945214179562787
438000, 6.933685888472307
439000, 6.957873238281939
440000, 6.958448102845922
441000, 6.956723366643236
442000, 6.940605160935176
443000, 6.932243504090144
444000, 6.919826587422549
445000, 6.9457900918470035
446000, 6.933685888472307
447000, 6.903042807342281
448000, 6.88650854933035
449000, 6.881860213634101
450000, 6.875172725102985
451000, 6.883603707361428
452000, 6.866440125712887
453000, 6.798529252713413
454000, 6.782624860627337
455000, 6.768456249396904
456000, 6.753073374397764
457000, 6.741809846027993
458000, 6.73973293239428
459000, 6.731121749010339
460000, 6.700149252068942
461000, 6.711184694225007
462000, 6.72249953514316
463000, 6.777905281132217
464000, 6.737358532837629
465000, 6.751296171847299
466000, 6.763431081928757
467000, 6.763135367564367
468000, 6.759881655768835
469000, 6.735874108087235
470000, 6.74477575609449
471000, 6.745665274826494
472000, 6.711184694225007
473000, 6.729041536504289
474000, 6.7016415899389905
475000, 6.6956702427762975
476000, 6.690590407430424
477000, 6.627216610312357
478000, 6.611505123646204
479000, 6.592419889539804
480000, 6.595756211383195
481000, 6.575104561906221
482000, 6.597272163553661
483000, 6.53299318842443
484000, 6.527173967346052
485000, 6.5155199332056375
486000, 6.505382386916237
487000, 6.507534095185364
488000, 6.517361429290231
489000, 6.507841424005351
490000, 6.524109134586882
491000, 6.487218201972245
492000, 6.434904816700866
493000, 6.503229966716539
494000, 6.5167476550807155
495000, 6.5167476550807155
496000, 6.529624797796578
497000, 6.554998093058456
498000, 6.539724764850582
499000, 6.554998093058456
500000, 6.516440746297015
501000, 6.52502873556891
502000, 6.49646057480533
503000, 6.489067729651155
504000, 6.4933812455453435
505000, 6.487834769782596
506000, 6.497076265521285
507000, 6.4927652044410165
508000, 6.463745044476925
509000, 6.5069193939989765
510000, 6.513063795173513
511000, 6.53054362208844
512000, 6.53329931963935
513000, 6.5375836514724615
514000, 6.524415682649289
515000, 6.545838372584523
516000, 6.508763323397156
517000, 6.493689244181615
518000, 6.444842899559306
519000, 6.442980676674423
520000, 6.372126803509171
521000, 6.407495610611059
522000, 6.3831026938315825
523000, 6.3661605383464845
524000, 6.341293243495368
525000, 6.307138812488591
526000, 6.328664946100401
527000, 6.3046014941469535
528000, 6.293488698647198
529000, 6.270566162636353
530000, 6.247559523525966
531000, 6.243396511515186
532000, 6.195805032439288
533000, 6.237307111246007
534000, 6.242115026175022
535000, 6.205159143809286
536000, 6.133514490078261
537000, 6.132210042064769
538000, 6.132536180080799
539000, 6.137100292483414
540000, 6.124050946881484
541000, 6.1037693272272335
542000, 6.101803012225157
543000, 6.113264267148934
544000, 6.03721790231229
545000, 6.0266076693277455
546000, 6.032909745719722
547000, 6.0547502012882415
548000, 6.068278174243498
549000, 6.152397906507673
550000, 6.142637869840611
551000, 6.102458520956943
552000, 6.131883886702357
553000, 6.137752031485142
554000, 6.1393810762975125
555000, 6.115553940568262
556000, 6.141661013113635
557000, 6.132862300753214
558000, 6.0676189728756045
559000, 6.062012867026925
560000, 6.074866253671763
561000, 6.0725612388842976
562000, 6.070914263930928
563000, 6.075195470106292
564000, 6.059042828698276
565000, 6.056401571890688
566000, 6.03423565996556
567000, 6.036555309114628
568000, 6.013651137204419
569000, 6.078486653765063
570000, 6.079802628375365
571000, 6.049462786066214
572000, 6.051776598652664
573000, 6.0659706560450815
574000, 6.071902502511054
575000, 6.074537019394976
576000, 6.092946741930377
577000, 6.09393140755621
578000, 6.089006487104444
579000, 6.071243694664216
580000, 6.047809520809993
581000, 6.093603203360061
582000, 6.104096984812741
583000, 6.091961917149516
584000, 6.124704074483926
585000, 6.105407439311484
586000, 6.111301007150605
587000, 6.111628260946505
588000, 6.11228271597445
589000, 6.085063680850021
590000, 6.113918547053109
591000, 6.124704074483926
592000, 6.1220911460055865
593000, 6.145242061953296
594000, 6.185790167795866
595000, 6.188376200587679
596000, 6.199677410962606
597000, 6.217073266417246
598000, 6.2173949528721435
599000, 6.185466837676846
600000, 6.109664475239209
601000, 6.111955497220182
602000, 6.0880210249308435
603000, 6.0272713560947295
604000, 6.007661774767285
605000, 6.0
606000, 5.941380311005179
607000, 5.951806448465877
608000, 5.919797293826876
609000, 5.929924114185611
610000, 5.928574870911222
611000, 5.913036445008605
