10.63014581273465
9.881801455200362
9.011104260855047
8.105553651663778
8.07465169527454
7.569676347110224
6.621933252457322
6.629479617586889
7.067531393633848
6.288879073412049
7.085195833567341
6.037383539249433
5.468089245796926
5.431390245600108
5.084289527554465
4.919349550499537
4.832183771339828
5.029910535983717
4.780167361086848
4.620606020859169
4.669047011971501
4.421538193886829
4.33589667773576
4.141255848169731
4.018706259482023
4.05585995813465
3.794733192202055
3.521363372331802
4.043513323831146
3.96232255123179
3.9937451095431715
4.080441152620633
3.714835124201342
3.4351128074635335
3.626292872893749
3.598610843089316
3.556683848755748
4.018706259482023
3.420526275297414
3.5846896657869842
3.391164991562634
3.2015621187164243
3.3015148038438356
3.138470965295043
2.8372521918222215
2.6362852652928135
2.6172504656604803
2.924038303442689
2.80178514522438
2.932575659723036
2.8809720581775866
2.539685019840059
2.6076809620810595
2.4596747752497685
2.4899799195977463
2.3345235059857505
2.4392621835300936
2.247220505424423
2.3021728866442674
2.3345235059857505
2.1447610589527217
2.1563858652847827
2.1330729007701543
2.16794833886788
2.247220505424423
2.1908902300206643
2.1563858652847827
1.8303005217723127
1.9364916731037085
2.073644135332772
1.7320508075688772
1.5652475842498528
1.70293863659264
1.8027756377319946
2.073644135332772
1.8708286933869707
1.6733200530681511
1.7320508075688772
2.0124611797498106
1.9748417658131499
1.70293863659264
1.8027756377319946
1.6431676725154984
1.91049731745428
1.8027756377319946
1.7320508075688772
1.5329709716755893
1.396424004376894
1.70293863659264
1.7748239349298849
1.5811388300841898
1.6278820596099706
1.5811388300841898
1.449137674618944
1.396424004376894
1.4317821063276353
1.5329709716755893
1.4142135623730951
1.51657508881031
1.5968719422671311
1.6431676725154984
1.7748239349298849
1.5811388300841898
1.5491933384829668
1.466287829861518
1.51657508881031
1.6583123951777
1.9364916731037085
1.91049731745428
2.258317958127243
2.1908902300206643
1.5652475842498528
1.9874606914351791
2.085665361461421
2.073644135332772
2.073644135332772
2.1213203435596424
2.085665361461421
2.1563858652847827
2.085665361461421
2.1563858652847827
2.224859546128699
2.3664319132398464
2.247220505424423
1.8708286933869707
1.857417562100671
1.9621416870348585
1.8973665961010275
1.9364916731037085
2.0615528128088303
1.91049731745428
1.9874606914351791
1.70293863659264
1.857417562100671
1.7320508075688772
1.8439088914585775
1.816590212458495
1.5329709716755893
1.8439088914585775
1.70293863659264
1.746424919657298
1.61245154965971
1.5491933384829668
1.51657508881031
1.6881943016134133
1.5652475842498528
1.7320508075688772
1.61245154965971
1.6431676725154984
1.4142135623730951
1.466287829861518
1.7320508075688772
1.378404875209022
1.5968719422671311
1.3416407864998738
1.3416407864998738
1.5811388300841898
1.8027756377319946
1.5811388300841898
1.396424004376894
1.3228756555322954
1.378404875209022
1.5
1.284523257866513
1.378404875209022
1.396424004376894
1.2649110640673518
1.224744871391589
1.4317821063276353
1.5968719422671311
1.396424004376894
1.3416407864998738
1.3228756555322954
1.378404875209022
1.3228756555322954
1.396424004376894
1.378404875209022
1.4317821063276353
1.466287829861518
1.5968719422671311
1.6583123951777
1.4832396974191326
1.6431676725154984
1.7320508075688772
1.746424919657298
1.760681686165901
1.6583123951777
1.5
1.760681686165901
1.6881943016134133
1.6583123951777
1.7320508075688772
1.8027756377319946
1.9235384061671346
1.760681686165901
2.04939015319192
1.8027756377319946
1.5968719422671311
1.6431676725154984
1.6733200530681511
1.8303005217723127
1.7888543819998317
1.760681686165901
1.816590212458495
1.7320508075688772
1.70293863659264
1.6583123951777
1.8027756377319946
2.0124611797498106
1.8708286933869707
1.70293863659264
1.6431676725154984
1.8841443681416772
2.0124611797498106
2.0371548787463363
1.8973665961010275
1.8841443681416772
1.9235384061671346
1.7320508075688772
1.61245154965971
1.5968719422671311
1.6278820596099706
1.5811388300841898
1.61245154965971
1.4832396974191326
1.61245154965971
1.6733200530681511
1.7175564037317668
1.760681686165901
1.816590212458495
1.816590212458495
1.61245154965971
1.760681686165901
1.6583123951777
1.6881943016134133
1.6431676725154984
1.7175564037317668
1.6881943016134133
1.746424919657298
1.7748239349298849
1.7888543819998317
1.70293863659264
1.8027756377319946
1.5491933384829668
1.6881943016134133
1.760681686165901
1.8027756377319946
1.7175564037317668
1.8708286933869707
1.7320508075688772
1.746424919657298
1.8841443681416772
1.760681686165901
1.6278820596099706
1.70293863659264
1.6733200530681511
1.6881943016134133
1.8439088914585775
1.8303005217723127
1.816590212458495
1.8841443681416772
1.857417562100671
1.7748239349298849
1.6431676725154984
1.5652475842498528
1.5
1.51657508881031
1.6583123951777
1.4142135623730951
1.70293863659264
1.5968719422671311
1.5968719422671311
1.466287829861518
1.4317821063276353
1.3416407864998738
1.449137674618944
1.746424919657298
1.6278820596099706
1.6431676725154984
1.5491933384829668
1.61245154965971
1.760681686165901
1.6431676725154984
1.7320508075688772
1.6733200530681511
1.6583123951777
1.6881943016134133
1.7320508075688772
1.3416407864998738
1.466287829861518
1.449137674618944
1.4317821063276353
1.5
1.6278820596099706
1.466287829861518
1.5329709716755893
1.449137674618944
1.3228756555322954
1.3228756555322954
1.2449899597988732
1.3038404810405297
1.2449899597988732
1.2449899597988732
1.396424004376894
1.3601470508735443
1.4832396974191326
1.3038404810405297
1.3228756555322954
1.4317821063276353
1.3601470508735443
1.284523257866513
1.378404875209022
1.396424004376894
1.284523257866513
1.284523257866513
1.3228756555322954
1.3416407864998738
1.378404875209022
1.378404875209022
1.396424004376894
1.3038404810405297
1.3416407864998738
1.2041594578792296
1.3228756555322954
1.378404875209022
1.3601470508735443
1.396424004376894
1.3228756555322954
1.3416407864998738
1.3416407864998738
1.3601470508735443
1.4832396974191326
1.5329709716755893
1.449137674618944
1.4832396974191326
1.5
1.449137674618944
1.396424004376894
1.4142135623730951
1.5491933384829668
1.5329709716755893
1.51657508881031
1.4832396974191326
1.5811388300841898
1.51657508881031
1.4317821063276353
1.378404875209022
1.3601470508735443
1.5652475842498528
1.5968719422671311
1.5652475842498528
1.6278820596099706
1.4832396974191326
1.449137674618944
1.449137674618944
1.2649110640673518
1.2449899597988732
1.449137674618944
1.4832396974191326
1.5652475842498528
1.51657508881031
1.4832396974191326
1.5
1.5329709716755893
1.5652475842498528
1.6431676725154984
1.6583123951777
1.6431676725154984
1.70293863659264
1.760681686165901
1.7175564037317668
1.51657508881031
1.760681686165901
1.7175564037317668
1.6431676725154984
1.6733200530681511
1.5811388300841898
1.61245154965971
1.5968719422671311
1.4832396974191326
1.6278820596099706
1.70293863659264
1.6881943016134133
1.7748239349298849
1.746424919657298
1.6881943016134133
1.70293863659264
1.8027756377319946
1.816590212458495
1.8303005217723127
1.7320508075688772
1.6733200530681511
1.816590212458495
1.5491933384829668
1.746424919657298
1.5811388300841898
1.51657508881031
1.6733200530681511
1.6881943016134133
1.7175564037317668
