1, 22.22611077089287
2, 21.63215199650742
3, 20.982135258357285
4, 20.140754702840706
5, 19.402319448973106
6, 18.445866745696716
7, 17.592612085759182
8, 17.55704986607944
9, 17.55420177621301
10, 16.59819267269783
15, 15.812969360622944
20, 15.767054258801801
25, 14.548195764423848
30, 14.544758506073588
35, 14.52583904633395
40, 14.522396496446445
45, 14.522396496446445
50, 14.508618128546908
55, 14.501724035437993
60, 14.5
65, 14.498275759551547
70, 14.498275759551547
75, 13.976766435767608
80, 13.976766435767608
85, 13.18901057699174
90, 13.173837709642548
95, 12.286171087853205
100, 12.286171087853205
150, 10.341663309158735
200, 10.324727599312245
250, 10.319883720275147
300, 10.31746092796091
350, 8.885381252371786
400, 8.893818077743664
450, 8.882567196480982
500, 8.608135686662937
550, 8.191458966508957
600, 8.23407554009556
650, 6.974955196988724
700, 7.010706098532443
750, 7.014271166700073
800, 6.587867636800241
850, 5.5362442142665635
900, 5.527205442174192
950, 5.608029957123981
1000, 5.608029957123981
1250, 4.9396356140913875
1500, 4.743416490252569
1750, 4.9899899799498595
2000, 4.868264577855234
2250, 4.909175083453431
2500, 4.522167621838006
2750, 5.458937625582473
3000, 5.504543577809154
3250, 5.0990195135927845
3500, 4.743416490252569
3750, 4.994997497496871
4000, 4.883646178829912
4250, 4.774934554525329
4500, 4.685082710048992
4750, 4.236744032862972
5000, 3.872983346207417
5250, 4.165333119931706
5500, 4.068169121361598
5750, 4.11703777004778
6000, 4.488875137492688
6250, 4.732863826479693
6500, 4.732863826479693
6750, 4.764451699828638
7000, 4.790615826801393
7250, 4.620606020859169
7500, 4.295346318982906
7750, 4.295346318982906
8000, 4.295346318982906
8250, 4.488875137492688
8500, 4.488875137492688
8750, 4.488875137492688
9000, 4.538722287164087
9250, 4.533210782657255
9500, 4.533210782657255
9750, 4.533210782657255
10000, 4.398863489584555
11000, 4.306971093471606
12000, 4.3531597719357835
13000, 4.460941604639093
14000, 4.674398357008098
15000, 4.6097722286464435
16000, 4.571651780264984
17000, 4.347413023856832
18000, 3.9749213828703582
19000, 3.968626966596886
20000, 4.018706259482023
21000, 4.068169121361598
22000, 3.943348830626071
23000, 3.6742346141747673
24000, 3.2939338184001206
25000, 3.5637059362410923
26000, 3.5637059362410923
27000, 3.456877203488721
28000, 3.4641016151377544
29000, 3.6742346141747673
30000, 3.6742346141747673
31000, 3.9370039370059056
32000, 3.788139384975162
33000, 3.5071355833500366
34000, 3.82099463490856
35000, 3.892300091205713
36000, 3.930648801406709
37000, 3.714835124201342
38000, 3.361547262794322
39000, 3.2326459750489227
40000, 3.0659419433511785
41000, 2.7294688127912363
42000, 2.6551836094703507
43000, 2.539685019840059
44000, 2.6076809620810595
45000, 2.5787593916455256
46000, 2.949576240750525
47000, 2.8548204847240397
48000, 2.8372521918222215
49000, 2.958039891549808
50000, 3.271085446759225
51000, 3.146426544510455
52000, 2.792848008753788
53000, 3.1859064644147983
54000, 3.170173496829472
55000, 3.3090784215548594
56000, 3.1144823004794873
57000, 3.1622776601683795
58000, 2.9664793948382653
59000, 2.8548204847240397
60000, 3.1304951684997055
61000, 2.949576240750525
62000, 3.1144823004794873
63000, 2.924038303442689
64000, 2.756809750418044
65000, 2.7658633371878665
66000, 2.7658633371878665
67000, 2.7658633371878665
68000, 2.7658633371878665
69000, 2.8896366553599777
70000, 2.9068883707497264
71000, 2.7202941017470885
72000, 2.8284271247461903
73000, 3.03315017762062
74000, 2.9916550603303182
75000, 3.0983866769659336
76000, 3.170173496829472
77000, 3.170173496829472
78000, 3.255764119219941
79000, 3.2171415884290826
80000, 3.1937438845342623
81000, 3.2171415884290826
82000, 3.2171415884290826
83000, 3.263433774416144
84000, 3.138470965295043
85000, 3.0903074280724887
86000, 3.0903074280724887
87000, 3.0903074280724887
88000, 3.1064449134018135
89000, 3.122498999199199
90000, 3.122498999199199
91000, 3.0083217912982647
92000, 3.0495901363953815
93000, 3.1622776601683795
94000, 3.271085446759225
95000, 3.1543620591175006
96000, 3.0413812651491097
97000, 3.0413812651491097
98000, 3.0495901363953815
99000, 3.0983866769659336
100000, 3.0983866769659336
