1, 45.50686761358114
2, 45.289347533388025
3, 44.52751958059196
4, 44.25268353444794
5, 43.86342439892262
6, 43.23048692763013
7, 42.40754649823543
8, 41.81536798833654
9, 41.80908992073375
10, 41.2674205639267
15, 39.48449062606735
20, 38.701421162536136
25, 37.99934209956799
30, 37.83946352685249
35, 35.491196091425266
40, 33.84892908202562
45, 32.682946623583376
50, 31.47856413497922
55, 30.56591238618602
60, 29.04479299289289
65, 28.13272116237603
70, 27.564469884254983
75, 27.441300989566802
80, 26.311119322446167
85, 25.137123940498842
90, 25.08834390708163
95, 23.344699612545885
100, 22.4788789756073
150, 18.633974347948428
200, 17.67766952966369
250, 16.180234856144704
300, 14.649232061783989
350, 14.193308282426617
400, 13.318220601867203
450, 12.853987708100549
500, 11.877499736897493
550, 11.847995611072786
600, 12.102685652366585
650, 12.560851881938582
700, 12.286171087853205
750, 11.978105025420339
800, 11.523888232710346
850, 11.584472366059664
900, 11.140017953306897
950, 11.185928660598547
1000, 10.771490147607247
1250, 9.378166132032424
1500, 8.18382551133637
1750, 7.466592261534039
2000, 7.221495689952325
2250, 6.9498201415576215
2500, 6.726812023536855
2750, 6.5402599336723615
3000, 6.105325544145865
3250, 5.766281297335398
3500, 6.088924371348359
3750, 6.232976816898969
4000, 5.882176467941097
4250, 5.888548208174915
4500, 5.848076606885378
4750, 6.107372593840988
5000, 5.843800133474792
5250, 5.563272418280449
5500, 5.594640292279746
5750, 5.803016456981662
6000, 5.772780958948642
6250, 5.897033152357209
6500, 5.837379549078507
6750, 5.643580423808985
7000, 5.518151864528558
7250, 5.574495492867493
7500, 5.5158861482086445
7750, 5.447476479985939
8000, 5.29386437302657
8250, 4.898979485566356
8500, 5.076908508137604
8750, 4.875961443653959
9000, 4.977449145897927
9250, 4.69041575982343
9500, 4.7932243844827465
9750, 5.067050424063293
10000, 4.870831551183022
11000, 4.706378650300037
12000, 4.298255460067491
13000, 4.324349662087931
14000, 4.48051336344397
15000, 4.162331077653482
16000, 3.940177660969109
17000, 4.505552130427524
18000, 3.990613987846983
19000, 3.7782270974625125
20000, 3.7383151285037486
21000, 3.6674241641784495
22000, 3.711468711979127
23000, 3.927467377331096
24000, 3.615936946352909
25000, 3.2519225083018197
26000, 3.1304951684997055
27000, 3.3763886032268267
28000, 3.2054640849649214
29000, 3.2326459750489227
30000, 3.361547262794322
31000, 3.3090784215548594
32000, 3.228776858192588
33000, 3.1024184114977142
34000, 3.228776858192588
35000, 2.9453352950046283
36000, 2.958039891549808
37000, 2.7703790354390136
38000, 2.9916550603303182
39000, 2.979093821953246
40000, 2.832843094843059
41000, 2.797320146139873
42000, 2.8635642126552705
43000, 2.7703790354390136
44000, 2.832843094843059
45000, 2.734044622898463
46000, 2.8372521918222215
47000, 2.8151376520518494
48000, 2.6172504656604803
49000, 2.6504716561397146
50000, 2.4698178070456938
51000, 2.4135036772294343
52000, 2.4849547279578355
53000, 2.6504716561397146
54000, 2.57390753524675
55000, 2.6645825188948455
56000, 2.598076211353316
57000, 2.5592967784139455
58000, 2.6267851073127395
59000, 2.544602129999894
60000, 2.7294688127912363
61000, 2.4647515087732477
62000, 2.6739483914241875
63000, 2.7294688127912363
64000, 2.6410225292488514
65000, 2.752271788904577
66000, 2.5787593916455256
67000, 2.5592967784139455
68000, 2.6124700955226263
69000, 2.5199206336708304
70000, 2.4849547279578355
71000, 2.382225849914319
72000, 2.4083189157584592
73000, 2.4647515087732477
74000, 2.544602129999894
75000, 2.5199206336708304
76000, 2.39269722280108
77000, 2.5298221281347035
78000, 2.2967368155711703
79000, 2.4289915602982237
80000, 2.4698178070456938
81000, 2.3345235059857505
82000, 2.4238399287081647
83000, 2.4238399287081647
84000, 2.4849547279578355
85000, 2.4647515087732477
86000, 2.318404623873926
87000, 2.382225849914319
88000, 2.285825890132492
89000, 2.202271554554524
90000, 2.318404623873926
91000, 2.3021728866442674
92000, 1.9621416870348585
93000, 1.9557607215607946
94000, 2.091650066335189
95000, 2.0248456731316584
96000, 2.103568396796263
97000, 2.091650066335189
98000, 2.138924963620744
99000, 2.4031229681395834
100000, 2.3769728648009427
