1, 40.19950248448356
2, 39.749573223225575
3, 39.2209856363365
4, 39.2122429860879
5, 38.597187166202374
6, 37.864797069875564
7, 37.04861670831989
8, 36.902574435938746
9, 36.18484291996936
10, 36.138621999185304
15, 34.422583948830535
20, 33.445050883074295
25, 32.697313126834835
30, 30.57263014995135
35, 28.24585936785375
40, 27.835229476330888
45, 26.905655273832036
50, 25.35406419942514
55, 24.766336599736114
60, 23.33727857802986
65, 23.31339284004552
70, 22.89416644350384
75, 22.714375561367678
80, 22.44167042420353
85, 21.390919301690346
90, 20.282997806044353
95, 20.4959926396775
100, 19.1064686129369
150, 14.699854226682463
200, 11.20714058089752
250, 11.046654309272624
300, 10.643576198144789
350, 10.379925680989105
400, 9.315118280055739
450, 8.363184629246035
500, 8.826906916598006
550, 8.178368681204969
600, 8.412575620547406
650, 8.07642070651173
700, 7.418124522315019
750, 7.559289460184544
800, 7.710845793889465
850, 7.466113925119087
900, 7.454624643228428
950, 7.268326590665243
1000, 6.6332495807108
1250, 5.823597317319057
1500, 6.347102826149446
1750, 5.651801229949364
2000, 5.196152422706632
2250, 5.63661499230066
2500, 5.966573556070519
2750, 5.329165037789691
3000, 5.209880722517277
3250, 4.9396356140913875
3500, 4.849153092477667
3750, 4.488079449258573
4000, 4.235900983599256
4250, 4.296177703161597
4500, 4.436858605558023
4750, 4.246006527146588
5000, 4.147288270665544
5250, 4.039094665180022
5500, 3.790966706715923
5750, 3.8247315498700596
6000, 3.525417908358019
6250, 3.6839419880650364
6500, 3.7984959429452374
6750, 3.6134668750581977
7000, 3.4434202266268428
7250, 3.5976182597459037
7500, 3.605551275463989
7750, 3.3551665915633544
8000, 3.0612789110808856
8250, 3.2115861679683633
8500, 3.3551665915633544
8750, 3.5294677866702306
9000, 3.6449573777637356
9250, 3.541589635016618
9500, 3.389058023361991
9750, 3.3551665915633544
10000, 3.277629805645711
11000, 3.2425739335111103
12000, 2.8635642126552705
13000, 2.9277002188455996
14000, 2.9130249373656736
15000, 2.9856801091687157
16000, 2.8834503141697647
17000, 2.893342111024649
18000, 2.833473385894321
19000, 2.6403462976338106
20000, 2.274077520980446
21000, 2.2296700588716196
22000, 2.2551528297909846
23000, 2.1246848505803664
24000, 2.042407542932745
25000, 2.007130147392398
26000, 1.8822478962286404
27000, 2.1908902300206643
28000, 2.0
29000, 1.9493588689617927
30000, 2.083952289006911
31000, 1.985662897587892
32000, 1.889822365046136
33000, 1.9493588689617927
34000, 1.740279123753264
35000, 1.6300744943538186
36000, 1.61245154965971
37000, 1.52127765851133
38000, 1.7566201313073597
39000, 1.647508942095828
40000, 1.5856499343441837
41000, 1.5023790657297036
42000, 1.65615734242165
43000, 1.5856499343441837
44000, 1.6212869667555552
45000, 1.4540583599999397
46000, 1.5399443403670703
47000, 1.3732131246511903
48000, 1.4142135623730951
49000, 1.4142135623730951
50000, 1.4928400545843579
51000, 1.4638501094227998
52000, 1.3835771443203715
53000, 1.3627702877384937
54000, 1.3732131246511903
55000, 1.3093073414159542
56000, 1.3732131246511903
57000, 1.4040757000349275
58000, 1.2761549390929883
59000, 1.2983506020002016
60000, 1.230563169563316
61000, 1.2761549390929883
62000, 1.218898800440088
63000, 1.3938641048743392
64000, 1.5023790657297036
65000, 1.4735767952260144
66000, 1.2983506020002016
67000, 1.3627702877384937
68000, 1.3627702877384937
69000, 1.3522468075656264
70000, 1.2421180068162376
71000, 1.3522468075656264
72000, 1.218898800440088
73000, 1.2421180068162376
74000, 1.1588171308956141
75000, 1.1710800875382399
76000, 1.2421180068162376
77000, 1.2421180068162376
78000, 1.230563169563316
79000, 1.2535663410560174
80000, 1.1952286093343936
81000, 1.1588171308956141
82000, 1.2071217242444348
83000, 1.121223821162776
84000, 1.1710800875382399
85000, 1.3093073414159542
86000, 1.1832159566199232
87000, 1.230563169563316
88000, 1.1832159566199232
89000, 1.2071217242444348
90000, 1.2873006086935783
91000, 1.1832159566199232
92000, 1.1464230084422218
93000, 1.218898800440088
94000, 1.1832159566199232
95000, 1.1832159566199232
96000, 1.1588171308956141
97000, 1.2071217242444348
98000, 1.0954451150103321
99000, 1.0419761445034554
100000, 1.1464230084422218
