1, 13.635248439247448
2, 13.635248439247448
3, 13.635248439247448
4, 12.727922061357855
5, 12.727922061357855
6, 12.727922061357855
7, 11.913018089468343
8, 11.124747188138704
9, 11.124747188138704
10, 11.106754701531857
15, 11.103152705425607
20, 11.099549540409287
25, 11.099549540409287
30, 11.099549540409287
35, 11.099549540409287
40, 11.099549540409287
45, 11.099549540409287
50, 11.099549540409287
55, 10.318914671611545
60, 10.318914671611545
65, 10.103464752252071
70, 10.0637965003273
75, 10.0637965003273
80, 10.0637965003273
85, 10.0637965003273
90, 10.0637965003273
95, 10.0637965003273
100, 10.0637965003273
150, 10.091580649234292
200, 10.091580649234292
250, 10.091580649234292
300, 9.325234581499814
350, 9.050966799187808
400, 9.046546302318914
450, 9.046546302318914
500, 8.97997772825746
550, 8.97997772825746
600, 8.921883209278185
650, 8.921883209278185
700, 8.226785520481254
750, 7.974960814950754
800, 7.974960814950754
850, 7.974960814950754
900, 7.974960814950754
950, 7.974960814950754
1000, 7.974960814950754
1250, 7.974960814950754
1500, 8.148619514985345
1750, 7.49933330370107
2000, 7.6733304373003515
2250, 8.390470785361213
2500, 8.390470785361213
2750, 8.42852300228219
3000, 7.563068160475615
3250, 8.192679659305616
3500, 8.221921916437786
3750, 8.357032966310472
4000, 8.323460818673924
4250, 8.323460818673924
4500, 7.605261336732617
4750, 7.216647421067486
5000, 7.149825172687791
5250, 7.4565407529228995
5500, 7.504665215717488
5750, 7.520638270785266
6000, 7.531268153505092
6250, 7.573638491504595
6500, 7.6
6750, 7.49933330370107
7000, 7.766595135579039
7250, 7.756287771866126
7500, 7.014271166700073
7750, 6.9339743293438865
8000, 6.817624219623724
8250, 6.776429738438966
8500, 6.776429738438966
8750, 6.6513156593263565
9000, 6.368673331236264
9250, 6.4621977685614045
9500, 6.5482822174979605
9750, 6.5482822174979605
10000, 6.216108107168021
11000, 5.90592922409336
12000, 6.387487769068525
13000, 5.73410847473258
14000, 5.796550698475776
15000, 5.556977595779922
16000, 5.692099788303083
17000, 5.796550698475776
18000, 5.635601121442148
19000, 5.462600113499065
20000, 5.43323108288245
21000, 5.299056519796708
22000, 5.299056519796708
23000, 5.2687759489277965
24000, 5.067543783727971
25000, 5.403702434442518
26000, 5.782732917920384
27000, 5.3065996645686395
28000, 5.678027826631356
29000, 5.5641710972974225
30000, 5.520869496736904
31000, 5.336665625650533
32000, 5.699122739510003
33000, 5.462600113499065
34000, 5.396295025292817
35000, 5.635601121442148
36000, 5.892367945062494
37000, 5.892367945062494
38000, 5.628498911788116
39000, 6.157921727336261
40000, 6.06630035524124
41000, 6.216108107168021
42000, 6.157921727336261
43000, 5.878775382679628
44000, 5.966573556070519
45000, 6.273754856543249
46000, 6.0266076693277455
47000, 6.04648658313239
48000, 6.11228271597445
49000, 6.0332412515993425
50000, 5.90592922409336
51000, 5.878775382679628
52000, 5.892367945062494
53000, 5.73410847473258
54000, 5.571355310873647
55000, 5.720139858430037
56000, 6.118823416311342
57000, 6.56048778674269
58000, 6.734983296193095
59000, 6.669332800213226
60000, 6.675327707311455
61000, 6.474565622495458
62000, 6.752777206453653
63000, 6.5787536813594105
64000, 6.424951361683604
65000, 6.144916598294887
66000, 6.248199740725323
67000, 6.0332412515993425
68000, 6.157921727336261
69000, 6.157921727336261
70000, 6.374950980203691
71000, 6.468384651518492
72000, 6.29285308902091
73000, 6.267375846396959
74000, 6.086049621881176
75000, 6.019966777316965
76000, 5.748043145279966
77000, 5.775811631277461
78000, 5.973273809227232
79000, 6.013318551349163
80000, 6.118823416311342
81000, 6.039867548216599
82000, 6.368673331236264
83000, 6.254598308444756
84000, 6.06630035524124
85000, 6.0332412515993425
86000, 6.086049621881176
87000, 6.125357132445422
88000, 6.248199740725323
89000, 6.248199740725323
90000, 6.318227599572526
91000, 6.2801273872430325
92000, 6.2801273872430325
93000, 6.241794613730894
94000, 6.3118935352238
95000, 6.305553108173778
96000, 6.318227599572526
97000, 6.3118935352238
98000, 6.2801273872430325
99000, 6.241794613730894
100000, 6.190315016216864
