1, 2.7658633371878665
2, 4.242640687119285
3, 5.599107071667768
4, 6.928203230275509
5, 7.259476565152615
6, 7.010706098532443
7, 6.6257075093909785
8, 7.127411872482185
9, 6.913754406977442
10, 8.006247560499238
15, 7.513321502504734
20, 7.092249290598858
25, 7.179832867135557
30, 7.262919523166975
35, 7.1693793315739685
40, 7.035623639735144
45, 6.312685640834652
50, 6.020797289396148
55, 5.094114250780011
60, 5.468089245796926
65, 5.389805191284746
70, 5.375872022286245
75, 5.138093031466052
80, 5.200961449578338
85, 4.753945729601885
90, 5.674504383644443
95, 5.196152422706632
100, 5.282045058497703
150, 4.488875137492688
200, 3.96232255123179
250, 4.230839160261236
300, 3.605551275463989
350, 3.449637662132068
400, 3.122498999199199
450, 3.22490309931942
500, 2.9068883707497264
550, 3.057776970284131
600, 2.6832815729997477
650, 2.5495097567963922
700, 2.1095023109728985
750, 2.4289915602982237
800, 2.3664319132398464
850, 2.449489742783178
900, 1.9364916731037085
950, 2.04939015319192
1000, 1.7175564037317668
1250, 2.0248456731316584
1500, 2.0
1750, 2.073644135332772
2000, 2.04939015319192
2250, 1.8439088914585775
2500, 1.4317821063276353
2750, 1.7748239349298849
3000, 1.118033988749895
3250, 1.5968719422671311
3500, 1.6583123951777
3750, 1.4832396974191326
4000, 1.0488088481701516
4250, 1.0954451150103321
4500, 0.9746794344808963
4750, 1.0954451150103321
5000, 1.118033988749895
5250, 1.0488088481701516
5500, 1.02469507659596
5750, 0.9486832980505138
6000, 0.8366600265340756
6250, 0.9486832980505138
6500, 0.8944271909999159
6750, 0.7071067811865476
7000, 0.9486832980505138
7250, 1.0723805294763609
7500, 1.224744871391589
7750, 1.1832159566199232
8000, 1.2041594578792296
8250, 1.140175425099138
8500, 1.1832159566199232
8750, 1.284523257866513
9000, 1.1832159566199232
9250, 0.9219544457292888
9500, 0.8944271909999159
9750, 0.9219544457292888
10000, 0.8366600265340756
11000, 0.8944271909999159
12000, 0.8944271909999159
13000, 0.7745966692414834
14000, 0.806225774829855
15000, 0.7745966692414834
16000, 0.9746794344808963
17000, 1.0723805294763609
18000, 0.6324555320336759
19000, 0.7071067811865476
20000, 0.6324555320336759
21000, 0.7071067811865476
22000, 0.6708203932499369
23000, 0.6708203932499369
24000, 0.7745966692414834
25000, 0.6708203932499369
26000, 0.7071067811865476
27000, 0.6324555320336759
28000, 0.5916079783099616
29000, 0.5916079783099616
30000, 0.5
31000, 0.5477225575051661
32000, 0.5477225575051661
33000, 0.6324555320336759
34000, 0.6708203932499369
35000, 0.6708203932499369
36000, 0.5477225575051661
37000, 0.7071067811865476
38000, 0.6708203932499369
39000, 0.6708203932499369
40000, 0.7416198487095663
41000, 0.7071067811865476
42000, 0.5
43000, 0.5477225575051661
44000, 0.3872983346207417
45000, 0.5477225575051661
46000, 0.5
47000, 0.5477225575051661
48000, 0.5916079783099616
49000, 0.5477225575051661
50000, 0.5477225575051661
51000, 0.5
52000, 0.5916079783099616
53000, 0.7071067811865476
54000, 0.5916079783099616
55000, 0.7071067811865476
56000, 0.7071067811865476
57000, 0.7416198487095663
58000, 0.7416198487095663
59000, 0.7416198487095663
60000, 0.5916079783099616
61000, 0.5916079783099616
62000, 0.7071067811865476
63000, 0.7745966692414834
64000, 0.7416198487095663
65000, 0.6708203932499369
66000, 0.5916079783099616
67000, 0.6324555320336759
68000, 0.7416198487095663
69000, 0.7745966692414834
70000, 0.7416198487095663
71000, 0.7416198487095663
72000, 0.5477225575051661
73000, 0.6324555320336759
74000, 0.5477225575051661
75000, 0.6324555320336759
76000, 0.5477225575051661
77000, 0.5916079783099616
78000, 0.6708203932499369
79000, 0.6708203932499369
80000, 0.5916079783099616
81000, 0.5916079783099616
82000, 0.5916079783099616
83000, 0.6708203932499369
84000, 0.5477225575051661
85000, 0.6324555320336759
86000, 0.4472135954999579
87000, 0.5
88000, 0.5477225575051661
89000, 0.5477225575051661
90000, 0.5477225575051661
91000, 0.5916079783099616
92000, 0.5916079783099616
93000, 0.5477225575051661
94000, 0.5
95000, 0.5
96000, 0.4472135954999579
97000, 0.3872983346207417
98000, 0.3872983346207417
99000, 0.4472135954999579
100000, 0.4472135954999579
