1, 57.31230234426113
2, 56.83977480602822
3, 56.24179940222396
4, 55.4690904919127
5, 54.82845976315585
6, 54.16511792657707
7, 53.688918782184466
8, 53.671593976702425
9, 52.766845651412595
10, 52.29378548164208
15, 49.947572513586685
20, 47.84453991836477
25, 45.33674006807283
30, 43.37603024713073
35, 41.53817521268839
40, 40.35690771107222
45, 39.761790704142086
50, 37.80423256726686
55, 37.5123979505443
60, 35.10897321198671
65, 34.83819742753634
70, 33.65115154047481
75, 32.79085238294363
80, 32.51030605823329
85, 31.592720680561843
90, 31.62182790415507
95, 31.525862398989183
100, 30.28630053340949
150, 25.947639584362967
200, 21.089333796969502
250, 20.04395170618808
300, 19.59183503401353
350, 18.347751905887545
400, 18.186808406094787
450, 17.367786272291585
500, 14.50999655410021
550, 14.43537321997599
600, 14.518264359075433
650, 13.438749941865872
700, 12.946814279968644
750, 12.379822292747178
800, 11.838074167701434
850, 11.881077392223316
900, 11.424535001478178
950, 10.707007051459339
1000, 10.494760597555334
1250, 9.867117106835208
1500, 9.079647570252934
1750, 9.132360045464699
2000, 9.092854337335444
2250, 8.079603950689663
2500, 7.532595834106593
2750, 7.3171032519706865
3000, 6.880406964707829
3250, 6.20966987850401
3500, 6.028266749240614
3750, 5.919459434779497
4000, 5.617828762075256
4250, 5.401851534427802
4500, 5.24785670536077
4750, 5.174939613174245
5000, 4.888762624632126
5250, 4.753945729601885
5500, 4.760252094164762
5750, 4.673328578219169
6000, 4.525483399593904
6250, 4.525483399593904
6500, 4.589117562233506
6750, 4.604345773288535
7000, 4.39089968002003
7250, 4.374928570845472
7500, 4.39317652729776
7750, 4.374928570845472
8000, 4.331281565541543
8250, 4.303486958270002
8500, 4.263801121065568
8750, 3.984971769034255
9000, 4.0
9250, 4.0743097574926725
9500, 3.4756294393965534
9750, 3.4669871646719432
10000, 3.4698703145794942
11000, 3.57211421989835
12000, 3.420526275297414
13000, 3.1368774282716245
14000, 2.986636904613616
15000, 2.9698484809834995
16000, 2.831960451701259
17000, 2.8035691537752374
18000, 2.7313000567495327
19000, 2.553429066960741
20000, 2.493992782667985
21000, 2.6038433132583076
22000, 2.5258661880630178
23000, 2.5219040425836985
24000, 2.2494443758403984
25000, 2.3366642891095846
26000, 2.280350850198276
27000, 2.340939982143925
28000, 2.2494443758403984
29000, 2.209072203437452
30000, 2.186321110907545
31000, 2.1071307505705477
32000, 1.816590212458495
33000, 1.8220867158288598
34000, 1.8439088914585775
35000, 1.6552945357246849
36000, 1.6911534525287764
37000, 1.6673332000533065
38000, 1.8220867158288598
39000, 1.849324200890693
40000, 1.8220867158288598
41000, 1.8
42000, 1.760681686165901
43000, 1.783255450012701
44000, 1.7663521732655694
45000, 1.7663521732655694
46000, 1.6792855623746665
47000, 1.4142135623730951
48000, 1.3190905958272918
49000, 1.3038404810405297
50000, 1.3038404810405297
51000, 1.407124727947029
52000, 1.407124727947029
53000, 1.4
54000, 1.3638181696985856
55000, 1.378404875209022
56000, 1.378404875209022
57000, 1.378404875209022
58000, 1.3490737563232043
59000, 1.224744871391589
60000, 1.224744871391589
61000, 1.2165525060596438
62000, 1.2165525060596438
63000, 1.2328828005937953
64000, 1.2328828005937953
65000, 1.2328828005937953
66000, 1.140175425099138
67000, 1.1916375287812984
68000, 1.2165525060596438
69000, 1.224744871391589
70000, 1.2165525060596438
71000, 1.1832159566199232
72000, 1.174734012447073
73000, 1.174734012447073
74000, 1.1832159566199232
75000, 1.174734012447073
76000, 1.174734012447073
77000, 1.1135528725660044
78000, 1.0862780491200215
79000, 1.0677078252031311
80000, 1.0770329614269007
81000, 1.0862780491200215
82000, 0.9797958971132712
83000, 0.9899494936611666
84000, 0.9695359714832658
85000, 1.0099504938362078
86000, 1.019803902718557
87000, 1.019803902718557
88000, 1.0295630140987
89000, 1.0295630140987
90000, 1.0295630140987
91000, 1.0392304845413265
92000, 1.0392304845413265
93000, 1.0392304845413265
94000, 1.0954451150103321
95000, 1.0954451150103321
96000, 1.140175425099138
97000, 1.140175425099138
98000, 1.140175425099138
99000, 1.1832159566199232
100000, 1.2083045973594573
