1, 34.57070050394312
2, 33.91754708112012
3, 33.11847419995875
4, 32.8476280219237
5, 32.11801156153143
6, 32.083744586108814
7, 32.180739581308565
8, 32.09672880528482
9, 31.6854330358079
10, 31.763710950286228
15, 30.44174765022534
20, 29.998888868311994
25, 29.81554404445216
30, 29.19132291166903
35, 28.52484297356721
40, 27.778888866667554
45, 26.98394584439669
50, 26.958610251024933
55, 26.579440676332275
60, 25.895945628611443
65, 26.149569786136063
70, 25.511435344435903
75, 25.597525922114688
80, 25.561038059254688
85, 25.505554950507022
90, 23.99027580777956
95, 23.614967005411348
100, 23.65586608010791
150, 23.82085920644621
200, 21.88073734284717
250, 22.182575744639454
300, 22.578751072634642
350, 22.06505532888297
400, 22.975349108700538
450, 22.33681564890872
500, 21.990149309785657
550, 23.192671256239546
600, 22.684061952539864
650, 22.487774456357393
700, 23.33452377915607
750, 23.363789646944408
800, 22.986227760697638
850, 23.53437202618049
900, 23.283041038489795
950, 22.843671625492547
1000, 23.516660760689074
1250, 23.179013496408054
1500, 22.868464457996883
1750, 22.805701041625536
2000, 23.010866998007703
2250, 22.287515189749918
2500, 21.96891743653595
2750, 21.065770023112535
3000, 20.629267235330165
3250, 19.908959457155632
3500, 18.812230064508565
3750, 19.982492337043446
4000, 18.774983355518586
4250, 18.041618552668716
4500, 17.592612085759182
4750, 18.850287354131588
5000, 18.58852692747151
5250, 18.16590212458495
5500, 17.566065770873873
5750, 16.997058569058353
6000, 16.73519245980358
6250, 16.211107303327555
6500, 16.759077142452284
6750, 16.964669168598604
7000, 16.13484841370793
7250, 16.619265928433784
7500, 16.347272963198886
7750, 17.294507798720378
8000, 16.509593170840603
8250, 16.237815945091466
8500, 15.554206290689773
8750, 14.978874011976558
9000, 14.58195231556232
9250, 14.346892811104896
9500, 14.051097228805064
9750, 14.653782219390779
10000, 14.426826862942985
11000, 13.946325680981353
12000, 13.79130160644745
13000, 14.245467115308411
14000, 14.436065946094871
15000, 12.817956155331473
16000, 11.192259229783176
17000, 11.470251377658062
18000, 11.169900029394475
19000, 11.51810169544733
20000, 11.363684848381414
21000, 10.85664159243855
22000, 10.737783756436894
23000, 10.87351522431147
24000, 10.795060598872677
25000, 10.691117808723277
26000, 10.955972496010261
27000, 10.708252269472673
28000, 10.516653460107925
29000, 9.45339445208263
30000, 9.973297682645729
31000, 9.838699100999074
32000, 10.029955134495866
33000, 9.751922887307918
34000, 9.979979959899719
35000, 8.850612031567836
36000, 8.867543816262389
37000, 9.00925450115972
38000, 8.426149773176359
39000, 8.449852069711044
40000, 8.9925895417653
41000, 8.097324661063471
42000, 8.342661445845684
43000, 8.314645713037528
44000, 8.089087299153924
45000, 8.406346808612328
46000, 8.654478609367523
47000, 8.384509526501834
48000, 8.07258735887489
49000, 8.278486174013539
50000, 8.561541917201597
51000, 8.493134482235245
52000, 8.169047272071165
53000, 8.428127510505126
54000, 8.207719943240429
55000, 7.814516406449389
56000, 8.126089670520091
57000, 7.733045971672482
58000, 7.259476565152615
59000, 7.436396977031283
60000, 7.637626158259733
61000, 7.704976746666188
62000, 7.715784686817883
63000, 7.683315256667094
64000, 7.27094675174194
65000, 7.60920495189872
66000, 7.0992957397195395
67000, 6.321919539717875
68000, 7.1250730990402245
69000, 6.930608438898661
70000, 6.889605697474034
71000, 6.740425308044985
72000, 6.913754406977442
73000, 6.865372046242894
74000, 6.3613415775814675
75000, 6.308724118235001
76000, 6.18331087147762
77000, 6.519202405202649
78000, 6.196773353931867
79000, 6.447221623821123
80000, 6.7379522111692065
81000, 6.44980619863884
82000, 6.623191577077223
83000, 6.801960501698511
84000, 6.670832032063167
85000, 7.178672114906303
86000, 6.899275324264136
87000, 6.728050733062784
88000, 6.148170459575759
89000, 5.977736472389306
90000, 6.118278625016462
91000, 6.011100842053254
92000, 5.901977069875258
93000, 5.8594652770823155
94000, 5.4528280124476085
95000, 5.776388721914988
96000, 5.930148958219065
97000, 5.582711408148075
98000, 5.741660619251775
99000, 5.7242175593408975
100000, 5.918896293510584
