1, 4.898979485566356
2, 4.123105625617661
3, 3.4641016151377544
4, 3.3763886032268267
5, 3.3763886032268267
6, 3.3763886032268267
7, 3.3763886032268267
8, 3.3763886032268267
9, 3.3763886032268267
10, 3.3763886032268267
15, 3.3763886032268267
20, 3.3466401061363023
25, 3.3466401061363023
30, 3.3466401061363023
35, 3.3466401061363023
40, 3.3466401061363023
45, 3.3466401061363023
50, 3.3466401061363023
55, 3.3466401061363023
60, 3.3466401061363023
65, 3.3466401061363023
70, 3.3466401061363023
75, 3.3466401061363023
80, 3.3466401061363023
85, 3.3466401061363023
90, 3.3466401061363023
95, 3.3466401061363023
100, 3.3466401061363023
150, 3.3466401061363023
200, 3.3466401061363023
250, 3.3466401061363023
300, 3.3466401061363023
350, 2.8635642126552705
400, 2.8635642126552705
450, 2.8635642126552705
500, 2.5298221281347035
550, 2.5298221281347035
600, 2.5298221281347035
650, 2.5298221281347035
700, 2.6076809620810595
750, 2.6076809620810595
800, 2.756809750418044
850, 2.756809750418044
900, 2.756809750418044
950, 2.756809750418044
1000, 2.756809750418044
1250, 2.280350850198276
1500, 1.61245154965971
1750, 2.0
2000, 2.1447610589527217
2250, 2.0976176963403033
2500, 2.569046515733026
2750, 2.569046515733026
3000, 2.449489742783178
3250, 2.449489742783178
3500, 2.449489742783178
3750, 2.449489742783178
4000, 2.449489742783178
4250, 2.6076809620810595
4500, 2.792848008753788
4750, 2.792848008753788
5000, 2.6076809620810595
5250, 2.4899799195977463
5500, 2.4899799195977463
5750, 2.4899799195977463
6000, 2.4899799195977463
6250, 2.4899799195977463
6500, 2.4899799195977463
6750, 2.4899799195977463
7000, 2.5298221281347035
7250, 2.4083189157584592
7500, 2.5298221281347035
7750, 2.5298221281347035
8000, 2.280350850198276
8250, 2.280350850198276
8500, 2.280350850198276
8750, 2.280350850198276
9000, 2.6076809620810595
9250, 3.1304951684997055
9500, 3.0659419433511785
9750, 3.0659419433511785
10000, 2.932575659723036
11000, 2.932575659723036
12000, 3.0
13000, 3.1304951684997055
14000, 3.1622776601683795
15000, 3.03315017762062
16000, 3.0
17000, 2.9664793948382653
18000, 3.0
19000, 3.0
20000, 3.0
21000, 2.792848008753788
22000, 2.4899799195977463
23000, 2.0
24000, 1.9493588689617927
25000, 1.7888543819998317
26000, 2.1447610589527217
27000, 2.280350850198276
28000, 2.569046515733026
29000, 2.6832815729997477
30000, 2.5298221281347035
31000, 2.5298221281347035
32000, 2.5298221281347035
33000, 2.4083189157584592
34000, 2.5298221281347035
35000, 2.5298221281347035
36000, 2.8635642126552705
37000, 2.8635642126552705
38000, 2.23606797749979
39000, 2.449489742783178
40000, 2.23606797749979
41000, 1.7888543819998317
42000, 1.5491933384829668
43000, 1.8973665961010275
44000, 1.3416407864998738
45000, 1.7888543819998317
46000, 1.7888543819998317
47000, 2.23606797749979
48000, 2.23606797749979
49000, 1.6733200530681511
50000, 1.6733200530681511
51000, 1.6733200530681511
52000, 1.7888543819998317
53000, 1.7888543819998317
54000, 1.7888543819998317
55000, 1.7888543819998317
56000, 1.6733200530681511
57000, 1.6733200530681511
58000, 1.7888543819998317
59000, 1.61245154965971
60000, 1.61245154965971
61000, 1.7320508075688772
62000, 1.61245154965971
63000, 2.04939015319192
64000, 2.04939015319192
65000, 2.04939015319192
66000, 1.6733200530681511
67000, 1.6733200530681511
68000, 1.6733200530681511
69000, 1.6733200530681511
70000, 1.6733200530681511
71000, 2.0
72000, 1.6733200530681511
73000, 1.6733200530681511
74000, 1.6733200530681511
75000, 1.6733200530681511
76000, 1.4142135623730951
77000, 1.4142135623730951
78000, 1.4142135623730951
79000, 1.4142135623730951
80000, 1.4142135623730951
81000, 1.4142135623730951
82000, 1.4142135623730951
83000, 1.4142135623730951
84000, 1.4142135623730951
85000, 1.4142135623730951
86000, 1.4832396974191326
87000, 1.4832396974191326
88000, 2.0
89000, 1.7888543819998317
90000, 1.7888543819998317
91000, 1.7888543819998317
92000, 1.7888543819998317
93000, 1.7888543819998317
94000, 1.7888543819998317
95000, 2.0
96000, 2.0
97000, 2.0
98000, 2.0
99000, 2.0
100000, 2.0
