1, 7.350413010747861
2, 11.081516141756055
3, 11.620179492097849
4, 12.17374223482656
5, 12.346196638178553
6, 12.595917706032493
7, 13.51084220701497
8, 13.51084220701497
9, 13.61616686149226
10, 14.246804152911928
15, 15.198684153570664
20, 15.494699554548138
25, 16.431676725154983
30, 16.891248790846866
35, 16.937700974031696
40, 17.415920467040657
45, 16.77753600162176
50, 17.491222288418186
55, 17.357583768650354
60, 18.204395073717773
65, 18.268630412345015
70, 17.4077158590256
75, 17.81411960055442
80, 19.18481542410932
85, 19.68973626755103
90, 19.51409746824075
95, 19.33169122747117
100, 19.884667460131183
150, 21.796461049576703
200, 20.108988750591823
250, 19.628696194238533
300, 18.80273536331502
350, 18.993984009981386
400, 19.068298298484844
450, 18.12811549578641
500, 18.33419911375616
550, 17.86856777376727
600, 17.096365528547707
650, 16.301621304117486
700, 15.599450539774057
750, 15.051340709148045
800, 15.538891300769912
850, 15.185519418182572
900, 15.312926378903358
950, 14.190540108516961
1000, 13.600420161576942
1250, 11.279564327959278
1500, 10.844353369380768
1750, 10.36477551269546
2000, 9.563322793733507
2250, 9.411239481143202
2500, 9.893720952488719
2750, 9.253570739372527
3000, 8.86082872615681
3250, 9.028526220501645
3500, 8.988882021697693
3750, 8.22539621277558
4000, 8.412575620547406
4250, 7.471851941023151
4500, 7.841282693903739
4750, 8.099382692526634
5000, 8.069342334681663
5250, 7.500476175359992
5500, 7.383379017379895
5750, 6.607355208942748
6000, 6.797058187186572
6250, 6.40981390414061
6500, 6.344851681256455
6750, 6.28376593180509
7000, 5.8943071809040575
7250, 5.529143565818179
7500, 5.151976042535247
7750, 5.0142653642240695
8000, 4.576336650953156
8250, 4.813671007809796
8500, 4.726823155445647
8750, 4.503966505838413
9000, 4.296177703161597
9250, 4.229150539495406
9500, 3.9821028185046727
9750, 4.067291130821243
10000, 4.077814540727843
11000, 3.9677269491305904
12000, 3.430951554806417
13000, 3.913347124174613
14000, 4.345769700031777
15000, 4.229150539495406
16000, 3.9424430424366492
17000, 3.3466401061363023
18000, 3.8396428405331062
19000, 3.687817782917155
20000, 3.783422486887463
21000, 3.60951124510943
22000, 3.525417908358019
23000, 3.5737135547534544
24000, 3.166791977470486
25000, 3.372154885444702
26000, 3.359421718944242
27000, 3.180296482135858
28000, 3.1441555759399513
29000, 3.051931472737505
30000, 2.9952343099378003
31000, 3.1396087108337016
32000, 3.1213550171131033
33000, 2.8735244660769563
34000, 3.295017884191656
35000, 3.3509060608395793
36000, 3.116774889895918
37000, 2.767154288640743
38000, 2.65114530506561
39000, 2.5801439605461662
40000, 2.585674822114004
41000, 2.6886002731107927
42000, 2.5128242505765725
43000, 2.6403462976338106
44000, 2.461126339126632
45000, 2.5467065566559266
46000, 2.596701204000403
47000, 2.117950491799628
48000, 2.02837021134844
49000, 2.177810171446801
50000, 2.1246848505803664
51000, 2.1712405933672376
52000, 2.23606797749979
53000, 2.4553149347021512
54000, 2.4899799195977463
55000, 2.336052836975837
56000, 2.1246848505803664
57000, 2.1580414400893364
58000, 2.2296700588716196
59000, 2.007130147392398
60000, 2.090796157311509
61000, 2.4142434484888695
62000, 2.3543273227945902
63000, 2.242447642325552
64000, 2.2168188275738085
65000, 2.280350850198276
66000, 2.1514114968019085
67000, 2.305273457593635
68000, 2.4553149347021512
69000, 2.3664319132398464
70000, 2.23606797749979
71000, 2.104417123236605
72000, 2.1313979316066587
73000, 2.02837021134844
74000, 1.7968225924034427
75000, 1.7320508075688772
76000, 1.8283482006601322
77000, 2.1111946516469904
78000, 2.014235055087379
79000, 2.1447610589527217
80000, 1.820517979665599
81000, 2.104417123236605
82000, 2.0354009783964297
83000, 1.8822478962286404
84000, 1.889822365046136
85000, 2.042407542932745
86000, 2.0632844828435215
87000, 1.889822365046136
88000, 1.6818357317441643
89000, 1.7968225924034427
90000, 1.985662897587892
91000, 1.9493588689617927
92000, 2.083952289006911
93000, 1.8973665961010275
94000, 1.8283482006601322
95000, 1.9048809486609468
96000, 1.927248223318863
97000, 1.942016624910449
98000, 1.942016624910449
99000, 2.0632844828435215
100000, 1.7888543819998317
