12.28210079750203
10.268885041717041
9.189668111526117
7.635443667528429
7.566372975210778
7.0992957397195395
5.805170109479997
5.678908345800274
6.312685640834652
5.678908345800274
4.764451699828638
5.123475382979799
5.385164807134504
5.300943312279429
5.361902647381804
4.642197755374064
5.338539126015656
5.044799302251775
4.466542286825459
4.3531597719357835
3.82099463490856
3.4856850115866753
3.456877203488721
3.681032463861192
3.6742346141747673
3.391164991562634
3.8013155617496426
3.626292872893749
3.122498999199199
3.3541019662496847
2.8635642126552705
2.932575659723036
2.9068883707497264
2.8460498941515415
3.0083217912982647
2.9664793948382653
3.0495901363953815
3.521363372331802
3.24037034920393
3.4641016151377544
3.248076353782343
2.6739483914241875
2.588435821108957
2.6832815729997477
2.449489742783178
2.539685019840059
2.0124611797498106
2.6739483914241875
2.6739483914241875
2.8635642126552705
2.898275349237888
2.7477263328068173
2.8635642126552705
2.6739483914241875
2.8460498941515415
2.7748873851023217
2.932575659723036
2.598076211353316
2.6457513110645907
2.6267851073127395
2.8809720581775866
2.8896366553599777
2.9664793948382653
3.138470965295043
3.2093613071762426
3.3689761055846033
3.24037034920393
3.653765181289022
3.398529093593286
2.9664793948382653
2.80178514522438
3.1622776601683795
3.1304951684997055
2.9832867780352594
2.6551836094703507
2.80178514522438
2.8548204847240397
2.8106938645110393
2.6267851073127395
2.80178514522438
2.8372521918222215
2.6457513110645907
2.4289915602982237
2.6267851073127395
2.7202941017470885
2.924038303442689
2.8809720581775866
2.598076211353316
2.4083189157584592
2.1447610589527217
2.569046515733026
2.8460498941515415
2.756809750418044
2.692582403567252
2.4698178070456938
2.5495097567963922
2.3979157616563596
2.345207879911715
2.3979157616563596
2.449489742783178
2.5099800796022267
2.4083189157584592
2.3979157616563596
2.4186773244895647
2.598076211353316
2.29128784747792
2.1330729007701543
2.1563858652847827
2.3130067012440754
2.2693611435820435
2.32379000772445
2.23606797749979
2.355843797877949
2.1908902300206643
2.3664319132398464
2.1908902300206643
1.8303005217723127
2.247220505424423
1.8841443681416772
2.0124611797498106
1.857417562100671
2.1330729007701543
2.258317958127243
1.8973665961010275
1.816590212458495
1.7748239349298849
1.760681686165901
2.1563858652847827
2.1447610589527217
2.3130067012440754
2.0371548787463363
1.7175564037317668
2.2693611435820435
2.085665361461421
2.258317958127243
2.1563858652847827
2.1213203435596424
2.345207879911715
2.4289915602982237
2.1095023109728985
2.258317958127243
2.29128784747792
2.355843797877949
2.280350850198276
2.29128784747792
2.247220505424423
1.9621416870348585
1.9235384061671346
1.8303005217723127
1.816590212458495
2.16794833886788
2.04939015319192
2.1330729007701543
2.179449471770337
2.449489742783178
2.1330729007701543
2.04939015319192
2.085665361461421
2.2135943621178655
2.3345235059857505
2.0615528128088303
2.0
2.073644135332772
2.1908902300206643
2.247220505424423
2.224859546128699
2.32379000772445
2.3345235059857505
2.3874672772626644
2.3345235059857505
2.3021728866442674
2.3345235059857505
2.29128784747792
2.258317958127243
2.32379000772445
2.29128784747792
2.4698178070456938
2.2693611435820435
2.0976176963403033
2.1908902300206643
2.32379000772445
2.3664319132398464
2.3021728866442674
2.258317958127243
2.224859546128699
2.16794833886788
2.2693611435820435
2.1563858652847827
2.3130067012440754
2.04939015319192
2.0371548787463363
1.9493588689617927
1.9235384061671346
1.9493588689617927
1.9748417658131499
2.0248456731316584
1.9493588689617927
1.9364916731037085
1.9874606914351791
1.9235384061671346
2.0248456731316584
2.16794833886788
2.202271554554524
2.224859546128699
2.0124611797498106
2.202271554554524
2.1330729007701543
1.7175564037317668
1.9235384061671346
1.91049731745428
2.179449471770337
2.0124611797498106
1.8439088914585775
1.9235384061671346
1.9748417658131499
2.16794833886788
2.0248456731316584
2.04939015319192
1.9493588689617927
2.0615528128088303
2.073644135332772
2.179449471770337
2.0248456731316584
2.073644135332772
2.085665361461421
2.1213203435596424
2.0371548787463363
2.1213203435596424
2.085665361461421
2.1447610589527217
2.179449471770337
2.1563858652847827
2.0976176963403033
2.1563858652847827
2.04939015319192
2.0124611797498106
1.8027756377319946
1.9748417658131499
2.04939015319192
1.9235384061671346
2.0371548787463363
2.0124611797498106
2.0248456731316584
2.085665361461421
2.179449471770337
2.179449471770337
2.247220505424423
1.8973665961010275
1.9621416870348585
1.9235384061671346
2.0615528128088303
1.6881943016134133
1.70293863659264
1.8439088914585775
1.7888543819998317
2.0615528128088303
1.9874606914351791
1.8973665961010275
1.9235384061671346
1.9493588689617927
1.9621416870348585
2.073644135332772
1.9621416870348585
2.0371548787463363
2.0
2.0124611797498106
1.9621416870348585
1.8973665961010275
1.8027756377319946
1.8439088914585775
1.91049731745428
1.91049731745428
1.91049731745428
1.9874606914351791
1.9874606914351791
2.0
1.9874606914351791
1.9874606914351791
1.8303005217723127
1.7320508075688772
1.7320508075688772
1.760681686165901
1.8708286933869707
1.8708286933869707
1.857417562100671
1.7175564037317668
2.0248456731316584
1.857417562100671
1.9748417658131499
2.0
1.9493588689617927
2.0976176963403033
2.0
2.0124611797498106
1.9493588689617927
1.7320508075688772
1.760681686165901
1.5811388300841898
1.816590212458495
1.8027756377319946
1.8027756377319946
1.91049731745428
1.8708286933869707
1.8027756377319946
1.8973665961010275
1.9493588689617927
1.9748417658131499
1.8303005217723127
2.0124611797498106
2.0124611797498106
1.857417562100671
1.8303005217723127
1.9493588689617927
1.9621416870348585
1.7748239349298849
1.760681686165901
1.7888543819998317
1.5968719422671311
1.5968719422671311
1.5968719422671311
1.5811388300841898
1.5811388300841898
1.466287829861518
1.5811388300841898
1.5811388300841898
1.5811388300841898
1.4832396974191326
1.5652475842498528
1.4832396974191326
1.51657508881031
1.5968719422671311
1.6431676725154984
1.746424919657298
1.8303005217723127
1.8303005217723127
1.760681686165901
1.7748239349298849
1.8027756377319946
1.8841443681416772
1.7748239349298849
1.760681686165901
1.760681686165901
1.7175564037317668
1.8303005217723127
1.8303005217723127
1.816590212458495
1.6583123951777
1.746424919657298
1.5811388300841898
1.5491933384829668
1.5
1.4832396974191326
1.4832396974191326
1.3228756555322954
1.5811388300841898
1.2649110640673518
1.449137674618944
1.5491933384829668
1.51657508881031
1.5329709716755893
1.61245154965971
1.4832396974191326
1.5652475842498528
1.6278820596099706
1.5968719422671311
1.4317821063276353
1.449137674618944
1.449137674618944
1.396424004376894
1.4832396974191326
1.3601470508735443
1.3601470508735443
1.466287829861518
1.4317821063276353
1.378404875209022
1.378404875209022
1.4142135623730951
1.396424004376894
1.378404875209022
1.3416407864998738
1.3416407864998738
1.3416407864998738
1.224744871391589
1.5
1.5
1.3416407864998738
1.396424004376894
1.449137674618944
1.449137674618944
1.5491933384829668
1.4832396974191326
1.5329709716755893
1.5
1.3601470508735443
1.3416407864998738
1.5
1.5491933384829668
1.61245154965971
1.6881943016134133
1.5968719422671311
