1, 5.2345009313209605
2, 5.366563145999495
3, 5.440588203494177
4, 5.215361924162119
5, 5.215361924162119
6, 5.0
7, 4.878524367060187
8, 4.857983120596447
9, 4.404543109109048
10, 4.0743097574926725
15, 4.449719092257398
20, 4.878524367060187
25, 4.959838707054898
30, 5.385164807134504
35, 5.0
40, 4.774934554525329
45, 4.669047011971501
50, 4.449719092257398
55, 4.404543109109048
60, 4.312771730569565
65, 5.253570214625479
70, 5.176871642217914
75, 4.979959839195493
80, 4.959838707054898
85, 4.538722287164087
90, 4.538722287164087
95, 4.33589667773576
100, 4.494441010848846
150, 4.753945729601885
200, 3.714835124201342
250, 2.3664319132398464
300, 3.63318042491699
350, 3.1937438845342623
400, 3.4641016151377544
450, 3.286335345030997
500, 2.792848008753788
550, 2.1908902300206643
600, 2.1908902300206643
650, 3.0983866769659336
700, 3.03315017762062
750, 3.40587727318528
800, 3.0
850, 2.1447610589527217
900, 2.32379000772445
950, 2.32379000772445
1000, 2.3664319132398464
1250, 2.32379000772445
1500, 2.1447610589527217
1750, 2.0976176963403033
2000, 1.9493588689617927
2250, 2.0
2500, 2.0
2750, 1.6733200530681511
3000, 1.7320508075688772
3250, 2.0
3500, 1.8973665961010275
3750, 2.280350850198276
4000, 1.5491933384829668
4250, 1.5491933384829668
4500, 1.61245154965971
4750, 1.3416407864998738
5000, 1.5491933384829668
5250, 1.1832159566199232
5500, 1.2649110640673518
5750, 1.3416407864998738
6000, 1.6733200530681511
6250, 1.3416407864998738
6500, 1.0
6750, 1.0
7000, 1.2649110640673518
7250, 1.2649110640673518
7500, 1.2649110640673518
7750, 1.2649110640673518
8000, 1.1832159566199232
8250, 1.3416407864998738
8500, 1.3416407864998738
8750, 1.3416407864998738
9000, 1.2649110640673518
9250, 1.4832396974191326
9500, 1.4832396974191326
9750, 1.4832396974191326
10000, 1.3416407864998738
11000, 1.2649110640673518
12000, 1.2649110640673518
13000, 1.1832159566199232
14000, 1.2649110640673518
15000, 1.2649110640673518
16000, 1.2649110640673518
17000, 1.2649110640673518
18000, 1.1832159566199232
19000, 1.2649110640673518
20000, 1.3416407864998738
21000, 1.2649110640673518
22000, 1.2649110640673518
23000, 1.0
24000, 1.0
25000, 1.1832159566199232
26000, 0.8944271909999159
27000, 0.7745966692414834
28000, 0.6324555320336759
29000, 0.6324555320336759
30000, 0.8944271909999159
31000, 0.4472135954999579
32000, 0.0
33000, 0.6324555320336759
34000, 0.6324555320336759
35000, 0.6324555320336759
36000, 0.6324555320336759
37000, 1.0
38000, 0.6324555320336759
39000, 0.6324555320336759
40000, 0.6324555320336759
41000, 0.6324555320336759
42000, 0.6324555320336759
43000, 0.4472135954999579
44000, 0.6324555320336759
45000, 0.4472135954999579
46000, 0.6324555320336759
47000, 0.6324555320336759
48000, 0.6324555320336759
49000, 0.6324555320336759
50000, 0.6324555320336759
51000, 0.6324555320336759
52000, 0.4472135954999579
53000, 0.4472135954999579
54000, 0.4472135954999579
55000, 0.0
56000, 0.4472135954999579
57000, 0.0
58000, 0.0
59000, 0.4472135954999579
60000, 0.4472135954999579
61000, 0.4472135954999579
62000, 0.0
63000, 0.0
64000, 0.6324555320336759
65000, 0.4472135954999579
66000, 0.4472135954999579
67000, 0.4472135954999579
68000, 0.4472135954999579
69000, 0.4472135954999579
70000, 0.6324555320336759
71000, 0.6324555320336759
72000, 0.6324555320336759
73000, 0.6324555320336759
74000, 0.6324555320336759
75000, 0.4472135954999579
76000, 0.4472135954999579
77000, 0.4472135954999579
78000, 0.4472135954999579
79000, 0.4472135954999579
80000, 0.4472135954999579
81000, 0.6324555320336759
82000, 0.0
83000, 0.4472135954999579
84000, 0.4472135954999579
85000, 0.4472135954999579
86000, 0.4472135954999579
87000, 0.4472135954999579
88000, 0.0
89000, 0.4472135954999579
90000, 0.4472135954999579
91000, 0.0
92000, 0.4472135954999579
93000, 0.4472135954999579
94000, 0.0
95000, 0.4472135954999579
96000, 0.4472135954999579
97000, 0.0
98000, 0.4472135954999579
99000, 0.4472135954999579
100000, 0.0
