1, 57.68015256567895
2, 56.862993238133356
3, 56.11862435947624
4, 56.00910640244138
5, 55.775801204465004
6, 55.76791192074525
7, 55.009271945736565
8, 54.27375056139017
9, 54.02684517904039
10, 54.02684517904039
15, 53.2634959423431
20, 51.47698514870505
25, 49.661856590345074
30, 49.234337611061655
35, 47.9495568279833
40, 47.04891072065325
45, 46.26207950362802
50, 44.90857379164918
55, 44.21244168783262
60, 42.80513987829032
65, 41.5975960843893
70, 40.7767090383714
75, 40.75119630145844
80, 39.85724526356532
85, 39.359115843728
90, 37.89115991890457
95, 36.058008819123664
100, 35.605617534316124
150, 32.266391183397005
200, 28.202127579315714
250, 24.548319698097465
300, 22.72267589875805
350, 22.653917983430592
400, 20.858091954922436
450, 20.15738078223458
500, 19.66367208839692
550, 19.672315572906
600, 18.851525137240223
650, 18.384776310850235
700, 17.608520664723656
750, 16.461470165206997
800, 15.937377450509228
850, 15.127458477880547
900, 14.51482001266292
950, 14.612323566086264
1000, 14.347125147568763
1250, 14.745168700289597
1500, 12.290646850349253
1750, 11.589650555560336
2000, 11.242775458044157
2250, 9.828529900244492
2500, 9.419129471453294
2750, 8.189017035029297
3000, 7.345747068882783
3250, 6.494613152451807
3500, 6.777905281132217
3750, 6.2960304954788775
4000, 5.612486080160912
4250, 5.438749856354859
4500, 5.302829433425141
4750, 4.927473997901968
5000, 4.814561246884289
5250, 4.831148931672465
5500, 4.698936049788292
5750, 4.422668877499196
6000, 4.2895221179054435
6250, 3.9749213828703582
6500, 3.6932370625238775
6750, 3.594440151122286
7000, 3.6932370625238775
7250, 3.560898762952971
7500, 3.5242020373412193
7750, 3.455430508634199
8000, 3.411744421846396
8250, 3.2588341473600644
8500, 3.146426544510455
8750, 3.082207001484488
9000, 2.86705423736629
9250, 3.0659419433511785
9500, 3.0397368307141326
9750, 2.831960451701259
10000, 2.7313000567495327
11000, 2.6038433132583076
12000, 2.3366642891095846
13000, 2.280350850198276
14000, 1.9339079605813716
15000, 1.70293863659264
16000, 1.606237840420901
17000, 1.5874507866387544
18000, 1.489966442575134
19000, 1.3564659966250536
20000, 1.174734012447073
21000, 1.0862780491200215
22000, 1.131370849898476
23000, 0.9273618495495703
24000, 0.848528137423857
25000, 0.8
26000, 0.8
27000, 0.7348469228349535
28000, 0.6164414002968976
29000, 0.5830951894845301
30000, 0.5099019513592785
31000, 0.5099019513592785
32000, 0.469041575982343
33000, 0.4
34000, 0.34641016151377546
35000, 0.2449489742783178
36000, 0.2449489742783178
37000, 0.2449489742783178
38000, 0.2449489742783178
39000, 0.2449489742783178
40000, 0.2449489742783178
41000, 0.2449489742783178
42000, 0.2
43000, 0.0
44000, 0.0
45000, 0.0
46000, 0.0
47000, 0.0
48000, 0.0
49000, 0.0
50000, 0.0
51000, 0.0
52000, 0.0
53000, 0.0
54000, 0.0
55000, 0.0
56000, 0.0
57000, 0.0
58000, 0.0
59000, 0.0
60000, 0.0
61000, 0.0
62000, 0.0
63000, 0.0
64000, 0.0
65000, 0.0
66000, 0.0
67000, 0.0
68000, 0.0
69000, 0.0
70000, 0.0
71000, 0.0
72000, 0.0
73000, 0.0
74000, 0.0
75000, 0.0
76000, 0.0
77000, 0.0
78000, 0.0
79000, 0.0
80000, 0.0
81000, 0.0
82000, 0.0
83000, 0.0
84000, 0.0
85000, 0.0
86000, 0.0
87000, 0.0
88000, 0.0
89000, 0.0
90000, 0.0
91000, 0.0
92000, 0.0
93000, 0.0
94000, 0.0
95000, 0.0
96000, 0.0
97000, 0.0
98000, 0.0
99000, 0.0
100000, 0.0
