1, 0.7745966692414834
2, 0.5477225575051661
3, 0.31622776601683794
4, 0.4472135954999579
5, 0.31622776601683794
6, 1.3038404810405297
7, 1.3416407864998738
8, 1.378404875209022
9, 1.4832396974191326
10, 1.6431676725154984
15, 2.2135943621178655
20, 1.61245154965971
25, 1.760681686165901
30, 1.8439088914585775
35, 1.8708286933869707
40, 1.6431676725154984
45, 1.3416407864998738
50, 1.449137674618944
55, 1.0
60, 1.140175425099138
65, 1.140175425099138
70, 1.1832159566199232
75, 1.449137674618944
80, 1.760681686165901
85, 2.0
90, 1.9748417658131499
95, 2.073644135332772
100, 2.1213203435596424
150, 1.70293863659264
200, 1.4832396974191326
250, 1.0488088481701516
300, 0.8944271909999159
350, 0.8944271909999159
400, 0.6324555320336759
450, 0.6324555320336759
500, 0.8944271909999159
550, 1.0488088481701516
600, 1.0488088481701516
650, 0.9486832980505138
700, 1.0
750, 0.7071067811865476
800, 0.7071067811865476
850, 0.8944271909999159
900, 1.0488088481701516
950, 1.140175425099138
1000, 1.0488088481701516
1250, 0.7745966692414834
1500, 0.7745966692414834
1750, 0.5477225575051661
2000, 0.5477225575051661
2250, 0.7071067811865476
2500, 0.7745966692414834
2750, 0.7071067811865476
3000, 0.7071067811865476
3250, 0.6324555320336759
3500, 0.6324555320336759
3750, 0.5477225575051661
4000, 0.7071067811865476
4250, 0.7071067811865476
4500, 0.6324555320336759
4750, 0.6324555320336759
5000, 0.6324555320336759
5250, 0.4472135954999579
5500, 0.6324555320336759
5750, 0.7071067811865476
6000, 0.7071067811865476
6250, 0.4472135954999579
6500, 0.4472135954999579
6750, 0.6324555320336759
7000, 0.6324555320336759
7250, 0.6324555320336759
7500, 0.6324555320336759
7750, 0.6324555320336759
8000, 0.4472135954999579
8250, 0.4472135954999579
8500, 0.4472135954999579
8750, 0.4472135954999579
9000, 0.6324555320336759
9250, 0.6324555320336759
9500, 0.6324555320336759
9750, 0.5477225575051661
10000, 0.6324555320336759
11000, 0.5477225575051661
12000, 0.5477225575051661
13000, 0.31622776601683794
14000, 0.31622776601683794
15000, 0.31622776601683794
16000, 0.31622776601683794
17000, 0.31622776601683794
18000, 0.31622776601683794
19000, 0.31622776601683794
20000, 0.31622776601683794
21000, 0.31622776601683794
22000, 0.31622776601683794
23000, 0.31622776601683794
24000, 0.31622776601683794
25000, 0.31622776601683794
26000, 0.31622776601683794
27000, 0.31622776601683794
28000, 0.31622776601683794
29000, 0.31622776601683794
30000, 0.0
31000, 0.0
32000, 0.0
33000, 0.0
34000, 0.0
35000, 0.0
36000, 0.0
37000, 0.0
38000, 0.31622776601683794
39000, 0.0
40000, 0.0
41000, 0.0
42000, 0.0
43000, 0.0
44000, 0.0
45000, 0.0
46000, 0.0
47000, 0.0
48000, 0.0
49000, 0.0
50000, 0.0
51000, 0.0
52000, 0.0
53000, 0.0
54000, 0.0
55000, 0.0
56000, 0.0
57000, 0.0
58000, 0.0
59000, 0.0
60000, 0.0
61000, 0.0
62000, 0.0
63000, 0.0
64000, 0.0
65000, 0.0
66000, 0.0
67000, 0.0
68000, 0.0
69000, 0.0
70000, 0.0
71000, 0.0
72000, 0.0
73000, 0.0
74000, 0.0
75000, 0.0
76000, 0.0
77000, 0.0
78000, 0.0
79000, 0.0
80000, 0.0
81000, 0.0
82000, 0.0
83000, 0.0
84000, 0.0
85000, 0.0
86000, 0.0
87000, 0.0
88000, 0.0
89000, 0.0
90000, 0.0
91000, 0.0
92000, 0.0
93000, 0.0
94000, 0.0
95000, 0.0
96000, 0.0
97000, 0.0
98000, 0.0
99000, 0.0
100000, 0.0
