1, 51.189191567491406
2, 50.389813785459985
3, 49.50084174368486
4, 48.61572676499745
5, 47.75492993747696
6, 47.75492993747696
7, 47.752835866923476
8, 47.752603186749006
9, 46.956481034156624
10, 46.0449056175961
15, 44.67313386017248
20, 42.94725447181306
25, 42.20874053768695
30, 41.56200187671426
35, 41.54970249926921
40, 41.55291138349327
45, 41.10474425172841
50, 41.10663639311243
55, 39.64144856642406
60, 38.88587289892193
65, 38.881300847008134
70, 38.88015775002291
75, 38.86214953739263
80, 38.859004390517036
85, 38.858432518280736
90, 38.858432518280736
95, 38.00321623816127
100, 38.002631487832524
150, 35.613043802641876
200, 35.59400698619549
250, 34.22474738158535
300, 33.28129270993608
350, 32.39204291866206
400, 31.573899206640778
450, 31.050138664925655
500, 31.05085434501852
550, 31.036537607579017
600, 31.02722818572244
650, 31.026153841915733
700, 30.95121609529709
750, 30.951934062707977
800, 30.730368620560927
850, 29.921749800289273
900, 29.90317708873089
950, 29.056649650104
1000, 29.04555808457542
1250, 29.068119229760214
1500, 27.50232313419682
1750, 26.825361134568162
2000, 26.586128379706253
2250, 26.36622418507773
2500, 26.343879744638983
2750, 25.547776593842542
3000, 24.705375033695717
3250, 24.671621124054433
3500, 24.582288113373192
3750, 24.21248530086171
4000, 24.44494948973214
4250, 24.35889068811541
4500, 24.099792530227308
4750, 24.127439427617123
5000, 24.12789994084764
5250, 24.182638400306942
5500, 24.14263172619478
5750, 24.066112643669268
6000, 22.908028675068874
6250, 22.894443770390133
6500, 22.900752049756893
6750, 22.900752049756893
7000, 22.49592555701291
7250, 22.49888886145269
7500, 22.444004396126225
7750, 22.1098268750446
8000, 21.916001257325917
8250, 21.161285405192192
8500, 21.339061730909247
8750, 21.227340860315028
9000, 21.226817419900183
9250, 21.16811018699801
9500, 21.136067120761453
9750, 21.07921567168317
10000, 21.07921567168317
11000, 20.843330934484644
12000, 20.408059410166583
13000, 20.30270917882636
14000, 19.615753306405995
15000, 19.380402472601027
16000, 19.146220979028154
17000, 19.009354422377303
18000, 19.414771009036738
19000, 19.442793580713197
20000, 19.467922333931785
21000, 19.51580556028028
22000, 19.23076239316118
23000, 19.210529520147134
24000, 19.48161526499621
25000, 19.244046698481412
26000, 18.948468129229983
27000, 18.74448066913446
28000, 18.674998140710898
29000, 18.41074565452349
30000, 18.539447432734104
31000, 18.66428556241989
32000, 18.72431574183687
33000, 18.54963312006167
34000, 18.520859111343142
35000, 18.318782104107733
36000, 18.281137820168635
37000, 18.116904322268255
38000, 18.204395073717773
39000, 18.223306200821213
40000, 18.071463077951872
41000, 17.699968612652647
42000, 17.356394914971382
43000, 17.76701062831524
44000, 17.41519132507274
45000, 17.59734828508735
46000, 17.827569161897035
47000, 18.090513167587776
48000, 17.703734697013008
49000, 17.45279347267938
50000, 17.529657409341716
51000, 17.500476183997584
52000, 17.30317889868795
53000, 17.187204542915058
54000, 17.332692295838584
55000, 17.211753090386942
56000, 17.33012790874128
57000, 17.327563142128337
58000, 17.33846078007567
59000, 17.130868824045866
60000, 17.263320139017935
61000, 17.12762550838719
62000, 17.24528921183985
63000, 17.3121665631749
64000, 17.27490151121627
65000, 16.94763175851488
66000, 17.004574547913734
67000, 17.220143243693805
68000, 17.147724176824294
69000, 17.220788470785987
70000, 17.3410239349097
71000, 17.317300277147385
72000, 17.447699625515742
73000, 17.323715280248376
74000, 17.025471114382317
75000, 16.866139649210385
76000, 16.773656594659244
77000, 16.759740119968715
78000, 16.774981371077583
79000, 16.91613299650826
80000, 16.908906265962653
81000, 16.862186493255653
82000, 16.740503112046678
83000, 16.834488409215172
84000, 16.979072085626143
85000, 17.028081382103963
86000, 16.67599738812911
87000, 16.9627041869312
88000, 16.928608264644136
89000, 17.13281451873373
90000, 16.985614828763516
91000, 16.906934803341628
92000, 16.85098084847157
93000, 16.96990800734576
94000, 16.910220446687134
95000, 16.89904665292625
96000, 16.969253240951872
97000, 16.87206764645835
98000, 17.091908416947867
99000, 17.12048805119501
100000, 16.774318995946686
