9.292470069900682
7.12039324756716
7.1693793315739685
6.078651166171653
6.2289646009589745
4.994997497496871
4.674398357008098
5.07444578254611
4.994997497496871
4.330127018922194
4.224926034855522
4.06201920231798
3.22490309931942
3.40587727318528
3.024896692450835
3.521363372331802
3.383784863137726
2.898275349237888
2.9916550603303182
3.082207001484488
3.3090784215548594
2.6362852652928135
2.8635642126552705
3.1937438845342623
3.03315017762062
2.792848008753788
2.539685019840059
2.9068883707497264
2.5099800796022267
2.4186773244895647
2.3664319132398464
1.9621416870348585
2.1213203435596424
2.479919353527449
2.16794833886788
2.1330729007701543
2.258317958127243
2.0371548787463363
2.073644135332772
1.91049731745428
2.5298221281347035
2.247220505424423
2.202271554554524
1.7888543819998317
2.3130067012440754
2.179449471770337
2.3130067012440754
1.9364916731037085
2.0615528128088303
2.1908902300206643
2.16794833886788
2.4186773244895647
2.258317958127243
2.29128784747792
2.2135943621178655
2.1095023109728985
1.91049731745428
2.2135943621178655
1.9493588689617927
2.0371548787463363
1.8027756377319946
1.6881943016134133
1.746424919657298
1.9493588689617927
1.746424919657298
1.746424919657298
1.8973665961010275
1.9235384061671346
1.9874606914351791
1.746424919657298
2.0248456731316584
1.9621416870348585
2.1095023109728985
2.0124611797498106
1.9235384061671346
2.1095023109728985
2.085665361461421
2.0976176963403033
2.280350850198276
2.224859546128699
2.085665361461421
2.073644135332772
2.2135943621178655
1.9621416870348585
2.0124611797498106
2.0248456731316584
1.9364916731037085
1.70293863659264
1.6583123951777
1.6733200530681511
1.61245154965971
1.6733200530681511
1.9874606914351791
1.857417562100671
1.8303005217723127
1.9621416870348585
2.0615528128088303
2.0248456731316584
1.9364916731037085
1.9874606914351791
1.9748417658131499
1.760681686165901
1.70293863659264
1.7748239349298849
2.0248456731316584
2.0124611797498106
2.1095023109728985
1.8439088914585775
1.8303005217723127
1.816590212458495
1.760681686165901
1.91049731745428
1.8973665961010275
1.9874606914351791
1.5968719422671311
1.9493588689617927
2.04939015319192
2.1095023109728985
2.1213203435596424
2.0976176963403033
1.9621416870348585
2.0371548787463363
2.23606797749979
2.2693611435820435
2.2135943621178655
2.0976176963403033
2.202271554554524
1.8708286933869707
1.857417562100671
1.9493588689617927
1.8439088914585775
1.9235384061671346
1.8708286933869707
1.9235384061671346
1.8303005217723127
1.8303005217723127
1.7888543819998317
1.6278820596099706
1.7748239349298849
1.5968719422671311
1.7748239349298849
1.8439088914585775
1.8439088914585775
1.8973665961010275
1.9364916731037085
1.7888543819998317
2.04939015319192
2.224859546128699
2.224859546128699
2.1908902300206643
2.1563858652847827
2.1563858652847827
2.16794833886788
2.1213203435596424
2.04939015319192
1.9874606914351791
1.8303005217723127
1.9748417658131499
1.9874606914351791
1.9493588689617927
1.9621416870348585
1.9748417658131499
1.8973665961010275
1.760681686165901
1.760681686165901
1.7175564037317668
1.70293863659264
1.6733200530681511
1.6431676725154984
1.5811388300841898
1.6431676725154984
1.7175564037317668
1.760681686165901
1.6431676725154984
1.5811388300841898
1.5491933384829668
1.5968719422671311
1.5329709716755893
1.6583123951777
1.6583123951777
1.6278820596099706
1.6733200530681511
1.7175564037317668
1.5811388300841898
1.61245154965971
1.6881943016134133
1.8027756377319946
1.6881943016134133
1.9364916731037085
1.9874606914351791
1.9621416870348585
1.8303005217723127
1.9748417658131499
1.91049731745428
1.9748417658131499
1.8841443681416772
1.8027756377319946
1.7888543819998317
1.7888543819998317
1.746424919657298
1.8973665961010275
1.8708286933869707
1.9493588689617927
2.04939015319192
2.1095023109728985
2.0248456731316584
1.746424919657298
1.70293863659264
1.7748239349298849
1.9493588689617927
2.0615528128088303
2.0615528128088303
1.9621416870348585
1.9493588689617927
1.8439088914585775
1.91049731745428
1.8303005217723127
2.0124611797498106
1.9748417658131499
1.9493588689617927
1.8841443681416772
1.857417562100671
1.70293863659264
1.70293863659264
1.857417562100671
1.5968719422671311
1.5811388300841898
1.5652475842498528
1.5652475842498528
1.61245154965971
1.51657508881031
1.760681686165901
1.8027756377319946
1.8841443681416772
1.816590212458495
1.5329709716755893
1.51657508881031
1.9493588689617927
1.5811388300841898
1.4832396974191326
1.5811388300841898
1.378404875209022
1.760681686165901
1.6733200530681511
1.8303005217723127
1.7748239349298849
1.7748239349298849
1.7175564037317668
1.7175564037317668
1.4317821063276353
1.4142135623730951
1.396424004376894
1.396424004376894
1.4142135623730951
1.5811388300841898
1.5811388300841898
1.5652475842498528
1.4317821063276353
1.4142135623730951
1.4142135623730951
1.4317821063276353
1.4317821063276353
1.4832396974191326
1.4832396974191326
1.4832396974191326
1.4142135623730951
1.378404875209022
1.3601470508735443
1.3601470508735443
1.3601470508735443
1.3601470508735443
1.449137674618944
1.466287829861518
1.466287829861518
1.51657508881031
1.51657508881031
1.5491933384829668
1.466287829861518
1.4317821063276353
1.4142135623730951
1.4142135623730951
1.4832396974191326
1.466287829861518
1.466287829861518
1.5
1.4317821063276353
1.396424004376894
1.396424004376894
1.396424004376894
1.4142135623730951
1.449137674618944
1.449137674618944
1.396424004376894
1.3228756555322954
1.3228756555322954
1.378404875209022
1.396424004376894
1.396424004376894
1.2649110640673518
1.3601470508735443
1.3601470508735443
1.3416407864998738
1.3416407864998738
1.3416407864998738
1.3601470508735443
1.3038404810405297
1.3038404810405297
1.3601470508735443
1.284523257866513
1.224744871391589
1.2449899597988732
1.140175425099138
1.161895003862225
1.1832159566199232
1.161895003862225
1.2449899597988732
1.284523257866513
1.284523257866513
1.2449899597988732
1.2449899597988732
1.2041594578792296
1.161895003862225
1.140175425099138
1.1832159566199232
1.284523257866513
1.284523257866513
1.1832159566199232
1.1832159566199232
1.1832159566199232
1.2041594578792296
1.2041594578792296
1.4142135623730951
1.2041594578792296
1.140175425099138
1.140175425099138
1.161895003862225
1.140175425099138
1.140175425099138
1.118033988749895
1.1832159566199232
1.3416407864998738
1.3416407864998738
1.2649110640673518
1.284523257866513
1.284523257866513
1.161895003862225
1.3601470508735443
1.378404875209022
1.3228756555322954
1.3228756555322954
1.3416407864998738
1.3228756555322954
1.161895003862225
1.2649110640673518
1.224744871391589
1.2041594578792296
1.0954451150103321
1.0723805294763609
1.1832159566199232
1.1832159566199232
1.0723805294763609
1.0954451150103321
1.0954451150103321
1.0954451150103321
1.118033988749895
1.118033988749895
1.118033988749895
1.0954451150103321
1.0954451150103321
1.02469507659596
1.2449899597988732
1.284523257866513
1.3416407864998738
1.396424004376894
1.3416407864998738
1.3601470508735443
1.3601470508735443
1.2649110640673518
1.224744871391589
1.224744871391589
1.224744871391589
1.224744871391589
1.284523257866513
1.3228756555322954
1.396424004376894
1.396424004376894
1.396424004376894
1.3601470508735443
1.396424004376894
1.4142135623730951
1.396424004376894
1.378404875209022
1.2041594578792296
1.2041594578792296
1.224744871391589
1.224744871391589
1.0723805294763609
1.140175425099138
1.161895003862225
1.0488088481701516
