12.19426094521517
10.837435120913065
10.23474474522936
10.658330075579382
9.792854537876073
9.746794344808963
10.161200716450788
9.562949335848225
9.013878188659973
9.313968005098578
9.300537618869138
9.521029356114811
9.148770409186143
9.346122190513025
9.195107394696377
8.843076387773658
9.375499986667378
9.338094023943002
9.486832980505138
9.364827814754525
8.933084573650918
9.132360045464699
9.027735042633894
9.257429448826494
9.394147114027968
9.077444574328174
9.348796714016196
9.418067742376884
9.589056262218927
9.573400649716902
9.87674035297071
9.800510190801292
9.723682430026189
9.777525249264253
9.549869109050658
9.661780374237452
9.723682430026189
9.692780818733084
9.7082439194738
9.544631999192006
9.484197383015603
9.797958971132712
9.828529900244492
9.856469956328178
10.00499875062461
9.982484660644364
9.962429422585638
9.929753269845127
10.13903348450926
10.101980003939822
9.947361459201128
9.904544411531507
9.792854537876073
9.818350166906862
9.790301323248432
9.904544411531507
9.894442884771228
9.74422906134703
9.568176419778222
9.591663046625438
9.73909646733207
9.67212489580237
9.5236547606473
9.513148795220223
9.505261700763425
9.6591925128346
9.396807968666806
9.547250913221042
9.715966241192895
9.767292357659825
10.00499875062461
9.989994994993742
9.836157786453
9.85393322486001
9.9498743710662
10.0024996875781
10.064790112068906
10.114346246792227
10.079682534683322
10.116817681464859
10.124228365658293
10.15135458941318
9.856469956328178
9.841239759298622
9.831073186585481
9.690201236300513
9.76985158536198
9.899494936611665
10.101980003939822
10.178408519999577
10.10692831675381
10.222524150130436
10.310189135025603
10.190682018393076
10.29805806936434
10.158740079360236
10.16857905510893
10.264014809030625
10.26645021416848
10.36822067666386
10.329569206893384
10.268885041717041
10.344080432788601
10.26645021416848
10.229858259037611
10.13903348450926
10.134100848126586
10.054849576199537
10.161200716450788
10.205390732353171
10.134100848126586
10.13903348450926
9.787747442593725
9.846319109189992
9.987492177719089
9.919677414109795
10.019980039900279
10.239628899525608
10.072239075796404
10.097029266076236
10.08959860450355
9.989994994993742
9.992497185388645
9.831073186585481
9.848857801796104
9.833615815151617
9.751922887307918
9.90706818387761
9.909591313469996
10.092076099594175
9.992497185388645
9.917156850630123
9.939818911831342
9.984988733093292
9.777525249264253
9.894442884771228
10.029955134495866
9.838699100999074
9.792854537876073
9.797958971132712
9.741663102366044
9.759610647971568
9.767292357659825
9.762171889492624
9.6591925128346
9.810708435174291
10.0174847142384
10.08959860450355
10.124228365658293
10.124228365658293
10.057335631269348
10.012492197250394
10.16366075781753
10.268885041717041
10.178408519999577
10.18577439373168
10.18577439373168
10.21273714534943
10.224969437607136
10.324727599312245
10.331989159885913
10.188228501560022
10.35132841716463
10.200490184299968
10.302912209661887
10.202940752547766
10.136567466356647
10.246950765959598
10.237187113655782
10.244510725261602
10.21763181955584
10.300485425454472
10.21273714534943
10.276186062932103
10.26645021416848
10.229858259037611
10.307764064044152
10.31746092796091
10.25426740435415
10.26645021416848
10.336827366266691
10.363397126425292
10.389898940798222
10.430723848324238
10.346496991735899
10.406728592598157
10.447487736293352
10.461835403025608
10.445094542415593
10.488088481701515
10.488088481701515
10.58536725862641
10.542770034483347
10.561723344227493
10.526157893552615
10.516653460107925
10.583005244258363
10.65598423422257
10.604244433244643
10.549881515922348
10.538026380684384
10.590089706891062
10.464224768228174
10.469001862641921
10.413932974625869
10.423531071570709
10.433120338613946
10.387492478938313
10.385085459446158
10.344080432788601
10.249390225764653
10.249390225764653
10.324727599312245
10.224969437607136
10.246950765959598
10.227414140436476
10.207840124139876
10.171037311896953
10.136567466356647
10.18577439373168
10.175952043912156
10.10692831675381
10.114346246792227
10.079682534683322
10.12916580968048
10.190682018393076
10.143963722332607
10.097029266076236
10.084641788382967
10.054849576199537
10.044899203078147
10.097029266076236
10.229858259037611
10.227414140436476
10.21518477561713
10.237187113655782
10.389898940798222
10.31746092796091
10.273752965688828
10.273752965688828
10.329569206893384
10.222524150130436
10.312613635737547
10.27861858422619
10.334408546211051
10.290772565750348
10.305338422390601
10.404326023342406
10.35615758860399
10.290772565750348
10.268885041717041
10.285912696499032
10.23474474522936
10.244510725261602
10.242070103255495
10.31746092796091
10.293201639917484
10.35615758860399
10.222524150130436
10.242070103255495
10.21028892833107
10.178408519999577
10.259142264341596
10.27861858422619
10.224969437607136
10.312613635737547
10.239628899525608
10.31746092796091
10.324727599312245
10.175952043912156
10.222524150130436
10.27861858422619
10.161200716450788
10.305338422390601
10.339245620450265
10.35615758860399
10.336827366266691
10.336827366266691
10.370631610466162
10.295630140987
10.290772565750348
10.21518477561713
10.14889156509222
10.094552986635911
10.042410069301093
9.989994994993742
10.222524150130436
10.121758740456126
10.227414140436476
10.23474474522936
10.161200716450788
10.156278846112881
10.156278846112881
10.12916580968048
10.064790112068906
10.037429949942366
10.019980039900279
10.029955134495866
9.99749968742185
10.10940156488009
10.054849576199537
10.069756700139283
10.047387720198719
9.99499874937461
9.871676655968834
9.896969233053117
9.85900603509299
9.879271228182775
9.736529155710468
9.797958971132712
9.81580358401695
9.864076236526156
9.813256340277675
9.795407086997457
9.85900603509299
9.828529900244492
9.754486147409304
9.674709297958259
9.646242791885346
9.73909646733207
9.874208829065749
9.881801455200362
9.836157786453
9.841239759298622
9.74422906134703
9.573400649716902
9.586448768965493
9.651424765287247
9.625487000666512
9.557719393244394
9.648834126463155
9.513148795220223
9.555103348473002
9.457801012920498
9.481561052906848
9.423375191511797
9.447221813845593
9.447221813845593
9.581231653602787
9.457801012920498
9.5524865872714
9.486832980505138
9.604686356149273
9.586448768965493
9.677293009927931
9.473647660748208
9.66695401871758
9.599479152537391
9.604686356149273
9.630680142129112
9.420721840708387
9.316651759081692
9.549869109050658
9.354143466934854
9.35681569766125
9.457801012920498
9.30859817588019
9.343446901438462
9.313968005098578
9.346122190513025
9.394147114027968
9.364827814754525
9.31933474020544
9.289779329994873
9.284395510748128
9.354143466934854
9.311283477587825
9.378166132032424
9.279008567729637
9.162423260251623
9.12414379544733
9.257429448826494
9.257429448826494
9.151502608861563
9.115920140062657
9.156964562561111
9.22496612459905
9.173330910852394
9.08019823572151
9.093954035511725
9.12414379544733
9.214119599831555
9.143303560529969
9.10768905925098
9.1104335791443
9.077444574328174
9.132360045464699
9.008329478876759
8.994442728707543
9.002777349240622
8.913472948295743
8.857200460642177
8.986100377805714
8.986100377805714
9.036038955205981
9.12414379544733
9.096702699330127
9.038805230781334
9.151502608861563
9.091204540653566
