1, 23.02715787933891
2, 22.538855339169288
3, 21.97271034715563
4, 21.68985938174796
5, 21.603240497666086
6, 21.07723890835799
7, 20.711108130662637
8, 20.674863965695156
9, 20.624015128000657
10, 20.41812919931696
15, 17.853571071357123
20, 17.193021840269964
25, 15.9420826744814
30, 15.272524349301264
35, 13.915818337417315
40, 13.209844813622906
45, 12.177848742696717
50, 11.366617790706258
55, 10.698130677833394
60, 9.654014708917737
65, 9.02219485491197
70, 8.809086218218097
75, 8.628441342444185
80, 9.148770409186143
85, 9.279008567729637
90, 8.72066511224918
95, 8.309632964216892
100, 7.9088557958784405
150, 6.910137480542627
200, 5.244044240850758
250, 5.674504383644443
300, 4.381780460041329
350, 5.403702434442518
400, 5.244044240850758
450, 5.458937625582473
500, 5.371219600798314
550, 5.380520420925842
600, 5.554277630799526
650, 5.371219600798314
700, 5.352569476429054
750, 5.267826876426369
800, 5.445181356024793
850, 5.375872022286245
900, 5.329165037789691
950, 5.2583267300539625
1000, 4.984977432245807
1250, 3.968626966596886
1500, 3.331666249791536
1750, 3.03315017762062
2000, 2.9068883707497264
2250, 2.6645825188948455
2500, 2.202271554554524
2750, 2.5495097567963922
3000, 2.3874672772626644
3250, 1.9493588689617927
3500, 2.0
3750, 2.0124611797498106
4000, 2.04939015319192
4250, 2.1908902300206643
4500, 2.085665361461421
4750, 2.073644135332772
5000, 2.29128784747792
5250, 2.179449471770337
5500, 2.3664319132398464
5750, 2.258317958127243
6000, 2.3769728648009427
6250, 2.1213203435596424
6500, 2.04939015319192
6750, 2.073644135332772
7000, 2.1330729007701543
7250, 2.0615528128088303
7500, 2.1447610589527217
7750, 2.224859546128699
8000, 1.816590212458495
8250, 1.760681686165901
8500, 1.8303005217723127
8750, 2.1095023109728985
9000, 2.3345235059857505
9250, 2.16794833886788
9500, 2.2135943621178655
9750, 1.91049731745428
10000, 1.760681686165901
11000, 1.8027756377319946
12000, 1.5968719422671311
13000, 1.760681686165901
14000, 1.8973665961010275
15000, 1.9874606914351791
16000, 1.7175564037317668
17000, 1.3416407864998738
18000, 1.449137674618944
19000, 1.2649110640673518
20000, 1.2449899597988732
21000, 1.466287829861518
22000, 1.5491933384829668
23000, 1.5968719422671311
24000, 1.6583123951777
25000, 1.5491933384829668
26000, 1.4317821063276353
27000, 1.466287829861518
28000, 1.5329709716755893
29000, 1.396424004376894
30000, 1.4317821063276353
31000, 1.224744871391589
32000, 1.161895003862225
33000, 1.2649110640673518
34000, 1.140175425099138
35000, 1.2449899597988732
36000, 1.118033988749895
37000, 1.3416407864998738
38000, 1.02469507659596
39000, 0.9746794344808963
40000, 1.0954451150103321
41000, 1.0488088481701516
42000, 1.0954451150103321
43000, 1.0954451150103321
44000, 1.0723805294763609
45000, 1.0488088481701516
46000, 1.0488088481701516
47000, 1.140175425099138
48000, 1.2449899597988732
49000, 1.2041594578792296
50000, 1.2041594578792296
51000, 1.02469507659596
52000, 1.3038404810405297
53000, 1.02469507659596
54000, 1.2041594578792296
55000, 1.2449899597988732
56000, 1.118033988749895
57000, 1.0488088481701516
58000, 1.0723805294763609
59000, 1.2449899597988732
60000, 1.161895003862225
61000, 1.140175425099138
62000, 1.224744871391589
63000, 1.2041594578792296
64000, 1.140175425099138
65000, 1.0723805294763609
66000, 0.9486832980505138
67000, 1.0723805294763609
68000, 1.118033988749895
69000, 1.02469507659596
70000, 0.9486832980505138
71000, 0.8366600265340756
72000, 0.9219544457292888
73000, 0.9219544457292888
74000, 0.9219544457292888
75000, 0.9219544457292888
76000, 0.8660254037844386
77000, 0.8944271909999159
78000, 0.8366600265340756
79000, 0.8660254037844386
80000, 0.9219544457292888
81000, 0.8366600265340756
82000, 0.8366600265340756
83000, 0.8660254037844386
84000, 0.8944271909999159
85000, 0.9219544457292888
86000, 0.9219544457292888
87000, 1.02469507659596
88000, 0.9219544457292888
89000, 1.0488088481701516
90000, 1.0488088481701516
91000, 0.8944271909999159
92000, 1.0488088481701516
93000, 1.0
94000, 1.0488088481701516
95000, 0.9746794344808963
96000, 0.8660254037844386
97000, 0.9486832980505138
98000, 1.0488088481701516
99000, 1.118033988749895
100000, 1.118033988749895
