1, 16.72323732614791
2, 15.95827893811443
3, 15.381807436059
4, 14.669696656713798
5, 14.224392195567912
6, 14.186848369763691
7, 14.179797835888447
8, 13.132656496941761
9, 13.173205127581266
10, 12.12985298069739
15, 10.611314715905847
20, 10.516653460107925
25, 10.421132376090421
30, 10.181682899534175
35, 9.869143833180262
40, 8.528383981349183
45, 8.115828156551041
50, 7.916228058025278
55, 7.58946638440411
60, 6.60807586719967
65, 6.298147875897061
70, 6.408327915038889
75, 6.159004248523728
80, 6.159004248523728
85, 6.131883886702357
90, 6.04979338490167
95, 5.836665714829544
100, 5.848076606885378
150, 4.43471156521669
200, 3.958114029012639
250, 3.151719107619417
300, 3.444802848737017
350, 2.6331223544175333
400, 2.463060426921489
450, 2.2211108331943574
500, 2.280350850198276
550, 2.5298221281347035
600, 2.3804761428476167
650, 2.0816659994661326
700, 1.7701224063135672
750, 2.065591117977289
800, 2.1134489978863145
850, 2.1291625896895083
900, 1.8973665961010275
950, 2.3664319132398464
1000, 2.309401076758503
1250, 1.9148542155126762
1500, 2.0330600909302543
1750, 1.4605934866804429
2000, 1.7320508075688772
2250, 1.505545305418162
2500, 1.4832396974191326
2750, 1.7126976771553504
3000, 1.4832396974191326
3250, 1.632993161855452
3500, 1.6532795690182993
3750, 1.5491933384829668
4000, 1.5275252316519468
4250, 1.4832396974191326
4500, 1.2382783747337807
4750, 1.2909944487358056
5000, 1.390443574307614
5250, 1.1832159566199232
5500, 1.2909944487358056
5750, 1.4142135623730951
6000, 1.3662601021279464
6250, 1.2909944487358056
6500, 1.0
6750, 1.0327955589886444
7000, 1.0
7250, 1.1254628677422756
7500, 1.0
7750, 1.0645812948447542
8000, 0.6831300510639732
8250, 0.5773502691896257
8500, 0.6831300510639732
8750, 0.6831300510639732
9000, 0.6831300510639732
9250, 0.7745966692414834
9500, 0.816496580927726
9750, 0.9660917830792959
10000, 0.9309493362512627
11000, 0.8563488385776752
12000, 0.8563488385776752
13000, 0.9309493362512627
14000, 0.816496580927726
15000, 0.9309493362512627
16000, 0.8944271909999159
17000, 0.8944271909999159
18000, 0.8944271909999159
19000, 0.816496580927726
20000, 0.7745966692414834
21000, 0.7302967433402214
22000, 0.7745966692414834
23000, 0.816496580927726
24000, 0.7745966692414834
25000, 0.7745966692414834
26000, 0.5773502691896257
27000, 0.6831300510639732
28000, 0.5773502691896257
29000, 0.6831300510639732
30000, 0.5773502691896257
31000, 0.5773502691896257
32000, 0.5773502691896257
33000, 0.5773502691896257
34000, 0.5773502691896257
35000, 0.5773502691896257
36000, 0.5773502691896257
37000, 0.816496580927726
38000, 0.7745966692414834
39000, 0.7745966692414834
40000, 0.7745966692414834
41000, 0.7745966692414834
42000, 0.4472135954999579
43000, 0.7745966692414834
44000, 0.7302967433402214
45000, 0.7745966692414834
46000, 0.7745966692414834
47000, 0.5163977794943222
48000, 0.5163977794943222
49000, 0.5163977794943222
50000, 0.5163977794943222
51000, 0.5773502691896257
52000, 0.5773502691896257
53000, 0.5773502691896257
54000, 0.5163977794943222
55000, 0.5163977794943222
56000, 0.5163977794943222
57000, 0.5163977794943222
58000, 0.4472135954999579
59000, 0.4472135954999579
60000, 0.4472135954999579
61000, 0.4472135954999579
62000, 0.4472135954999579
63000, 0.4472135954999579
64000, 0.4472135954999579
65000, 0.4472135954999579
66000, 0.4472135954999579
67000, 0.4472135954999579
68000, 0.3651483716701107
69000, 0.3651483716701107
70000, 0.3651483716701107
71000, 0.3651483716701107
72000, 0.3651483716701107
73000, 0.3651483716701107
74000, 0.5163977794943222
75000, 0.3651483716701107
76000, 0.3651483716701107
77000, 0.3651483716701107
78000, 0.3651483716701107
79000, 0.3651483716701107
80000, 0.3651483716701107
81000, 0.3651483716701107
82000, 0.3651483716701107
83000, 0.3651483716701107
84000, 0.3651483716701107
85000, 0.3651483716701107
86000, 0.3651483716701107
87000, 0.3651483716701107
88000, 0.3651483716701107
89000, 0.3651483716701107
90000, 0.3651483716701107
91000, 0.3651483716701107
92000, 0.3651483716701107
93000, 0.3651483716701107
94000, 0.3651483716701107
95000, 0.3651483716701107
96000, 0.3651483716701107
97000, 0.3651483716701107
98000, 0.3651483716701107
99000, 0.3651483716701107
100000, 0.3651483716701107
