1, 45.42713946530202
2, 44.615300066232884
3, 44.15993659415738
4, 43.28683402606386
5, 43.280769401663825
6, 42.722652071237334
7, 42.66878249962143
8, 42.6415290532598
9, 42.6415290532598
10, 42.373635671252
15, 39.83214782057327
20, 38.91079541721037
25, 36.4571666479994
30, 33.63814798706968
35, 32.86221234183724
40, 31.445587925812422
45, 29.137175566619355
50, 29.2963308282795
55, 29.230121450312176
60, 27.587587788713968
65, 25.903667693977237
70, 25.41111961327167
75, 24.415159225366523
80, 24.212600025606502
85, 24.101348509990057
90, 24.04786892845185
95, 23.875196334271262
100, 23.20129306741329
150, 18.852718636843864
200, 17.89553016817328
250, 15.398863594434493
300, 14.842506526863986
350, 14.028542333400146
400, 13.24009063413087
450, 12.456925784478289
500, 12.556870629261098
550, 11.150112107059732
600, 10.467807793420741
650, 10.338036564067666
700, 10.25548633659077
750, 9.078821509425108
800, 8.628441342444185
850, 8.536685539481937
900, 8.287038071591079
950, 8.097839217964259
1000, 7.745966692414834
1250, 7.473285756613352
1500, 6.105325544145865
1750, 6.022873068561216
2000, 5.689903338370521
2250, 5.366563145999495
2500, 5.417564028232615
2750, 5.0099900199501395
3000, 4.806245936279167
3250, 4.777551674236501
3500, 4.798437245604031
3750, 4.769696007084728
4000, 4.620606020859169
4250, 4.441283598240491
4500, 3.4132096331752027
4750, 3.4749100707788108
5000, 3.255764119219941
5250, 3.3015148038438356
5500, 3.2519225083018197
5750, 3.3090784215548594
6000, 3.2825295124339706
6250, 3.1780497164141406
6500, 3.1304951684997055
6750, 3.1144823004794873
7000, 2.924038303442689
7250, 2.932575659723036
7500, 2.9538110975483858
7750, 2.8809720581775866
8000, 2.598076211353316
8250, 2.564176280991617
8500, 2.6551836094703507
8750, 2.6124700955226263
9000, 2.622022120425379
9250, 2.6551836094703507
9500, 2.6410225292488514
9750, 2.588435821108957
10000, 2.5
11000, 2.5099800796022267
12000, 2.3130067012440754
13000, 2.329162939770423
14000, 2.318404623873926
15000, 2.274862633215465
16000, 1.9621416870348585
17000, 1.8774983355518586
18000, 1.857417562100671
19000, 1.760681686165901
20000, 1.816590212458495
21000, 1.9170289512680814
22000, 1.7175564037317668
23000, 1.7392527130926085
24000, 1.6431676725154984
25000, 1.620185174601965
26000, 1.795828499606797
27000, 1.7888543819998317
28000, 1.8096961070853856
29000, 1.724818831066034
30000, 1.680773631397161
31000, 1.3509256086106296
32000, 1.3038404810405297
33000, 1.396424004376894
34000, 1.3601470508735443
35000, 1.3601470508735443
36000, 1.3874436925511608
37000, 1.378404875209022
38000, 1.396424004376894
39000, 1.4404860290887933
40000, 1.4053469322555197
41000, 1.2649110640673518
42000, 1.284523257866513
43000, 1.2747548783981961
44000, 1.2942179105544784
45000, 1.3601470508735443
46000, 1.3228756555322954
47000, 1.3228756555322954
48000, 1.3133925536563698
49000, 1.2649110640673518
50000, 1.2649110640673518
51000, 1.3874436925511608
52000, 1.4053469322555197
53000, 1.5083103128998356
54000, 1.3874436925511608
55000, 1.378404875209022
56000, 1.378404875209022
57000, 1.396424004376894
58000, 1.51657508881031
59000, 1.4832396974191326
60000, 1.4577379737113252
61000, 1.4404860290887933
62000, 1.449137674618944
63000, 1.4747881203752624
64000, 1.4747881203752624
65000, 1.396424004376894
66000, 1.396424004376894
67000, 1.449137674618944
68000, 1.4747881203752624
69000, 1.3133925536563698
70000, 1.4053469322555197
71000, 1.396424004376894
72000, 1.396424004376894
73000, 1.396424004376894
74000, 1.4577379737113252
75000, 1.4577379737113252
76000, 1.4577379737113252
77000, 1.4230249470757708
78000, 1.4230249470757708
79000, 1.396424004376894
80000, 1.378404875209022
81000, 1.4404860290887933
82000, 1.4317821063276353
83000, 1.3228756555322954
84000, 1.3601470508735443
85000, 1.3416407864998738
86000, 1.3133925536563698
87000, 1.3228756555322954
88000, 1.3038404810405297
89000, 1.2449899597988732
90000, 1.2942179105544784
91000, 1.2144957801491119
92000, 1.2649110640673518
93000, 1.2349089035228469
94000, 1.2549900398011133
95000, 1.2349089035228469
96000, 1.2144957801491119
97000, 1.2549900398011133
98000, 1.378404875209022
99000, 1.378404875209022
100000, 1.3874436925511608
