1, 14.204224723651762
2, 13.43726162579266
3, 12.952219886953742
4, 12.620618051426801
5, 12.579348154813111
6, 12.696456198483101
7, 12.746764295302553
8, 12.727922061357855
9, 12.690153663372245
10, 12.680693987317888
15, 12.263767773404714
20, 11.627553482998906
25, 10.34987922634849
30, 9.431860898041277
35, 9.316651759081692
40, 9.050966799187808
45, 9.16951470907812
50, 9.19565114605812
55, 8.414273587185052
60, 7.853661566428745
65, 7.424284477308234
70, 7.222188034107115
75, 7.293833011524188
80, 6.870225614927067
85, 6.729041536504289
90, 6.118823416311342
95, 6.04648658313239
100, 6.144916598294887
150, 4.586937976471886
200, 4.019950248448356
250, 4.252058325093859
300, 3.4525353003264136
350, 2.8
400, 2.870540018881465
450, 2.870540018881465
500, 2.7422618401604177
550, 2.8284271247461903
600, 2.925747767665559
650, 3.0066592756745814
700, 2.9120439557122073
750, 2.3664319132398464
800, 2.4979991993593593
850, 2.4657656011875906
900, 2.545584412271571
950, 2.4819347291981715
1000, 2.1908902300206643
1250, 2.0199009876724157
1500, 1.8547236990991407
1750, 1.697056274847714
2000, 1.5491933384829668
2250, 1.8110770276274832
2500, 2.172556098240043
2750, 1.5491933384829668
3000, 1.5491933384829668
3250, 1.5748015748023623
3500, 1.4966629547095767
3750, 1.5748015748023623
4000, 1.5231546211727816
4250, 1.624807680927192
4500, 1.3856406460551018
4750, 1.5491933384829668
5000, 1.6492422502470643
5250, 1.6492422502470643
5500, 1.5748015748023623
5750, 1.4142135623730951
6000, 1.3266499161421599
6250, 1.3856406460551018
6500, 1.3856406460551018
6750, 1.1661903789690602
7000, 1.131370849898476
7250, 1.0583005244258363
7500, 1.0583005244258363
7750, 1.2
8000, 1.1661903789690602
8250, 1.1661903789690602
8500, 1.019803902718557
8750, 1.019803902718557
9000, 0.8944271909999159
9250, 0.938083151964686
9500, 0.7483314773547883
9750, 1.019803902718557
10000, 0.6928203230275509
11000, 0.565685424949238
12000, 0.7483314773547883
13000, 0.8944271909999159
14000, 1.019803902718557
15000, 0.6928203230275509
16000, 0.565685424949238
17000, 0.4898979485566356
18000, 0.6324555320336759
19000, 0.6928203230275509
20000, 0.6928203230275509
21000, 0.6324555320336759
22000, 0.6324555320336759
23000, 0.4898979485566356
24000, 0.6928203230275509
25000, 0.6928203230275509
26000, 0.6928203230275509
27000, 0.6324555320336759
28000, 0.8
29000, 0.6928203230275509
30000, 0.6928203230275509
31000, 0.6324555320336759
32000, 0.4
33000, 0.4898979485566356
34000, 0.282842712474619
35000, 0.4
36000, 0.4
37000, 0.4
38000, 0.0
39000, 0.282842712474619
40000, 0.282842712474619
41000, 0.282842712474619
42000, 0.0
43000, 0.0
44000, 0.282842712474619
45000, 0.282842712474619
46000, 0.282842712474619
47000, 0.0
48000, 0.0
49000, 0.0
50000, 0.0
51000, 0.0
52000, 0.0
53000, 0.0
54000, 0.0
55000, 0.0
56000, 0.0
57000, 0.565685424949238
58000, 0.565685424949238
59000, 0.0
60000, 0.282842712474619
61000, 0.282842712474619
62000, 0.282842712474619
63000, 0.282842712474619
64000, 0.282842712474619
65000, 0.282842712474619
66000, 0.282842712474619
67000, 0.282842712474619
68000, 0.0
69000, 0.0
70000, 0.282842712474619
71000, 0.0
72000, 0.0
73000, 0.0
74000, 0.282842712474619
75000, 0.0
76000, 0.282842712474619
77000, 0.282842712474619
78000, 0.282842712474619
79000, 0.0
80000, 0.282842712474619
81000, 0.282842712474619
82000, 0.282842712474619
83000, 0.282842712474619
84000, 0.282842712474619
85000, 0.282842712474619
86000, 0.282842712474619
87000, 0.0
88000, 0.0
89000, 0.0
90000, 0.0
91000, 0.0
92000, 0.0
93000, 0.0
94000, 0.0
95000, 0.0
96000, 0.0
97000, 0.0
98000, 0.0
99000, 0.0
100000, 0.0
