1, 56.88567482240146
2, 56.12967129780826
3, 55.31238559310202
4, 54.410660720119914
5, 54.40845522526807
6, 53.59925372614809
7, 53.60167907817814
8, 52.8160960314183
9, 52.814770661245895
10, 51.91011462133367
15, 50.12364711391221
20, 50.12364711391221
25, 50.12045490615583
30, 49.3341666596285
35, 49.33436935849084
40, 49.33436935849084
45, 49.33295044896463
50, 49.33295044896463
55, 49.33315315282412
60, 48.51309101675547
65, 47.808994969566136
70, 47.808994969566136
75, 47.809413299056494
80, 47.807530787523426
85, 47.80627573865172
90, 47.806066560636424
95, 47.80543902109885
100, 47.80481147332348
150, 46.13870392631332
200, 45.3596737201669
250, 44.49202175671499
300, 44.4915722356493
350, 43.66577607234297
400, 42.28167451745496
450, 41.84686368176234
500, 41.84686368176234
550, 41.84662471454538
600, 41.85116485834056
650, 41.85116485834056
700, 40.19601970344825
750, 40.1776057026797
800, 39.96098096894019
850, 39.059953917023506
900, 39.06072195953372
950, 38.8512548059905
1000, 38.78169671378497
1250, 38.78633780082879
1500, 38.01289254976527
1750, 36.84155262743415
2000, 34.46911661183094
2250, 34.651118308071965
2500, 34.46621534198381
2750, 33.685902095683886
3000, 33.0433049194538
3250, 32.20310544031429
3500, 31.489680849446536
3750, 31.462676300658213
4000, 31.349641146271516
4250, 29.45844530860378
4500, 28.830539363667828
4750, 28.81145605484041
5000, 28.8537692511741
5250, 28.170906978654415
5500, 27.39014421283685
5750, 27.263895539705988
6000, 27.323982140237174
6250, 26.800746258266763
6500, 26.832070363652523
6750, 26.736491916479995
7000, 26.174032933424684
7250, 26.0725909721301
7500, 26.240045731667465
7750, 26.23775905065065
8000, 26.197328108034224
8250, 25.747232861027996
8500, 25.70447431868623
8750, 25.5499510762741
9000, 25.494705332676432
9250, 25.494705332676432
9500, 25.669826645304795
9750, 25.631621095826148
10000, 25.717309346041628
11000, 26.33021078533174
12000, 26.174414988686948
13000, 23.407691043757392
14000, 23.38845869226957
15000, 23.41580662714825
16000, 22.96562648829768
17000, 22.493999199786597
18000, 22.166190471075538
19000, 22.50910926713894
20000, 22.71167100853656
21000, 21.961784991206883
22000, 22.138202275704323
23000, 22.075325592162848
24000, 22.8372502723073
25000, 23.42178473131371
26000, 23.6799493242701
27000, 23.883048381645086
28000, 23.499361693458827
29000, 23.028677773593518
30000, 22.98608274587038
31000, 22.802631427096305
32000, 23.044739095941182
33000, 23.30193125043502
34000, 23.236178687555316
35000, 22.988257872226857
36000, 22.524209198105048
37000, 22.831995094603535
38000, 23.249946236496978
39000, 22.762249449472257
40000, 22.867881406024477
41000, 22.970415755923966
42000, 22.817537115122658
43000, 23.310512649875378
44000, 23.22929185317538
45000, 23.064691630281988
46000, 23.304076896543233
