1, 10.927030703718188
2, 10.207840124139876
3, 9.348796714016196
4, 8.306623862918075
5, 8.28854631404084
6, 7.576278769950324
7, 7.516648189186454
8, 7.543208866258444
9, 7.543208866258444
10, 7.674633541739957
15, 6.410928169929843
20, 6.371812928829597
25, 6.196773353931867
30, 5.916079783099616
35, 4.679743582719036
40, 4.560701700396552
45, 4.370354676682432
50, 4.460941604639093
55, 4.123105625617661
60, 4.09878030638384
65, 3.96232255123179
70, 3.96232255123179
75, 3.96232255123179
80, 3.96232255123179
85, 3.9749213828703582
90, 3.9115214431215892
95, 3.5777087639996634
100, 3.5777087639996634
150, 2.3664319132398464
200, 2.0
250, 1.5491933384829668
300, 1.51657508881031
350, 1.51657508881031
400, 1.3038404810405297
450, 1.3038404810405297
500, 1.2649110640673518
550, 1.2649110640673518
600, 1.2649110640673518
650, 1.2649110640673518
700, 1.224744871391589
750, 1.224744871391589
800, 1.224744871391589
850, 1.1832159566199232
900, 1.224744871391589
950, 1.224744871391589
1000, 1.1832159566199232
1250, 0.7071067811865476
1500, 0.7071067811865476
1750, 0.6324555320336759
2000, 0.6324555320336759
2250, 0.6324555320336759
2500, 0.6324555320336759
2750, 0.7071067811865476
3000, 0.5477225575051661
3250, 0.5477225575051661
3500, 0.5477225575051661
3750, 0.5477225575051661
4000, 0.5477225575051661
4250, 0.7071067811865476
4500, 0.7071067811865476
4750, 0.7071067811865476
5000, 0.7071067811865476
5250, 0.7071067811865476
5500, 0.5477225575051661
5750, 0.5477225575051661
6000, 0.5477225575051661
6250, 0.5477225575051661
6500, 0.5477225575051661
6750, 0.8366600265340756
7000, 0.8366600265340756
7250, 0.8366600265340756
7500, 0.8366600265340756
7750, 0.8366600265340756
8000, 0.8366600265340756
8250, 0.8366600265340756
8500, 0.8366600265340756
8750, 0.8366600265340756
9000, 0.8366600265340756
9250, 0.6324555320336759
9500, 0.6324555320336759
9750, 0.6324555320336759
10000, 0.6324555320336759
11000, 0.6324555320336759
12000, 0.6324555320336759
13000, 0.6324555320336759
14000, 0.5477225575051661
15000, 0.5477225575051661
16000, 0.5477225575051661
17000, 0.5477225575051661
18000, 0.5477225575051661
19000, 0.6324555320336759
20000, 0.6324555320336759
21000, 0.6324555320336759
22000, 0.5477225575051661
23000, 0.5477225575051661
24000, 0.5477225575051661
25000, 0.5477225575051661
26000, 0.5477225575051661
27000, 0.5477225575051661
28000, 0.5477225575051661
29000, 0.5477225575051661
30000, 0.5477225575051661
31000, 0.5477225575051661
32000, 0.31622776601683794
33000, 0.31622776601683794
34000, 0.5477225575051661
35000, 0.5477225575051661
36000, 0.31622776601683794
37000, 0.31622776601683794
38000, 0.31622776601683794
39000, 0.31622776601683794
40000, 0.31622776601683794
41000, 0.31622776601683794
42000, 0.31622776601683794
43000, 0.31622776601683794
44000, 0.31622776601683794
45000, 0.31622776601683794
46000, 0.31622776601683794
47000, 0.31622776601683794
48000, 0.31622776601683794
49000, 0.31622776601683794
50000, 0.31622776601683794
51000, 0.31622776601683794
52000, 0.31622776601683794
53000, 0.31622776601683794
54000, 0.31622776601683794
55000, 0.31622776601683794
56000, 0.31622776601683794
57000, 0.31622776601683794
58000, 0.31622776601683794
59000, 0.31622776601683794
60000, 0.31622776601683794
61000, 0.31622776601683794
62000, 0.31622776601683794
63000, 0.31622776601683794
64000, 0.31622776601683794
65000, 0.31622776601683794
66000, 0.31622776601683794
67000, 0.31622776601683794
68000, 0.31622776601683794
69000, 0.31622776601683794
70000, 0.31622776601683794
71000, 0.31622776601683794
72000, 0.0
73000, 0.0
74000, 0.0
75000, 0.0
76000, 0.0
77000, 0.0
78000, 0.0
79000, 0.0
80000, 0.0
81000, 0.0
82000, 0.0
83000, 0.0
84000, 0.0
85000, 0.0
86000, 0.0
87000, 0.0
88000, 0.0
89000, 0.0
90000, 0.0
91000, 0.0
92000, 0.0
93000, 0.0
94000, 0.0
95000, 0.0
96000, 0.0
97000, 0.0
98000, 0.0
99000, 0.0
100000, 0.0
