1, 115.08787946608452
2, 115.00326082333491
3, 114.83200773303582
4, 114.28525714194285
5, 114.29676285879667
6, 114.02504110939842
7, 113.41291813545757
8, 113.40533497150828
9, 113.27974223134514
10, 112.9739350469833
15, 110.91510266866275
20, 108.49271864968635
25, 107.42639340497288
30, 105.44908724118953
35, 104.66618365069016
40, 103.39535772944548
45, 101.54757505721149
50, 98.94296336779084
55, 97.6768140348568
60, 96.01312410290585
65, 94.08140092494371
70, 93.3955031037362
75, 93.0869486018314
80, 91.8275013272168
85, 89.60987668778482
90, 87.67063362380816
95, 87.19237351970641
100, 86.44535846417666
150, 75.51165472958462
200, 69.8593587144915
250, 67.95682452851958
300, 65.58155228415991
350, 63.39463699714669
400, 61.66376569753099
450, 58.86280659295817
500, 57.617358495508974
550, 55.70350078765248
600, 53.32972904487702
650, 52.78787739623559
700, 52.18361811909941
750, 49.43015274101427
800, 48.68870505569028
850, 48.18879537817894
900, 46.8444233607374
950, 45.24466819416405
1000, 44.40731921654357
1250, 41.72097793676462
1500, 36.97918333332958
1750, 35.41327434734043
2000, 33.92698041382404
2250, 32.41681662347492
2500, 30.6579516602137
2750, 29.42210053684135
3000, 29.326268088524323
3250, 27.826066915753653
3500, 27.468345417953373
3750, 26.285357140430868
4000, 26.166963904893514
4250, 25.53076575428164
4500, 24.95716330034325
4750, 23.4271210352446
5000, 22.87618849371547
5250, 22.7437903613272
5500, 22.564130827488125
5750, 22.138202275704323
6000, 21.76120401080786
6250, 21.382703290276467
6500, 21.07961100210343
6750, 20.747047982785407
7000, 20.113925524372412
7250, 19.570641277178424
7500, 19.566042011607763
7750, 20.064645523905973
8000, 19.669265365030796
8250, 18.759797440271043
8500, 18.445866745696716
8750, 18.674313909753153
9000, 18.28606026458406
9250, 17.786230629337965
9500, 17.88295277631745
9750, 17.77779513888041
10000, 17.790446874657196
11000, 17.368649918747284
12000, 15.972476326481125
13000, 15.090725628676706
14000, 14.45648643343188
15000, 14.362799170078233
16000, 13.901798444805621
17000, 13.21892582625381
18000, 12.630122723077555
19000, 12.599206324209474
20000, 11.901260437449471
21000, 11.656328753085168
22000, 11.431972708154966
23000, 11.236992480196825
24000, 11.196428001822724
25000, 11.248555462813881
26000, 10.670520137275409
27000, 10.856334556377673
28000, 10.59197809665409
29000, 10.0024996875781
30000, 9.99599919967984
31000, 9.929753269845127
32000, 10.018981984213765
33000, 9.966443698732261
34000, 9.836666101886351
35000, 9.835141076771599
36000, 9.848350115628506
37000, 9.630160954002793
38000, 9.210863151735564
39000, 9.062560344626677
40000, 8.56971411425142
41000, 8.462860036654275
42000, 8.737276463521113
43000, 8.57146428563988
44000, 8.4581321815162
45000, 8.308429454475737
46000, 8.419026071939674
47000, 8.573797291748855
48000, 8.408329203831164
49000, 8.696551040498756
50000, 8.531705573916625
51000, 8.42140130857092
52000, 8.269220035771209
53000, 8.37018518313663
54000, 8.289752710425082
55000, 7.971825386948713
56000, 7.970570870395671
57000, 7.8981010375912515
58000, 8.13203541556479
59000, 8.069696400732806
60000, 7.808328886515987
61000, 7.878451624526231
62000, 7.982480817390043
63000, 7.718808198161164
64000, 7.932212806020776
65000, 7.8434686204510315
66000, 7.939773296511683
67000, 7.844743462982075
68000, 7.76530746332687
69000, 7.798076685952761
70000, 7.8453808065638215
71000, 7.675936424958196
72000, 7.592101158440923
73000, 7.792945527847606
74000, 7.5372408744845085
75000, 7.249827584156743
76000, 7.414849964766651
77000, 7.351870510285121
78000, 7.231873892705818
79000, 7.163797875428926
80000, 7.1714712576988
81000, 6.994998213009064
82000, 6.86512927773396
83000, 6.679071791798618
84000, 6.663332499583072
85000, 6.528399497579786
86000, 6.745368781616021
87000, 6.445153217728808
88000, 6.642288762166245
89000, 6.649060083951716
90000, 6.6932802122726045
91000, 6.5840716885526085
92000, 6.673080248281149
93000, 6.743886120034946
94000, 6.611353870426238
95000, 6.642288762166245
96000, 6.6932802122726045
97000, 6.7815927332743895
98000, 6.766830868286867
99000, 6.710439627923047
100000, 6.7468511173732
