1, 56.9699921011053
2, 56.356543541988096
3, 56.04087793744848
4, 55.57787329504431
5, 55.4647635891473
6, 54.64320634809052
7, 54.004999768539946
8, 53.2308181413737
9, 53.036214042859434
10, 52.289578311552674
15, 51.08796335733105
20, 48.70523585817032
25, 46.51386889950136
30, 43.62522206247207
35, 42.504587987651405
40, 42.09109169408653
45, 40.330385567212225
50, 40.12256223124341
55, 38.551783356934344
60, 38.303002493277205
65, 37.431270349802446
70, 35.6962182870959
75, 34.33598695246723
80, 33.38652422759818
85, 32.37190139611821
90, 31.33177301079529
95, 30.91019249373902
100, 30.900809050897035
150, 25.10378457523885
200, 22.27015940670385
250, 18.093092604637828
300, 17.385626246989204
350, 16.579505420850165
400, 15.71114254279427
450, 15.15585695366646
500, 15.060544478869282
550, 14.760758788084033
600, 14.072668545801823
650, 13.29661611087573
700, 13.125547607623844
750, 12.31990259701756
800, 12.066482503198685
850, 11.377170122662314
900, 11.050791826833043
950, 10.861859877571613
1000, 10.701401777337397
1250, 9.691233151668573
1500, 8.827230596285565
1750, 7.932212806020776
2000, 7.811529939774922
2250, 7.507329751649384
2500, 7.49933330370107
2750, 6.338769596696191
3000, 6.034898507845845
3250, 5.9565090447341715
3500, 5.96322060635023
3750, 5.67097875150313
4000, 5.591064299397745
4250, 5.488169093604897
4500, 5.336665625650533
4750, 5.31224999411737
5000, 5.276362383309167
5250, 5.280151512977634
5500, 5.291502622129181
5750, 5.251666402200353
6000, 5.163332257370234
6250, 5.0517323761260355
6500, 5.0079936102195655
6750, 4.929503017546495
7000, 4.967896939349688
7250, 4.9254441424099005
7500, 4.876474136094644
7750, 4.78539444560216
8000, 4.347413023856832
8250, 4.324349662087931
8500, 4.303486958270002
8750, 4.252058325093859
9000, 4.261455150532504
9250, 4.252058325093859
9500, 4.2895221179054435
9750, 4.071854614300467
10000, 4.052159917870962
11000, 3.901281840626232
12000, 3.8
13000, 3.212475680841802
14000, 3.1368774282716245
15000, 3.0397368307141326
16000, 3.056141357987225
17000, 2.939387691339814
18000, 3.0724582991474434
19000, 3.003331483536241
20000, 2.778488797889961
21000, 2.8
22000, 2.898275349237888
23000, 2.8774989139876315
24000, 2.90516780926679
25000, 2.6795522013948525
26000, 2.5219040425836985
27000, 2.4899799195977463
28000, 2.340939982143925
29000, 2.3065125189341593
30000, 2.32379000772445
31000, 2.4372115213907883
32000, 2.420743687382041
33000, 2.4124676163629637
34000, 2.328089345364563
35000, 2.328089345364563
36000, 2.2978250586152114
37000, 2.280350850198276
38000, 2.2891046284519194
39000, 2.2135943621178655
40000, 2.1587033144922905
41000, 2.227105745132009
42000, 2.240535650240808
43000, 2.240535650240808
44000, 2.172556098240043
45000, 2.181742422927143
46000, 2.16794833886788
47000, 2.083266665599966
48000, 2.073644135332772
49000, 2.1260291625469296
50000, 2.1166010488516727
51000, 1.96468827043885
52000, 2.0542638584174138
53000, 2.0542638584174138
54000, 2.0591260281974
55000, 1.9235384061671346
56000, 1.9078784028338913
57000, 1.8920887928424501
58000, 1.8920887928424501
59000, 1.9026297590440449
60000, 1.9287301521985911
61000, 1.9235384061671346
62000, 1.9078784028338913
63000, 1.7146428199482247
64000, 1.7492855684535902
65000, 1.5874507866387544
66000, 1.5684387141358123
67000, 1.5937377450509227
68000, 1.697056274847714
69000, 1.772004514666935
70000, 1.7776388834631178
71000, 1.5620499351813308
72000, 1.5620499351813308
73000, 1.5427248620541512
74000, 1.5427248620541512
75000, 1.5362291495737217
76000, 1.5099668870541498
77000, 1.6613247725836149
78000, 1.6613247725836149
79000, 1.6911534525287764
80000, 1.6792855623746665
81000, 1.6792855623746665
82000, 1.6792855623746665
83000, 1.6792855623746665
84000, 1.6792855623746665
85000, 1.7088007490635062
86000, 1.5231546211727816
87000, 1.469693845669907
88000, 1.4628738838327795
89000, 1.378404875209022
90000, 1.449137674618944
91000, 1.449137674618944
92000, 1.3638181696985856
93000, 1.3638181696985856
94000, 1.3711309200802089
95000, 1.4142135623730951
96000, 1.174734012447073
97000, 1.2409673645990857
98000, 1.2409673645990857
99000, 1.2
100000, 1.2328828005937953
