1, 28.198581524608645
2, 27.389779115575212
3, 26.72676561052609
4, 26.720029940102986
5, 26.717784339274843
6, 26.52998303806469
7, 25.784491462892962
8, 25.150745515789385
9, 25.107767722360343
10, 25.11095378515121
15, 23.81344158243407
20, 21.970889831775136
25, 19.594897294959214
30, 17.27657373439537
35, 17.044647253610147
40, 15.709869509324385
45, 15.0996688705415
50, 14.584923722803627
55, 13.125547607623844
60, 13.047605144240073
65, 12.803124618623377
70, 12.782800945019837
75, 12.46113959475617
80, 12.51878588362306
85, 11.59655121145938
90, 11.612062693595828
95, 11.253443917308159
100, 10.596225743159684
150, 9.1104335791443
200, 7.544534445544006
250, 6.305553108173778
300, 6.16765757804371
350, 6.131883886702357
400, 5.99666574022598
450, 6.013318551349163
500, 5.80689245638319
550, 4.98798556533597
600, 4.8
650, 4.833218389437829
700, 4.833218389437829
750, 4.8083261120685235
800, 4.340506882842141
850, 4.345112196480086
900, 4.386342439892261
950, 4.381780460041329
1000, 4.386342439892261
1250, 3.9089640571384128
1500, 3.5777087639996634
1750, 3.504283093587046
2000, 3.4409301068170506
2250, 3.3466401061363023
2500, 2.8
2750, 2.842534080710379
3000, 2.7422618401604177
3250, 2.7202941017470885
3500, 2.6381811916545836
3750, 2.6532998322843198
4000, 2.227105745132009
4250, 2.181742422927143
4500, 2.029778313018444
4750, 2.029778313018444
5000, 2.029778313018444
5250, 2.029778313018444
5500, 1.9595917942265424
5750, 1.9390719429665315
6000, 1.9078784028338913
6250, 2.0199009876724157
6500, 2.0199009876724157
6750, 1.9183326093250879
7000, 1.8867962264113207
7250, 1.876166303929372
7500, 1.876166303929372
7750, 1.8547236990991407
8000, 1.624807680927192
8250, 1.624807680927192
8500, 1.5874507866387544
8750, 1.61245154965971
9000, 1.6492422502470643
9250, 1.1489125293076057
9500, 1.1489125293076057
9750, 1.1489125293076057
10000, 1.0954451150103321
11000, 0.9797958971132712
12000, 0.8717797887081347
13000, 0.6928203230275509
14000, 0.6928203230275509
15000, 0.6324555320336759
16000, 0.6
17000, 0.4
18000, 0.4898979485566356
19000, 0.4898979485566356
20000, 0.4898979485566356
21000, 0.34641016151377546
22000, 0.4472135954999579
23000, 0.4472135954999579
24000, 0.4472135954999579
25000, 0.565685424949238
26000, 0.6
27000, 0.6
28000, 0.4898979485566356
29000, 0.4898979485566356
30000, 0.4898979485566356
31000, 0.4472135954999579
32000, 0.4472135954999579
33000, 0.4472135954999579
34000, 0.4472135954999579
35000, 0.6
36000, 0.565685424949238
37000, 0.565685424949238
38000, 0.565685424949238
39000, 0.565685424949238
40000, 0.5291502622129182
41000, 0.4
42000, 0.4
43000, 0.4
44000, 0.4472135954999579
45000, 0.4472135954999579
46000, 0.4472135954999579
47000, 0.34641016151377546
48000, 0.4
49000, 0.6
50000, 0.6
51000, 0.6
52000, 0.565685424949238
53000, 0.565685424949238
54000, 0.5291502622129182
55000, 0.565685424949238
56000, 0.565685424949238
57000, 0.565685424949238
58000, 0.565685424949238
59000, 0.565685424949238
60000, 0.565685424949238
61000, 0.565685424949238
62000, 0.565685424949238
63000, 0.565685424949238
64000, 0.565685424949238
65000, 0.565685424949238
66000, 0.565685424949238
67000, 0.565685424949238
68000, 0.565685424949238
69000, 0.565685424949238
70000, 0.565685424949238
71000, 0.565685424949238
72000, 0.565685424949238
73000, 0.565685424949238
74000, 0.565685424949238
75000, 0.565685424949238
76000, 0.565685424949238
77000, 0.565685424949238
78000, 0.6
79000, 0.565685424949238
80000, 0.565685424949238
81000, 0.5291502622129182
82000, 0.5291502622129182
83000, 0.5291502622129182
84000, 0.5291502622129182
85000, 0.5291502622129182
86000, 0.5291502622129182
87000, 0.5291502622129182
88000, 0.5291502622129182
89000, 0.5291502622129182
90000, 0.5291502622129182
91000, 0.5291502622129182
92000, 0.5291502622129182
93000, 0.282842712474619
94000, 0.282842712474619
95000, 0.282842712474619
96000, 0.282842712474619
97000, 0.282842712474619
98000, 0.282842712474619
99000, 0.282842712474619
100000, 0.282842712474619
