1, 8.01664934163062
2, 7.229568912920511
3, 7.229568912920511
4, 7.2203416354998975
5, 6.879922480183431
6, 7.004760286167305
7, 6.985699678629192
8, 6.0882400303098
9, 5.549774770204643
10, 5.549774770204643
15, 5.08592829940284
20, 3.596294389136314
25, 3.723797345005051
30, 3.9157800414902435
35, 4.033195589934446
40, 4.0
45, 3.5777087639996634
50, 3.119829055146024
55, 2.449489742783178
60, 2.8751811537130436
65, 2.898275349237888
70, 2.8751811537130436
75, 2.8751811537130436
80, 2.6076809620810595
85, 2.780887148615228
90, 2.422120283277993
95, 2.6331223544175333
100, 2.556038601690775
150, 2.8284271247461903
200, 2.422120283277993
250, 2.3664319132398464
300, 2.0330600909302543
350, 1.4142135623730951
400, 1.7126976771553504
450, 1.505545305418162
500, 1.6733200530681511
550, 1.4142135623730951
600, 1.4605934866804429
650, 1.3165611772087666
700, 1.0954451150103321
750, 1.4605934866804429
800, 1.591644851508443
850, 1.0954451150103321
900, 1.0327955589886444
950, 1.2110601416389966
1000, 1.2110601416389966
1250, 0.6324555320336759
1500, 0.9660917830792959
1750, 0.5163977794943222
2000, 0.6324555320336759
2250, 0.8944271909999159
2500, 0.816496580927726
2750, 0.3651483716701107
3000, 0.816496580927726
3250, 0.7302967433402214
3500, 0.7302967433402214
3750, 0.8944271909999159
4000, 0.5163977794943222
4250, 0.8944271909999159
4500, 0.816496580927726
4750, 0.3651483716701107
5000, 0.5163977794943222
5250, 0.5163977794943222
5500, 0.5163977794943222
5750, 0.3651483716701107
6000, 0.3651483716701107
6250, 0.3651483716701107
6500, 0.5163977794943222
6750, 0.3651483716701107
7000, 0.3651483716701107
7250, 0.3651483716701107
7500, 0.0
7750, 0.0
8000, 0.0
8250, 0.3651483716701107
8500, 0.3651483716701107
8750, 0.3651483716701107
9000, 0.3651483716701107
9250, 0.0
9500, 0.0
9750, 0.0
10000, 0.3651483716701107
11000, 0.3651483716701107
12000, 0.3651483716701107
13000, 0.3651483716701107
14000, 0.0
15000, 0.0
16000, 0.0
17000, 0.0
18000, 0.0
19000, 0.0
20000, 0.0
21000, 0.0
22000, 0.0
23000, 0.0
24000, 0.0
25000, 0.0
26000, 0.0
27000, 0.0
28000, 0.0
29000, 0.0
30000, 0.0
31000, 0.0
32000, 0.0
33000, 0.0
34000, 0.0
35000, 0.0
36000, 0.0
37000, 0.0
38000, 0.0
39000, 0.0
40000, 0.0
41000, 0.0
42000, 0.0
43000, 0.0
44000, 0.0
45000, 0.0
46000, 0.0
47000, 0.0
48000, 0.0
49000, 0.0
50000, 0.0
51000, 0.0
52000, 0.0
53000, 0.0
54000, 0.0
55000, 0.0
56000, 0.0
57000, 0.0
58000, 0.0
59000, 0.0
60000, 0.0
61000, 0.0
62000, 0.0
63000, 0.0
64000, 0.0
65000, 0.0
66000, 0.0
67000, 0.0
68000, 0.0
69000, 0.0
70000, 0.0
71000, 0.0
72000, 0.0
73000, 0.0
74000, 0.0
75000, 0.0
76000, 0.0
77000, 0.0
78000, 0.0
79000, 0.0
80000, 0.0
81000, 0.0
82000, 0.0
83000, 0.0
84000, 0.0
85000, 0.0
86000, 0.0
87000, 0.0
88000, 0.0
89000, 0.0
90000, 0.0
91000, 0.0
92000, 0.0
93000, 0.0
94000, 0.0
95000, 0.0
96000, 0.0
97000, 0.0
98000, 0.0
99000, 0.0
100000, 0.0
