1, 57.223072269845844
2, 56.58232939708297
3, 56.008392228308075
4, 55.245633311602106
5, 54.439324022254354
6, 54.00907331180567
7, 53.44492492276512
8, 52.60209121318277
9, 51.67630017716051
10, 51.65868755591841
15, 49.162790807683
20, 47.33159621225551
25, 46.006521276879866
30, 44.00727212632022
35, 42.42239974353172
40, 42.36248340218028
45, 41.09914840966903
50, 38.26774098375811
55, 38.15678183495039
60, 38.14498656442285
65, 37.08989080598648
70, 36.2284418654736
75, 35.59887638676255
80, 35.52970588113558
85, 35.54405716853382
90, 35.473652194269484
95, 35.42795506376285
100, 34.457510066747425
150, 32.53828514227509
200, 30.459481282516943
250, 29.758024127955807
300, 28.458039285938167
350, 28.31783890059409
400, 25.84569596664017
450, 25.817435968740195
500, 25.648781647477918
550, 24.7212459232944
600, 24.144564605724412
650, 24.11389640850271
700, 24.103526712910707
750, 24.086510747719355
800, 24.040798655618744
850, 23.272730823863366
900, 23.105843416763648
950, 23.085493280413136
1000, 22.30381133349186
1250, 21.644398813549895
1500, 19.922349259060788
1750, 18.70294094520966
2000, 17.52883338958985
2250, 17.359147444503144
2500, 17.21336689901194
2750, 16.024980499208105
3000, 15.794302770302968
3250, 15.720687007888682
3500, 15.7175061635108
3750, 15.209207737420119
4000, 14.481022063376603
4250, 13.05296901091855
4500, 13.046838697554286
4750, 12.418534535121283
5000, 12.412090879461044
5250, 11.71153277756588
5500, 12.064824905484539
5750, 11.839763511151732
6000, 11.827933040053955
6250, 11.814397995666136
6500, 11.870130580579136
6750, 11.208032833642129
7000, 11.180339887498949
7250, 11.180339887498949
7500, 11.055315463612967
7750, 10.969958978957031
8000, 10.973604694903129
8250, 10.970870521521983
8500, 10.920622692868754
8750, 10.789810007595129
9000, 10.64236815751081
9250, 10.402884215447175
9500, 10.403845442911962
9750, 10.404806581575652
10000, 10.447966309287182
11000, 10.295630140987
12000, 10.071742649611338
13000, 9.989994994993742
14000, 9.936800289831732
15000, 9.875221516502807
16000, 10.121264743103996
17000, 10.141005867269776
18000, 10.29465880930495
19000, 10.213716267842964
20000, 10.208819716304133
21000, 10.14494948237792
22000, 10.087616170334794
23000, 10.208819716304133
24000, 10.198039027185569
25000, 10.322790320451153
26000, 9.856977224281286
27000, 9.870157040290696
28000, 9.809179374443104
29000, 9.761147473529943
30000, 9.306986622962343
31000, 9.221713506718803
32000, 9.024411338142782
33000, 9.001111042532472
34000, 8.864536084872123
35000, 8.864536084872123
36000, 8.903931715820827
37000, 8.840814442120138
38000, 8.772684879784522
39000, 8.73384222435922
40000, 8.598837130682265
41000, 8.445116932286965
42000, 8.517041739947034
43000, 8.69712596206356
44000, 8.531119504496465
45000, 8.168231142664855
46000, 8.16333265278342
47000, 7.944809626416482
48000, 7.941032678436729
49000, 7.939773296511683
50000, 7.903163923391695
51000, 7.8051265204351425
52000, 7.862569554541314
53000, 7.904429138147801
54000, 8.121576201698781
55000, 7.9536155300592695
56000, 8.217055433669655
57000, 8.259539938761723
58000, 8.202438661763951
59000, 8.006247560499238
60000, 7.982480817390043
61000, 8.054812226240907
62000, 8.237718130647588
63000, 8.259539938761723
64000, 8.468766143896051
65000, 8.328265125462805
66000, 8.345058418010026
67000, 8.039900496896712
68000, 7.856207736560942
69000, 8.1706792863262
70000, 8.17312669668102
71000, 7.664202502543889
72000, 7.664202502543889
73000, 7.493997598078078
74000, 7.573638491504595
75000, 7.747257579298625
76000, 7.967433714816836
77000, 8.039900496896712
78000, 8.136338242723197
79000, 8.051086883148137
80000, 8.034923770640267
81000, 7.83836717690617
82000, 8.277680834629951
83000, 8.094442537939225
84000, 8.052328855678958
85000, 8.079603950689663
86000, 7.880355321938218
87000, 7.8051265204351425
88000, 7.753708789992051
89000, 7.567033764957046
90000, 7.50199973340442
91000, 7.493997598078078
92000, 7.435052118176443
93000, 7.57231800705702
94000, 7.555130707009641
95000, 7.49933330370107
96000, 7.560423268574319
97000, 7.560423268574319
98000, 7.694153624668538
99000, 7.559100475585703
100000, 7.708436936240706
