18.27957486220227
17.005041269324476
16.435153960772187
15.640606491711612
15.2362350055011
15.10439860248852
14.774495398683309
14.786093852961013
14.353695392775041
14.198591479439079
14.631668199002952
14.867990545367684
15.065570967322431
14.953260514014994
15.091151617516045
15.245608266926295
14.025487004531634
13.921206844235885
13.648652471424214
13.802691248966113
13.765381007647928
13.572030061858838
13.034021416497453
13.167058463127919
13.242787794547965
13.328808756117061
13.613018978694098
13.456809216367537
13.621411716222998
13.650745662521778
13.493913972073273
13.675838966168454
13.526693186859402
13.536194865196476
13.437686875776969
13.593065458954745
13.230916176030398
13.469542361512191
13.340593261599297
13.74253043864713
13.715476138810702
13.810968725721493
13.850219183412637
14.042791745233567
13.837836329633122
14.01325902748638
14.066170155985704
