1, 80.01160630094326
2, 79.28339764955298
3, 78.48930773405654
4, 77.60090205661271
5, 76.76522650262943
6, 76.76262111210117
7, 75.8923109224041
8, 74.99933333037035
9, 74.08286865781743
10, 74.08238657062824
15, 71.53031325449172
20, 70.24477611487256
25, 70.24528453924862
30, 69.39977356900073
35, 68.33321718921604
40, 68.32861772346928
45, 68.32997668875436
50, 68.327885961736
55, 68.327885961736
60, 67.5132791170956
65, 67.51338491630487
70, 65.88528992553215
75, 65.8818206010906
80, 65.88160376224697
85, 65.88160376224697
90, 65.87943533455642
95, 64.92336141284474
100, 64.92270129051272
150, 61.69209257039581
200, 59.78031209592096
250, 59.06521819141956
300, 58.98898202206917
350, 58.12068724399502
400, 57.528253927961345
450, 57.459675301156075
500, 56.379327518413795
550, 56.37692030305613
600, 56.3489130329947
650, 56.32152595335362
700, 56.04742889476988
750, 54.543036742950584
800, 54.54591774695099
850, 53.807062733436766
900, 53.80573522271713
950, 53.225396730722984
1000, 52.90908644619966
1250, 51.6580791634488
1500, 50.05582597745955
1750, 49.92694663205432
2000, 49.318353581602864
2250, 48.64257394505352
2500, 48.659604836631615
2750, 48.78187602554281
3000, 48.06364827719891
3250, 48.131664659111294
3500, 48.02454729466112
3750, 46.50453126923686
4000, 46.50729589460746
4250, 46.463195880487724
4500, 46.17992761239145
4750, 46.33018146182588
5000, 46.23882104280527
5250, 45.66805698265943
5500, 44.36053587206925
5750, 44.00259732593715
6000, 43.77115814910871
6250, 43.9041163055519
6500, 43.44092869304575
6750, 43.32913899114874
7000, 43.300445395267836
7250, 42.016323358564215
7500, 41.26170829508361
7750, 41.2206605616996
8000, 41.337634184844205
8250, 41.306000947631254
8500, 41.05779898074003
8750, 41.03952798391884
9000, 41.35853686276355
9250, 41.37166041766133
9500, 41.747198366220594
9750, 42.05387700829225
10000, 42.05421670721193
11000, 42.00986278754754
12000, 41.969206398433194
13000, 40.40792001575929
14000, 40.294629206100694
15000, 39.32683562149388
16000, 38.603108683109966
17000, 38.2740120708556
18000, 37.696343134504254
19000, 37.90929022962954
20000, 37.87969678563212
21000, 36.284589408885815
22000, 36.42212828173868
23000, 35.99285643409973
24000, 36.43075623700392
25000, 36.675799728353375
26000, 36.723289612996275
27000, 35.823575637121586
28000, 35.44674073270247
29000, 36.11865366894429
30000, 35.518405691375605
31000, 36.382491864710346
32000, 35.79684742703309
33000, 35.51357889194337
34000, 35.342002530376554
35000, 36.23948123249007
36000, 36.29856352923231
37000, 36.35813919488023
38000, 36.24913792078372
39000, 36.25347274006017
40000, 36.658072585915995
41000, 37.31908741802626
42000, 37.52332607858744
43000, 37.49799994666382
44000, 37.2796382569819
45000, 37.517043745857315
46000, 37.55224931440763
47000, 37.35180240439734
48000, 37.174107732591054
49000, 36.9060583489641
50000, 36.47210284195697
51000, 36.282620790518585
52000, 36.18543511256586
53000, 36.01943919607855
54000, 35.710942700682494
55000, 36.24263471974094
56000, 36.21661023816085
57000, 36.28242392280711
58000, 36.85124537535042
59000, 37.02952489954083
60000, 36.88263238203818
61000, 36.57301893863445
62000, 36.87565980039253
63000, 36.81789161341457
64000, 36.35558514765746
65000, 36.58922558037309
66000, 36.63390311095526
67000, 36.82468116436506
68000, 36.68008412515668
69000, 36.576338956059715
70000, 36.515358803816085
71000, 36.54527524670108
72000, 35.48420171609573
73000, 35.53449028760649
74000, 35.4195264951814
75000, 35.50211261319529
76000, 35.42396283389456
77000, 35.50694097134893
78000, 35.22438278887428
79000, 35.29164207004259
80000, 35.50372213887279
81000, 35.42940667218204
82000, 35.59955858474331
83000, 35.86363060260352
84000, 35.7447298812806
85000, 35.8909061303437
86000, 35.770099245039845
87000, 35.98829174686043
88000, 35.60236749752145
89000, 35.683929956534456
90000, 35.69553793643442
91000, 35.54172598108153
92000, 35.587718587817825
93000, 35.87577774169403
94000, 35.822379278083375
95000, 36.08185139374087
96000, 35.89588118035669
97000, 35.812208612626584
98000, 35.76490698196448
99000, 35.86263475302074
100000, 35.733337775408394
