1, 68.47262226612911
2, 67.81912218049813
3, 66.96752944524683
4, 66.11958862545956
5, 66.11958862545956
6, 65.43253523031693
7, 64.52196008595317
8, 64.51860196873456
9, 64.51563118087482
10, 63.782704029645316
15, 61.17338746001674
20, 60.34318519932471
25, 59.45838881099958
30, 59.452922552217736
35, 58.544996939675954
40, 58.53930303650702
45, 57.78566719640203
50, 56.88892686630677
55, 56.889219834106825
60, 56.888194440205844
65, 56.889073350395385
70, 55.621938117976434
75, 55.61444656441945
80, 55.606954001575495
85, 55.60575509783138
90, 55.60380682411352
95, 54.0729445594868
100, 54.074177447897135
150, 50.38534839944379
200, 49.526255663031904
250, 49.50858511409915
300, 49.50454524586606
350, 49.50387190244146
400, 47.99982638857492
450, 47.99826385749107
500, 47.235226967451595
550, 46.58057535067595
600, 46.58039644886391
650, 45.157502145269284
700, 45.160270149767705
750, 43.89001405027496
800, 42.11254761548708
850, 42.109183479774735
900, 42.101662675006075
950, 40.671447806374765
1000, 40.64234245217664
1250, 39.75172952212268
1500, 39.00534151454986
1750, 38.216270531454704
2000, 36.67196931354155
2250, 36.351295254318885
2500, 35.936981880323046
2750, 35.66160400206362
3000, 35.38973485819488
3250, 34.413175771304026
3500, 33.662541001336585
3750, 33.75993680878762
4000, 33.182073473488664
4250, 33.210941971986685
4500, 33.45544300508763
4750, 32.811329344196544
5000, 31.72196925371017
5250, 31.8548792704247
5500, 31.65043443619692
5750, 31.314001128355773
6000, 31.488092987667578
6250, 31.400636936215164
6500, 30.516115960805585
6750, 29.656646247791855
7000, 29.58124405767952
7250, 29.734659910616095
7500, 29.202739597510366
7750, 28.241517900660604
8000, 28.139237137254923
8250, 28.084693339967234
8500, 28.164102447382675
8750, 28.163510671316054
9000, 28.167652842696473
9250, 28.40217127850146
9500, 28.364003008508277
9750, 27.647181893760287
10000, 27.847800631288642
11000, 28.977002375447096
12000, 28.971250116854353
13000, 29.07375678052861
14000, 27.973797263391564
15000, 27.877709135914785
16000, 27.792984726365752
17000, 27.666767068090916
18000, 27.73836092249624
19000, 27.866646730455386
20000, 27.75638064781982
21000, 27.533615817759934
22000, 27.35629117162388
23000, 27.21917216473222
24000, 26.81324299669848
25000, 26.733873643750172
26000, 26.297021377588248
27000, 26.593858940239066
28000, 26.837784309936367
29000, 26.39254945371263
30000, 26.88060019171199
31000, 26.817593727501603
32000, 26.21926772432823
33000, 26.13203653245061
34000, 26.202417191294902
35000, 26.280854882087326
36000, 26.462867065632427
37000, 26.297021377588248
38000, 26.00416633285264
39000, 26.424105156718806
40000, 26.375177724519695
41000, 26.297655155292205
42000, 26.29448611401257
43000, 26.290365789264577
44000, 26.202099152548826
45000, 25.987817658792874
46000, 25.776281086818297
47000, 25.627784401569585
48000, 25.883070400038193
49000, 25.826343140289914
50000, 25.88950881470459
51000, 26.4990565869806
52000, 26.380232498343652
53000, 26.643948656308435
54000, 26.23356628443796
55000, 26.222763647894425
56000, 26.144789155776337
57000, 26.298922664879893
58000, 26.744158240632665
59000, 26.654267950930485
60000, 26.583202716502512
61000, 26.59542567184565
62000, 26.57661879672933
63000, 26.525145302775126
64000, 26.258014649499557
65000, 26.449952740978574
66000, 25.867933817759777
67000, 25.689492015218985
68000, 25.51176199324539
69000, 25.39947506019235
70000, 25.74328391380297
71000, 25.35777329866853
72000, 25.03996805109783
73000, 25.200198411917313
74000, 25.36992970690564
75000, 25.391927851189244
76000, 25.37715508089904
77000, 25.158497570403526
78000, 25.192260716339057
79000, 25.221683792588735
80000, 25.1740607239542
81000, 25.017660428851723
82000, 24.857594412975686
83000, 25.04495957273639
84000, 24.85290056847825
85000, 25.149552679918582
86000, 25.306455039508528
87000, 25.480711659344735
88000, 25.445693807269894
89000, 25.701167288666092
90000, 25.592967784139454
91000, 25.610219314432538
92000, 25.35317205663491
93000, 25.481038702010036
94000, 25.40373988215121
95000, 25.437177516383375
96000, 25.676837811537464
97000, 25.70862371526981
98000, 25.897554582109354
99000, 25.856011551152534
100000, 26.02146549805884
