9.539392014169456
7.700649323271382
7.832624081366347
6.078651166171653
5.4359911699707535
5.490901565316938
5.665686189686118
5.024937810560445
5.157518783291051
5.2105661880452105
4.852834223420372
4.049691346263317
4.722287581247038
4.09878030638384
3.5637059362410923
4.159326868617084
3.930648801406709
3.5142566781611158
3.24037034920393
3.1622776601683795
3.4351128074635335
3.3241540277189325
3.2015621187164243
3.170173496829472
2.7202941017470885
2.7202941017470885
2.5099800796022267
2.6739483914241875
2.4698178070456938
2.4392621835300936
2.4083189157584592
2.8284271247461903
2.280350850198276
2.1908902300206643
2.04939015319192
2.0124611797498106
2.3130067012440754
1.91049731745428
2.179449471770337
2.1563858652847827
2.04939015319192
2.4186773244895647
2.3664319132398464
2.4596747752497685
2.23606797749979
2.0976176963403033
2.258317958127243
2.4392621835300936
2.23606797749979
2.4392621835300936
2.16794833886788
1.8439088914585775
2.1330729007701543
2.0371548787463363
2.1213203435596424
2.085665361461421
2.202271554554524
2.0976176963403033
2.1563858652847827
2.224859546128699
2.179449471770337
2.3664319132398464
2.3664319132398464
2.3874672772626644
2.3769728648009427
2.5
2.4596747752497685
2.4289915602982237
2.539685019840059
2.5199206336708304
2.085665361461421
2.3130067012440754
2.4899799195977463
2.6832815729997477
2.569046515733026
2.5787593916455256
2.280350850198276
2.3769728648009427
2.355843797877949
2.1213203435596424
2.4289915602982237
2.3021728866442674
2.0
2.073644135332772
2.1213203435596424
2.29128784747792
2.1330729007701543
2.202271554554524
2.085665361461421
1.9364916731037085
2.0248456731316584
2.0124611797498106
2.0
1.91049731745428
1.9364916731037085
1.9748417658131499
1.9874606914351791
1.9874606914351791
2.1095023109728985
2.1213203435596424
2.0248456731316584
2.1908902300206643
1.9748417658131499
2.073644135332772
1.9621416870348585
2.0371548787463363
2.1908902300206643
2.0615528128088303
2.1213203435596424
1.8973665961010275
2.0976176963403033
2.0371548787463363
2.1095023109728985
1.9493588689617927
2.0
1.9364916731037085
1.8027756377319946
2.0
2.0371548787463363
2.0371548787463363
2.0615528128088303
1.9235384061671346
1.8708286933869707
1.8439088914585775
1.9874606914351791
1.8708286933869707
1.9235384061671346
1.8841443681416772
1.9235384061671346
1.9621416870348585
1.8973665961010275
1.9364916731037085
1.9493588689617927
1.760681686165901
1.8439088914585775
1.8439088914585775
1.8439088914585775
1.816590212458495
1.91049731745428
2.085665361461421
1.9748417658131499
2.04939015319192
1.8841443681416772
1.9621416870348585
2.0
1.9621416870348585
1.9364916731037085
1.9621416870348585
1.857417562100671
1.9874606914351791
1.9364916731037085
1.8439088914585775
1.9364916731037085
1.6431676725154984
1.8027756377319946
1.857417562100671
1.8027756377319946
1.5491933384829668
1.449137674618944
1.5652475842498528
1.6881943016134133
1.51657508881031
1.6881943016134133
1.7175564037317668
1.6583123951777
1.3038404810405297
1.4142135623730951
1.378404875209022
1.5
1.449137674618944
1.7175564037317668
1.70293863659264
1.378404875209022
1.4142135623730951
1.466287829861518
1.4832396974191326
1.5968719422671311
1.5329709716755893
1.4142135623730951
1.4142135623730951
1.3038404810405297
1.284523257866513
1.3416407864998738
1.3416407864998738
1.2041594578792296
1.378404875209022
1.5
1.5811388300841898
1.51657508881031
1.51657508881031
1.61245154965971
1.6278820596099706
1.5329709716755893
1.4832396974191326
1.3038404810405297
1.4832396974191326
1.4317821063276353
1.5491933384829668
1.396424004376894
1.2649110640673518
1.224744871391589
1.4142135623730951
1.3416407864998738
1.5
1.6431676725154984
1.449137674618944
1.161895003862225
1.3416407864998738
1.4142135623730951
1.5329709716755893
1.5491933384829668
1.5
1.4832396974191326
1.396424004376894
1.2449899597988732
1.224744871391589
1.449137674618944
1.396424004376894
1.5652475842498528
1.51657508881031
1.51657508881031
1.378404875209022
1.1832159566199232
1.4832396974191326
1.5
1.224744871391589
1.3601470508735443
1.3416407864998738
1.2649110640673518
1.396424004376894
1.378404875209022
1.3601470508735443
1.396424004376894
1.4317821063276353
1.224744871391589
1.2649110640673518
1.2649110640673518
1.2649110640673518
1.2649110640673518
1.3038404810405297
1.3601470508735443
1.3601470508735443
1.3038404810405297
1.396424004376894
1.396424004376894
1.3038404810405297
1.378404875209022
1.396424004376894
1.5
1.51657508881031
1.466287829861518
1.466287829861518
1.5491933384829668
1.449137674618944
1.3038404810405297
1.449137674618944
1.378404875209022
1.3228756555322954
1.3416407864998738
1.3601470508735443
1.284523257866513
1.3416407864998738
1.3601470508735443
1.3228756555322954
1.284523257866513
1.2449899597988732
1.284523257866513
1.2449899597988732
1.284523257866513
1.3228756555322954
1.3228756555322954
1.224744871391589
1.224744871391589
1.224744871391589
1.2449899597988732
1.3228756555322954
1.3228756555322954
1.3228756555322954
1.284523257866513
1.284523257866513
1.284523257866513
1.284523257866513
1.224744871391589
1.2649110640673518
1.2041594578792296
1.2041594578792296
1.1832159566199232
1.1832159566199232
1.224744871391589
1.1832159566199232
1.224744871391589
1.224744871391589
1.224744871391589
1.224744871391589
1.2449899597988732
1.1832159566199232
1.161895003862225
1.224744871391589
1.396424004376894
1.4142135623730951
1.396424004376894
1.3601470508735443
1.396424004376894
1.378404875209022
1.396424004376894
1.378404875209022
1.378404875209022
1.3416407864998738
1.3601470508735443
1.3038404810405297
1.3038404810405297
1.3416407864998738
1.3601470508735443
1.3416407864998738
1.2649110640673518
1.161895003862225
1.140175425099138
1.3228756555322954
1.3601470508735443
1.284523257866513
1.3228756555322954
1.2449899597988732
1.161895003862225
1.118033988749895
1.0954451150103321
1.118033988749895
1.2041594578792296
1.2041594578792296
1.2449899597988732
1.284523257866513
1.2449899597988732
1.3038404810405297
1.3038404810405297
1.2649110640673518
1.118033988749895
1.224744871391589
1.224744871391589
1.140175425099138
1.2041594578792296
1.2041594578792296
1.224744871391589
1.224744871391589
1.3228756555322954
1.3228756555322954
1.2449899597988732
1.2449899597988732
1.2649110640673518
1.1832159566199232
1.2449899597988732
1.224744871391589
1.1832159566199232
1.161895003862225
1.1832159566199232
1.2649110640673518
1.224744871391589
1.224744871391589
1.2449899597988732
1.2449899597988732
1.2449899597988732
1.1832159566199232
1.140175425099138
1.161895003862225
1.2649110640673518
1.2041594578792296
1.284523257866513
1.140175425099138
1.118033988749895
1.0954451150103321
1.02469507659596
1.0723805294763609
1.0488088481701516
1.0488088481701516
1.02469507659596
1.0954451150103321
1.0723805294763609
1.0723805294763609
1.161895003862225
1.161895003862225
1.161895003862225
1.0954451150103321
1.0954451150103321
1.0954451150103321
1.0954451150103321
1.140175425099138
1.0723805294763609
1.02469507659596
1.0723805294763609
1.0488088481701516
1.02469507659596
1.0954451150103321
1.0
1.161895003862225
1.0954451150103321
1.0488088481701516
1.140175425099138
1.118033988749895
1.140175425099138
1.0954451150103321
1.161895003862225
1.140175425099138
