1, 17.07825127659933
2, 16.5911623060793
3, 16.32993161855452
4, 15.876607530157903
5, 15.57776192739723
6, 15.57134119678413
7, 15.569200364822851
8, 14.836890959137406
9, 14.780617939269883
10, 14.733182502998687
15, 14.48677557866714
20, 14.08071967857704
25, 13.183322798141598
30, 12.701705922171767
35, 12.39085684419497
40, 12.561846997953765
45, 12.982038874280624
50, 12.269202636411762
55, 12.382783747337808
60, 11.713240371477058
65, 11.778511507543444
70, 11.716085808266628
75, 11.024215769538136
80, 10.363397126425292
85, 10.350523336205438
90, 10.488088481701515
95, 10.427527671185214
100, 10.97876738679408
150, 11.673331429659088
200, 11.099549540409287
250, 10.7300201925874
300, 11.033282980751165
350, 10.01332445627658
400, 9.563820714895625
450, 9.959919678390985
500, 11.269427669584644
550, 10.340857475728662
600, 10.93008081702357
650, 10.135745326976863
700, 9.500877152487904
750, 9.402127418834526
800, 8.48920883632077
850, 7.646349891723937
900, 7.615773105863909
950, 6.377042156569663
1000, 6.5625198412398476
1250, 7.474400756359446
1500, 7.343931735339956
1750, 7.733045971672482
2000, 8.087026647662292
2250, 6.6733300033291725
2500, 6.831300510639732
2750, 6.547264059640994
3000, 6.016643582596529
3250, 6.933012813104175
3500, 5.966573556070519
3750, 5.7561561248226525
4000, 5.960984258772483
4250, 5.738757124441958
4500, 5.89349924351682
4750, 5.247221486971303
5000, 5.385164807134504
5250, 5.272570530585627
5500, 5.033222956847166
5750, 5.347896782848375
6000, 4.823553323709262
6250, 5.013315602805526
6500, 5.5196618253899095
6750, 5.0
7000, 4.959838707054898
7250, 5.170428737864331
7500, 5.033222956847166
7750, 4.69041575982343
8000, 4.864839839775475
8250, 4.553387017741116
8500, 4.626013402488151
8750, 4.6475800154489
9000, 4.73990154609425
9250, 4.857983120596447
9500, 4.597100535482483
9750, 4.281744192888376
10000, 4.2895221179054435
11000, 3.9496835316262997
12000, 4.312771730569565
13000, 4.442221666388715
14000, 4.219004621945797
15000, 3.7327380477785117
16000, 4.1952353926806065
17000, 4.242640687119285
18000, 3.642343567906063
19000, 3.245509718570156
20000, 3.245509718570156
21000, 2.9776948578836393
22000, 3.0550504633038935
23000, 2.9552213679068666
24000, 2.6204325342711394
25000, 2.581988897471611
26000, 2.6832815729997477
27000, 2.6457513110645907
28000, 2.3944379994757297
29000, 2.569046515733026
30000, 2.449489742783178
31000, 2.7202941017470885
32000, 2.756809750418044
33000, 2.6076809620810595
34000, 2.7325202042558927
35000, 2.556038601690775
36000, 2.74469184669852
37000, 2.516611478423583
38000, 2.1908902300206643
39000, 2.1134489978863145
40000, 2.422120283277993
41000, 2.816617356570348
42000, 2.556038601690775
43000, 2.23606797749979
44000, 2.265686062395524
45000, 2.3944379994757297
46000, 1.983263304085802
47000, 2.4899799195977463
48000, 2.449489742783178
49000, 2.4358434541926814
50000, 2.4899799195977463
51000, 2.3523038352503134
52000, 2.3523038352503134
53000, 2.265686062395524
54000, 1.8618986725025255
55000, 2.1908902300206643
56000, 2.1291625896895083
57000, 2.1447610589527217
58000, 2.2949219304078006
59000, 2.23606797749979
60000, 2.594866727470475
61000, 2.1908902300206643
62000, 2.32379000772445
63000, 2.422120283277993
64000, 2.2211108331943574
65000, 2.0816659994661326
66000, 2.2949219304078006
67000, 1.7511900715418263
68000, 1.8973665961010275
69000, 1.9321835661585918
70000, 2.1291625896895083
71000, 2.206052281036573
72000, 2.1291625896895083
73000, 2.0
74000, 2.2949219304078006
75000, 2.1291625896895083
76000, 2.265686062395524
77000, 2.4358434541926814
78000, 1.879716290649558
79000, 2.1447610589527217
80000, 2.265686062395524
81000, 2.0816659994661326
82000, 2.065591117977289
83000, 2.206052281036573
84000, 2.1447610589527217
85000, 2.2211108331943574
86000, 2.0976176963403033
87000, 1.9493588689617927
88000, 2.1756225162774294
89000, 1.7701224063135672
90000, 2.016597794967223
91000, 2.160246899469287
92000, 2.3664319132398464
93000, 2.422120283277993
94000, 2.3664319132398464
95000, 2.2949219304078006
96000, 2.4083189157584592
97000, 2.1908902300206643
98000, 2.4083189157584592
99000, 2.0976176963403033
100000, 2.016597794967223
