5.403702434442518
4.364630568559039
3.556683848755748
3.7483329627982624
4.068169121361598
3.6193922141707713
3.278719262151
3.626292872893749
2.819574435974337
2.7838821814150108
2.7477263328068173
2.4186773244895647
2.4186773244895647
2.3021728866442674
2.280350850198276
2.3769728648009427
2.6267851073127395
2.3769728648009427
2.3130067012440754
2.3874672772626644
2.29128784747792
2.355843797877949
2.3345235059857505
2.258317958127243
2.0124611797498106
1.9748417658131499
1.6278820596099706
1.3416407864998738
1.5968719422671311
1.5968719422671311
1.7888543819998317
1.7320508075688772
1.6733200530681511
2.0615528128088303
1.9364916731037085
1.816590212458495
1.3601470508735443
1.51657508881031
1.4142135623730951
1.449137674618944
1.2041594578792296
1.396424004376894
1.3038404810405297
1.3228756555322954
1.396424004376894
1.5811388300841898
1.3416407864998738
1.4317821063276353
1.3416407864998738
1.5968719422671311
1.5491933384829668
1.7748239349298849
1.4142135623730951
1.61245154965971
1.51657508881031
1.466287829861518
1.5811388300841898
1.3038404810405297
1.284523257866513
1.1832159566199232
1.0723805294763609
1.1832159566199232
1.140175425099138
1.2041594578792296
1.140175425099138
1.140175425099138
1.2041594578792296
1.396424004376894
1.396424004376894
1.466287829861518
1.378404875209022
1.4317821063276353
1.466287829861518
1.396424004376894
1.224744871391589
1.2449899597988732
1.0488088481701516
1.0723805294763609
1.0723805294763609
1.3416407864998738
1.140175425099138
1.161895003862225
0.9746794344808963
0.9746794344808963
0.9746794344808963
0.9219544457292888
1.02469507659596
1.0
1.161895003862225
0.9746794344808963
0.9746794344808963
1.0
0.9219544457292888
0.9486832980505138
0.9746794344808963
0.8366600265340756
1.0
0.9746794344808963
1.224744871391589
1.2449899597988732
1.2449899597988732
1.161895003862225
1.224744871391589
1.2449899597988732
1.161895003862225
1.161895003862225
1.161895003862225
1.161895003862225
0.7745966692414834
1.118033988749895
1.02469507659596
1.02469507659596
0.9746794344808963
0.7416198487095663
0.7745966692414834
0.9746794344808963
1.0
0.9486832980505138
1.0
0.8660254037844386
0.9219544457292888
0.8660254037844386
0.8944271909999159
0.8944271909999159
0.8660254037844386
0.9746794344808963
1.0954451150103321
0.8660254037844386
0.8660254037844386
0.8366600265340756
0.8366600265340756
0.9486832980505138
0.9486832980505138
0.9219544457292888
0.8944271909999159
0.9219544457292888
0.9486832980505138
0.9219544457292888
1.0
1.0
0.9746794344808963
0.9746794344808963
0.8660254037844386
0.6324555320336759
0.5477225575051661
0.5477225575051661
0.5477225575051661
0.5477225575051661
0.7071067811865476
0.7071067811865476
0.5916079783099616
0.5916079783099616
0.6708203932499369
0.6708203932499369
0.7071067811865476
0.7071067811865476
0.7416198487095663
0.7071067811865476
0.7745966692414834
0.7745966692414834
0.5916079783099616
0.5477225575051661
0.4472135954999579
0.5916079783099616
0.7071067811865476
0.7416198487095663
0.7745966692414834
0.7416198487095663
0.7071067811865476
0.7071067811865476
0.7071067811865476
0.7071067811865476
0.7071067811865476
0.6324555320336759
0.6708203932499369
0.8366600265340756
0.6708203932499369
0.6708203932499369
0.9486832980505138
0.7745966692414834
0.8944271909999159
0.806225774829855
0.7071067811865476
0.7416198487095663
0.806225774829855
0.9746794344808963
0.806225774829855
0.7416198487095663
0.6708203932499369
0.6708203932499369
0.6708203932499369
0.6324555320336759
0.7416198487095663
0.6324555320336759
0.5916079783099616
0.7745966692414834
0.6324555320336759
0.7416198487095663
0.8366600265340756
0.7416198487095663
0.7745966692414834
0.7416198487095663
0.806225774829855
0.806225774829855
0.806225774829855
0.8660254037844386
0.8660254037844386
0.8660254037844386
0.806225774829855
0.7745966692414834
0.7416198487095663
0.7416198487095663
0.7745966692414834
0.7745966692414834
0.8366600265340756
0.8366600265340756
0.806225774829855
0.8366600265340756
0.8944271909999159
0.8944271909999159
0.8944271909999159
0.8944271909999159
0.9746794344808963
0.9219544457292888
0.9219544457292888
0.9219544457292888
0.8660254037844386
0.8366600265340756
0.8366600265340756
0.8944271909999159
0.9219544457292888
0.9219544457292888
0.8944271909999159
0.8944271909999159
0.806225774829855
0.9219544457292888
0.8660254037844386
0.9219544457292888
0.8944271909999159
0.9219544457292888
1.0
0.9219544457292888
0.8660254037844386
0.8366600265340756
0.806225774829855
0.806225774829855
0.7745966692414834
0.5916079783099616
0.7071067811865476
0.7071067811865476
0.7416198487095663
0.7416198487095663
0.7416198487095663
0.7745966692414834
0.7745966692414834
0.7745966692414834
0.7745966692414834
0.7071067811865476
0.7071067811865476
0.7416198487095663
0.7745966692414834
0.7416198487095663
0.7416198487095663
0.7416198487095663
0.6708203932499369
0.6708203932499369
0.6708203932499369
0.6708203932499369
0.7416198487095663
0.9219544457292888
0.9746794344808963
0.8660254037844386
0.9746794344808963
0.9746794344808963
0.9746794344808963
0.9219544457292888
0.8366600265340756
0.8366600265340756
0.8366600265340756
0.8366600265340756
0.6708203932499369
0.6708203932499369
0.6708203932499369
0.6708203932499369
0.7745966692414834
0.6708203932499369
0.6324555320336759
0.8660254037844386
0.8366600265340756
0.8366600265340756
0.8660254037844386
0.8366600265340756
0.806225774829855
0.8660254037844386
0.8660254037844386
0.806225774829855
0.9219544457292888
0.9219544457292888
0.9746794344808963
0.9746794344808963
0.9486832980505138
0.9486832980505138
0.806225774829855
0.7416198487095663
0.8944271909999159
0.7745966692414834
0.7745966692414834
0.7745966692414834
0.7745966692414834
0.8944271909999159
0.9219544457292888
0.9486832980505138
0.8944271909999159
0.8660254037844386
0.8366600265340756
1.02469507659596
1.02469507659596
1.02469507659596
0.9219544457292888
0.9486832980505138
0.8660254037844386
0.8660254037844386
0.7745966692414834
0.7745966692414834
0.8944271909999159
0.8660254037844386
0.8660254037844386
0.8660254037844386
0.8944271909999159
0.8660254037844386
1.0
0.9219544457292888
0.8366600265340756
0.9486832980505138
0.9486832980505138
0.9219544457292888
0.806225774829855
0.806225774829855
0.806225774829855
0.8366600265340756
0.8660254037844386
0.8660254037844386
0.806225774829855
0.7745966692414834
0.7416198487095663
0.7416198487095663
0.7745966692414834
0.8366600265340756
0.8366600265340756
0.8944271909999159
0.8944271909999159
0.8944271909999159
0.8944271909999159
0.8944271909999159
0.8660254037844386
0.6708203932499369
0.7416198487095663
0.8660254037844386
0.8660254037844386
0.806225774829855
0.806225774829855
0.8944271909999159
0.8944271909999159
0.8944271909999159
0.8660254037844386
0.8944271909999159
0.8944271909999159
0.8944271909999159
0.9746794344808963
1.02469507659596
0.9746794344808963
0.8660254037844386
0.8660254037844386
0.8660254037844386
0.8660254037844386
0.8660254037844386
0.8660254037844386
0.8660254037844386
0.8660254037844386
0.806225774829855
0.8660254037844386
0.8660254037844386
0.9219544457292888
0.9219544457292888
0.9219544457292888
0.9219544457292888
0.9219544457292888
0.9219544457292888
0.9219544457292888
0.9219544457292888
0.8944271909999159
0.8944271909999159
0.8366600265340756
0.8366600265340756
0.8366600265340756
0.806225774829855
0.806225774829855
0.8944271909999159
0.8944271909999159
0.9486832980505138
