1, 62.704211834757814
2, 62.704211834757814
3, 61.845408442782116
4, 60.95855522029254
5, 60.5185170761058
6, 59.64958279210951
7, 59.6450104596124
8, 59.13297803179788
9, 58.31279292043744
10, 57.54571305413715
15, 55.011073265463395
20, 54.11099703387473
25, 53.45295297566059
30, 52.62595280934027
35, 51.67995918940128
40, 51.02192042285711
45, 49.47524633592035
50, 47.67484566404918
55, 45.35917267162779
60, 43.510291363601034
65, 42.734699547961554
70, 42.72576399657365
75, 42.730657506164015
80, 41.90747383983391
85, 40.92942928771646
90, 40.842268657493904
95, 40.84048793226465
100, 40.11120904322246
150, 37.755192297941555
200, 35.80832813238233
250, 35.31932255090046
300, 34.52113976839541
350, 33.97137832727052
400, 31.974705912358573
450, 31.898703307928876
500, 31.19615360905892
550, 29.655905436737676
600, 29.654679226051325
650, 29.64394771894655
700, 29.63934731216106
750, 29.390165330971143
800, 29.090767045107754
850, 27.840781075772476
900, 26.88967358400889
950, 26.868704336593396
1000, 26.280307179607803
1250, 24.336653986789706
1500, 23.459830271415782
1750, 22.15893006934635
2000, 22.041696024497835
2250, 21.272688422652948
2500, 20.002727086802214
2750, 19.252862833166585
3000, 18.114785523032133
3250, 17.88193603510639
3500, 17.839180576370754
3750, 17.185088673826293
4000, 16.73537353251272
4250, 16.694582681489553
4500, 15.69481674717079
4750, 15.664667828646039
5000, 15.42194422361732
5250, 15.42194422361732
5500, 15.333860333499608
5750, 15.362883252117157
6000, 14.91369108632004
6250, 14.777747398768804
6500, 14.636815351583952
6750, 14.613194535947796
7000, 14.716719001931722
7250, 14.675272957040233
7500, 14.642404174178502
7750, 14.286038957349552
8000, 14.449913494550755
8250, 14.44173245714088
8500, 14.414008337850937
8750, 14.075768992395147
9000, 14.051205059935736
9250, 13.957077057894322
9500, 13.923818702953845
9750, 13.777451934889188
10000, 13.976603827305636
11000, 13.33007535953601
12000, 13.30550125460757
13000, 11.841375841437591
14000, 10.621590362002378
15000, 10.927862637230659
16000, 10.900375306299404
17000, 10.748361397314138
18000, 10.671116496071406
19000, 10.628435273530924
20000, 10.801515045248387
21000, 10.725500624043786
22000, 10.666856058924681
23000, 10.822535411227479
24000, 10.73905362344712
25000, 10.483753665032907
26000, 10.365151404411016
27000, 9.988174826445338
28000, 10.126472956832233
29000, 9.890307468333924
30000, 9.931584145359874
31000, 9.757048734120374
32000, 9.805378857823625
33000, 9.856239371355311
34000, 9.882951344245669
35000, 9.898576573518952
36000, 9.906838776595414
37000, 9.629500128629353
38000, 9.470528448344849
39000, 9.715030529124352
40000, 9.85992808382403
41000, 9.561285573508503
42000, 9.601136296387953
43000, 9.559383776259754
44000, 9.253991767684022
45000, 9.155227021662641
46000, 9.285374619162214
47000, 9.653072991634229
48000, 9.687855565322259
49000, 9.801669616587128
50000, 9.81927603330214
51000, 9.891226599181905
52000, 9.905921094339119
53000, 10.034485990368868
54000, 10.048971001143261
55000, 10.14261934969105
56000, 10.18376604744487
57000, 10.222079489561265
58000, 10.257591423827614
59000, 10.138136820038394
60000, 10.256705123966467
61000, 10.076074271623485
62000, 10.105803912963715
63000, 9.937989553407489
64000, 9.882951344245669
65000, 9.692546339608315
66000, 9.82575465526463
67000, 9.85162653852375
68000, 9.82482939939787
69000, 9.832229008354478
70000, 9.796103121325151
71000, 9.766361563131799
72000, 9.767292357659825
73000, 9.72999112397988
74000, 9.72999112397988
75000, 9.547965037830645
76000, 9.405994220321809
77000, 9.351713503660463
78000, 9.413723058290053
79000, 9.38083151964686
80000, 9.398259026398065
81000, 9.340040879801524
82000, 9.369195172575827
83000, 9.359487165438072
84000, 9.29809364625596
85000, 9.372105613807584
86000, 9.228414618104042
87000, 9.348796714016196
88000, 9.401160469953599
89000, 9.24907857818575
90000, 9.09945053286186
91000, 9.20869154657707
92000, 9.237276261283556
93000, 9.198814152823276
94000, 9.309818863583075
95000, 9.28243698409186
96000, 9.42144555594503
97000, 9.542250544528027
98000, 9.426268904213664
99000, 9.486832980505138
100000, 9.654014708917737
