6.553624951124378
5.205766033928148
4.324349662087931
3.840572873934304
2.958039891549808
1.9493588689617927
2.202271554554524
2.202271554554524
2.1447610589527217
2.23606797749979
2.0615528128088303
2.1563858652847827
1.857417562100671
1.7175564037317668
1.857417562100671
1.70293863659264
1.7888543819998317
1.8841443681416772
1.746424919657298
1.5491933384829668
1.4317821063276353
1.5
1.4142135623730951
1.4832396974191326
1.4832396974191326
1.118033988749895
1.1832159566199232
1.3416407864998738
1.3228756555322954
1.2649110640673518
1.284523257866513
1.284523257866513
1.2041594578792296
1.118033988749895
0.9486832980505138
0.9486832980505138
1.02469507659596
1.0
1.140175425099138
1.0954451150103321
1.161895003862225
1.378404875209022
1.3038404810405297
1.224744871391589
1.3601470508735443
1.2649110640673518
1.2449899597988732
1.2449899597988732
1.161895003862225
1.449137674618944
1.449137674618944
1.4317821063276353
1.51657508881031
1.51657508881031
1.51657508881031
1.3228756555322954
1.5811388300841898
1.5968719422671311
1.5968719422671311
1.4832396974191326
1.466287829861518
1.466287829861518
1.466287829861518
1.2449899597988732
1.224744871391589
1.396424004376894
1.396424004376894
1.4317821063276353
1.378404875209022
1.3601470508735443
1.4142135623730951
1.449137674618944
1.396424004376894
1.4142135623730951
1.4142135623730951
1.224744871391589
1.2649110640673518
1.2449899597988732
1.3228756555322954
1.3038404810405297
1.2449899597988732
1.2449899597988732
1.224744871391589
1.224744871391589
1.1832159566199232
1.3228756555322954
1.3228756555322954
1.396424004376894
1.4142135623730951
1.3228756555322954
1.378404875209022
1.3228756555322954
1.3038404810405297
1.284523257866513
1.449137674618944
1.466287829861518
1.5329709716755893
1.5329709716755893
1.5652475842498528
1.5652475842498528
1.5652475842498528
1.5811388300841898
1.5491933384829668
1.5329709716755893
1.5329709716755893
1.5329709716755893
1.378404875209022
1.378404875209022
1.3038404810405297
1.3228756555322954
1.378404875209022
1.224744871391589
1.0488088481701516
0.9746794344808963
0.8660254037844386
0.8660254037844386
1.0954451150103321
1.0723805294763609
1.0723805294763609
1.140175425099138
1.466287829861518
1.4832396974191326
1.5
1.5
1.3038404810405297
1.2449899597988732
1.0954451150103321
1.118033988749895
1.140175425099138
1.118033988749895
1.118033988749895
1.0723805294763609
1.02469507659596
0.8660254037844386
0.806225774829855
0.9219544457292888
0.9219544457292888
0.9746794344808963
0.9486832980505138
0.9486832980505138
1.0
0.9219544457292888
1.118033988749895
1.140175425099138
1.0954451150103321
1.140175425099138
1.1832159566199232
1.0954451150103321
1.118033988749895
1.118033988749895
1.0954451150103321
1.0488088481701516
1.0723805294763609
1.118033988749895
1.0488088481701516
1.118033988749895
1.0723805294763609
1.161895003862225
1.1832159566199232
1.118033988749895
1.118033988749895
1.3038404810405297
1.3038404810405297
1.2449899597988732
1.161895003862225
1.140175425099138
1.224744871391589
1.2649110640673518
1.2649110640673518
1.3038404810405297
1.1832159566199232
1.2041594578792296
1.1832159566199232
1.161895003862225
1.2041594578792296
1.224744871391589
1.1832159566199232
1.161895003862225
1.224744871391589
1.161895003862225
1.1832159566199232
1.1832159566199232
1.3228756555322954
1.1832159566199232
0.9746794344808963
0.9746794344808963
0.9746794344808963
1.0488088481701516
1.02469507659596
1.0488088481701516
1.118033988749895
1.2649110640673518
1.3228756555322954
1.3038404810405297
1.3228756555322954
1.3038404810405297
1.2449899597988732
1.224744871391589
1.1832159566199232
1.161895003862225
1.2041594578792296
1.161895003862225
1.0954451150103321
1.118033988749895
1.0954451150103321
1.140175425099138
1.118033988749895
1.140175425099138
1.2041594578792296
1.3601470508735443
1.3038404810405297
1.3038404810405297
1.3228756555322954
1.224744871391589
1.2041594578792296
1.224744871391589
1.224744871391589
1.224744871391589
1.224744871391589
1.224744871391589
1.2041594578792296
1.2649110640673518
1.2649110640673518
1.2649110640673518
1.224744871391589
1.0954451150103321
1.0723805294763609
1.118033988749895
1.0723805294763609
1.118033988749895
1.1832159566199232
1.161895003862225
1.161895003862225
1.161895003862225
1.161895003862225
1.0723805294763609
1.0723805294763609
1.02469507659596
1.0954451150103321
1.0954451150103321
1.140175425099138
1.140175425099138
1.3228756555322954
1.3228756555322954
1.3228756555322954
1.3228756555322954
1.3228756555322954
1.3228756555322954
1.3228756555322954
1.0954451150103321
1.0954451150103321
1.0723805294763609
1.0954451150103321
1.118033988749895
1.161895003862225
1.3228756555322954
1.3228756555322954
1.3228756555322954
1.3416407864998738
1.3228756555322954
1.161895003862225
1.2041594578792296
1.161895003862225
1.161895003862225
1.161895003862225
1.161895003862225
1.161895003862225
1.161895003862225
1.140175425099138
1.140175425099138
1.140175425099138
1.140175425099138
1.140175425099138
1.0488088481701516
1.0488088481701516
1.0488088481701516
1.0488088481701516
1.0488088481701516
1.0723805294763609
1.02469507659596
1.0723805294763609
1.0723805294763609
1.02469507659596
1.02469507659596
1.0488088481701516
1.0
1.0
1.0
1.0954451150103321
1.0954451150103321
1.0954451150103321
1.02469507659596
1.02469507659596
0.8944271909999159
0.9486832980505138
0.9486832980505138
0.9486832980505138
0.8660254037844386
0.8660254037844386
0.8660254037844386
0.8660254037844386
0.9486832980505138
0.9486832980505138
0.9746794344808963
0.9746794344808963
0.8944271909999159
0.8944271909999159
0.9219544457292888
0.8944271909999159
0.8660254037844386
0.9219544457292888
0.9486832980505138
0.9486832980505138
0.9486832980505138
0.9486832980505138
1.0723805294763609
1.0723805294763609
1.0488088481701516
1.0488088481701516
1.0488088481701516
1.0488088481701516
1.0488088481701516
1.0488088481701516
1.0488088481701516
1.0488088481701516
1.0488088481701516
1.02469507659596
1.02469507659596
1.0488088481701516
1.0
1.0
1.02469507659596
0.8366600265340756
0.8366600265340756
0.8366600265340756
0.8366600265340756
0.6708203932499369
0.6708203932499369
0.6708203932499369
0.6708203932499369
0.6708203932499369
0.6708203932499369
0.5916079783099616
0.5916079783099616
0.5916079783099616
0.6324555320336759
0.6324555320336759
0.5916079783099616
0.5916079783099616
0.5916079783099616
0.5477225575051661
0.5477225575051661
0.5477225575051661
0.5477225575051661
0.5477225575051661
0.5477225575051661
0.5477225575051661
0.5477225575051661
0.5916079783099616
0.5916079783099616
0.5916079783099616
0.5916079783099616
0.7416198487095663
0.6708203932499369
0.5
0.5
0.5
0.5
0.5
0.5
0.4472135954999579
0.4472135954999579
0.5477225575051661
0.5477225575051661
0.4472135954999579
0.4472135954999579
0.5
0.5
0.5
0.5
0.5
0.5
0.5
0.5
0.5
0.5
0.4472135954999579
0.4472135954999579
0.4472135954999579
0.4472135954999579
0.4472135954999579
0.5477225575051661
0.4472135954999579
0.4472135954999579
0.4472135954999579
0.4472135954999579
0.4472135954999579
0.4472135954999579
0.4472135954999579
0.4472135954999579
