1, 56.90289975036422
2, 56.41719596009713
3, 55.88649210676942
4, 55.13909683699943
5, 54.29677706825701
6, 53.81003623860516
7, 53.34828956958226
8, 52.98169495212474
9, 52.957907813658956
10, 52.04344339107473
15, 49.36172606382398
20, 46.73349976194807
25, 45.02399360341106
30, 44.4
35, 42.38207168131355
40, 41.15653046601474
45, 39.47632201712819
50, 38.86386496477158
55, 38.097506480083446
60, 37.670943709973606
65, 37.26043478007201
70, 36.67315094179937
75, 36.603824936746705
80, 35.59494346111537
85, 35.10441567666381
90, 33.62499070631842
95, 33.12129224532159
100, 31.047061052537646
150, 25.97498796919837
200, 21.599537032075478
250, 19.791917542269623
300, 18.841443681416774
350, 18.124017214734707
400, 17.718916445426338
450, 17.204650534085253
500, 16.37742348478539
550, 15.912259424732868
600, 15.292481812969404
650, 13.143819840518205
700, 12.727922061357855
750, 12.646738710039044
800, 12.154834429147934
850, 11.475190630224843
900, 11.451637437502114
950, 11.13822247937255
1000, 10.703270528207721
1250, 9.526804291051644
1500, 8.506468127254696
1750, 8.2
2000, 7.578918128598566
2250, 7.29520390393579
2500, 6.6558245169174945
2750, 6.272160712226689
3000, 6.368673331236264
3250, 5.628498911788116
3500, 5.122499389946279
3750, 5.01398045468867
4000, 4.540925015897091
4250, 4.39317652729776
4500, 4.347413023856832
4750, 4.27551166528639
5000, 4.192851058647325
5250, 4.06201920231798
5500, 3.9899874686520005
5750, 3.992492955535426
6000, 3.992492955535426
6250, 3.987480407475377
6500, 4.022437072223753
6750, 4.044749683231337
7000, 3.8078865529319543
7250, 3.6742346141747673
7500, 3.682390527904394
7750, 3.6796738985948196
8000, 3.6496575181789317
8250, 3.4583232931581165
8500, 3.5355339059327378
8750, 3.515679166249389
9000, 3.4669871646719432
9250, 3.4146742157927745
9500, 3.3970575502926055
9750, 3.059411708155671
10000, 2.979932885150268
11000, 2.824889378365107
12000, 2.705549851693737
13000, 2.6608269391300143
14000, 2.6457513110645907
15000, 2.6608269391300143
16000, 2.6343879744638983
17000, 2.592296279363144
18000, 2.6832815729997477
19000, 2.6758176320519302
20000, 2.5573423705088842
21000, 2.6570660511172846
22000, 2.6381811916545836
23000, 2.6758176320519302
24000, 2.6570660511172846
25000, 2.3323807579381204
26000, 2.2759613353482084
27000, 2.244994432064365
28000, 2.227105745132009
29000, 1.8
30000, 1.7888543819998317
31000, 1.5231546211727816
32000, 1.5033296378372907
33000, 1.4
34000, 1.3856406460551018
35000, 1.4212670403551895
36000, 1.3928388277184118
37000, 1.296148139681572
38000, 1.2884098726725126
39000, 1.2884098726725126
40000, 1.2649110640673518
41000, 1.1661903789690602
42000, 1.1224972160321824
43000, 1.1224972160321824
44000, 1.140175425099138
45000, 1.4142135623730951
46000, 1.2806248474865698
47000, 1.0770329614269007
48000, 1.104536101718726
49000, 1.0770329614269007
50000, 1.0770329614269007
51000, 1.0770329614269007
52000, 1.1135528725660044
53000, 1.3038404810405297
54000, 1.2727922061357855
55000, 1.1661903789690602
56000, 1.1489125293076057
57000, 1.1489125293076057
58000, 1.104536101718726
59000, 1.1224972160321824
60000, 1.0862780491200215
61000, 1.0862780491200215
62000, 1.0862780491200215
63000, 1.0862780491200215
64000, 1.104536101718726
65000, 1.1135528725660044
66000, 1.1135528725660044
67000, 1.0954451150103321
68000, 1.0954451150103321
69000, 1.104536101718726
70000, 1.104536101718726
71000, 1.0862780491200215
72000, 1.0862780491200215
73000, 1.0862780491200215
74000, 1.0954451150103321
75000, 1.104536101718726
76000, 1.0770329614269007
77000, 1.0770329614269007
78000, 1.0954451150103321
79000, 1.104536101718726
80000, 0.9591663046625439
81000, 0.9591663046625439
82000, 0.9591663046625439
83000, 0.9591663046625439
84000, 0.9695359714832658
85000, 0.8602325267042626
86000, 0.848528137423857
87000, 0.848528137423857
88000, 0.848528137423857
89000, 0.8246211251235321
90000, 0.7348469228349535
91000, 0.7348469228349535
92000, 0.7348469228349535
93000, 0.7348469228349535
94000, 0.7348469228349535
95000, 0.7348469228349535
96000, 0.7483314773547883
97000, 0.7483314773547883
98000, 0.7348469228349535
99000, 0.7348469228349535
100000, 0.7348469228349535
