1, 86.00193796266066
2, 85.36978388165218
3, 84.72299963213452
4, 84.51674390320535
5, 83.67644033219068
6, 82.94970363619953
7, 82.94271115253788
8, 82.87267342133956
9, 82.61081446558111
10, 82.44497154668278
15, 79.60711860966539
20, 76.4177989737993
25, 74.16144550910533
30, 72.68654162452175
35, 70.23351526633611
40, 67.52283564345719
45, 65.9326929527378
50, 65.6624702550856
55, 62.68854228113247
60, 62.19946409201074
65, 59.72592960069074
70, 58.71955948971915
75, 58.52224648228513
80, 58.5796324103637
85, 58.10186457134286
90, 57.97953661997193
95, 56.34855810045187
100, 55.16436047546157
150, 46.37988069554873
200, 39.78089993954385
250, 35.16740915487899
300, 32.69801217199603
350, 31.775462231099013
400, 31.019563719261644
450, 28.599533795734036
500, 27.00740639158081
550, 26.809451069849725
600, 25.74334865552654
650, 24.27206899572703
700, 22.745255915611647
750, 22.02211010174396
800, 22.08800579500105
850, 20.844183841062236
900, 19.78753816589286
950, 19.37627415165258
1000, 18.763439627815224
1250, 16.836072384417136
1500, 15.121287423144015
1750, 14.512982693666615
2000, 13.496172296865014
2250, 12.941921547178895
2500, 12.713772060250253
2750, 12.143036413242502
3000, 12.11335351310005
3250, 12.112803143781376
3500, 11.8101651131557
3750, 11.906300852909773
4000, 11.695583211908103
4250, 11.009087155618309
4500, 10.437113266288401
4750, 10.23197602290649
5000, 10.13311403271472
5250, 10.077036601435298
5500, 9.75773197691622
5750, 9.4
6000, 9.348083582567428
6250, 8.720856227076176
6500, 8.62322445492404
6750, 8.328265125462805
7000, 8.087026647662292
7250, 8.095266106394115
7500, 8.017480901130979
7750, 8.061430807658567
8000, 7.972452571197899
8250, 8.0049984384758
8500, 7.943970459830944
8750, 7.9406129066548345
9000, 7.980810318090096
9250, 7.557777451076474
9500, 7.638498979948002
9750, 7.596490417730195
10000, 7.533923280734945
11000, 7.324843570570865
12000, 7.013320659050652
13000, 6.865372046242894
14000, 6.756725044970628
15000, 6.521758454077652
16000, 6.2833112289620034
17000, 5.520869496736904
18000, 5.005330491918924
19000, 5.059644256269407
20000, 4.393935214209089
21000, 4.252058325093859
22000, 4.294182110716778
23000, 4.28641264151427
24000, 4.242640687119285
25000, 4.145680482944467
26000, 4.097153483415854
27000, 4.087378948258489
28000, 3.8901585229053754
29000, 3.789459064299283
30000, 3.7487775785358797
31000, 3.745219174716837
32000, 3.696845502136472
33000, 3.687817782917155
34000, 3.6129397079571275
35000, 3.409789827345179
36000, 3.3980386499665753
37000, 3.407834111768549
38000, 3.1538336460039655
39000, 3.1622776601683795
40000, 3.3426536364591133
41000, 3.362538723444931
42000, 3.3166247903554
43000, 3.2598568475727068
44000, 3.239341496868358
45000, 3.1326240331921946
46000, 3.158058475287203
47000, 3.106981386061612
48000, 3.1240998703626617
49000, 3.185383284106744
50000, 3.1432467291003423
51000, 3.1538336460039655
52000, 3.081125335544358
53000, 2.988868236194653
54000, 2.7736858750286295
55000, 2.7202941017470885
56000, 2.778488797889961
57000, 2.7856776554368237
58000, 2.7760883751542687
59000, 2.8331372481167705
60000, 2.8023799409311603
61000, 2.7736858750286295
62000, 2.7760883751542687
63000, 2.7519689920733725
64000, 2.6482698754721605
65000, 2.673325020768456
66000, 2.6
67000, 2.6683328128252666
68000, 2.747119703738202
69000, 2.7952340390982173
70000, 2.792848008753788
71000, 2.8307831660749527
72000, 2.851899951494325
73000, 2.9484459183327973
74000, 2.916619047230314
75000, 2.9005746557076124
76000, 2.9416548630546946
77000, 2.9574764017091777
78000, 2.946183972531247
79000, 2.9776948578836393
80000, 2.9484459183327973
81000, 2.592296279363144
82000, 2.5271855228033155
83000, 2.5006665778014736
84000, 2.5059928172283334
85000, 2.5059928172283334
86000, 2.4684678108764824
87000, 2.4979991993593593
88000, 2.4765567494675613
89000, 2.5059928172283334
90000, 2.32952069462082
91000, 2.23308456325923
92000, 2.244994432064365
93000, 2.2150996967781533
94000, 2.206052281036573
95000, 2.1633307652783933
96000, 2.2
97000, 2.138535324312725
98000, 2.1447610589527217
99000, 2.138535324312725
100000, 2.110292238845922
