1, 51.170738165913185
2, 50.5162240165364
3, 49.72658577997622
4, 49.72502164683066
5, 48.84624402710566
6, 48.69884780749723
7, 48.68355871224791
8, 47.81654757740486
9, 47.80213849237756
10, 47.80190605218815
15, 45.12821241258683
20, 42.32493354985924
25, 41.23617613482393
30, 41.16363011742823
35, 38.72409528388695
40, 37.24334392433991
45, 36.9407934703929
50, 36.14999615798351
55, 34.51247761478609
60, 33.85393461458932
65, 33.84211708638939
70, 33.10421255503427
75, 32.22869666754907
80, 31.807406544877423
85, 31.770706283898974
90, 31.770706283898974
95, 31.7343137103462
100, 31.744815849731012
150, 29.46410245253253
200, 26.4280995238864
250, 25.330262971833164
300, 24.813078988486875
350, 23.066570327351805
400, 22.681857654669
450, 22.672548256524774
500, 22.59498469424871
550, 22.557088070542754
600, 21.80468858856839
650, 20.99047402990223
700, 20.386814911168006
750, 20.318573878214103
800, 20.362820149587446
850, 20.36445705416943
900, 19.03972455449687
950, 18.373894524569362
1000, 18.362401198584507
1250, 15.462499438605937
1500, 14.306952466856416
1750, 14.164901850858143
2000, 14.042000490591708
2250, 13.9204086785474
2500, 13.75419128039805
2750, 13.75419128039805
3000, 13.780824035996943
3250, 12.695581033484752
3500, 12.430249841057545
3750, 12.378296418418095
4000, 11.56431292093626
4250, 11.48332123850355
4500, 11.859361047056643
4750, 11.840608092492547
5000, 11.769074352348664
5250, 11.270413578135553
5500, 11.30584902704004
5750, 11.288145207350153
6000, 11.111555546667022
6250, 11.111555546667022
6500, 11.21209664206972
6750, 11.079510618955855
7000, 11.050389636167184
7250, 11.133532932342526
7500, 10.657287543168655
7750, 10.623872489194637
8000, 10.75587694652969
8250, 10.776517681205434
8500, 10.778579580713675
8750, 10.696832345242315
9000, 10.483850013764558
9250, 10.488088481701515
9500, 10.483850013764558
9750, 10.739335795724674
10000, 10.737266360153729
11000, 10.548301601047756
12000, 9.821744583660617
13000, 8.983936281558941
14000, 8.415593991051507
15000, 8.194849330863597
16000, 8.220570404648194
17000, 8.403702887550358
18000, 8.403702887550358
19000, 8.48789988421426
20000, 8.722894524691267
21000, 8.619100236619184
22000, 8.32666399786453
23000, 8.405024952041751
24000, 8.371910707173654
25000, 8.393118874676114
26000, 8.285194291291209
27000, 8.294576541331088
28000, 8.178562764256865
29000, 8.19078072523547
30000, 8.27982823224948
31000, 8.453795991545258
32000, 8.459051693633013
33000, 8.67051196745485
34000, 8.602325267042627
35000, 8.456424250894175
36000, 8.452481555403978
37000, 8.490517586630917
38000, 8.473488065725943
39000, 8.646129512999186
40000, 8.660254037844387
41000, 8.117197107923946
42000, 8.137703743822469
43000, 8.273115763993903
44000, 8.256983576208553
45000, 8.242167999581987
46000, 8.353309390761112
47000, 8.358628276617322
48000, 8.358628276617322
49000, 8.277143898175934
50000, 8.37323779138698
51000, 8.43405793988477
52000, 8.430104783848577
53000, 8.091147425839345
54000, 8.03602997616222
55000, 7.835815209663893
56000, 7.815938132360625
57000, 7.835815209663893
58000, 7.866949147470631
59000, 7.82020175926143
60000, 7.7502688125423544
61000, 7.621606713081493
62000, 7.524773898411979
63000, 7.483314773547883
64000, 7.644896627453143
65000, 7.708581077099872
66000, 7.787454298064577
67000, 7.6623176070371235
68000, 7.640535176136406
69000, 7.46845216746936
70000, 7.5292024072200965
71000, 7.655063683601855
72000, 7.666666666666667
73000, 7.767453465154029
74000, 7.740226812639996
75000, 7.441624673267107
76000, 7.449086446597924
77000, 7.437144015757064
78000, 7.301445823336027
79000, 7.437144015757064
80000, 7.574812062208394
81000, 7.586537784494028
82000, 7.501111028818776
83000, 7.625978989976012
84000, 7.699927849589819
85000, 7.5468904560458245
86000, 7.5468904560458245
87000, 7.579211333934715
88000, 7.252585745787498
89000, 7.275529763071094
90000, 7.096164848392092
91000, 7.180219742846005
92000, 7.078920193865101
93000, 7.160074487508259
94000, 7.128970628514486
95000, 7.269418439218122
96000, 7.3484692283495345
97000, 7.255649140114511
98000, 7.251053563295321
99000, 7.371114795831994
100000, 7.408703590297622
