1, 16.451950239004088
2, 16.451950239004088
3, 16.451950239004088
4, 16.451950239004088
5, 16.451950239004088
6, 16.451950239004088
7, 15.607690412101336
8, 15.607690412101336
9, 15.607690412101336
10, 15.607690412101336
15, 15.607690412101336
20, 14.778362561528933
25, 14.778362561528933
30, 14.778362561528933
35, 14.778362561528933
40, 14.778362561528933
45, 14.778362561528933
50, 14.778362561528933
55, 14.778362561528933
60, 14.778362561528933
65, 14.778362561528933
70, 14.778362561528933
75, 14.778362561528933
80, 14.026166024018584
85, 14.026166024018584
90, 14.026166024018584
95, 14.026166024018584
100, 14.026166024018584
150, 13.168143377105217
200, 13.168143377105217
250, 13.168143377105217
300, 13.165611772087667
350, 13.165611772087667
400, 13.165611772087667
450, 13.165611772087667
500, 13.165611772087667
550, 13.165611772087667
600, 13.165611772087667
650, 13.165611772087667
700, 13.165611772087667
750, 13.165611772087667
800, 13.165611772087667
850, 13.165611772087667
900, 13.165611772087667
950, 13.165611772087667
1000, 13.165611772087667
1250, 13.228756555322953
1500, 13.165611772087667
1750, 13.165611772087667
2000, 13.165611772087667
2250, 13.165611772087667
2500, 13.165611772087667
2750, 13.165611772087667
3000, 13.165611772087667
3250, 13.165611772087667
3500, 13.165611772087667
3750, 13.165611772087667
4000, 13.165611772087667
4250, 13.165611772087667
4500, 13.165611772087667
4750, 13.165611772087667
5000, 13.165611772087667
5250, 13.165611772087667
5500, 13.165611772087667
5750, 13.165611772087667
6000, 13.165611772087667
6250, 13.165611772087667
6500, 13.165611772087667
6750, 13.165611772087667
7000, 13.165611772087667
7250, 13.165611772087667
7500, 13.165611772087667
7750, 13.165611772087667
8000, 13.165611772087667
8250, 13.165611772087667
8500, 13.165611772087667
8750, 13.165611772087667
9000, 13.165611772087667
9250, 13.165611772087667
9500, 13.165611772087667
9750, 13.165611772087667
10000, 13.165611772087667
11000, 13.165611772087667
12000, 13.165611772087667
13000, 13.165611772087667
14000, 13.165611772087667
15000, 13.165611772087667
16000, 13.165611772087667
17000, 13.165611772087667
18000, 13.165611772087667
19000, 13.165611772087667
20000, 13.165611772087667
21000, 13.165611772087667
22000, 13.165611772087667
23000, 13.228756555322953
24000, 13.228756555322953
25000, 13.228756555322953
26000, 13.228756555322953
27000, 13.228756555322953
28000, 13.228756555322953
29000, 13.228756555322953
30000, 13.165611772087667
31000, 13.165611772087667
32000, 13.165611772087667
33000, 13.165611772087667
34000, 13.165611772087667
35000, 13.165611772087667
36000, 13.165611772087667
37000, 13.165611772087667
38000, 13.165611772087667
39000, 13.165611772087667
40000, 13.165611772087667
41000, 13.165611772087667
42000, 13.165611772087667
43000, 13.165611772087667
44000, 13.165611772087667
45000, 13.165611772087667
46000, 13.165611772087667
47000, 13.165611772087667
48000, 13.165611772087667
49000, 13.165611772087667
50000, 13.165611772087667
51000, 13.165611772087667
52000, 13.165611772087667
53000, 13.165611772087667
54000, 13.165611772087667
55000, 13.165611772087667
56000, 13.165611772087667
57000, 13.165611772087667
58000, 13.165611772087667
59000, 13.165611772087667
60000, 13.165611772087667
61000, 13.165611772087667
62000, 13.165611772087667
63000, 13.165611772087667
64000, 13.165611772087667
65000, 13.165611772087667
66000, 13.165611772087667
67000, 13.165611772087667
68000, 13.165611772087667
69000, 13.165611772087667
70000, 13.165611772087667
71000, 13.165611772087667
72000, 13.165611772087667
73000, 13.165611772087667
74000, 13.165611772087667
75000, 13.165611772087667
76000, 13.165611772087667
77000, 13.165611772087667
78000, 13.165611772087667
79000, 13.165611772087667
80000, 13.165611772087667
81000, 13.165611772087667
82000, 13.165611772087667
83000, 13.165611772087667
84000, 13.165611772087667
85000, 13.165611772087667
86000, 13.165611772087667
87000, 13.165611772087667
88000, 13.165611772087667
89000, 13.165611772087667
90000, 13.165611772087667
91000, 13.165611772087667
92000, 13.165611772087667
93000, 13.165611772087667
94000, 13.165611772087667
95000, 13.165611772087667
96000, 13.165611772087667
97000, 13.165611772087667
98000, 13.165611772087667
99000, 13.165611772087667
100000, 13.165611772087667
