1, 33.91410719253371
2, 33.47337250213469
3, 32.75922261999919
4, 31.946830828737927
5, 31.393205209620334
6, 31.236196951613685
7, 31.06069327408303
8, 31.007525968168867
9, 30.954805765825764
10, 30.944035504977908
15, 30.012775057742772
20, 28.01309217728977
25, 26.857028875138067
30, 25.652160402845865
35, 25.18531318050264
40, 24.21156748333325
45, 23.908854705596696
50, 22.533678498342578
55, 21.292408662870123
60, 20.891784669258552
65, 20.740459654179958
70, 20.549128124245726
75, 19.665536690701664
80, 18.7136313953225
85, 17.30221565773201
90, 17.265572680916208
95, 16.655329477377503
100, 16.47422228816887
150, 15.414279094398154
200, 14.862705002791383
250, 13.646733430873972
300, 11.478966271693052
350, 9.648834126463155
400, 8.778762251403478
450, 8.240145629781066
500, 7.884584115009914
550, 7.48554161923727
600, 6.713171133426189
650, 7.160074487508259
700, 6.9498201415576215
750, 7.429670248402684
800, 6.887186169498639
850, 6.683312551921141
900, 6.5370737592085755
950, 6.382267099811268
1000, 6.153589738247641
1250, 5.576737397439475
1500, 4.979959839195493
1750, 4.381780460041329
2000, 4.024922359499621
2250, 3.3166247903554
2500, 3.119829055146024
2750, 2.786873995477131
3000, 2.6267851073127395
3250, 2.689485700525908
3500, 2.2211108331943574
3750, 2.065591117977289
4000, 1.9407902170679516
4250, 1.6832508230603465
4500, 1.4944341180973264
4750, 1.4719601443879744
5000, 1.35400640077266
5250, 1.2780193008453875
5500, 1.2649110640673518
5750, 1.2382783747337807
6000, 0.9660917830792959
6250, 0.9660917830792959
6500, 0.9660917830792959
6750, 0.8366600265340756
7000, 0.7302967433402214
7250, 0.6831300510639732
7500, 0.6831300510639732
7750, 0.6324555320336759
8000, 0.5477225575051661
8250, 0.5163977794943222
8500, 0.5163977794943222
8750, 0.48304589153964794
9000, 0.408248290463863
9250, 0.3651483716701107
9500, 0.2581988897471611
9750, 0.2581988897471611
10000, 0.2581988897471611
11000, 0.18257418583505536
12000, 0.0
13000, 0.0
14000, 0.0
15000, 0.0
16000, 0.0
17000, 0.0
18000, 0.0
19000, 0.0
20000, 0.0
21000, 0.0
22000, 0.0
23000, 0.0
24000, 0.0
25000, 0.0
26000, 0.0
27000, 0.0
28000, 0.0
29000, 0.0
30000, 0.0
31000, 0.0
32000, 0.0
33000, 0.0
34000, 0.0
35000, 0.0
36000, 0.0
37000, 0.0
38000, 0.0
39000, 0.0
40000, 0.0
41000, 0.0
42000, 0.0
43000, 0.0
44000, 0.0
45000, 0.0
46000, 0.0
47000, 0.0
48000, 0.0
49000, 0.0
50000, 0.0
51000, 0.0
52000, 0.0
53000, 0.0
54000, 0.0
55000, 0.0
56000, 0.0
57000, 0.0
58000, 0.0
59000, 0.0
60000, 0.0
61000, 0.0
62000, 0.0
63000, 0.0
64000, 0.0
65000, 0.0
66000, 0.0
67000, 0.0
68000, 0.0
69000, 0.0
70000, 0.0
71000, 0.0
72000, 0.0
73000, 0.0
74000, 0.0
75000, 0.0
76000, 0.0
77000, 0.0
78000, 0.0
79000, 0.0
80000, 0.0
81000, 0.0
82000, 0.0
83000, 0.0
84000, 0.0
85000, 0.0
86000, 0.0
87000, 0.0
88000, 0.0
89000, 0.0
90000, 0.0
91000, 0.0
92000, 0.0
93000, 0.0
94000, 0.0
95000, 0.0
96000, 0.0
97000, 0.0
98000, 0.0
99000, 0.0
100000, 0.0
