2.449489742783178
1.2649110640673518
1.6733200530681511
1.4142135623730951
0.7745966692414834
0.4472135954999579
0.6324555320336759
0.4472135954999579
0.6324555320336759
0.6324555320336759
0.7745966692414834
0.6324555320336759
0.7745966692414834
0.6324555320336759
0.6324555320336759
0.7745966692414834
0.7745966692414834
0.7745966692414834
0.7745966692414834
0.8944271909999159
0.7745966692414834
0.4472135954999579
0.6324555320336759
0.0
0.0
0.0
0.0
0.0
0.4472135954999579
0.4472135954999579
0.4472135954999579
0.4472135954999579
0.4472135954999579
0.4472135954999579
0.4472135954999579
0.4472135954999579
0.4472135954999579
0.4472135954999579
0.4472135954999579
0.4472135954999579
0.4472135954999579
0.4472135954999579
0.4472135954999579
0.4472135954999579
0.4472135954999579
0.4472135954999579
0.6324555320336759
0.6324555320336759
0.6324555320336759
0.6324555320336759
0.6324555320336759
0.6324555320336759
0.6324555320336759
0.6324555320336759
0.6324555320336759
0.6324555320336759
0.6324555320336759
0.6324555320336759
0.6324555320336759
0.6324555320336759
0.6324555320336759
0.6324555320336759
0.6324555320336759
0.6324555320336759
0.6324555320336759
0.6324555320336759
0.6324555320336759
0.4472135954999579
0.4472135954999579
0.4472135954999579
0.4472135954999579
0.0
0.4472135954999579
0.0
0.0
0.0
0.0
0.0
0.0
0.0
0.0
0.0
0.0
0.0
0.0
0.0
0.0
0.0
0.0
0.0
0.0
0.0
0.0
0.0
0.0
0.0
0.0
0.0
0.0
0.0
0.0
0.0
0.0
0.0
0.0
0.0
0.0
0.0
0.0
0.0
0.0
0.0
0.0
0.0
0.0
0.0
0.0
0.0
0.0
0.0
0.0
0.0
0.0
0.0
0.0
0.0
0.0
0.0
0.0
0.0
0.0
0.0
0.0
0.0
0.0
0.0
0.0
0.0
0.0
0.0
0.0
0.0
0.0
0.0
0.0
0.0
0.0
0.0
0.0
0.0
0.0
0.0
0.0
0.0
0.0
0.0
0.0
0.0
0.0
0.0
0.0
0.0
0.0
0.0
0.0
0.0
0.0
0.0
0.0
0.0
0.0
0.0
0.0
0.0
0.0
0.0
0.0
0.0
0.0
0.0
0.0
0.0
0.0
0.0
0.0
0.0
0.0
0.0
0.0
0.0
0.0
0.0
0.0
0.0
0.0
0.0
0.0
0.0
0.0
0.0
0.0
0.0
0.0
0.0
0.0
0.0
0.0
0.0
0.0
0.0
0.0
0.0
0.0
0.0
0.0
0.0
0.0
0.0
0.0
0.0
0.0
0.0
0.0
0.0
0.0
0.0
0.0
0.0
0.0
0.0
0.0
0.0
0.0
0.0
0.0
0.0
0.0
0.0
0.0
0.0
0.0
0.0
0.0
0.0
0.0
0.0
0.0
0.0
0.0
0.0
0.0
0.0
0.0
0.0
0.0
0.0
0.0
0.0
0.0
0.0
0.0
0.0
0.0
0.0
0.0
0.0
0.0
0.0
0.0
0.0
0.0
0.0
0.0
0.0
0.0
0.0
0.0
0.0
0.0
0.0
0.0
0.0
0.0
0.0
0.0
0.0
0.0
0.0
0.0
0.0
0.0
0.0
0.0
0.0
0.0
0.0
0.0
0.0
0.0
0.0
0.0
0.0
0.0
0.0
0.0
0.0
0.0
0.0
0.0
0.0
0.0
0.0
0.0
0.0
0.0
0.0
0.0
0.0
0.0
0.0
0.0
0.0
0.0
0.0
0.0
0.0
0.0
0.0
0.0
0.0
0.0
0.0
0.0
0.0
0.0
0.0
0.0
0.0
0.0
0.0
0.0
0.0
0.0
0.0
0.0
0.0
0.0
0.0
0.0
0.0
0.0
0.0
0.0
0.0
0.0
0.0
0.0
0.0
0.0
0.0
0.0
0.0
0.0
0.0
0.0
0.0
0.0
0.0
0.0
0.0
0.0
0.0
0.0
0.0
0.0
0.0
0.0
0.0
0.0
0.0
0.0
0.0
0.0
0.0
0.0
0.0
0.0
0.0
0.0
0.0
0.0
0.0
0.0
0.0
0.0
0.0
0.0
0.0
0.0
0.0
