1, 13.635248439247448
2, 13.6
3, 13.242356285797479
4, 12.976902558006667
5, 13.023056476879765
6, 12.544321424453377
7, 12.25724275683565
8, 12.126005112979295
9, 11.699572641767732
10, 11.056219968868202
15, 10.035935432235503
20, 9.516301802696255
25, 8.361817984146748
30, 8.143709228600933
35, 8.054812226240907
40, 7.914543574963751
45, 7.615773105863909
50, 7.740800992145451
55, 7.127411872482185
60, 7.127411872482185
65, 7.127411872482185
70, 7.216647421067486
75, 7.222188034107115
80, 7.121797525905942
85, 6.788225099390856
90, 5.388877434122992
95, 5.145872132107443
100, 5.011985634456667
150, 4.156921938165306
200, 2.6229754097208002
250, 2.814249455894058
300, 3.1749015732775088
350, 2.5768197453450252
400, 2.3151673805580453
450, 2.280350850198276
500, 2.078460969082653
550, 2.039607805437114
600, 1.876166303929372
650, 1.4966629547095767
700, 1.6492422502470643
750, 1.4422205101855958
800, 1.3564659966250536
850, 1.3856406460551018
900, 1.0954451150103321
950, 0.8944271909999159
1000, 0.9797958971132712
1250, 0.7483314773547883
1500, 0.7483314773547883
1750, 0.4898979485566356
2000, 0.4
2250, 0.0
2500, 0.0
2750, 0.0
3000, 0.0
3250, 0.0
3500, 0.0
3750, 0.0
4000, 0.0
4250, 0.0
4500, 0.0
4750, 0.0
5000, 0.0
5250, 0.0
5500, 0.0
5750, 0.0
6000, 0.0
6250, 0.0
6500, 0.0
6750, 0.0
7000, 0.0
7250, 0.0
7500, 0.0
7750, 0.0
8000, 0.0
8250, 0.0
8500, 0.0
8750, 0.0
9000, 0.0
9250, 0.0
9500, 0.0
9750, 0.0
10000, 0.0
11000, 0.0
12000, 0.0
13000, 0.0
14000, 0.0
15000, 0.0
16000, 0.0
17000, 0.0
18000, 0.0
19000, 0.0
20000, 0.0
21000, 0.0
22000, 0.0
23000, 0.0
24000, 0.0
25000, 0.0
26000, 0.0
27000, 0.0
28000, 0.0
29000, 0.0
30000, 0.0
31000, 0.0
32000, 0.0
33000, 0.0
34000, 0.0
35000, 0.0
36000, 0.0
37000, 0.0
38000, 0.0
39000, 0.0
40000, 0.0
41000, 0.0
42000, 0.0
43000, 0.0
44000, 0.0
45000, 0.0
46000, 0.0
47000, 0.0
48000, 0.0
49000, 0.0
50000, 0.0
51000, 0.0
52000, 0.0
53000, 0.0
54000, 0.0
55000, 0.0
56000, 0.0
57000, 0.0
58000, 0.0
59000, 0.0
60000, 0.0
61000, 0.0
62000, 0.0
63000, 0.0
64000, 0.0
65000, 0.0
66000, 0.0
67000, 0.0
68000, 0.0
69000, 0.0
70000, 0.0
71000, 0.0
72000, 0.0
73000, 0.0
74000, 0.0
75000, 0.0
76000, 0.0
77000, 0.0
78000, 0.0
79000, 0.0
80000, 0.0
81000, 0.0
82000, 0.0
83000, 0.0
84000, 0.0
85000, 0.0
86000, 0.0
87000, 0.0
88000, 0.0
89000, 0.0
90000, 0.0
91000, 0.0
92000, 0.0
93000, 0.0
94000, 0.0
95000, 0.0
96000, 0.0
97000, 0.0
98000, 0.0
99000, 0.0
100000, 0.0
