12.71416532848303
11.247221879201993
10.96813566655701
10.322305943925514
9.625487000666512
8.043631020876083
8.059156283383516
6.48459713474939
6.591661399070799
6.511528238439882
6.760177512462229
5.805170109479997
6.103277807866851
6.058052492344384
5.305657357952923
5.079370039680118
4.4777226354476225
4.679743582719036
5.044799302251775
5.239274758971894
4.919349550499537
4.806245936279167
5.118593556827891
4.695742752749559
4.8270073544588685
4.560701700396552
4.043513323831146
4.08656334834051
4.272001872658765
4.110960958218893
4.049691346263317
4.260281680828158
4.277849927241488
3.8340579025361627
3.5637059362410923
3.5777087639996634
3.331666249791536
3.8340579025361627
3.361547262794322
3.4351128074635335
3.640054944640259
3.626292872893749
3.591656999213594
3.82099463490856
3.721558813185679
3.6945906403822333
3.570714214271425
3.570714214271425
3.398529093593286
3.248076353782343
3.1622776601683795
3.1064449134018135
3.1543620591175006
3.3689761055846033
3.331666249791536
3.3090784215548594
2.701851217221259
2.8809720581775866
2.8635642126552705
2.9664793948382653
2.9068883707497264
2.9154759474226504
3.1622776601683795
3.3391615714128
3.1622776601683795
3.0659419433511785
3.1780497164141406
3.0083217912982647
3.0166206257996713
2.9664793948382653
3.0495901363953815
3.1937438845342623
3.3466401061363023
2.9832867780352594
3.1622776601683795
3.082207001484488
3.122498999199199
3.122498999199199
3.1064449134018135
3.3541019662496847
3.278719262151
3.0495901363953815
3.1937438845342623
3.2326459750489227
3.0740852297878796
2.9916550603303182
2.8372521918222215
2.7838821814150108
3.0166206257996713
2.9410882339705484
3.2093613071762426
2.9068883707497264
2.958039891549808
2.7838821814150108
2.949576240750525
2.9832867780352594
2.7294688127912363
2.6645825188948455
2.701851217221259
2.4899799195977463
2.5199206336708304
2.4899799195977463
2.4698178070456938
2.4698178070456938
2.6076809620810595
2.5592967784139455
2.6076809620810595
2.479919353527449
2.6739483914241875
2.539685019840059
2.6457513110645907
2.6551836094703507
2.5495097567963922
2.345207879911715
2.3130067012440754
2.3130067012440754
