1, 11.441153787970862
2, 10.639548862616309
3, 10.488088481701515
4, 10.188228501560022
5, 10.387492478938313
6, 10.242070103255495
7, 10.069756700139283
8, 9.433981132056603
9, 9.396807968666806
10, 8.631338250816034
15, 6.978538528947161
20, 6.841052550594828
25, 6.410928169929843
30, 6.418722614352485
35, 5.770615218501403
40, 5.558776843874918
45, 5.531726674375733
50, 5.253570214625479
55, 5.531726674375733
60, 5.385164807134504
65, 5.089204259999788
70, 5.138093031466052
75, 4.898979485566356
80, 5.039841267341661
85, 4.898979485566356
90, 4.669047011971501
95, 4.449719092257398
100, 3.8078865529319543
150, 2.8284271247461903
200, 2.9664793948382653
250, 2.4083189157584592
300, 2.1908902300206643
350, 2.0248456731316584
400, 1.6431676725154984
450, 2.1908902300206643
500, 1.8439088914585775
550, 2.0
600, 1.8973665961010275
650, 1.9235384061671346
700, 1.760681686165901
750, 1.9235384061671346
800, 1.9235384061671346
850, 1.9235384061671346
900, 1.816590212458495
950, 1.70293863659264
1000, 1.4142135623730951
1250, 1.3416407864998738
1500, 1.449137674618944
1750, 1.3416407864998738
2000, 1.1832159566199232
2250, 1.3416407864998738
2500, 1.3038404810405297
2750, 1.224744871391589
3000, 1.1832159566199232
3250, 1.1832159566199232
3500, 1.1832159566199232
3750, 1.1832159566199232
4000, 0.9486832980505138
4250, 0.8944271909999159
4500, 1.0
4750, 0.9486832980505138
5000, 0.8944271909999159
5250, 0.9486832980505138
5500, 1.0954451150103321
5750, 0.8944271909999159
6000, 1.140175425099138
6250, 1.140175425099138
6500, 1.140175425099138
6750, 0.8944271909999159
7000, 0.6324555320336759
7250, 0.8366600265340756
7500, 0.7745966692414834
7750, 0.7745966692414834
8000, 1.0488088481701516
8250, 1.140175425099138
8500, 0.7071067811865476
8750, 0.7071067811865476
9000, 0.7745966692414834
9250, 0.7745966692414834
9500, 0.7745966692414834
9750, 0.8366600265340756
10000, 0.8944271909999159
11000, 0.8366600265340756
12000, 0.8366600265340756
13000, 1.0954451150103321
14000, 0.8944271909999159
15000, 0.9486832980505138
16000, 0.7745966692414834
17000, 0.8366600265340756
18000, 0.4472135954999579
19000, 0.4472135954999579
20000, 0.4472135954999579
21000, 0.4472135954999579
22000, 0.4472135954999579
23000, 0.4472135954999579
24000, 0.4472135954999579
25000, 0.4472135954999579
26000, 0.4472135954999579
27000, 0.4472135954999579
28000, 0.5477225575051661
29000, 0.4472135954999579
30000, 0.4472135954999579
31000, 0.4472135954999579
32000, 0.4472135954999579
33000, 0.4472135954999579
34000, 0.4472135954999579
35000, 0.31622776601683794
36000, 0.4472135954999579
37000, 0.31622776601683794
38000, 0.31622776601683794
39000, 0.31622776601683794
40000, 0.31622776601683794
41000, 0.31622776601683794
42000, 0.31622776601683794
43000, 0.31622776601683794
44000, 0.31622776601683794
45000, 0.31622776601683794
46000, 0.0
47000, 0.0
48000, 0.0
49000, 0.0
50000, 0.0
51000, 0.0
52000, 0.0
53000, 0.0
54000, 0.0
55000, 0.0
56000, 0.0
57000, 0.0
58000, 0.0
59000, 0.0
60000, 0.0
61000, 0.0
62000, 0.0
63000, 0.0
64000, 0.0
65000, 0.0
66000, 0.0
67000, 0.0
68000, 0.0
69000, 0.0
70000, 0.0
71000, 0.0
72000, 0.0
73000, 0.0
74000, 0.0
75000, 0.0
76000, 0.0
77000, 0.0
78000, 0.0
79000, 0.0
80000, 0.0
81000, 0.0
82000, 0.0
83000, 0.0
84000, 0.0
85000, 0.0
86000, 0.0
87000, 0.0
88000, 0.0
89000, 0.0
90000, 0.0
91000, 0.0
92000, 0.0
93000, 0.0
94000, 0.0
95000, 0.0
96000, 0.0
97000, 0.0
98000, 0.0
99000, 0.0
100000, 0.0
