1, 13.564659966250536
2, 13.564659966250536
3, 13.564659966250536
4, 13.564659966250536
5, 12.796874618437112
6, 12.796874618437112
7, 11.906300852909773
8, 11.906300852909773
9, 11.906300852909773
10, 11.906300852909773
15, 11.906300852909773
20, 11.103152705425607
25, 11.099549540409287
30, 11.099549540409287
35, 11.099549540409287
40, 11.099549540409287
45, 11.099549540409287
50, 11.099549540409287
55, 11.099549540409287
60, 11.099549540409287
65, 11.099549540409287
70, 11.099549540409287
75, 11.099549540409287
80, 11.099549540409287
85, 11.099549540409287
90, 11.099549540409287
95, 11.099549540409287
100, 11.099549540409287
150, 10.315037566582102
200, 9.549869109050658
250, 9.549869109050658
300, 8.962142600963231
350, 8.962142600963231
400, 8.662563131083086
450, 8.662563131083086
500, 8.662563131083086
550, 8.662563131083086
600, 8.754427451295715
650, 8.754427451295715
700, 8.754427451295715
750, 8.754427451295715
800, 8.754427451295715
850, 8.699425268372618
900, 8.699425268372618
950, 7.95989949685296
1000, 7.95989949685296
1250, 7.725283166331186
1500, 7.725283166331186
1750, 7.725283166331186
2000, 7.631513611335565
2250, 7.059745037889116
2500, 7.002856560004639
2750, 7.4404300950953095
3000, 7.4565407529228995
3250, 7.238784428341543
3500, 7.299315036357863
3750, 7.391887445030531
4000, 7.408103670980854
4250, 7.49933330370107
4500, 7.249827584156743
4750, 7.5099933422074345
5000, 7.578918128598566
5250, 7.364781055808788
5500, 7.541883053985921
5750, 7.5099933422074345
6000, 7.277362159464101
6250, 7.222188034107115
6500, 7.222188034107115
6750, 7.121797525905942
7000, 6.8934751758456345
7250, 6.8934751758456345
7500, 6.6932802122726045
7750, 6.870225614927067
8000, 6.899275324264136
8250, 6.794115100585211
8500, 6.711184694225007
8750, 6.817624219623724
9000, 6.723094525588644
9250, 6.723094525588644
9500, 6.7468511173732
9750, 6.717142249498666
10000, 7.037044834303672
11000, 6.9914233171794145
12000, 6.928203230275509
13000, 7.0823724838503095
14000, 6.997142273814361
15000, 6.8527366796047255
16000, 6.7468511173732
17000, 6.887670143089026
18000, 6.974238309665077
19000, 6.776429738438966
20000, 6.711184694225007
21000, 6.6392770690791325
22000, 6.734983296193095
23000, 6.43117407632541
24000, 6.5787536813594105
25000, 6.54217089351845
26000, 6.734983296193095
27000, 6.729041536504289
28000, 6.6513156593263565
29000, 6.8934751758456345
30000, 6.752777206453653
31000, 6.6452990903344595
32000, 6.222539674441618
33000, 5.692099788303083
34000, 5.706137047074843
35000, 5.455272678794342
36000, 5.824087911424415
37000, 6.053098380168622
38000, 5.932958789676531
39000, 5.440588203494177
40000, 5.336665625650533
41000, 5.635601121442148
42000, 5.578530272392541
43000, 5.946427498927402
44000, 5.761944116355173
45000, 5.817215828899595
46000, 5.775811631277461
47000, 5.9262129560116215
48000, 6.1838499334961226
49000, 6.1773780845922
50000, 6.190315016216864
51000, 6.039867548216599
52000, 6.3498031465550175
53000, 6.305553108173778
54000, 6.196773353931867
55000, 6.273754856543249
56000, 6.4
57000, 6.196773353931867
58000, 6.260990336999411
59000, 6.29285308902091
60000, 6.138403701289122
61000, 5.9262129560116215
62000, 5.912698199637793
63000, 5.621387729022079
64000, 5.830951894845301
65000, 6.006662967072482
66000, 5.939696961966999
67000, 6.0266076693277455
68000, 5.824087911424415
69000, 5.803447251418763
70000, 5.6
71000, 5.642694391866354
72000, 5.6
73000, 5.748043145279966
74000, 5.71314274283428
75000, 5.837807807730569
76000, 5.865151319446072
77000, 5.946427498927402
78000, 5.9262129560116215
79000, 5.946427498927402
80000, 6.079473661428265
81000, 5.858327406350724
82000, 5.656854249492381
83000, 5.796550698475776
84000, 5.865151319446072
85000, 5.89915248150105
86000, 5.878775382679628
87000, 5.90592922409336
88000, 5.966573556070519
89000, 5.803447251418763
90000, 5.71314274283428
91000, 5.607138307550475
92000, 5.649778756730214
93000, 5.4845236803208355
94000, 5.592852581643825
95000, 5.336665625650533
96000, 5.192301994298868
97000, 4.98798556533597
98000, 4.963869458396343
99000, 4.8083261120685235
100000, 5.106858133921482
