1, 13.70255450636851
2, 13.70255450636851
3, 13.70255450636851
4, 13.70255450636851
5, 13.13620949893842
6, 12.28332202622727
7, 11.593101396951552
8, 11.568923891183656
9, 11.568923891183656
10, 10.526157893552615
15, 10.488088481701515
20, 10.488088481701515
25, 10.484273937664925
30, 10.488088481701515
35, 9.57078889120432
40, 9.57078889120432
45, 9.566608594481119
50, 9.055385138137417
55, 9.050966799187808
60, 8.27526434623088
65, 8.260750571225353
70, 8.246211251235321
75, 8.246211251235321
80, 8.246211251235321
85, 8.246211251235321
90, 8.246211251235321
95, 8.246211251235321
100, 8.246211251235321
150, 7.720103626247513
200, 6.997142273814361
250, 4.841487374764082
300, 4.8166378315169185
350, 4.6303347611160905
400, 4.621688003316537
450, 4.586937976471886
500, 4.586937976471886
550, 4.578209256903839
600, 4.578209256903839
650, 4.578209256903839
700, 4.578209256903839
750, 4.1182520563948
800, 4.1182520563948
850, 3.794733192202055
900, 3.794733192202055
950, 3.794733192202055
1000, 3.794733192202055
1250, 3.1874754901018454
1500, 3.334666400106613
1750, 3.046309242345563
2000, 3.046309242345563
2250, 3.059411708155671
2500, 3.1368774282716245
2750, 2.545584412271571
3000, 2.545584412271571
3250, 2.8
3500, 2.939387691339814
3750, 3.0199337741082997
4000, 3.0199337741082997
4250, 3.0199337741082997
4500, 3.1240998703626617
4750, 3.237282811247729
5000, 3.237282811247729
5250, 3.237282811247729
5500, 3.249615361854384
5750, 3.3226495451672298
6000, 3.2
6250, 3.0983866769659336
6500, 3.1240998703626617
6750, 3.1240998703626617
7000, 3.1496031496047245
7250, 3.212475680841802
7500, 3.212475680841802
7750, 3.212475680841802
8000, 3.1496031496047245
8250, 3.1496031496047245
8500, 3.1496031496047245
8750, 3.1874754901018454
9000, 3.1874754901018454
9250, 2.925747767665559
9500, 2.727636339397171
9750, 2.870540018881465
10000, 2.870540018881465
11000, 2.6683328128252666
12000, 2.6683328128252666
13000, 2.8
14000, 2.8844410203711917
15000, 2.842534080710379
16000, 3.1496031496047245
17000, 3.1496031496047245
18000, 3.3105890714493698
19000, 3.3105890714493698
20000, 3.286335345030997
21000, 3.22490309931942
22000, 3.3823069050575527
23000, 3.3823069050575527
24000, 3.286335345030997
25000, 3.4756294393965534
26000, 3.40587727318528
27000, 3.4409301068170506
28000, 3.4409301068170506
29000, 3.0199337741082997
30000, 2.9120439557122073
31000, 2.9120439557122073
32000, 2.814249455894058
33000, 2.814249455894058
34000, 2.756809750418044
35000, 2.5612496949731396
36000, 2.6076809620810595
37000, 2.6076809620810595
38000, 2.6229754097208002
39000, 2.6076809620810595
40000, 2.4979991993593593
41000, 2.7129319932501073
42000, 2.7129319932501073
43000, 2.8284271247461903
44000, 2.727636339397171
45000, 2.5612496949731396
46000, 2.5768197453450252
47000, 2.4979991993593593
48000, 2.4979991993593593
49000, 2.6076809620810595
50000, 2.4979991993593593
51000, 2.349468024894146
52000, 2.5612496949731396
53000, 2.5612496949731396
54000, 2.280350850198276
55000, 2.280350850198276
56000, 2.280350850198276
57000, 2.280350850198276
58000, 2.227105745132009
59000, 2.244994432064365
60000, 2.1908902300206643
61000, 2.3323807579381204
62000, 2.3323807579381204
63000, 2.3323807579381204
64000, 2.3664319132398464
65000, 2.3664319132398464
66000, 2.3664319132398464
67000, 2.4657656011875906
68000, 2.4819347291981715
69000, 2.545584412271571
70000, 2.592296279363144
71000, 2.592296279363144
72000, 2.592296279363144
73000, 2.6076809620810595
74000, 2.5768197453450252
75000, 2.5768197453450252
76000, 2.6981475126464085
77000, 2.6981475126464085
78000, 2.727636339397171
79000, 2.727636339397171
80000, 2.5612496949731396
81000, 2.7422618401604177
82000, 2.842534080710379
83000, 2.842534080710379
84000, 2.842534080710379
85000, 2.842534080710379
86000, 2.7129319932501073
87000, 2.5298221281347035
88000, 2.6076809620810595
89000, 2.842534080710379
90000, 2.6683328128252666
91000, 2.6683328128252666
92000, 2.8
93000, 2.5612496949731396
94000, 2.7712812921102037
95000, 2.7712812921102037
96000, 2.6981475126464085
97000, 2.814249455894058
98000, 2.814249455894058
99000, 2.6076809620810595
100000, 2.6076809620810595
