1, 51.48333063558858
2, 50.76481721297405
3, 50.421996963406535
4, 50.21907561430771
5, 49.6937286452392
6, 49.750265214256785
7, 49.78732547323443
8, 49.371156671796854
9, 49.35585071701227
10, 49.17564889703485
15, 49.169321962197344
20, 48.02429940491931
25, 46.845846489665796
30, 45.421482925055535
35, 44.97431365667395
40, 43.827185880709045
45, 43.5270031130102
50, 43.122306679180944
55, 42.46776555354792
60, 42.703890012763736
65, 41.18036209435539
70, 40.26385199875662
75, 40.04469724917118
80, 40.633593108275434
85, 40.40572016710286
90, 40.29033520723191
95, 40.45793425824463
100, 40.210556933333926
150, 39.36128950010544
200, 37.22185737797977
250, 36.79613506274206
300, 35.44416579479462
350, 34.815066980962264
400, 34.44577058379027
450, 34.68108674447468
500, 33.66105563803171
550, 32.625824808645746
600, 33.02759788755795
650, 34.085513377712566
700, 33.82208351555731
750, 34.099527530125364
800, 33.373642294481435
850, 32.75905303203308
900, 31.84231984848675
950, 31.686660354862966
1000, 31.086974764360715
1250, 29.270387007273335
1500, 30.403581660353403
1750, 29.620563427757038
2000, 29.359458063421023
2250, 29.08913504691705
2500, 28.93863238725086
2750, 27.73725933749684
3000, 27.989680638089144
3250, 27.384099198054496
3500, 26.28476533828843
3750, 26.347675419285096
4000, 25.13032696431412
4250, 26.16953275174099
4500, 24.966199372573936
4750, 23.521621259315154
5000, 22.638708247404733
5250, 22.486539183352438
5500, 21.749074054364296
5750, 21.33854103103896
6000, 20.159916225575497
6250, 19.836554360293746
6500, 19.70843023231993
6750, 19.719139039127555
7000, 19.57663005842539
7250, 19.23018460649819
7500, 19.235384061671343
7750, 19.32471072084766
8000, 19.01578291840754
8250, 17.60492355374863
8500, 17.16391563717324
8750, 17.671697396936406
9000, 18.09419796509367
9250, 17.899099915296798
9500, 18.04315813696581
9750, 17.934448540293744
10000, 17.969727630409736
11000, 17.174270160782832
12000, 16.625950265239645
13000, 16.701297354796523
14000, 15.139352694220449
15000, 14.801651559501355
16000, 13.668292586209231
17000, 12.853015210447703
18000, 12.127104628338401
19000, 11.62277457790905
20000, 12.041594578792296
21000, 11.840608092492547
22000, 11.735037754992998
23000, 11.560469040849704
24000, 10.896482612904649
25000, 10.480670037952939
26000, 11.227941336980109
27000, 11.272385136547928
28000, 10.86482601998046
29000, 10.683320332805403
30000, 10.263202878893768
31000, 9.69765149118303
32000, 10.06313403799565
33000, 10.008884941779367
34000, 9.532400886800065
35000, 9.890511727015049
36000, 9.888264649460883
37000, 9.950991017090821
38000, 10.106103766206507
39000, 10.126971687308874
40000, 10.070860053750236
41000, 9.590504563253061
42000, 10.136841497999047
43000, 9.780933834080807
44000, 9.96772569624363
45000, 9.089676684141313
46000, 8.866917289691058
47000, 8.624255201336391
48000, 8.148619514985345
49000, 8.26774186556133
50000, 8.48528137423857
51000, 7.907802054511312
52000, 8.353309390761112
53000, 8.013876853447538
54000, 8.139069015830032
55000, 8.151346173758322
56000, 7.811672178363748
57000, 7.858470306335422
58000, 7.781745019952502
59000, 7.9232428826698085
60000, 7.937253933193772
61000, 8.740709353364863
62000, 8.262364471909155
63000, 7.800284895082002
64000, 8.163604868221174
65000, 7.61723192650862
66000, 7.76602286315918
67000, 7.688375063113864
68000, 7.463987614613995
69000, 7.5953201966005945
70000, 7.377141873532203
71000, 7.9021797274197985
72000, 7.646349891723937
73000, 7.246455072041164
74000, 7.48182984154129
75000, 7.458030720117893
76000, 7.393691004272944
77000, 7.576278769950324
78000, 7.721542735893017
79000, 7.59093026066122
80000, 7.425182377109221
81000, 6.894442206105824
82000, 7.142984125855399
83000, 6.969776020632067
84000, 7.125852775477317
85000, 6.988880056521534
86000, 7.072638985712633
87000, 7.24338778933357
88000, 6.676659177895617
89000, 6.465291950097845
90000, 6.765927710061479
91000, 6.875075757158365
92000, 6.628222486710395
93000, 6.754422419587201
94000, 7.009517339541527
95000, 6.48074069840786
96000, 6.623191577077223
97000, 6.487595000374861
98000, 6.496152707564686
99000, 6.329823588905671
100000, 6.439461675223067
