1, 57.095533975959974
2, 56.406028046654725
3, 55.526029931915716
4, 54.685098518700684
5, 53.86650164991226
6, 53.49242937089323
7, 52.88175488767369
8, 52.32857727857695
9, 51.46629965326826
10, 50.88496831088725
15, 48.816595538812415
20, 46.58755198548213
25, 44.59775779117152
30, 41.74685616905781
35, 41.66149301213292
40, 41.33182792957505
45, 40.53689677318677
50, 38.96844877590074
55, 38.22015175270763
60, 37.202688074922754
65, 36.19419843013518
70, 35.280022675729676
75, 35.23634487287239
80, 35.1937494450364
85, 34.29227318216161
90, 33.712015662075146
95, 33.692432384735895
100, 33.689761055846034
150, 28.616428847779034
200, 27.218008744211986
250, 24.473659309551564
300, 23.2606964642076
350, 22.315017364994365
400, 22.19954954497951
450, 22.167092727734957
500, 21.692394980729997
550, 21.141428523162762
600, 21.117291492992184
650, 21.056590417254167
700, 20.390684147423794
750, 19.708373854785687
800, 19.699746191258402
850, 18.94201678808252
900, 18.504594024187615
950, 18.499729727755483
1000, 17.864489917151285
1250, 15.81012333917734
1500, 15.877027429591474
1750, 14.623952953972466
2000, 13.412680567284081
2250, 13.255942063844426
2500, 11.831314381758267
2750, 11.148094007497425
3000, 10.730330842988952
3250, 10.34987922634849
3500, 10.321821544669332
3750, 9.630160954002793
4000, 9.564517760974674
4250, 9.500526301210897
4500, 9.06642156531451
4750, 9.065318527222306
5000, 9.06642156531451
5250, 9.172785836374901
5500, 8.861151166750288
5750, 8.813625814612282
6000, 8.823831367382311
6250, 8.793179174792243
6500, 8.538149682454625
6750, 8.532291603080617
7000, 8.380930735902785
7250, 8.380930735902785
7500, 8.310234653726692
7750, 8.325863318599458
8000, 8.335466393669883
8250, 8.392854103342914
8500, 8.168231142664855
8750, 8.104319835741924
9000, 8.075890043827986
9250, 7.57231800705702
9500, 7.476630257007497
9750, 7.576278769950324
10000, 7.472616676907762
11000, 7.496665925596525
12000, 7.259476565152615
13000, 7.437741592714821
14000, 7.437741592714821
15000, 7.252585745787498
16000, 7.107742257566745
17000, 7.041306696913578
18000, 7.046985170979147
19000, 6.923871749245504
20000, 6.8934751758456345
21000, 6.871681017043792
22000, 6.984268036093689
23000, 6.839590631024637
24000, 6.820557161991974
25000, 6.972804313904127
26000, 7.068238818828917
27000, 6.992853494818835
28000, 7.0950687100267045
29000, 6.795586803212803
30000, 6.540642170307133
31000, 6.555913361233506
32000, 6.404685784642366
33000, 6.5467549213331635
34000, 6.571149062378664
35000, 6.321392251711643
36000, 6.284902544988268
37000, 6.2
38000, 6.04648658313239
39000, 6.162791575252241
40000, 6.036555309114628
41000, 5.9531504264548865
42000, 5.973273809227232
43000, 5.892367945062494
44000, 5.89406481131655
45000, 5.88727441181401
46000, 5.871967302361279
47000, 5.865151319446072
48000, 5.851495535331118
49000, 5.902541825349482
50000, 5.653317610041028
51000, 5.500909015790027
52000, 5.571355310873647
53000, 5.582114294781145
54000, 5.594640292279746
55000, 5.387021440462252
56000, 5.329165037789691
57000, 5.223025942880239
58000, 5.128352561983234
59000, 5.151698748956503
60000, 5.021951811795888
61000, 4.905099387372289
62000, 4.91121166312347
63000, 4.91121166312347
64000, 4.866210024238575
65000, 4.833218389437829
66000, 4.886716689148247
67000, 4.851803788283282
68000, 4.853864439804639
69000, 4.724404724407087
70000, 4.732863826479693
71000, 4.951767361255979
72000, 4.9396356140913875
73000, 4.894895300208167
74000, 4.739198244429114
75000, 4.3220365569948616
76000, 4.3220365569948616
77000, 4.216633728461603
78000, 4.1400483088968905
79000, 4.142463035441596
80000, 4.202380277890139
81000, 4.226109321823087
82000, 4.338202392696772
83000, 3.919183588453085
84000, 3.919183588453085
85000, 3.8026306683663087
86000, 3.8961519477556315
87000, 3.878143885933063
88000, 4.1182520563948
89000, 4.166533331199932
90000, 4.166533331199932
91000, 4.259107887809371
92000, 4.259107887809371
93000, 4.259107887809371
94000, 4.219004621945797
95000, 4.249705872175156
96000, 4.242640687119285
97000, 4.242640687119285
98000, 4.268489194082608
99000, 4.261455150532504
100000, 4.106093033529562
