1, 57.33620147864698
2, 56.88936631744108
3, 56.783800506834694
4, 56.539897417664285
5, 56.179533639929765
6, 55.60575509783138
7, 55.66003952567767
8, 54.82079897265271
9, 54.5818651202027
10, 54.51641954494077
15, 54.002962881679004
20, 52.060541679855774
25, 52.07436989537175
30, 52.40686977868455
35, 51.860196683005356
40, 50.852925186266326
45, 49.93976371590078
50, 49.571160970870956
55, 48.78524367060187
60, 47.97353437052559
65, 46.74569498895058
70, 45.75915209004643
75, 46.06929563168944
80, 45.6046050306326
85, 44.17555885328447
90, 44.0206769598106
95, 43.96362132490908
100, 43.58669521769229
150, 40.7133884612912
200, 38.608807285385026
250, 36.41977484828812
300, 34.56414327015788
350, 34.020288064624026
400, 31.726014562185398
450, 31.794339118780247
500, 31.98061913096743
550, 32.54566023297115
600, 31.5730898076194
650, 32.25461207331441
700, 32.42283146179556
750, 32.45889708539093
800, 31.777665112465392
850, 32.51153641401772
900, 32.59079624679336
950, 32.91504215400612
1000, 33.931106672196826
1250, 33.06387757054517
1500, 32.76614106055212
1750, 32.24561985758686
2000, 30.58169387068022
2250, 29.700505046210914
2500, 29.280710373896326
2750, 27.677427626136065
3000, 27.926331660280766
3250, 26.835424349169514
3500, 25.868127106537884
3750, 25.022389973781483
4000, 24.137936945812083
4250, 23.06599228301267
4500, 21.98954296932976
4750, 21.853603821795616
5000, 22.178367838955147
5250, 20.30270917882636
5500, 20.64945519862449
5750, 20.66930090738436
6000, 20.509509989270832
6250, 20.214846029589243
6500, 18.73339264522046
6750, 17.618172436436193
7000, 18.286607121059937
7250, 18.50513442264065
7500, 18.809040379562163
7750, 19.51973360473959
8000, 19.061479480879758
8250, 18.664940396368802
8500, 17.874562931719478
8750, 18.187358246870268
9000, 18.596773913773323
9250, 18.100276240985938
9500, 18.58224959470731
9750, 17.75161964441555
10000, 17.45680383117139
11000, 17.449928366615147
12000, 16.482718222429213
13000, 16.603614064413808
14000, 16.32421514192949
15000, 15.957443404254956
16000, 15.582682695864662
17000, 15.524174696260024
18000, 13.283824750424857
19000, 12.912009913255178
20000, 13.137731919931994
21000, 14.13859964777276
22000, 13.790576492663387
23000, 13.846299144536781
24000, 13.368619973654722
25000, 13.104960892730661
26000, 12.653853168106544
27000, 12.195900950729307
28000, 12.860793132618221
29000, 12.578553175941977
30000, 11.97998330549755
31000, 11.826242006656214
32000, 11.701281981048059
33000, 11.387712676389407
34000, 11.170496855556605
35000, 10.03493896344168
36000, 10.30630874755846
37000, 10.269371937952194
38000, 10.128178513434683
39000, 9.819368615140181
40000, 9.759098319004682
41000, 9.836666101886351
42000, 9.723168207945392
43000, 9.23038460737146
44000, 9.131264972609216
45000, 8.484102781084161
46000, 8.449852069711044
47000, 8.667179472008181
48000, 8.748714191239761
49000, 8.31143790207206
50000, 8.228000972289685
51000, 8.296987405076615
52000, 8.52994724485445
53000, 8.519389649499546
54000, 8.42852300228219
55000, 8.117881497040962
56000, 8.276472678623424
57000, 8.141252974819048
58000, 8.339064695755754
59000, 8.080841540334768
60000, 8.299397568498572
61000, 8.152300288875526
62000, 8.013738203859669
63000, 8.24257241399795
64000, 8.193900170248599
65000, 7.473954776421918
66000, 7.60920495189872
67000, 7.853661566428745
68000, 7.909487973314076
69000, 8.067217612039482
70000, 7.987490219086343
71000, 7.908223567907018
72000, 8.305419917138448
73000, 8.0820789404707
74000, 7.8319856996805095
75000, 7.6850504227363405
76000, 7.584194090343416
77000, 7.819207120929845
78000, 7.527283706623526
79000, 7.866384175718855
80000, 7.5405570086035425
81000, 7.475292636412303
82000, 7.134423592694787
83000, 6.988562083862459
84000, 7.149825172687791
85000, 7.0992957397195395
86000, 7.128814768248646
87000, 7.135825109964509
88000, 7.18192174839019
89000, 7.097887009526145
90000, 7.02993598832877
91000, 6.945502141674136
92000, 7.05691150575094
93000, 7.05691150575094
94000, 7.0823724838503095
95000, 7.202777242147643
96000, 7.202777242147643
97000, 7.19027120489902
98000, 7.547184905645283
99000, 7.245688373094719
100000, 7.128814768248646
