18.765469808743322
16.739175606940744
15.879906440890279
15.346474699887453
14.759016614550287
14.728980180000825
14.979032965162624
13.974466511667423
13.468481725866505
13.24818046805997
13.235234360275928
13.197402341803048
12.952661061396944
13.111608814874158
12.739141034061687
13.200649334678308
12.734654631022726
12.851903694450428
12.907362240210041
13.110519222582845
13.365200014536686
13.464238347775721
13.401492454200763
13.083249923907614
12.606120962226473
12.909575626531758
12.900719802730832
13.024153386250157
13.269729246887982
13.440875821803536
13.159461560847715
13.32559299136172
13.41747261702335
13.41747261702335
13.662252481093402
13.441938635692185
13.68314917804273
13.49920632587603
13.383358536416997
13.47908432667866
13.63399113560348
13.768494056047981
13.770569030674492
13.945813503905546
13.85331316740821
13.959124000349838
14.005101111482814
13.972421816870954
14.27185041561585
14.274853014004332
14.3984126109195
14.45287910022478
14.645330801511937
14.126975209556665
14.135062787267696
14.134052093134105
13.919154325707332
13.700886311267812
13.617215994048541
13.511899517515241
13.59936973329489
13.847124508101208
14.082410507945212
14.184498581197715
14.053977576269492
13.96424004376894
14.122929683926875
13.984685501341408
13.976510907335104
14.142135623730951
13.621411716222998
13.557285864065861
13.498148021117563
13.16380318470746
13.30413469565007
13.236313686219438
13.19198891102367
13.288018233409698
13.170312936948115
13.388694591226692
13.1399065010807
13.306282082427941
13.079973787653945
13.007690033207279
13.174650984805199
13.167058463127919
13.123588359460664
13.11705541869603
13.267575943953418
13.444064011408795
13.585706774821418
13.649699107097039
13.698800781715999
13.407886804840969
13.670614992958958
13.655977236569864
13.74772708486752
13.691498926601968
13.839900907985474
13.958100566644855
14.18751966644326
14.249812028835429
14.388487461459299
14.371598976552928
14.41824241319705
14.485460690933216
14.415269681833914
14.501231474799452
14.407339399466807
14.394443372357264
14.472634274973677
14.529772390312441
14.447936085920961
14.484474446799926
14.561200892391103
14.46769801019795
14.410313766783249
14.298851102698526
14.255825876762504
14.168375247107804
14.131019577005556
14.256827938119436
14.22372263910843
14.266844680687358
14.344735221377514
14.443980456528298
14.540583599999398
14.50615632855828
14.457820424551254
14.508125801967472
14.401388821915754
14.292855358035156
14.221713780594197
14.180469466336941
14.280856316861994
14.39940474960188
14.389480284469723
14.581789033879602
14.516985125805466
14.585707289770253
14.573949361789344
14.57590967511609
14.65800610100647
14.552368486656341
14.539601094940673
14.430127214566454
14.691105180638093
14.811192678897557
14.744490496453244
14.682350921137548
14.469672718186427
14.550405001727125
14.549423159895868
14.65215732531269
14.516001023501126
14.510095008057567
14.422205101855956
14.31582540906591
14.426166702013592
14.472634274973677
14.57590967511609
14.565124686828367
14.587666023048376
14.39345089168781
14.281856622002216
14.401388821915754
14.33377629437347
14.389480284469723
14.300849125638859
14.431117172871367
14.494333868298822
14.368616595105559
14.458808486771753
14.569047424493576
14.626785605281057
14.610172581360661
14.63654916394474
14.630691810613156
14.716366011058184
14.614083227196586
14.661903988617187
14.63654916394474
14.549423159895868
14.580809305384937
14.483488135508951
14.510095008057567
14.500246303326811
14.434086640409816
14.319816439366214
14.236773310189156
14.302846869467231
14.289856542317
14.24580138647374
14.362649974350635
14.325800900074363
14.482501757046576
14.591582700799997
14.400396819929254
14.338758663147937
14.16030669562936
14.259833699691493
14.173415759290851
14.295853544697097
14.167366929471607
14.176439206353214
14.100658545918039
14.17543146231737
14.200603608901378
14.321811537451739
14.279855941650311
14.283857022127162
14.322808982279179
14.357675896288269
14.610172581360661
14.770627223358817
14.82083475574648
