1, 86.58745097683997
2, 86.56296359683319
3, 86.20781093767934
4, 85.72374233548136
5, 84.98745005391483
6, 84.96752320739967
7, 84.8453495091707
8, 84.73716225285496
9, 84.41240035287075
10, 84.37985541585148
15, 82.68784674908399
20, 81.61756346930889
25, 79.70236299299204
30, 77.83461098166205
35, 77.00900380258575
40, 75.41989127544537
45, 74.5889178542407
50, 74.5912416663869
55, 72.82343945003788
60, 72.20036934346896
65, 70.53424700101363
70, 71.08370652500707
75, 70.76175991781625
80, 69.79971346646059
85, 68.93571884976129
90, 67.8152391919889
95, 66.52357977940353
100, 65.10770563714662
150, 55.01187750537757
200, 49.28150430604434
250, 44.73283655958637
300, 43.90763031638123
350, 39.9966665277662
400, 36.48159353244684
450, 34.06444872101509
500, 33.26078772368447
550, 30.731308682406176
600, 29.932813655474042
650, 28.39460042566779
700, 27.954248335449837
750, 27.357631476427194
800, 27.191420215452766
850, 26.945376845264818
900, 26.257189491642094
950, 26.33907110485612
1000, 24.910238858750432
1250, 23.735767665417242
1500, 23.080439048394783
1750, 21.383482722263306
2000, 20.13024258837103
2250, 19.30457631409368
2500, 19.28764716945365
2750, 18.95538621781858
3000, 18.09861873182592
3250, 17.437889780589853
3500, 16.922174801130026
3750, 16.77696833956203
4000, 16.223028899273608
4250, 15.835403373454053
4500, 15.500967711726904
4750, 15.509137091835036
5000, 15.055010240226784
5250, 14.285190466586949
5500, 14.172743794575089
5750, 13.741421566441613
6000, 13.707418915803709
6250, 13.259462030313799
6500, 13.139254164525473
6750, 13.65772064926404
7000, 13.50752876485308
7250, 13.674794331177344
7500, 13.510489751794097
7750, 13.176747195976201
8000, 12.863902984708801
8250, 12.396773773849388
8500, 12.417192382606732
8750, 12.68121971000161
9000, 12.579348154813111
9250, 12.302845199383759
9500, 12.030516752547802
9750, 11.631566245924637
10000, 11.699572641767732
11000, 10.950190257099036
12000, 10.814188211172704
13000, 10.23458189994426
14000, 9.640885159914864
15000, 8.9925895417653
16000, 8.97403662424738
17000, 8.734605505306655
18000, 8.59534757877772
19000, 8.188609975651138
20000, 8.181279443542637
21000, 7.571877794400365
22000, 7.954034615631659
23000, 7.840918313565063
24000, 7.5321532999092184
25000, 7.500222218930139
26000, 7.188880302244572
27000, 7.0066634950833295
28000, 7.060689295906833
29000, 7.059745037889116
30000, 6.979016167531543
31000, 6.944542221533877
32000, 6.957010852370434
33000, 6.97614984548545
34000, 6.8068592855540455
35000, 6.967543804431133
36000, 6.602019892931758
37000, 6.4621977685614045
38000, 6.511528238439882
39000, 6.4570375044081425
40000, 6.524824390995771
41000, 6.359245238233858
42000, 6.445670381478304
43000, 6.067399223170776
44000, 6.178457196852086
45000, 6.3097807674540745
46000, 6.144916598294887
47000, 6.300264544710273
48000, 5.910442735813733
49000, 5.967690787342566
50000, 5.912698199637793
51000, 5.732945723331651
52000, 5.446711546122731
53000, 5.203844732503075
54000, 5.277625728803941
55000, 5.2345009313209605
56000, 5.083306010855534
57000, 4.852490769354092
58000, 5.382688299849187
59000, 4.962526238385714
60000, 4.809712396114068
61000, 4.766550115125193
62000, 4.788875998951459
63000, 5.060961700441264
64000, 4.963869458396343
65000, 5.252301083017487
66000, 5.045129664670011
67000, 5.187163643713842
68000, 5.276362383309167
69000, 5.2814139520902295
70000, 5.304086474910956
71000, 5.2839379254491625
72000, 5.243408560596182
73000, 5.078057371344545
74000, 4.958494395143214
75000, 4.831838849409888
76000, 4.998666488841466
77000, 4.957149718672348
78000, 4.993328882953068
79000, 4.890807704254994
80000, 4.994663819184097
81000, 4.936935621752965
82000, 4.7791212581394085
83000, 4.4691535365584985
84000, 4.5431266766402185
85000, 4.7791212581394085
86000, 4.633213427705081
87000, 4.714516588863239
88000, 4.446721638840612
89000, 4.633213427705081
90000, 4.591296113299598
91000, 4.46318272088428
92000, 4.524010020619612
93000, 4.554850894010326
94000, 4.3954521951671826
95000, 4.37873649964614
96000, 4.4
97000, 4.570922591045853
98000, 4.548992562461861
99000, 4.509249752822894
100000, 4.4885038338701095
