1, 28.37040711727627
2, 27.66875494126904
3, 27.475079617719036
4, 27.431368904959882
5, 27.280029325497434
6, 26.510375327407193
7, 25.65151067676132
8, 25.678785017987124
9, 25.118120948828953
10, 24.481829996958968
15, 22.81929008536418
20, 21.630533973991486
25, 20.415680248279752
30, 18.499729727755483
35, 17.640861656959956
40, 15.8871016865884
45, 15.317963311093287
50, 14.419431334140747
55, 13.082813153141032
60, 12.542726976220123
65, 12.142487389328432
70, 11.755849607748475
75, 11.667047612828192
80, 10.87382177525455
85, 10.894035065117057
90, 10.788883167408942
95, 10.80555412739208
100, 10.680823938254951
150, 8.802272433866156
200, 8.226785520481254
250, 7.972452571197899
300, 6.951258878793107
350, 6.817624219623724
400, 6.566582063752802
450, 6.396874236687791
500, 5.841232746604093
550, 5.779273310719955
600, 5.656854249492381
650, 5.589275444992848
700, 5.617828762075256
750, 5.624944444170094
800, 5.632051136131489
850, 5.699122739510003
900, 5.61426753904728
950, 5.592852581643825
1000, 5.502726596879042
1250, 4.711687595755898
1500, 4.019950248448356
1750, 2.792848008753788
2000, 2.6758176320519302
2250, 2.1071307505705477
2500, 1.8110770276274832
2750, 1.9595917942265424
3000, 1.9390719429665315
3250, 1.9390719429665315
3500, 1.9390719429665315
3750, 1.6852299546352716
4000, 1.3856406460551018
4250, 1.3564659966250536
4500, 1.296148139681572
4750, 1.3114877048604001
5000, 1.2489995996796797
5250, 1.1661903789690602
5500, 1.1661903789690602
5750, 1.0770329614269007
6000, 1.019803902718557
6250, 1.0392304845413265
6500, 1.0583005244258363
6750, 1.1661903789690602
7000, 1.0954451150103321
7250, 1.0954451150103321
7500, 1.131370849898476
7750, 1.2165525060596438
8000, 1.1832159566199232
8250, 1.1832159566199232
8500, 1.1832159566199232
8750, 1.0954451150103321
9000, 1.1489125293076057
9250, 1.3114877048604001
9500, 1.3266499161421599
9750, 1.3416407864998738
10000, 1.3114877048604001
11000, 1.2165525060596438
12000, 1.2
13000, 1.2328828005937953
14000, 1.1832159566199232
15000, 0.938083151964686
16000, 1.1135528725660044
17000, 1.5620499351813308
18000, 1.5491933384829668
19000, 1.5491933384829668
20000, 1.5362291495737217
21000, 1.5362291495737217
22000, 1.4422205101855958
23000, 1.3266499161421599
24000, 1.3266499161421599
25000, 1.3564659966250536
26000, 1.3564659966250536
27000, 1.3114877048604001
28000, 1.3266499161421599
29000, 1.3266499161421599
30000, 1.2328828005937953
31000, 1.2649110640673518
32000, 1.3266499161421599
33000, 1.1832159566199232
34000, 1.131370849898476
35000, 1.019803902718557
36000, 1.0770329614269007
37000, 1.0770329614269007
38000, 1.1489125293076057
39000, 0.9797958971132712
40000, 0.8944271909999159
41000, 0.848528137423857
42000, 0.7483314773547883
43000, 0.8
44000, 0.7745966692414834
45000, 0.7745966692414834
46000, 0.8
47000, 0.8246211251235321
48000, 0.7745966692414834
49000, 0.6
50000, 0.5291502622129182
51000, 0.565685424949238
52000, 0.565685424949238
53000, 0.8
54000, 0.6928203230275509
55000, 0.6928203230275509
56000, 0.6928203230275509
57000, 0.6928203230275509
58000, 0.6928203230275509
59000, 0.6928203230275509
60000, 0.6
61000, 0.565685424949238
62000, 0.565685424949238
63000, 0.6
64000, 0.6
65000, 0.6928203230275509
66000, 0.6
67000, 0.6
68000, 0.6
69000, 0.7211102550927979
70000, 0.7483314773547883
71000, 0.6
72000, 0.7211102550927979
73000, 0.6928203230275509
74000, 0.5291502622129182
75000, 0.5291502622129182
76000, 0.5291502622129182
77000, 0.565685424949238
78000, 0.565685424949238
79000, 0.5291502622129182
80000, 0.5291502622129182
81000, 0.5291502622129182
82000, 0.5291502622129182
83000, 0.5291502622129182
84000, 0.5291502622129182
85000, 0.5291502622129182
86000, 0.6324555320336759
87000, 0.6324555320336759
88000, 0.6324555320336759
89000, 0.6324555320336759
90000, 0.565685424949238
91000, 0.565685424949238
92000, 0.6324555320336759
93000, 0.6324555320336759
94000, 0.6324555320336759
95000, 0.6324555320336759
96000, 0.6324555320336759
97000, 0.6324555320336759
98000, 0.6324555320336759
99000, 0.6633249580710799
100000, 0.6
