1, 16.673332000533065
2, 16.673332000533065
3, 15.90387793380386
4, 15.918542646863123
5, 15.046594299043223
6, 14.99333185119305
7, 14.127986409959489
8, 14.127986409959489
9, 14.132704388521445
10, 14.127986409959489
15, 12.638565319423456
20, 12.487326909043958
25, 12.465953633797938
30, 12.460604586723177
35, 12.457929201917949
40, 12.463279397226612
45, 12.45525324244085
50, 12.45525324244085
55, 12.40698727868024
60, 12.40698727868024
65, 12.40698727868024
70, 12.40698727868024
75, 12.40698727868024
80, 12.40698727868024
85, 12.40698727868024
90, 11.575836902790225
95, 11.575836902790225
100, 11.575836902790225
150, 10.776517681205434
200, 9.821744583660617
250, 9.003702941938204
300, 7.602631123499285
350, 7.4922181851126926
400, 6.8507907086214015
450, 6.845923361144695
500, 6.772493386240157
550, 6.772493386240157
600, 6.816646291738091
650, 6.5777402401331315
700, 6.5777402401331315
750, 6.643292356454993
800, 6.643292356454993
850, 6.643292356454993
900, 6.511528238439882
950, 6.767569726275452
1000, 6.797058187186572
1250, 6.688298238964328
1500, 6.688298238964328
1750, 6.7379522111692065
2000, 6.6733300033291725
2250, 6.6733300033291725
2500, 7.019021774198073
2750, 6.303438215238834
3000, 6.260990336999411
3250, 6.011100842053254
3500, 6.104643041707408
3750, 6.03876367037713
4000, 6.26631204670392
4250, 6.121002096606949
4500, 6.082762530298219
4750, 5.053051883103254
5000, 5.033222956847166
5250, 5.615454864330523
5500, 5.686240703077327
5750, 5.9497899122574065
6000, 5.329165037789691
6250, 5.422176684690384
6500, 5.385164807134504
6750, 5.092478113191389
7000, 5.183306537980044
7250, 5.183306537980044
7500, 5.183306537980044
7750, 5.019960159204453
8000, 5.019960159204453
8250, 5.118593556827891
8500, 4.919349550499537
8750, 4.919349550499537
9000, 4.919349550499537
9250, 5.00666222813829
9500, 5.403702434442518
9750, 5.403702434442518
10000, 5.41602560309064
11000, 5.354126134736337
12000, 5.409867527644892
13000, 5.253570214625479
14000, 5.072803301265814
15000, 4.802776974487434
16000, 4.69041575982343
17000, 5.378971401051816
18000, 5.865151319446072
19000, 5.848076606885378
20000, 5.5437652667959645
21000, 5.561774297230456
22000, 4.871686908385363
23000, 5.053051883103254
24000, 5.059644256269407
25000, 5.157518783291051
26000, 5.0990195135927845
27000, 5.2977982848223535
28000, 5.335416259924493
29000, 5.3975302994363386
30000, 5.5677643628300215
31000, 5.2977982848223535
32000, 5.033222956847166
33000, 5.059644256269407
34000, 5.144576432192126
35000, 4.993328882953068
36000, 5.360348247393385
37000, 5.495452665613635
38000, 5.5437652667959645
39000, 5.686240703077327
40000, 5.66274374015518
41000, 5.385164807134504
42000, 5.335416259924493
43000, 5.41602560309064
44000, 5.163977794943222
45000, 5.385164807134504
46000, 5.495452665613635
47000, 5.597618541248888
48000, 5.5377492419453835
49000, 5.391351098441528
50000, 5.221749387577564
51000, 4.926120853842978
52000, 4.412104562073146
53000, 4.358898943540674
54000, 4.618802153517006
55000, 4.946379147079878
56000, 4.83045891539648
57000, 4.973261840415537
58000, 5.046450898073483
59000, 5.059644256269407
60000, 5.059644256269407
61000, 4.88535225614967
62000, 4.809712396114068
63000, 4.8166378315169185
64000, 4.844240566555986
65000, 4.802776974487434
66000, 4.74692883171144
67000, 4.823553323709262
68000, 4.74692883171144
69000, 4.781910357447813
70000, 4.871686908385363
71000, 4.704607670500627
72000, 4.76794854558366
73000, 5.013315602805526
74000, 4.8373546489791295
75000, 5.079370039680118
76000, 5.059644256269407
77000, 4.802776974487434
78000, 4.844240566555986
79000, 4.531372124791048
80000, 4.553387017741116
81000, 4.8166378315169185
82000, 4.979959839195493
83000, 5.072803301265814
84000, 5.053051883103254
85000, 5.11207720338155
86000, 4.993328882953068
87000, 5.0
88000, 5.079370039680118
89000, 5.170428737864331
90000, 5.391351098441528
91000, 5.347896782848375
92000, 5.4528280124476085
93000, 5.378971401051816
94000, 5.366563145999495
95000, 5.304086474910956
96000, 5.316640543300503
97000, 5.329165037789691
98000, 5.360348247393385
99000, 5.41602560309064
100000, 5.409867527644892
