1, 57.628985762374825
2, 57.07205971401417
3, 56.53777498274937
4, 55.898837197208316
5, 55.84371047844153
6, 55.37707106736506
7, 54.851435715029375
8, 54.05219699512685
9, 53.73471875798737
10, 53.12720583655798
15, 51.65075023656481
20, 49.73208220052726
25, 48.77847886107151
30, 48.01999583506854
35, 47.06314906590931
40, 46.23872835621672
45, 44.52549831276456
50, 42.31619075483993
55, 40.865388778280334
60, 38.22695384149775
65, 38.48272339635021
70, 37.808464660707926
75, 37.896173949358
80, 36.85159426673424
85, 36.687327512371354
90, 36.01360853899537
95, 37.112531576274876
100, 36.109832455994585
150, 31.782070417139284
200, 27.785247884444004
250, 24.75600937146373
300, 22.347706817479057
350, 20.787977294580635
400, 19.557095898931415
450, 19.97348242044937
500, 20.095770699328753
550, 19.960961900670018
600, 17.796628894259722
650, 17.30375681752376
700, 17.564168070250297
750, 17.58465239918037
800, 17.16041957529011
850, 17.286989327236828
900, 16.770211686201222
950, 15.691398917878546
1000, 15.00999666888704
1250, 13.014607178090317
1500, 12.946814279968644
1750, 12.428998350631478
2000, 11.27741105041401
2250, 10.588673193559238
2500, 9.973966111833347
2750, 9.50263121456368
3000, 8.755569655939013
3250, 8.416650165000325
3500, 7.647221717722064
3750, 7.138627319029899
4000, 7.059745037889116
4250, 7.202777242147643
4500, 6.685805860178712
4750, 6.761656601750786
5000, 6.26258732474047
5250, 6.1757590626578045
5500, 6.272160712226689
5750, 6.637770710110436
6000, 6.584831053261731
6250, 6.5314623171231725
6500, 6.631741852635701
6750, 6.352952069707436
7000, 6.222539674441618
7250, 6.095900261651268
7500, 6.004997918400972
7750, 5.9715994507334464
8000, 5.732364259186605
8250, 5.744562646538029
8500, 5.707889277132134
8750, 5.737595315112421
9000, 5.951470406546604
9250, 5.803447251418763
9500, 5.815496539419485
9750, 5.861740355901138
10000, 5.89576118919347
11000, 5.591064299397745
12000, 5.583905443325486
13000, 5.646237685397241
14000, 5.340411969127476
15000, 5.287721626560915
16000, 5.338539126015656
17000, 5.405552700695831
18000, 5.06951674225463
19000, 4.77283982551269
20000, 4.7833042972405595
21000, 4.465422712353221
22000, 4.658325879540846
23000, 4.456455991031438
24000, 4.467661580737736
25000, 4.602173399601541
26000, 4.696807426326951
27000, 4.536518488885502
28000, 4.406812907306141
29000, 4.347413023856832
30000, 4.324349662087931
31000, 4.1012193308819755
32000, 4.091454509095756
33000, 4.071854614300467
34000, 3.5693136595149495
35000, 3.7416573867739413
36000, 3.6441734316577197
37000, 3.8392707640904935
38000, 3.7815340802378077
39000, 3.749666651850535
40000, 3.7013511046643495
41000, 3.8961519477556315
42000, 3.6633318168028404
43000, 3.655133376499413
44000, 3.8340579025361627
45000, 3.823610858861032
46000, 3.8987177379235853
47000, 3.8704004960727256
48000, 3.8652296180175374
49000, 4.110960958218893
50000, 4.197618372363071
51000, 3.992492955535426
52000, 3.8
53000, 3.9496835316262997
54000, 3.8600518131237567
55000, 3.6932370625238775
56000, 3.627671429443411
57000, 3.7175260590882213
58000, 3.712142238654117
59000, 3.690528417449187
60000, 3.5860842154082215
61000, 3.5242020373412193
62000, 3.5383612025908264
63000, 3.5128336140500593
64000, 3.3763886032268267
65000, 3.3734255586866
66000, 3.1240998703626617
67000, 2.9223278392404914
68000, 2.9359836511806394
69000, 2.898275349237888
70000, 2.8844410203711917
71000, 3.003331483536241
72000, 2.9154759474226504
73000, 3.082207001484488
74000, 2.9359836511806394
75000, 2.9899832775452104
76000, 2.814249455894058
77000, 2.824889378365107
78000, 2.723967694375247
79000, 2.5612496949731396
80000, 2.4899799195977463
81000, 2.596150997149434
82000, 2.831960451701259
83000, 2.749545416973504
84000, 2.824889378365107
85000, 2.6229754097208002
86000, 2.6683328128252666
87000, 2.749545416973504
88000, 2.6981475126464085
89000, 2.749545416973504
90000, 2.6570660511172846
91000, 2.7202941017470885
92000, 2.6038433132583076
93000, 2.8035691537752374
94000, 2.694438717061496
95000, 2.5768197453450252
96000, 2.6832815729997477
97000, 2.4859605789312105
98000, 2.6419689627245813
99000, 2.6343879744638983
