1, 16.510602654052335
2, 16.097618871539147
3, 16.081044742180154
4, 15.455311923952447
5, 15.26215362697327
6, 14.466052214293528
7, 14.470659971127786
8, 13.916417163432069
9, 13.89724193260423
10, 13.613718571108091
15, 11.704699910719626
20, 9.647106647418523
25, 8.282511696339462
30, 7.694153624668538
35, 7.745966692414834
40, 7.737355275975549
45, 7.505553499465135
50, 7.478859093025709
55, 7.514430561703706
60, 7.474400756359446
65, 7.108680140035373
70, 5.830951894845301
75, 5.686240703077327
80, 5.738757124441958
85, 5.732945723331651
90, 5.70379990298865
95, 5.69795284875776
100, 5.680375574437544
150, 4.633213427705081
200, 4.131182235954578
250, 3.4253953543107007
300, 3.3960761671866746
350, 3.415650255319866
400, 3.40587727318528
450, 3.444802848737017
500, 2.6583202716502514
550, 2.5298221281347035
600, 2.5298221281347035
650, 2.265686062395524
700, 2.265686062395524
750, 2.265686062395524
800, 1.7320508075688772
850, 1.4605934866804429
900, 1.505545305418162
950, 1.4605934866804429
1000, 1.2649110640673518
1250, 1.2649110640673518
1500, 1.2110601416389966
1750, 1.1254628677422756
2000, 0.8944271909999159
2250, 0.8944271909999159
2500, 1.3165611772087666
2750, 1.3165611772087666
3000, 1.1832159566199232
3250, 1.1832159566199232
3500, 1.0
3750, 0.9309493362512627
4000, 1.0645812948447542
4250, 1.0645812948447542
4500, 1.1254628677422756
4750, 0.9309493362512627
5000, 0.9309493362512627
5250, 0.9309493362512627
5500, 0.9309493362512627
5750, 0.9309493362512627
6000, 0.8944271909999159
6250, 0.8944271909999159
6500, 0.8944271909999159
6750, 0.8944271909999159
7000, 0.8944271909999159
7250, 0.8944271909999159
7500, 0.8563488385776752
7750, 0.7745966692414834
8000, 0.816496580927726
8250, 0.816496580927726
8500, 0.816496580927726
8750, 0.7745966692414834
9000, 0.816496580927726
9250, 0.7302967433402214
9500, 0.7302967433402214
9750, 0.7302967433402214
10000, 0.7302967433402214
11000, 0.6831300510639732
12000, 0.6831300510639732
13000, 0.816496580927726
14000, 0.816496580927726
15000, 0.816496580927726
16000, 0.816496580927726
17000, 0.816496580927726
18000, 0.816496580927726
19000, 0.816496580927726
20000, 0.816496580927726
21000, 0.816496580927726
22000, 0.816496580927726
23000, 0.816496580927726
24000, 0.816496580927726
25000, 0.816496580927726
26000, 0.816496580927726
27000, 0.816496580927726
28000, 0.816496580927726
29000, 0.816496580927726
30000, 0.816496580927726
31000, 0.816496580927726
32000, 0.816496580927726
33000, 0.816496580927726
34000, 0.816496580927726
35000, 0.816496580927726
36000, 0.816496580927726
37000, 0.816496580927726
38000, 0.5773502691896257
39000, 0.5773502691896257
40000, 0.5163977794943222
41000, 0.5163977794943222
42000, 0.5163977794943222
43000, 0.3651483716701107
44000, 0.3651483716701107
45000, 0.3651483716701107
46000, 0.4472135954999579
47000, 0.4472135954999579
48000, 0.5163977794943222
49000, 0.5163977794943222
50000, 0.5163977794943222
51000, 0.5163977794943222
52000, 0.5163977794943222
53000, 0.4472135954999579
54000, 0.6324555320336759
55000, 0.6324555320336759
56000, 0.6324555320336759
57000, 0.6324555320336759
58000, 0.6324555320336759
59000, 0.6324555320336759
60000, 0.6324555320336759
61000, 0.6324555320336759
62000, 0.6324555320336759
63000, 0.6324555320336759
64000, 0.6324555320336759
65000, 0.6324555320336759
66000, 0.6324555320336759
67000, 0.6324555320336759
68000, 0.6324555320336759
69000, 0.6324555320336759
70000, 0.6324555320336759
71000, 0.6324555320336759
72000, 0.6324555320336759
73000, 0.6324555320336759
74000, 0.6831300510639732
75000, 0.6831300510639732
76000, 0.6831300510639732
77000, 0.6831300510639732
78000, 0.6831300510639732
79000, 0.6831300510639732
80000, 0.6831300510639732
81000, 0.6831300510639732
82000, 0.6831300510639732
83000, 0.6831300510639732
84000, 0.6831300510639732
85000, 0.6831300510639732
86000, 0.816496580927726
87000, 0.6831300510639732
88000, 0.6831300510639732
89000, 0.6324555320336759
90000, 0.6324555320336759
91000, 0.6324555320336759
92000, 0.6831300510639732
93000, 0.5163977794943222
94000, 0.5163977794943222
95000, 0.5163977794943222
96000, 0.5163977794943222
97000, 0.5163977794943222
98000, 0.6324555320336759
99000, 0.6324555320336759
100000, 0.6324555320336759
