1, 0.5477225575051661
2, 0.8944271909999159
3, 0.7745966692414834
4, 2.949576240750525
5, 2.949576240750525
6, 2.588435821108957
7, 2.8809720581775866
8, 3.0
9, 3.0166206257996713
10, 2.9664793948382653
15, 4.159326868617084
20, 4.171330722922842
25, 4.03732584763727
30, 4.47213595499958
35, 4.711687595755898
40, 4.58257569495584
45, 4.449719092257398
50, 4.254409477236529
55, 4.301162633521313
60, 4.03732584763727
65, 3.9496835316262997
70, 3.7815340802378077
75, 3.2093613071762426
80, 2.9664793948382653
85, 3.1622776601683795
90, 3.714835124201342
95, 3.7549966711037173
100, 3.492849839314596
150, 3.0495901363953815
200, 3.5071355833500366
250, 2.4899799195977463
300, 2.0248456731316584
350, 2.1447610589527217
400, 1.9493588689617927
450, 1.3038404810405297
500, 1.6431676725154984
550, 1.760681686165901
600, 1.51657508881031
650, 1.816590212458495
700, 2.073644135332772
750, 2.04939015319192
800, 1.4832396974191326
850, 1.5811388300841898
900, 1.3038404810405297
950, 1.224744871391589
1000, 1.378404875209022
1250, 1.449137674618944
1500, 1.3038404810405297
1750, 0.9486832980505138
2000, 0.8944271909999159
2250, 0.8944271909999159
2500, 0.7071067811865476
2750, 0.8366600265340756
3000, 0.6324555320336759
3250, 0.7071067811865476
3500, 0.31622776601683794
3750, 0.5477225575051661
4000, 0.31622776601683794
4250, 0.31622776601683794
4500, 0.4472135954999579
4750, 0.31622776601683794
5000, 0.31622776601683794
5250, 0.5477225575051661
5500, 0.5477225575051661
5750, 0.5477225575051661
6000, 0.6324555320336759
6250, 0.5477225575051661
6500, 0.5477225575051661
6750, 0.0
7000, 0.0
7250, 0.31622776601683794
7500, 0.4472135954999579
7750, 0.4472135954999579
8000, 0.4472135954999579
8250, 0.4472135954999579
8500, 0.4472135954999579
8750, 0.4472135954999579
9000, 0.6324555320336759
9250, 0.6324555320336759
9500, 0.6324555320336759
9750, 0.6324555320336759
10000, 0.6324555320336759
11000, 0.6324555320336759
12000, 0.5477225575051661
13000, 0.5477225575051661
14000, 0.4472135954999579
15000, 0.5477225575051661
16000, 0.4472135954999579
17000, 0.4472135954999579
18000, 0.4472135954999579
19000, 0.31622776601683794
20000, 0.31622776601683794
21000, 0.4472135954999579
22000, 0.31622776601683794
23000, 0.4472135954999579
24000, 0.4472135954999579
25000, 0.4472135954999579
26000, 0.4472135954999579
27000, 0.4472135954999579
28000, 0.4472135954999579
29000, 0.31622776601683794
30000, 0.31622776601683794
31000, 0.31622776601683794
32000, 0.31622776601683794
33000, 0.31622776601683794
34000, 0.31622776601683794
35000, 0.31622776601683794
36000, 0.31622776601683794
37000, 0.31622776601683794
38000, 0.31622776601683794
39000, 0.31622776601683794
40000, 0.31622776601683794
41000, 0.31622776601683794
42000, 0.31622776601683794
43000, 0.31622776601683794
44000, 0.31622776601683794
45000, 0.31622776601683794
46000, 0.31622776601683794
47000, 0.31622776601683794
48000, 0.31622776601683794
49000, 0.31622776601683794
50000, 0.31622776601683794
51000, 0.31622776601683794
52000, 0.31622776601683794
53000, 0.31622776601683794
54000, 0.31622776601683794
55000, 0.31622776601683794
56000, 0.31622776601683794
57000, 0.31622776601683794
58000, 0.31622776601683794
59000, 0.31622776601683794
60000, 0.31622776601683794
61000, 0.31622776601683794
62000, 0.0
63000, 0.0
64000, 0.0
65000, 0.0
66000, 0.0
67000, 0.0
68000, 0.0
69000, 0.0
70000, 0.0
71000, 0.0
72000, 0.0
73000, 0.0
74000, 0.0
75000, 0.0
76000, 0.0
77000, 0.0
78000, 0.0
79000, 0.0
80000, 0.0
81000, 0.0
82000, 0.0
83000, 0.0
84000, 0.0
85000, 0.0
86000, 0.0
87000, 0.0
88000, 0.0
89000, 0.0
90000, 0.0
91000, 0.0
92000, 0.0
93000, 0.0
94000, 0.0
95000, 0.0
96000, 0.31622776601683794
97000, 0.0
98000, 0.0
99000, 0.0
100000, 0.0
