1, 34.23935357645254
2, 33.66600659418934
3, 33.03483010399781
4, 32.80751946327752
5, 32.55968877820139
6, 32.58220373148507
7, 32.280541094184485
8, 31.547318956344505
9, 30.741936612169813
10, 30.767948691238203
15, 27.70980572529034
20, 25.513395174561406
25, 25.031313722349186
30, 23.247222056265848
35, 22.80423937195304
40, 22.086194783167155
45, 20.28217608311955
50, 19.717166801208197
55, 18.88915032498815
60, 17.856838092637418
65, 18.0
70, 17.230786401090345
75, 17.270398567105122
80, 16.765042996266565
85, 15.636495771111889
90, 15.224979474534605
95, 14.454526396023265
100, 14.573949361789344
150, 11.604596790352806
200, 10.011659869039367
250, 8.850612031567836
300, 8.002083062136592
350, 7.467708260682568
400, 8.356634091147782
450, 7.563068160475615
500, 6.457553716385176
550, 6.164414002968976
600, 6.3456021516217564
650, 6.680818313150967
700, 6.148170459575759
750, 6.207522318391883
800, 6.0882400303098
850, 5.483308003994183
900, 5.313504806936128
950, 5.237683966538391
1000, 5.176871642217914
1250, 4.892170615721955
1500, 4.73990154609425
1750, 4.5789372857319925
2000, 4.442221666388715
2250, 3.8901585229053754
2500, 3.710345895825168
2750, 3.2197308376115337
3000, 3.32665998663324
3250, 3.478505426185217
3500, 3.5118845842842465
3750, 3.1937438845342623
4000, 3.0
4250, 2.898275349237888
4500, 3.03315017762062
4750, 3.3960761671866746
5000, 3.3466401061363023
5250, 3.391164991562634
5500, 3.3960761671866746
5750, 3.1989581637360205
6000, 3.2093613071762426
6250, 3.2093613071762426
6500, 2.9552213679068666
6750, 3.0713731999438516
7000, 3.1144823004794873
7250, 3.011090610836324
7500, 2.869378562220979
7750, 2.898275349237888
8000, 2.792848008753788
8250, 2.7264140062238043
8500, 2.938253449471868
8750, 2.8106938645110393
9000, 2.9268868558020253
9250, 2.8460498941515415
9500, 2.857738033247041
9750, 2.8809720581775866
10000, 2.6708300832013507
11000, 2.6645825188948455
12000, 2.516611478423583
13000, 2.422120283277993
14000, 2.2949219304078006
15000, 2.258317958127243
16000, 2.258317958127243
17000, 2.2211108331943574
18000, 2.0816659994661326
19000, 2.065591117977289
20000, 2.041241452319315
21000, 2.0816659994661326
22000, 2.0
23000, 2.057506581601462
24000, 1.9493588689617927
25000, 1.8618986725025255
26000, 1.816590212458495
27000, 2.0330600909302543
28000, 1.816590212458495
29000, 1.7126976771553504
30000, 1.591644851508443
31000, 1.591644851508443
32000, 1.51657508881031
33000, 1.4259499757471625
34000, 1.3416407864998738
35000, 1.3416407864998738
36000, 1.378404875209022
37000, 1.3662601021279464
38000, 1.4259499757471625
39000, 1.35400640077266
40000, 1.390443574307614
41000, 1.35400640077266
42000, 1.390443574307614
43000, 1.4832396974191326
44000, 1.378404875209022
45000, 1.35400640077266
46000, 1.35400640077266
47000, 1.3416407864998738
48000, 1.2382783747337807
49000, 1.2780193008453875
50000, 1.3291601358251257
51000, 1.2516655570345725
52000, 1.2516655570345725
53000, 1.2516655570345725
54000, 1.224744871391589
55000, 1.1832159566199232
56000, 1.224744871391589
57000, 1.2516655570345725
58000, 1.1547005383792515
59000, 1.2382783747337807
60000, 1.2649110640673518
61000, 1.2780193008453875
62000, 1.224744871391589
63000, 1.1690451944500122
64000, 1.1690451944500122
65000, 1.224744871391589
66000, 1.2649110640673518
67000, 1.2110601416389966
68000, 1.1254628677422756
69000, 1.1254628677422756
70000, 1.1105554165971787
71000, 1.0954451150103321
72000, 1.0488088481701516
73000, 1.1690451944500122
74000, 1.2516655570345725
75000, 1.2649110640673518
76000, 1.0954451150103321
77000, 1.0
78000, 0.983192080250175
79000, 1.3165611772087666
80000, 0.9309493362512627
81000, 1.1105554165971787
82000, 1.140175425099138
83000, 1.140175425099138
84000, 1.1254628677422756
85000, 1.0801234497346435
86000, 1.0165300454651272
87000, 1.0488088481701516
88000, 1.0645812948447542
89000, 1.0
90000, 1.1254628677422756
91000, 1.0954451150103321
92000, 1.1105554165971787
93000, 0.8755950357709131
94000, 0.8944271909999159
95000, 0.983192080250175
96000, 1.0645812948447542
97000, 0.8944271909999159
98000, 1.0954451150103321
99000, 0.7958224257542215
100000, 0.8944271909999159
