1, 22.31255252094659
2, 21.6794833886788
3, 20.81465829649865
4, 20.38872237291979
5, 20.02997753368685
6, 19.51409746824075
7, 19.51409746824075
8, 18.68555591894445
9, 18.35619786339208
10, 18.063775906493085
15, 16.776471619503308
20, 16.2511538051918
25, 15.198684153570664
30, 13.416407864998739
35, 11.133283433021905
40, 11.01135777277262
45, 11.070230349906907
50, 9.270922284217466
55, 9.324698386543128
60, 9.1706052144883
65, 9.12414379544733
70, 9.077444574328174
75, 9.058145505565696
80, 8.899438184514796
85, 8.502940667792526
90, 8.470537173048708
95, 8.279492738084864
100, 8.303613671167511
150, 7.123903424387503
200, 6.946221994724902
250, 6.924593850905626
300, 6.2809234989768825
350, 5.813776741499453
400, 5.454356057317857
450, 5.044799302251775
500, 3.4132096331752027
550, 3.3689761055846033
600, 3.255764119219941
650, 3.271085446759225
700, 3.0495901363953815
750, 3.024896692450835
800, 3.024896692450835
850, 2.958039891549808
900, 2.949576240750525
950, 2.5298221281347035
1000, 2.6076809620810595
1250, 2.3664319132398464
1500, 2.0124611797498106
1750, 1.8841443681416772
2000, 1.7748239349298849
2250, 1.6431676725154984
2500, 1.5811388300841898
2750, 1.5811388300841898
3000, 1.61245154965971
3250, 1.6431676725154984
3500, 1.6583123951777
3750, 1.61245154965971
4000, 1.4832396974191326
4250, 1.4832396974191326
4500, 1.4317821063276353
4750, 1.378404875209022
5000, 1.3601470508735443
5250, 1.3601470508735443
5500, 1.3416407864998738
5750, 1.3416407864998738
6000, 1.3416407864998738
6250, 1.3416407864998738
6500, 1.396424004376894
6750, 1.378404875209022
7000, 1.3601470508735443
7250, 0.9219544457292888
7500, 0.9219544457292888
7750, 0.8944271909999159
8000, 0.7745966692414834
8250, 0.806225774829855
8500, 1.0
8750, 1.02469507659596
9000, 1.02469507659596
9250, 1.02469507659596
9500, 1.02469507659596
9750, 1.02469507659596
10000, 1.02469507659596
11000, 1.161895003862225
12000, 1.140175425099138
13000, 0.9746794344808963
14000, 0.9746794344808963
15000, 1.0723805294763609
16000, 1.0723805294763609
17000, 0.9486832980505138
18000, 0.9746794344808963
19000, 0.9746794344808963
20000, 0.9486832980505138
21000, 0.8366600265340756
22000, 0.8366600265340756
23000, 0.8366600265340756
24000, 0.8660254037844386
25000, 0.8660254037844386
26000, 0.8660254037844386
27000, 0.7745966692414834
28000, 0.7745966692414834
29000, 0.4472135954999579
30000, 0.4472135954999579
31000, 0.4472135954999579
32000, 0.4472135954999579
33000, 0.4472135954999579
34000, 0.4472135954999579
35000, 0.4472135954999579
36000, 0.4472135954999579
37000, 0.4472135954999579
38000, 0.4472135954999579
39000, 0.4472135954999579
40000, 0.4472135954999579
41000, 0.4472135954999579
42000, 0.4472135954999579
43000, 0.4472135954999579
44000, 0.4472135954999579
45000, 0.5
46000, 0.4472135954999579
47000, 0.4472135954999579
48000, 0.4472135954999579
49000, 0.31622776601683794
50000, 0.31622776601683794
51000, 0.31622776601683794
52000, 0.31622776601683794
53000, 0.31622776601683794
54000, 0.4472135954999579
55000, 0.4472135954999579
56000, 0.4472135954999579
57000, 0.4472135954999579
58000, 0.4472135954999579
59000, 0.4472135954999579
60000, 0.4472135954999579
61000, 0.4472135954999579
62000, 0.31622776601683794
63000, 0.22360679774997896
64000, 0.22360679774997896
65000, 0.22360679774997896
66000, 0.22360679774997896
67000, 0.22360679774997896
68000, 0.22360679774997896
69000, 0.22360679774997896
70000, 0.22360679774997896
71000, 0.22360679774997896
72000, 0.22360679774997896
73000, 0.22360679774997896
74000, 0.22360679774997896
75000, 0.22360679774997896
76000, 0.31622776601683794
77000, 0.31622776601683794
78000, 0.22360679774997896
79000, 0.22360679774997896
80000, 0.22360679774997896
81000, 0.22360679774997896
82000, 0.22360679774997896
83000, 0.22360679774997896
84000, 0.31622776601683794
85000, 0.22360679774997896
86000, 0.31622776601683794
87000, 0.31622776601683794
88000, 0.5
89000, 0.5
90000, 0.5
91000, 0.31622776601683794
92000, 0.31622776601683794
93000, 0.31622776601683794
94000, 0.31622776601683794
95000, 0.31622776601683794
96000, 0.31622776601683794
97000, 0.31622776601683794
98000, 0.31622776601683794
99000, 0.31622776601683794
100000, 0.31622776601683794
