1, 11.067971810589327
2, 10.653637876331258
3, 10.483320084782301
4, 10.4546640309481
5, 9.612491872558333
6, 9.612491872558333
7, 9.591663046625438
8, 9.674709297958259
9, 9.09945053286186
10, 8.860022573334675
15, 7.078135347674555
20, 6.6558245169174945
25, 6.300793600809346
30, 6.371812928829597
35, 6.4031242374328485
40, 6.4031242374328485
45, 5.648008498577175
50, 5.576737397439475
55, 5.347896782848375
60, 5.338539126015656
65, 4.2895221179054435
70, 4.58257569495584
75, 4.43846820423443
80, 3.478505426185217
85, 3.8858718455450894
90, 4.301162633521313
95, 3.82099463490856
100, 3.605551275463989
150, 2.6457513110645907
200, 2.588435821108957
250, 2.756809750418044
300, 2.8284271247461903
350, 2.8106938645110393
400, 2.4289915602982237
450, 1.816590212458495
500, 3.0166206257996713
550, 3.0166206257996713
600, 2.3664319132398464
650, 2.3021728866442674
700, 1.8973665961010275
750, 1.9235384061671346
800, 1.760681686165901
850, 2.345207879911715
900, 1.8973665961010275
950, 1.7888543819998317
1000, 1.5811388300841898
1250, 1.6733200530681511
1500, 2.4698178070456938
1750, 1.8439088914585775
2000, 1.816590212458495
2250, 2.0976176963403033
2500, 1.8708286933869707
2750, 1.61245154965971
3000, 1.61245154965971
3250, 1.51657508881031
3500, 1.1832159566199232
3750, 1.0488088481701516
4000, 0.8944271909999159
4250, 1.140175425099138
4500, 1.0954451150103321
4750, 1.0488088481701516
5000, 1.0488088481701516
5250, 1.0488088481701516
5500, 1.0
5750, 0.7745966692414834
6000, 0.7745966692414834
6250, 0.8944271909999159
6500, 1.0
6750, 0.8944271909999159
7000, 0.9486832980505138
7250, 0.6324555320336759
7500, 0.6324555320336759
7750, 0.6324555320336759
8000, 0.8944271909999159
8250, 0.7071067811865476
8500, 0.8366600265340756
8750, 0.8944271909999159
9000, 0.8944271909999159
9250, 0.7745966692414834
9500, 0.7071067811865476
9750, 0.5477225575051661
10000, 0.7745966692414834
11000, 0.6324555320336759
12000, 0.7071067811865476
13000, 0.6324555320336759
14000, 0.5477225575051661
15000, 0.6324555320336759
16000, 0.4472135954999579
17000, 0.5477225575051661
18000, 0.4472135954999579
19000, 0.7071067811865476
20000, 0.4472135954999579
21000, 0.31622776601683794
22000, 0.31622776601683794
23000, 0.0
24000, 0.0
25000, 0.31622776601683794
26000, 0.31622776601683794
27000, 0.31622776601683794
28000, 0.0
29000, 0.0
30000, 0.0
31000, 0.0
32000, 0.0
33000, 0.0
34000, 0.0
35000, 0.0
36000, 0.0
37000, 0.0
38000, 0.0
39000, 0.0
40000, 0.31622776601683794
41000, 0.31622776601683794
42000, 0.31622776601683794
43000, 0.31622776601683794
44000, 0.0
45000, 0.0
46000, 0.0
47000, 0.0
48000, 0.0
49000, 0.0
50000, 0.0
51000, 0.0
52000, 0.0
53000, 0.0
54000, 0.0
55000, 0.0
56000, 0.0
57000, 0.0
58000, 0.0
59000, 0.0
60000, 0.0
61000, 0.0
62000, 0.0
63000, 0.0
64000, 0.0
65000, 0.0
66000, 0.0
67000, 0.0
68000, 0.0
69000, 0.0
70000, 0.0
71000, 0.0
72000, 0.0
73000, 0.0
74000, 0.0
75000, 0.0
76000, 0.0
77000, 0.0
78000, 0.0
79000, 0.0
80000, 0.0
81000, 0.0
82000, 0.0
83000, 0.0
84000, 0.0
85000, 0.0
86000, 0.0
87000, 0.0
88000, 0.0
89000, 0.0
90000, 0.0
91000, 0.0
92000, 0.0
93000, 0.0
94000, 0.0
95000, 0.0
96000, 0.0
97000, 0.31622776601683794
98000, 0.31622776601683794
99000, 0.31622776601683794
100000, 0.31622776601683794
