1, 11.067971810589327
2, 11.067971810589327
3, 10.972693379476162
4, 11.0
5, 10.742439201596628
6, 10.044899203078147
7, 9.338094023943002
8, 9.1104335791443
9, 8.734987120768983
10, 8.502940667792526
15, 8.148619514985345
20, 7.655063683601855
25, 6.511528238439882
30, 5.916079783099616
35, 5.656854249492381
40, 5.683308895353129
45, 5.118593556827891
50, 5.0
55, 4.8373546489791295
60, 4.266145801540309
65, 4.171330722922842
70, 3.96232255123179
75, 3.492849839314596
80, 3.3466401061363023
85, 3.40587727318528
90, 3.286335345030997
95, 3.255764119219941
100, 3.3763886032268267
150, 2.756809750418044
200, 2.569046515733026
250, 2.4899799195977463
300, 2.4083189157584592
350, 2.5495097567963922
400, 2.1447610589527217
450, 2.6267851073127395
500, 2.756809750418044
550, 2.4083189157584592
600, 2.2135943621178655
650, 1.8708286933869707
700, 2.0
750, 2.4899799195977463
800, 2.1213203435596424
850, 1.9748417658131499
900, 1.9235384061671346
950, 1.6431676725154984
1000, 1.6431676725154984
1250, 1.3038404810405297
1500, 1.61245154965971
1750, 1.378404875209022
2000, 1.1832159566199232
2250, 1.0488088481701516
2500, 1.0
2750, 0.9486832980505138
3000, 1.1832159566199232
3250, 1.1832159566199232
3500, 1.0488088481701516
3750, 1.2649110640673518
4000, 1.0954451150103321
4250, 1.140175425099138
4500, 1.0488088481701516
4750, 0.7745966692414834
5000, 0.7745966692414834
5250, 0.7071067811865476
5500, 0.7071067811865476
5750, 0.7071067811865476
6000, 0.8944271909999159
6250, 0.8944271909999159
6500, 0.7745966692414834
6750, 0.7745966692414834
7000, 0.7745966692414834
7250, 0.4472135954999579
7500, 0.5477225575051661
7750, 0.5477225575051661
8000, 0.5477225575051661
8250, 0.6324555320336759
8500, 0.6324555320336759
8750, 0.6324555320336759
9000, 0.5477225575051661
9250, 0.4472135954999579
9500, 0.4472135954999579
9750, 0.4472135954999579
10000, 0.4472135954999579
11000, 0.8366600265340756
12000, 0.5477225575051661
13000, 0.4472135954999579
14000, 0.4472135954999579
15000, 0.4472135954999579
16000, 0.31622776601683794
17000, 0.4472135954999579
18000, 0.31622776601683794
19000, 0.31622776601683794
20000, 0.0
21000, 0.0
22000, 0.0
23000, 0.0
24000, 0.0
25000, 0.0
26000, 0.0
27000, 0.0
28000, 0.0
29000, 0.0
30000, 0.0
31000, 0.0
32000, 0.0
33000, 0.0
34000, 0.0
35000, 0.0
36000, 0.0
37000, 0.0
38000, 0.0
39000, 0.31622776601683794
40000, 0.0
41000, 0.0
42000, 0.0
43000, 0.0
44000, 0.0
45000, 0.0
46000, 0.0
47000, 0.0
48000, 0.0
49000, 0.0
50000, 0.0
51000, 0.0
52000, 0.0
53000, 0.0
54000, 0.0
55000, 0.31622776601683794
56000, 0.31622776601683794
57000, 0.31622776601683794
58000, 0.31622776601683794
59000, 0.31622776601683794
60000, 0.31622776601683794
61000, 0.31622776601683794
62000, 0.31622776601683794
63000, 0.31622776601683794
64000, 0.31622776601683794
65000, 0.31622776601683794
66000, 0.31622776601683794
67000, 0.31622776601683794
68000, 0.31622776601683794
69000, 0.31622776601683794
70000, 0.31622776601683794
71000, 0.31622776601683794
72000, 0.0
73000, 0.31622776601683794
74000, 0.31622776601683794
75000, 0.0
76000, 0.0
77000, 0.0
78000, 0.0
79000, 0.0
80000, 0.0
81000, 0.0
82000, 0.0
83000, 0.31622776601683794
84000, 0.31622776601683794
85000, 0.31622776601683794
86000, 0.0
87000, 0.0
88000, 0.0
89000, 0.0
90000, 0.0
91000, 0.0
92000, 0.0
93000, 0.0
94000, 0.0
95000, 0.0
96000, 0.0
97000, 0.0
98000, 0.0
99000, 0.0
100000, 0.0
