1, 57.33620147864698
2, 56.9257411018952
3, 56.0950978250328
4, 55.33696775212751
5, 54.58516281921306
6, 54.04479623423517
7, 54.033508122275386
8, 53.44118262164489
9, 53.09500918165473
10, 53.069388539910655
15, 50.669517463658565
20, 48.513709402600824
25, 47.11178196587346
30, 44.05950521737619
35, 41.54804447865146
40, 40.90770098648908
45, 40.024742347702876
50, 39.42385064906775
55, 38.863093031821336
60, 37.399732619365075
65, 36.810324638611924
70, 36.656240942027864
75, 35.389829047340704
80, 34.50246368014899
85, 34.48419928025008
90, 34.504492461127434
95, 32.82895063811818
100, 32.81066899653221
150, 26.260616900598507
200, 22.016357555236063
250, 20.342074623793906
300, 17.558473737771173
350, 16.090369790654282
400, 15.247294842036734
450, 15.42595215861893
500, 15.433729296576379
550, 15.459624833740307
600, 14.413188405068464
650, 14.211966788590521
700, 12.956079653969406
750, 11.98415620725965
800, 11.672189169131899
850, 11.72945011498834
900, 11.337548235840057
950, 11.119352499134111
1000, 10.700467279516348
1250, 10.60377291344925
1500, 9.10823802938856
1750, 8.130190649671137
2000, 7.29657453878188
2250, 7.29657453878188
2500, 6.881860213634101
2750, 6.9656299069072
3000, 6.415605972938176
3250, 6.619667665374147
3500, 6.468384651518492
3750, 6.185466837676846
4000, 6.1838499334961226
4250, 6.196773353931867
4500, 6.48074069840786
4750, 6.505382386916237
5000, 6.185466837676846
5250, 5.644466316668034
5500, 5.749782604586021
5750, 5.751521537819362
6000, 5.621387729022079
6250, 5.407402333838309
6500, 5.551576352712804
6750, 5.488169093604897
7000, 5.414794548272353
7250, 5.4258639865002145
7500, 5.340411969127476
7750, 5.217278984298233
8000, 5.414794548272353
8250, 5.1884487084291395
8500, 5.057667446560717
8750, 4.935585071701226
9000, 4.770744176750625
9250, 5.041825066382213
9500, 5.03189825016365
9750, 5.049752469181039
10000, 5.102940328869229
11000, 4.209513035969837
12000, 4.301162633521313
13000, 4.115823125451335
14000, 4.032369030731191
15000, 3.7629775444453557
16000, 4.211887937730538
17000, 4.042276586281547
18000, 3.8548670534792766
19000, 3.8832975677895196
20000, 3.778888725538237
21000, 3.8366652186501757
22000, 3.9496835316262997
23000, 3.9496835316262997
24000, 3.704051835490427
25000, 3.8131351929875237
26000, 3.893584466786357
27000, 3.8392707640904935
28000, 3.714835124201342
29000, 3.760319135392633
30000, 3.862641583165593
31000, 3.792097045171708
32000, 3.8026306683663087
33000, 3.5014282800023193
34000, 3.334666400106613
35000, 3.1559467676119
36000, 3.4525353003264136
37000, 3.3555923471125033
38000, 3.152776554086889
39000, 3.082207001484488
40000, 2.973213749463701
41000, 3.0166206257996713
42000, 3.0397368307141326
43000, 2.9223278392404914
44000, 3.237282811247729
45000, 3.3105890714493698
46000, 3.2619012860600183
47000, 3.2619012860600183
48000, 3.277193921634788
49000, 3.2218007387174024
50000, 3.1874754901018454
51000, 3.1240998703626617
52000, 2.9427877939124323
53000, 2.85657137141714
54000, 2.7640549922170505
55000, 2.9765752132274432
56000, 2.8530685235374214
57000, 2.8600699292150185
58000, 2.8530685235374214
59000, 2.8495613697550013
60000, 2.9427877939124323
61000, 2.9597297173897483
62000, 2.80713376952364
63000, 2.716615541441225
64000, 2.6907248094147422
65000, 2.6645825188948455
66000, 2.7892651361962706
67000, 2.7820855486487113
68000, 2.8106938645110393
69000, 2.6981475126464085
70000, 2.6457513110645907
71000, 2.5099800796022267
72000, 2.4819347291981715
73000, 2.3706539182259396
74000, 2.6229754097208002
75000, 2.7386127875258306
76000, 2.6
77000, 2.4372115213907883
78000, 2.4576411454889016
79000, 2.5099800796022267
80000, 2.5495097567963922
81000, 2.477902338672773
82000, 2.553429066960741
83000, 2.4657656011875906
84000, 2.5337718918639855
85000, 2.5179356624028344
86000, 2.4738633753705965
87000, 2.4372115213907883
88000, 2.5377155080899043
89000, 2.5019992006393608
90000, 2.3748684174075834
91000, 2.477902338672773
92000, 2.3065125189341593
93000, 2.3664319132398464
94000, 2.4
95000, 2.4041630560342617
96000, 2.4576411454889016
97000, 2.3748684174075834
98000, 2.449489742783178
99000, 2.4289915602982237
100000, 2.4859605789312105
