1, 4.153311931459037
2, 4.242640687119285
3, 4.183300132670378
4, 3.6742346141747673
5, 3.4641016151377544
6, 3.082207001484488
7, 2.8284271247461903
8, 2.345207879911715
9, 2.345207879911715
10, 2.29128784747792
15, 1.5811388300841898
20, 1.5
25, 1.4142135623730951
30, 1.4142135623730951
35, 1.224744871391589
40, 1.224744871391589
45, 1.224744871391589
50, 1.224744871391589
55, 1.224744871391589
60, 1.224744871391589
65, 1.5
70, 1.4142135623730951
75, 1.118033988749895
80, 1.118033988749895
85, 1.118033988749895
90, 1.118033988749895
95, 1.118033988749895
100, 0.8660254037844386
150, 0.5
200, 0.5
250, 0.8660254037844386
300, 0.8660254037844386
350, 0.8660254037844386
400, 0.8660254037844386
450, 0.5
500, 0.5
550, 0.5
600, 0.5
650, 0.5
700, 0.5
750, 0.5
800, 0.5
850, 0.5
900, 0.5
950, 0.5
1000, 0.0
1250, 0.5
1500, 0.0
1750, 0.0
2000, 0.0
2250, 0.0
2500, 0.0
2750, 0.0
3000, 0.0
3250, 0.0
3500, 0.0
3750, 0.0
4000, 0.0
4250, 0.5
4500, 0.0
4750, 0.0
5000, 0.0
5250, 0.0
5500, 0.0
5750, 0.0
6000, 0.0
6250, 0.0
6500, 0.0
6750, 0.0
7000, 0.0
7250, 0.0
7500, 0.0
7750, 0.0
8000, 0.0
8250, 0.0
8500, 0.0
8750, 0.0
9000, 0.0
9250, 0.0
9500, 0.0
9750, 0.0
10000, 0.0
11000, 0.0
12000, 0.0
13000, 0.0
14000, 0.0
15000, 0.0
16000, 0.0
17000, 0.0
18000, 0.0
19000, 0.0
20000, 0.0
21000, 0.5
22000, 0.5
23000, 0.5
24000, 0.5
25000, 0.5
26000, 0.5
27000, 0.5
28000, 0.5
29000, 0.5
30000, 0.5
31000, 0.5
32000, 0.5
33000, 0.5
34000, 0.5
35000, 0.5
36000, 0.5
37000, 0.5
38000, 0.5
39000, 0.5
40000, 0.5
41000, 0.5
42000, 0.5
43000, 0.5
44000, 0.5
45000, 0.5
46000, 0.5
47000, 0.5
48000, 0.5
49000, 0.5
50000, 0.5
51000, 0.5
52000, 0.5
53000, 0.5
54000, 0.5
55000, 0.5
56000, 0.5
57000, 0.5
58000, 0.5
59000, 0.5
60000, 0.5
61000, 0.5
62000, 0.5
63000, 0.5
64000, 0.5
65000, 0.5
66000, 0.5
67000, 0.5
68000, 0.5
69000, 0.5
70000, 0.5
71000, 0.5
72000, 0.5
73000, 0.5
74000, 0.5
75000, 0.5
76000, 0.5
77000, 0.5
78000, 0.5
79000, 0.5
80000, 0.5
81000, 0.5
82000, 0.5
83000, 0.5
84000, 0.5
85000, 0.5
86000, 0.5
87000, 0.5
88000, 0.5
89000, 0.5
90000, 0.5
91000, 0.5
92000, 0.5
93000, 0.5
94000, 0.5
95000, 0.5
96000, 0.5
97000, 0.5
98000, 0.5
99000, 0.5
100000, 0.5
