1, 57.065225838508695
2, 56.295115241022465
3, 56.0435544911277
4, 55.80107525845716
5, 55.82687524839627
6, 55.78243451123301
7, 55.770960185386805
8, 55.39079345884115
9, 54.996181685640686
10, 54.97290241564475
15, 53.65910919871853
20, 51.92687165620514
25, 50.83719111044591
30, 48.47535456291166
35, 47.725674432112534
40, 47.28318940173135
45, 46.551262066672265
50, 45.224550854596664
55, 44.5843021701585
60, 44.22307090196247
65, 43.68317754010118
70, 42.962774584516765
75, 42.69730670662963
80, 41.74613754588561
85, 41.29527818044092
90, 41.05240553244109
95, 41.260392630221055
100, 41.089171322868026
150, 35.26074304378738
200, 30.029319006597536
250, 27.505272221885026
300, 25.266182932924394
350, 23.845754339085186
400, 22.513107293308046
450, 23.15296957195772
500, 22.646854086163934
550, 22.083025155082353
600, 21.0337823512558
650, 20.794710865987053
700, 20.390684147423794
750, 20.46216019876689
800, 20.353378097996412
850, 20.264254242384546
900, 19.990997974088238
950, 18.81435622071614
1000, 17.768511473953016
1250, 15.761345120261785
1500, 13.801449199268895
1750, 12.76401190848708
2000, 11.611201488218176
2250, 11.331372379372237
2500, 10.931605554537724
2750, 10.797221864905806
3000, 10.340212763768452
3250, 9.803060746521975
3500, 9.246621004453464
3750, 9.01443287178955
4000, 8.789766777338293
4250, 8.480566018845677
4500, 7.893034904268446
4750, 7.391887445030531
5000, 7.022819946431775
5250, 7.163797875428926
5500, 7.455199527846321
5750, 7.3824115301167
6000, 7.622335600063802
6250, 7.5960516059331775
6500, 7.605261336732617
6750, 7.495331880577404
7000, 6.968500556073739
7250, 6.661831579978587
7500, 6.945502141674136
7750, 6.715653356152326
8000, 6.482283548256741
8250, 6.315061361538778
8500, 6.384355879804947
8750, 6.410928169929843
9000, 6.29285308902091
9250, 6.667833231267861
9500, 6.437390775772433
9750, 6.196773353931867
10000, 6.182232606429492
11000, 5.640921910468181
12000, 5.665686189686118
13000, 5.0517323761260355
14000, 5.079370039680118
15000, 5.299056519796708
16000, 5.075431016179809
17000, 5.264978632435273
18000, 5.251666402200353
19000, 5.0039984012787215
20000, 5.2573757712379665
21000, 5.015974481593781
22000, 5.00199960015992
23000, 4.870318264754368
24000, 4.963869458396343
25000, 4.578209256903839
26000, 4.654030511288038
27000, 4.709564735726647
28000, 4.701063709417263
29000, 4.17612260356422
30000, 3.97994974842648
31000, 4.08166632639171
32000, 4.226109321823087
33000, 4.1036569057366385
34000, 4.277849927241488
35000, 4.06201920231798
36000, 4.004996878900157
37000, 3.9774363602702683
38000, 3.8
39000, 3.891015291668744
40000, 3.891015291668744
41000, 3.8366652186501757
42000, 4.064480286580315
43000, 4.064480286580315
44000, 4.039801975344831
45000, 4.052159917870962
46000, 4.096339829652808
47000, 4.012480529547776
48000, 3.944616584663204
49000, 3.8340579025361627
50000, 4.08166632639171
51000, 4.091454509095756
52000, 3.997499218261337
53000, 3.8078865529319543
54000, 3.57211421989835
55000, 3.655133376499413
56000, 3.7709415269929605
57000, 3.560898762952971
58000, 3.7175260590882213
59000, 3.478505426185217
60000, 3.394112549695428
61000, 3.40587727318528
62000, 3.3555923471125033
63000, 3.5383612025908264
64000, 3.529872518944558
65000, 3.558089374931439
66000, 3.334666400106613
67000, 3.5693136595149495
68000, 3.5270384177096794
69000, 3.4322004603461025
70000, 3.3734255586866
71000, 3.24037034920393
72000, 3.3226495451672298
73000, 3.509985754956849
74000, 3.4985711369071804
75000, 3.3015148038438356
76000, 3.3852621759621515
77000, 3.286335345030997
78000, 3.40587727318528
79000, 3.443835071544513
80000, 3.1496031496047245
81000, 3.2893768406797053
82000, 3.304542328371661
83000, 3.388214869219483
84000, 3.3376638536557275
85000, 3.243454948045371
86000, 3.3286633954186478
87000, 3.095157508108432
88000, 3.120897306865447
89000, 3.0983866769659336
90000, 3.0166206257996713
91000, 3.023243291566195
92000, 3.0199337741082997
93000, 3.1874754901018454
94000, 3.249615361854384
95000, 3.246536616149585
96000, 3.1240998703626617
97000, 3.046309242345563
98000, 3.111269837220809
99000, 3.0364452901377956
100000, 2.85657137141714
