21.168035201352872
22.390686839462006
20.5621010599598
17.278392782398978
15.951712850259776
15.035196801410445
14.374580739227541
14.075307659667185
13.408952233489387
12.619712471254758
11.812825959221492
10.690449676496975
10.419761445034554
10.474458731327633
9.567803151343423
9.427922055559979
9.296696802013683
8.807464366741915
8.724350159999638
8.668497975016038
8.90585682089521
8.732533587518736
8.38195340342231
8.466741656960739
7.899367063252599
7.3055751704727925
7.3251036072633715
7.36400512143843
7.280109889280518
7.0285133563222315
6.763346593429701
6.482944657219544
6.820138247446727
6.626785473688258
6.913754406977442
6.716716885077538
6.434283176858165
6.482944657219544
6.134213187408099
6.258708219067939
5.722137462771856
5.925730816893872
6.136541603960887
6.068654828590223
6.0308729526850895
6.29739175033147
6.44980619863884
6.075712774176023
6.185235877243717
5.776800894217194
5.843188953205018
6.011892975000232
5.954590066255011
5.966573556070519
6.145846448734996
6.1248906695781695
6.042705165262137
6.212889826803627
6.009516262918814
6.286038952654184
6.01901748033443
5.784214973282274
6.00476001661539
5.843188953205018
5.727128425310541
5.9281411203561225
5.833401360147563
6.023762469230862
6.042705165262137
6.276941930590086
6.194467577720347
5.752018279327204
5.8088602275194345
5.724633487956113
5.94498588247753
5.879747322073336
5.94017796751194
5.877317172218728
5.766900628339529
5.5677643628300215
5.754501343668773
5.623928469368314
5.704634707223342
5.75946426079966
5.901573640019366
5.6467436886859215
5.474616751100352
5.272570530585627
5.283397175519338
5.3772005462215855
5.490251100164468
5.526559249918265
5.631543812693436
5.495452665613635
5.261721608534063
5.146427332209625
5.2317710740655095
5.076556763341524
5.218100365896714
5.220837371259792
5.096217084409628
5.220837371259792
5.034168962485977
5.138093031466052
5.0990195135927845
4.8314446227662735
4.61054691518727
4.449719092257398
4.58257569495584
4.656792274271453
4.4077853201547175
4.723799923185328
4.398051516621553
4.296177703161597
4.0743097574926725
4.262795863213317
4.436858605558023
4.33589667773576
4.123105625617661
4.225771273642583
4.21561722306812
4.404543109109048
4.563832975533989
4.738896797477537
4.616739727804212
4.768947173418589
4.744922097810007
4.488079449258573
4.548155041960892
4.6012420683363935
4.711687595755898
4.641428351580701
4.5261147009012355
4.36871998252512
4.462542516804262
4.497618417403974
4.433637655147617
4.365448757818932
4.417497675640103
4.481708857758867
4.475329197787737
4.500793580819149
4.513471897711181
4.516635916254486
4.3490557267395085
4.246006527146588
4.780914437337574
4.810702354423639
4.619833021101211
4.570089089472358
4.6475800154489
4.5197977198732495
4.436858605558023
4.286190449738388
4.242640687119285
4.2895221179054435
4.433637655147617
4.292851200376205
4.312771730569565
4.1196393739535715
4.191828786034631
4.375255094603872
4.229150539495406
4.229150539495406
4.0708019567928595
3.6606010435446255
3.7416573867739413
3.794733192202055
3.843361623816912
3.913347124174613
3.9496835316262997
3.924283374069717
3.80225497003329
3.80225497003329
3.6683978597124463
4.042629978474055
3.946064947695181
3.9351892312459746
4.105745103771404
4.133486940310116
4.21561722306812
4.2895221179054435
4.312771730569565
4.157609203101499
4.063777271736939
4.077814540727843
4.046162202807565
4.063777271736939
3.8692930325097596
4.067291130821243
4.053217416888888
4.322697570466188
4.246006527146588
4.191828786034631
4.191828786034631
4.326001122779063
4.060260371665133
3.8766701469910267
3.8950518060006045
3.9023802260378764
4.08481508586549
3.985688683993556
4.202040320742158
4.1196393739535715
4.21561722306812
4.088310863215481
4.0
4.0708019567928595
4.046162202807565
3.9424430424366492
3.8060102844992794
3.6839419880650364
3.6449573777637356
3.56971387408811
3.589667712437223
3.4267852490135913
3.82099463490856
3.714835124201342
3.7871964753438845
3.5777087639996634
3.605551275463989
3.6134668750581977
3.5816995167896803
3.775863193647627
3.6292462814513664
3.492849839314596
3.4267852490135913
3.5456210417116734
3.5294677866702306
3.605551275463989
3.468223093829379
3.3806170189140663
3.5456210417116734
3.7071359757712075
3.6488745818794204
3.676178139628943
3.672290060127915
3.6134668750581977
3.585685828003181
3.4969374356101124
3.5050983275386565
3.6488745818794204
3.3551665915633544
3.268901082277389
3.3423687066852112
3.277629805645711
3.1532296368734616
3.0237157840738176
2.937443008565686
2.8635642126552705
2.951996902824546
2.9760952365713798
3.089151524748688
3.1259284335103663
3.1304951684997055
3.260148988707637
3.1441555759399513
3.0798886807341406
2.9760952365713798
3.102993945945017
3.0378563870880115
3.093772546815388
3.056608765095256
3.03315017762062
3.198213787189879
3.166791977470486
3.1075943842694236
3.116774889895918
3.089151524748688
3.1075943842694236
3.0
2.7979584393931636
3.0237157840738176
3.009508740167215
2.7979584393931636
2.8535691936340255
2.9277002188455996
2.898275349237888
2.8585710716070314
2.65114530506561
2.613153540948451
2.5523098781859765
2.5071326821120348
2.5410908793553326
2.6619005025947695
2.6021968740717085
2.699206232527312
2.524168887263404
2.6021968740717085
2.704493615131253
2.6619005025947695
2.6939084723024385
2.699206232527312
2.699206232527312
2.667261838343906
2.8385106758902383
2.9277002188455996
2.8635642126552705
2.7464262493023806
2.84855853271189
2.756809750418044
2.8585710716070314
2.8385106758902383
2.843539042410757
2.7619868624907378
2.9081167199998794
2.893342111024649
2.9471535904520287
2.8685486624025445
2.833473385894321
2.8585710716070314
2.8535691936340255
2.8735244660769563
2.7774602993176543
2.741219749360805
2.84855853271189
2.833473385894321
2.591193878173865
2.6403462976338106
2.6779523094014523
2.7202941017470885
2.667261838343906
2.6939084723024385
2.8284271247461903
2.7825989906663056
2.8030595529069404
2.767154288640743
2.7360033416855116
2.767154288640743
2.8585710716070314
2.7825989906663056
2.741219749360805
2.7723120830300267
2.6240644591385873
2.6186146828319083
2.569046515733026
2.591193878173865
2.5523098781859765
2.4899799195977463
2.5746012173871566
2.6076809620810595
2.6021968740717085
2.6240644591385873
2.6021968740717085
2.6021968740717085
2.613153540948451
2.7360033416855116
2.699206232527312
2.741219749360805
2.667261838343906
2.792848008753788
2.7825989906663056
2.6779523094014523
2.81830749615033
2.8685486624025445
2.932575659723036
2.971291205616075
2.8834503141697647
2.84855853271189
2.833473385894321
2.7097706808616007
2.699206232527312
2.7464262493023806
2.6457513110645907
2.7825989906663056
2.767154288640743
2.7516228977511745
2.65114530506561
2.81830749615033
2.6832815729997477
2.613153540948451
2.6403462976338106
2.667261838343906
2.5128242505765725
2.5801439605461662
2.5128242505765725
2.5298221281347035
2.5523098781859765
2.591193878173865
2.5746012173871566
2.501428163498376
2.4142434484888695
2.4260491103261463
2.5410908793553326
2.569046515733026
2.501428163498376
2.667261838343906
2.6779523094014523
2.6403462976338106
2.704493615131253
2.4727081741050063
2.4669240534954224
2.6886002731107927
2.7774602993176543
2.6076809620810595
2.6457513110645907
2.6886002731107927
2.756809750418044
2.7877282097486784
2.6779523094014523
