1, 22.433234274174556
2, 21.639085008382402
3, 21.068934477092096
4, 21.065374432940896
5, 21.02498513673672
6, 21.048752932181042
7, 21.048752932181042
8, 20.316249653910045
9, 19.901004999748128
10, 19.82422760159901
15, 17.95689282698986
20, 16.973508771023155
25, 15.896540504147435
30, 14.451643505151932
35, 13.636348484840067
40, 12.741663941573721
45, 11.907980517283358
50, 10.758717395675006
55, 10.375451797391765
60, 9.91463564635635
65, 9.359487165438072
70, 9.497368056467012
75, 9.404786015641186
80, 9.06642156531451
85, 8.674675786448736
90, 8.34865258589672
95, 8.096295449154509
100, 8.84024886527523
150, 6.877499545619759
200, 6.18465843842649
250, 5.89915248150105
300, 5.220153254455275
350, 5.277309920783504
400, 5.244044240850758
450, 5.558776843874918
500, 5.167204273105526
550, 5.385164807134504
600, 5.162363799656123
650, 4.969909455915671
700, 4.560701700396552
750, 4.33589667773576
800, 4.141255848169731
850, 4.277849927241488
900, 4.012480529547776
950, 3.9812058474788765
1000, 4.0743097574926725
1250, 3.4641016151377544
1500, 3.8013155617496426
1750, 3.5355339059327378
2000, 3.3090784215548594
2250, 3.3689761055846033
2500, 2.9068883707497264
2750, 2.6551836094703507
3000, 2.6645825188948455
3250, 2.6645825188948455
3500, 2.5298221281347035
3750, 2.355843797877949
4000, 2.1908902300206643
4250, 2.5495097567963922
4500, 2.3664319132398464
4750, 2.1447610589527217
5000, 2.073644135332772
5250, 1.9748417658131499
5500, 1.91049731745428
5750, 1.9874606914351791
6000, 2.085665361461421
6250, 1.9364916731037085
6500, 2.179449471770337
6750, 2.04939015319192
7000, 1.8303005217723127
7250, 1.857417562100671
7500, 1.91049731745428
7750, 1.760681686165901
8000, 1.857417562100671
8250, 1.8303005217723127
8500, 1.6583123951777
8750, 1.91049731745428
9000, 1.6733200530681511
9250, 2.179449471770337
9500, 1.816590212458495
9750, 1.6583123951777
10000, 1.816590212458495
11000, 1.6583123951777
12000, 1.8303005217723127
13000, 1.6278820596099706
14000, 1.746424919657298
15000, 1.5
16000, 1.3601470508735443
17000, 1.5811388300841898
18000, 1.6431676725154984
19000, 1.5491933384829668
20000, 1.4317821063276353
21000, 1.5968719422671311
22000, 1.5
23000, 1.6431676725154984
24000, 1.4832396974191326
25000, 1.2449899597988732
26000, 1.3416407864998738
27000, 1.140175425099138
28000, 1.284523257866513
29000, 1.2649110640673518
30000, 0.8944271909999159
31000, 1.02469507659596
32000, 1.0723805294763609
33000, 1.0954451150103321
34000, 1.140175425099138
35000, 1.0723805294763609
36000, 1.0954451150103321
37000, 1.224744871391589
38000, 1.0723805294763609
39000, 1.0723805294763609
40000, 1.0723805294763609
41000, 1.118033988749895
42000, 0.8944271909999159
43000, 1.2041594578792296
44000, 1.02469507659596
45000, 1.0954451150103321
46000, 1.0723805294763609
47000, 1.0954451150103321
48000, 1.0723805294763609
49000, 1.0723805294763609
50000, 1.0723805294763609
51000, 1.0488088481701516
52000, 1.0488088481701516
53000, 0.9746794344808963
54000, 0.9486832980505138
55000, 0.9486832980505138
56000, 1.0954451150103321
57000, 0.9746794344808963
58000, 0.7416198487095663
59000, 0.806225774829855
60000, 0.806225774829855
61000, 0.7745966692414834
62000, 0.7745966692414834
63000, 0.7745966692414834
64000, 0.7745966692414834
65000, 0.7745966692414834
66000, 0.7745966692414834
67000, 0.7416198487095663
68000, 0.7416198487095663
69000, 0.7416198487095663
70000, 0.7416198487095663
71000, 0.7416198487095663
72000, 0.7071067811865476
73000, 0.7416198487095663
74000, 0.6708203932499369
75000, 0.6708203932499369
76000, 0.7071067811865476
77000, 0.7071067811865476
78000, 0.6324555320336759
79000, 0.6324555320336759
80000, 0.6324555320336759
81000, 0.6708203932499369
82000, 0.6708203932499369
83000, 0.6708203932499369
84000, 0.6708203932499369
85000, 0.6708203932499369
86000, 0.5916079783099616
87000, 0.6324555320336759
88000, 0.5916079783099616
89000, 0.6708203932499369
90000, 0.7071067811865476
91000, 0.7071067811865476
92000, 0.6324555320336759
93000, 0.7071067811865476
94000, 0.6708203932499369
95000, 0.6708203932499369
96000, 0.6708203932499369
97000, 0.6708203932499369
98000, 0.6708203932499369
99000, 0.6708203932499369
100000, 0.5916079783099616
