1, 34.017152536134866
2, 33.22900339562815
3, 32.33522331246015
4, 32.332130561821415
5, 31.443600302764313
6, 30.683328806807562
7, 29.780306691951086
8, 29.77862768273022
9, 29.77470962634788
10, 29.764632255973417
15, 28.175639596407862
20, 26.679580206592455
25, 24.835458522040618
30, 24.840826609971472
35, 24.14263172619478
40, 24.140560612103993
45, 24.14263172619478
50, 24.138489320308896
55, 23.486875767826877
60, 23.47693903954829
65, 23.471969097911945
70, 22.63257239761608
75, 22.626680416416956
80, 22.620786900547913
85, 22.623733850391126
90, 22.613417845754025
95, 22.614891848809123
100, 22.01211787478282
150, 19.801515093547767
200, 16.898717900085398
250, 16.097618871539147
300, 15.688637076984518
350, 15.636495771111889
400, 14.805404418657398
450, 14.438374793122204
500, 13.621062122071587
550, 12.960195471776908
600, 12.967909109284605
650, 12.40698727868024
700, 12.085804345043265
750, 12.11335351310005
800, 12.033287165193059
850, 11.372481406154654
900, 11.276819882691514
950, 10.785793124908958
1000, 10.774970997640782
1250, 10.401922899156675
1500, 10.21763181955584
1750, 10.315037566582102
2000, 10.235558932792419
2250, 8.955445270895245
2500, 8.296585643102429
2750, 8.093207028119323
3000, 8.06225774829855
3250, 8.070522494444416
3500, 8.053984521134037
3750, 7.810249675906654
4000, 7.964504588066563
4250, 7.968688725254614
4500, 7.820912137766711
4750, 7.9603182515943836
5000, 7.857056276579247
5250, 7.420691791650336
5500, 7.389181280764467
5750, 7.148426400264607
6000, 7.00713921654194
6250, 6.747839160304085
6500, 6.853223086013374
6750, 7.023769168568493
7000, 6.865372046242894
7250, 6.867799259345505
7500, 6.867799259345505
7750, 6.713171133426189
8000, 6.945022198188666
8250, 6.879922480183431
8500, 6.992853494818835
8750, 6.992853494818835
9000, 6.985699678629192
9250, 6.992853494818835
9500, 6.990469702864512
9750, 6.906518659932803
10000, 6.906518659932803
11000, 6.290204024248075
12000, 6.0882400303098
13000, 6.0635523141692005
14000, 5.89915248150105
15000, 5.319774431308154
16000, 5.360348247393385
17000, 5.089204259999788
18000, 5.036533199202271
19000, 4.6833036772489285
20000, 5.039841267341661
21000, 4.932882862316247
22000, 4.909175083453431
23000, 4.8545511292669135
24000, 5.036533199202271
25000, 4.764451699828638
26000, 4.415880433163924
27000, 4.419653078391259
28000, 4.381780460041329
29000, 4.3089055068157
30000, 4.167333280008532
31000, 4.312771730569565
32000, 4.207136793592526
33000, 3.9072582032246945
34000, 4.016632088371218
35000, 4.045573712919673
36000, 4.131182235954578
37000, 4.183300132670378
38000, 4.324349662087931
39000, 4.419653078391259
40000, 4.2972859651955515
41000, 4.412104562073146
42000, 4.43471156521669
43000, 4.377975178854566
44000, 4.568004670166906
45000, 4.355073669487885
46000, 4.273952113286562
47000, 4.234776656841932
48000, 4.191260749066641
49000, 4.219004621945797
50000, 3.410767264609729
51000, 3.958114029012639
52000, 3.877284272958759
53000, 3.9115214431215892
54000, 3.825354014118606
55000, 3.723797345005051
56000, 3.847076812334269
57000, 4.110960958218893
58000, 3.953901027255656
59000, 3.8340579025361627
60000, 3.7727090178455764
61000, 3.7903385952532878
62000, 3.82099463490856
63000, 4.305035810923451
64000, 4.222953153106642
65000, 4.2465672411176225
66000, 4.343577634469846
67000, 4.788875998951459
68000, 4.774934554525329
69000, 4.718756898449704
70000, 4.806245936279167
71000, 4.760952285695233
72000, 4.622409184253019
73000, 4.586211217697385
74000, 4.626013402488151
75000, 4.665476038590989
76000, 4.626013402488151
77000, 4.686861067566081
78000, 4.69041575982343
79000, 4.679743582719036
80000, 4.679743582719036
81000, 4.622409184253019
82000, 4.575295983139597
83000, 4.501851470969102
84000, 4.43846820423443
85000, 4.328202090167848
86000, 4.242640687119285
87000, 3.9072582032246945
88000, 4.066120181860509
89000, 4.305035810923451
90000, 4.183300132670378
91000, 4.175324338699131
92000, 4.175324338699131
93000, 4.175324338699131
94000, 4.254409477236529
95000, 4.08248290463863
96000, 3.9285281382896233
97000, 3.669695718539436
98000, 3.759432581299116
99000, 3.759432581299116
100000, 3.7416573867739413
