9.99499874937461
11.086027241532468
8.709190547921201
9.303225247192502
9.581231653602787
9.886859966642595
10.29805806936434
9.881801455200362
9.813256340277675
9.583840566286565
9.279008567729637
9.327379053088816
8.820430828479978
8.806247782114696
8.309632964216892
8.74642784226795
8.46758525200662
8.502940667792526
8.35463942968217
8.351646544245034
8.33966426182733
8.384509526501834
8.408329203831164
8.237111144084436
7.962411694957753
8.378544026261364
7.940403012442126
8.083934685535256
7.874007874011811
7.965550828411052
7.987490219086343
7.453187237685633
7.273238618387272
6.960603422117942
7.553145040312677
7.351870510285121
7.569676347110224
7.556454194925025
7.582875444051551
7.546522377890362
7.6452599694189605
7.466592261534039
7.392563831310488
7.563068160475615
7.655063683601855
7.918333157931662
7.707139547199077
7.638717169787085
7.990619500389191
7.993747556684537
7.803845206050668
7.700649323271382
7.8453808065638215
7.835815209663893
7.739509028355739
7.58946638440411
7.930952023559341
7.927799190191437
7.92148975887743
7.625614729318548
7.489993324429602
7.385797181076664
7.293833011524188
7.224956747275377
7.489993324429602
7.546522377890362
7.78138805098422
8.009369513263826
7.758865896508329
7.703895118704564
7.60920495189872
7.479973261984297
7.745966692414834
7.829431652425353
7.835815209663893
7.807048097712733
8.19756061276768
8.273451516749223
8.221921916437786
8.282511696339462
8.387490685538792
8.44393273303382
8.330666239863412
8.426149773176359
8.32165848854662
8.511756575466665
8.44393273303382
8.324662155306964
8.127115109311545
8.408329203831164
8.300602387778854
8.285529554590944
8.17618492941543
8.631338250816034
8.689073598491383
8.482334584299302
8.497058314499201
8.482334584299302
8.426149773176359
8.366600265340756
8.58195781858662
8.616843969807043
8.831760866327848
8.905054744357274
9.08019823572151
8.935882720806042
8.87693640846886
8.927485648266257
8.94427190999916
8.882567196480982
8.938679992034618
8.997221793420456
8.87130204648675
8.955445270895245
8.834591105421914
8.648699324175862
8.52936105461599
8.848728722251575
8.734987120768983
8.686195945291587
8.62554346113913
8.535221145348256
8.596510920134982
8.414273587185052
8.34865258589672
8.2915619758885
8.32165848854662
8.384509526501834
8.303613671167511
8.502940667792526
8.538149682454625
8.62554346113913
8.435045939412541
