1, 13.564659966250536
2, 13.069047402163633
3, 12.361229712289955
4, 11.461239025515523
5, 10.979981785048643
6, 10.917875251164945
7, 9.991996797437437
8, 9.935793878699377
9, 9.939818911831342
10, 9.939818911831342
15, 9.16951470907812
20, 8.37137981458254
25, 7.332121111929344
30, 7.238784428341543
35, 6.286493458200685
40, 6.273754856543249
45, 5.477225575051661
50, 5.462600113499065
55, 5.513619500836088
60, 4.898979485566356
65, 4.849742261192857
70, 4.882622246293481
75, 4.857983120596447
80, 4.866210024238575
85, 4.833218389437829
90, 4.8166378315169185
95, 4.824935232725927
100, 4.824935232725927
150, 4.4
200, 3.509985754956849
250, 3.394112549695428
300, 3.1622776601683795
350, 3.1749015732775088
400, 3.1622776601683795
450, 2.449489742783178
500, 2.449489742783178
550, 2.4
600, 2.4
650, 2.4
700, 2.4657656011875906
750, 2.209072203437452
800, 2.078460969082653
850, 1.4966629547095767
900, 1.4966629547095767
950, 1.4966629547095767
1000, 1.5748015748023623
1250, 1.7204650534085253
1500, 1.7204650534085253
1750, 1.2328828005937953
2000, 1.2649110640673518
2250, 1.2649110640673518
2500, 1.296148139681572
2750, 1.296148139681572
3000, 1.296148139681572
3250, 1.296148139681572
3500, 1.296148139681572
3750, 1.296148139681572
4000, 0.7483314773547883
4250, 0.7483314773547883
4500, 0.7483314773547883
4750, 0.7483314773547883
5000, 0.7483314773547883
5250, 0.7483314773547883
5500, 0.7483314773547883
5750, 0.7483314773547883
6000, 0.7483314773547883
6250, 0.7483314773547883
6500, 0.7483314773547883
6750, 0.7483314773547883
7000, 0.7483314773547883
7250, 0.7483314773547883
7500, 0.7483314773547883
7750, 0.7483314773547883
8000, 0.7483314773547883
8250, 0.7483314773547883
8500, 0.7483314773547883
8750, 0.7483314773547883
9000, 0.7483314773547883
9250, 0.7483314773547883
9500, 0.7483314773547883
9750, 0.7483314773547883
10000, 0.7483314773547883
11000, 0.7483314773547883
12000, 0.7483314773547883
13000, 0.565685424949238
14000, 0.282842712474619
15000, 0.4898979485566356
16000, 0.4898979485566356
17000, 0.4898979485566356
18000, 0.4898979485566356
19000, 0.4898979485566356
20000, 0.4898979485566356
21000, 0.4898979485566356
22000, 0.4898979485566356
23000, 0.4898979485566356
24000, 0.4898979485566356
25000, 0.282842712474619
26000, 0.282842712474619
27000, 0.282842712474619
28000, 0.4
29000, 0.4
30000, 0.4
31000, 0.4
32000, 0.4
33000, 0.4
34000, 0.4
35000, 0.4
36000, 0.4
37000, 0.4
38000, 0.4
39000, 0.4
40000, 0.0
41000, 0.0
42000, 0.0
43000, 0.0
44000, 0.0
45000, 0.0
46000, 0.0
47000, 0.0
48000, 0.0
49000, 0.0
50000, 0.0
51000, 0.0
52000, 0.0
53000, 0.0
54000, 0.0
55000, 0.0
56000, 0.0
57000, 0.0
58000, 0.0
59000, 0.0
60000, 0.282842712474619
61000, 0.282842712474619
62000, 0.282842712474619
63000, 0.282842712474619
64000, 0.282842712474619
65000, 0.0
66000, 0.0
67000, 0.0
68000, 0.0
69000, 0.0
70000, 0.0
71000, 0.0
72000, 0.0
73000, 0.0
74000, 0.0
75000, 0.0
76000, 0.0
77000, 0.0
78000, 0.0
79000, 0.0
80000, 0.0
81000, 0.0
82000, 0.0
83000, 0.0
84000, 0.282842712474619
85000, 0.282842712474619
86000, 0.282842712474619
87000, 0.282842712474619
88000, 0.282842712474619
89000, 0.282842712474619
90000, 0.282842712474619
91000, 0.282842712474619
92000, 0.282842712474619
93000, 0.282842712474619
94000, 0.282842712474619
95000, 0.282842712474619
96000, 0.282842712474619
97000, 0.282842712474619
98000, 0.282842712474619
99000, 0.282842712474619
100000, 0.282842712474619
