1, 0.7745966692414834
2, 2.0
3, 1.5491933384829668
4, 1.7320508075688772
5, 2.1908902300206643
6, 2.1908902300206643
7, 2.0976176963403033
8, 1.4832396974191326
9, 1.3416407864998738
10, 1.2649110640673518
15, 1.3416407864998738
20, 1.4142135623730951
25, 2.32379000772445
30, 1.8439088914585775
35, 1.7888543819998317
40, 1.7888543819998317
45, 1.5491933384829668
50, 1.3416407864998738
55, 1.3416407864998738
60, 1.3416407864998738
65, 1.3416407864998738
70, 0.8944271909999159
75, 0.8944271909999159
80, 1.0
85, 1.0
90, 1.0
95, 1.0
100, 0.8944271909999159
150, 1.1832159566199232
200, 1.0
250, 0.8944271909999159
300, 0.6324555320336759
350, 0.4472135954999579
400, 0.6324555320336759
450, 0.0
500, 0.0
550, 0.4472135954999579
600, 0.6324555320336759
650, 0.4472135954999579
700, 0.4472135954999579
750, 0.4472135954999579
800, 0.4472135954999579
850, 0.4472135954999579
900, 0.4472135954999579
950, 0.4472135954999579
1000, 0.4472135954999579
1250, 0.4472135954999579
1500, 0.0
1750, 0.0
2000, 0.0
2250, 0.4472135954999579
2500, 0.4472135954999579
2750, 0.0
3000, 0.0
3250, 0.0
3500, 0.0
3750, 0.0
4000, 0.0
4250, 0.0
4500, 0.0
4750, 0.0
5000, 0.0
5250, 0.0
5500, 0.0
5750, 0.0
6000, 0.0
6250, 0.0
6500, 0.0
6750, 0.0
7000, 0.0
7250, 0.0
7500, 0.0
7750, 0.0
8000, 0.0
8250, 0.0
8500, 0.0
8750, 0.0
9000, 0.0
9250, 0.0
9500, 0.0
9750, 0.0
10000, 0.0
11000, 0.0
12000, 0.0
13000, 0.0
14000, 0.0
15000, 0.0
16000, 0.0
17000, 0.0
18000, 0.0
19000, 0.0
20000, 0.0
21000, 0.0
22000, 0.0
23000, 0.0
24000, 0.0
25000, 0.0
26000, 0.0
27000, 0.0
28000, 0.0
29000, 0.0
30000, 0.0
31000, 0.0
32000, 0.0
33000, 0.0
34000, 0.0
35000, 0.0
36000, 0.0
37000, 0.0
38000, 0.0
39000, 0.0
40000, 0.0
41000, 0.0
42000, 0.0
43000, 0.0
44000, 0.0
45000, 0.0
46000, 0.0
47000, 0.0
48000, 0.0
49000, 0.0
50000, 0.0
51000, 0.0
52000, 0.0
53000, 0.0
54000, 0.0
55000, 0.0
56000, 0.0
57000, 0.0
58000, 0.0
59000, 0.0
60000, 0.0
61000, 0.0
62000, 0.0
63000, 0.0
64000, 0.0
65000, 0.0
66000, 0.0
67000, 0.0
68000, 0.0
69000, 0.0
70000, 0.0
71000, 0.0
72000, 0.0
73000, 0.0
74000, 0.0
75000, 0.0
76000, 0.0
77000, 0.0
78000, 0.0
79000, 0.0
80000, 0.0
81000, 0.0
82000, 0.0
83000, 0.0
84000, 0.0
85000, 0.0
86000, 0.0
87000, 0.0
88000, 0.0
89000, 0.0
90000, 0.0
91000, 0.0
92000, 0.0
93000, 0.0
94000, 0.0
95000, 0.0
96000, 0.0
97000, 0.0
98000, 0.0
99000, 0.0
100000, 0.0
