1, 39.54743986657038
2, 39.54743986657038
3, 38.71581441367708
4, 37.990224306486304
5, 37.98909617997549
6, 37.988344077022965
7, 37.149120351054655
8, 37.149120351054655
9, 37.149120351054655
10, 36.23928413042557
15, 35.43726851776248
20, 33.8019441537233
25, 33.07178339828164
30, 33.0722153562689
35, 33.07178339828164
40, 33.0696235237113
45, 32.2685162791403
50, 32.27117245202863
55, 31.313164734888833
60, 30.625852757806715
65, 29.900310557393404
70, 29.893620915315218
75, 29.894098796537467
80, 29.893620915315218
85, 29.122401784782205
90, 29.122892321039426
95, 29.126325843519247
100, 29.122892321039426
150, 28.24585936785375
200, 28.21499094959476
250, 28.210940127141154
300, 28.208408067707147
350, 26.600214821903762
400, 26.590546118068783
450, 25.814724480420082
500, 25.81583124474482
550, 25.817491302271357
600, 25.66542977848385
650, 23.50319127267614
700, 23.50319127267614
750, 23.499544068525488
800, 23.496504299272143
850, 23.495896298229248
900, 23.49468024894146
950, 23.494072200694127
1000, 23.491639850320006
1250, 23.421601750764797
1500, 23.257564053750034
1750, 21.739365216123492
2000, 21.81415006038839
2250, 21.813495167638116
2500, 21.717011107161397
2750, 21.59629597870894
3000, 21.027193277821393
3250, 20.927084296262038
3500, 20.87445465498098
3750, 20.300598161489866
4000, 19.944207895312076
4250, 20.02997753368685
4500, 19.96139130564658
4750, 19.385561637466168
5000, 19.387772287854897
5250, 18.972160054744876
5500, 18.905781428668096
5750, 18.172978370568288
6000, 18.16039647144302
6250, 17.965840602972868
6500, 17.97379044211718
6750, 17.97379044211718
7000, 17.54097244412961
7250, 17.54178684496781
7500, 17.388009004565678
7750, 17.113069358158484
8000, 17.113069358158484
8250, 17.020156118135766
8500, 17.052021245923562
8750, 17.04950774320814
9000, 17.04950774320814
9250, 16.826849293401814
9500, 16.826849293401814
9750, 16.92926460304759
10000, 16.92926460304759
11000, 16.744295403851083
12000, 17.16391563717324
13000, 17.54178684496781
14000, 17.332875451827704
15000, 16.48895734380177
16000, 16.138684669363325
17000, 15.995535091304163
18000, 15.701683258264291
19000, 15.752550813847805
20000, 15.620499351813308
21000, 15.35764118792801
22000, 15.300793630210354
23000, 14.921700400997965
24000, 14.783195092498007
25000, 14.685269587486054
26000, 14.92935746392705
27000, 14.99333185119305
28000, 15.016181747891649
29000, 14.742552599290843
30000, 14.838174704842526
31000, 14.562181940119512
32000, 14.394443372357264
33000, 14.47362132590577
34000, 14.444969465427846
35000, 14.287856982166959
36000, 14.009180663305862
37000, 13.877010793806733
38000, 13.44831375515692
39000, 13.369474826740845
40000, 12.954866708251823
41000, 13.091982279242513
42000, 13.013180131807028
43000, 12.90293432850506
44000, 12.800669625341593
45000, 12.718939758149206
46000, 12.878553601128617
47000, 12.814054783713077
48000, 12.717816524185947
49000, 12.601587201618692
50000, 12.397004246418337
51000, 12.56866852818661
52000, 12.505998560690786
53000, 12.159652250666664
54000, 12.724554440697942
55000, 12.43727117521019
56000, 12.595917706032493
57000, 12.295179078461143
58000, 12.508282969982046
59000, 12.298664271259009
60000, 12.636681300314347
61000, 12.640072332523598
62000, 12.457929201917949
63000, 11.961844100543791
64000, 11.967813978691824
65000, 12.104308559942021
66000, 12.019032525837629
67000, 12.174915664125622
68000, 12.020221058105141
69000, 11.85748708622531
70000, 11.895977711574854
71000, 11.833366867826394
72000, 11.939131339542971
73000, 11.961844100543791
74000, 11.887568536680902
75000, 11.947504222341047
76000, 11.940327825123923
77000, 11.935541163145594
78000, 11.846639065273203
79000, 11.912778253383452
80000, 12.034474289663484
81000, 12.010709506816942
82000, 11.744907711125581
83000, 11.59926106020798
84000, 11.750987800424026
85000, 11.778915788087508
86000, 11.419281938896159
87000, 11.564724689453577
88000, 11.73639029441579
89000, 11.793460657742251
90000, 11.87674799164918
91000, 12.075950125293307
92000, 12.101947895158979
93000, 12.373935740672234
94000, 12.725677079937913
95000, 12.57889388732457
96000, 12.441864811996632
97000, 12.242782130125255
98000, 12.211236043672471
99000, 12.001190417144937
100000, 12.101947895158979
