1, 16.510602654052335
2, 15.609825965290794
3, 15.286159317064135
4, 14.466052214293528
5, 14.440683270999795
6, 14.440683270999795
7, 14.440683270999795
8, 14.440683270999795
9, 14.419893665812287
10, 14.102009313096723
15, 12.545915670049755
20, 11.497825881443848
25, 9.862386459000005
30, 8.17312669668102
35, 7.58946638440411
40, 7.689820110596433
45, 6.439461675223067
50, 6.121002096606949
55, 5.7561561248226525
60, 5.5196618253899095
65, 5.513619500836088
70, 5.573747990954262
75, 5.825232470325397
80, 5.668627111861683
85, 5.645056834671079
90, 5.019960159204453
95, 5.053051883103254
100, 4.905778905196061
150, 4.419653078391259
200, 4.242640687119285
250, 3.7859388972001824
300, 3.7327380477785117
350, 3.777124126457412
400, 3.0
450, 2.581988897471611
500, 3.2761766334148303
550, 2.6331223544175333
600, 2.4765567494675613
650, 2.6457513110645907
700, 2.422120283277993
750, 2.4358434541926814
800, 2.3664319132398464
850, 1.7511900715418263
900, 1.7320508075688772
950, 1.8439088914585775
1000, 1.8973665961010275
1250, 1.8073922282301278
1500, 2.0
1750, 1.9148542155126762
2000, 1.7701224063135672
2250, 2.0
2500, 1.6733200530681511
2750, 1.7126976771553504
3000, 1.6931233465600393
3250, 1.591644851508443
3500, 1.570562531918633
3750, 1.61245154965971
4000, 1.6931233465600393
4250, 1.7888543819998317
4500, 1.8439088914585775
4750, 1.591644851508443
5000, 1.570562531918633
5250, 1.6931233465600393
5500, 1.8618986725025255
5750, 1.6733200530681511
6000, 1.61245154965971
6250, 1.4375905768565218
6500, 1.4142135623730951
6750, 1.2382783747337807
7000, 1.1254628677422756
7250, 1.2110601416389966
7500, 1.0645812948447542
7750, 1.0645812948447542
8000, 1.2110601416389966
8250, 1.2110601416389966
8500, 1.2110601416389966
8750, 1.2382783747337807
9000, 1.2382783747337807
9250, 1.0327955589886444
9500, 1.0327955589886444
9750, 1.0327955589886444
10000, 1.0645812948447542
11000, 1.0954451150103321
12000, 0.9660917830792959
13000, 0.9309493362512627
14000, 0.6831300510639732
15000, 0.9309493362512627
16000, 0.6831300510639732
17000, 0.5773502691896257
18000, 0.5773502691896257
19000, 0.4472135954999579
20000, 0.3651483716701107
21000, 0.3651483716701107
22000, 0.6324555320336759
23000, 0.5163977794943222
24000, 0.5163977794943222
25000, 0.4472135954999579
26000, 0.3651483716701107
27000, 0.4472135954999579
28000, 0.4472135954999579
29000, 0.4472135954999579
30000, 0.4472135954999579
31000, 0.5773502691896257
32000, 0.5773502691896257
33000, 0.5773502691896257
34000, 0.5773502691896257
35000, 0.5773502691896257
36000, 0.5773502691896257
37000, 0.5773502691896257
38000, 0.5163977794943222
39000, 0.5163977794943222
40000, 0.5163977794943222
41000, 0.5163977794943222
42000, 0.5163977794943222
43000, 0.5163977794943222
44000, 0.5163977794943222
45000, 0.5773502691896257
46000, 0.5773502691896257
47000, 0.5163977794943222
48000, 0.5163977794943222
49000, 0.5163977794943222
50000, 0.5163977794943222
51000, 0.3651483716701107
52000, 0.5163977794943222
53000, 0.5163977794943222
54000, 0.5163977794943222
55000, 0.5163977794943222
56000, 0.5163977794943222
57000, 0.5163977794943222
58000, 0.5163977794943222
59000, 0.5163977794943222
60000, 0.5163977794943222
61000, 0.5163977794943222
62000, 0.5163977794943222
63000, 0.5163977794943222
64000, 0.5163977794943222
65000, 0.5163977794943222
66000, 0.5163977794943222
67000, 0.5163977794943222
68000, 0.5163977794943222
69000, 0.5163977794943222
70000, 0.5163977794943222
71000, 0.5163977794943222
72000, 0.5163977794943222
73000, 0.5163977794943222
74000, 0.5163977794943222
75000, 0.5163977794943222
76000, 0.5163977794943222
77000, 0.5163977794943222
78000, 0.5163977794943222
79000, 0.5163977794943222
80000, 0.5163977794943222
81000, 0.5163977794943222
82000, 0.5163977794943222
83000, 0.5163977794943222
84000, 0.5163977794943222
85000, 0.5163977794943222
86000, 0.5773502691896257
87000, 0.5773502691896257
88000, 0.5773502691896257
89000, 0.5773502691896257
90000, 0.5773502691896257
91000, 0.5773502691896257
92000, 0.5773502691896257
93000, 0.5773502691896257
94000, 0.5773502691896257
95000, 0.5773502691896257
96000, 0.5163977794943222
97000, 0.5163977794943222
98000, 0.5773502691896257
99000, 0.5773502691896257
100000, 0.3651483716701107
