1, 13.827508813954884
2, 13.269513932318697
3, 12.432216214336043
4, 11.461239025515523
5, 11.42628548566856
6, 11.42628548566856
7, 10.526157893552615
8, 10.49571341072154
9, 10.49571341072154
10, 10.49571341072154
15, 8.16333265278342
20, 8.192679659305616
25, 8.182909018191513
30, 8.153526844255804
35, 8.104319835741924
40, 8.109253973085318
45, 8.099382692526634
50, 7.408103670980854
55, 7.397296803562772
60, 7.391887445030531
65, 7.391887445030531
70, 7.397296803562772
75, 6.805879810869422
80, 6.805879810869422
85, 6.805879810869422
90, 6.805879810869422
95, 6.805879810869422
100, 6.805879810869422
150, 6.04648658313239
200, 5.43323108288245
250, 5.418486873657627
300, 5.403702434442518
350, 5.403702434442518
400, 4.68187996428785
450, 4.68187996428785
500, 4.345112196480086
550, 3.9698866482558417
600, 3.878143885933063
650, 3.878143885933063
700, 3.878143885933063
750, 3.878143885933063
800, 3.9698866482558417
850, 3.2619012860600183
900, 3.2619012860600183
950, 3.046309242345563
1000, 3.046309242345563
1250, 3.046309242345563
1500, 2.6381811916545836
1750, 3.0724582991474434
2000, 3.1240998703626617
2250, 3.1240998703626617
2500, 3.3823069050575527
2750, 3.2984845004941286
3000, 3.2984845004941286
3250, 3.1622776601683795
3500, 3.1368774282716245
3750, 3.2
4000, 3.2
4250, 3.1749015732775088
4500, 3.1749015732775088
4750, 3.1749015732775088
5000, 3.1749015732775088
5250, 3.1749015732775088
5500, 3.111269837220809
5750, 2.7856776554368237
6000, 2.7856776554368237
6250, 2.7856776554368237
6500, 2.7856776554368237
6750, 2.7129319932501073
7000, 2.7129319932501073
7250, 2.6381811916545836
7500, 2.592296279363144
7750, 2.592296279363144
8000, 2.6683328128252666
8250, 3.059411708155671
8500, 3.394112549695428
8750, 3.249615361854384
9000, 3.2
9250, 3.2
9500, 2.6381811916545836
9750, 2.6532998322843198
10000, 2.545584412271571
11000, 2.5768197453450252
12000, 1.876166303929372
13000, 1.6
14000, 1.5231546211727816
15000, 1.6492422502470643
16000, 1.3564659966250536
17000, 2.0976176963403033
18000, 2.244994432064365
19000, 2.1166010488516727
20000, 2.262741699796952
21000, 2.244994432064365
22000, 1.9798989873223332
23000, 1.9595917942265424
24000, 2.0591260281974
25000, 1.9798989873223332
26000, 2.280350850198276
27000, 2.4
28000, 2.4
29000, 2.513961017995307
30000, 2.280350850198276
31000, 2.280350850198276
32000, 2.262741699796952
33000, 2.262741699796952
34000, 2.0976176963403033
35000, 2.0
36000, 2.227105745132009
37000, 2.513961017995307
38000, 2.513961017995307
39000, 2.4
40000, 2.4
41000, 2.4
42000, 2.0976176963403033
43000, 2.0976176963403033
44000, 2.039607805437114
45000, 2.039607805437114
46000, 2.039607805437114
47000, 1.8973665961010275
48000, 1.9798989873223332
49000, 2.0976176963403033
50000, 1.9183326093250879
51000, 1.697056274847714
52000, 1.7435595774162693
53000, 1.8973665961010275
54000, 1.8547236990991407
55000, 1.8547236990991407
56000, 1.7663521732655694
57000, 1.6733200530681511
58000, 1.5748015748023623
59000, 1.9798989873223332
60000, 1.9798989873223332
61000, 1.9183326093250879
62000, 2.0199009876724157
63000, 2.1908902300206643
64000, 2.592296279363144
65000, 2.4166091947189146
66000, 2.545584412271571
67000, 2.545584412271571
68000, 2.4819347291981715
69000, 2.4819347291981715
70000, 2.4819347291981715
71000, 2.545584412271571
72000, 2.545584412271571
73000, 2.449489742783178
74000, 2.3664319132398464
75000, 2.209072203437452
76000, 2.227105745132009
77000, 2.209072203437452
78000, 2.209072203437452
79000, 2.209072203437452
80000, 2.209072203437452
81000, 2.4166091947189146
82000, 2.227105745132009
83000, 2.227105745132009
84000, 2.280350850198276
85000, 2.1354156504062622
86000, 2.1354156504062622
87000, 2.0199009876724157
88000, 2.1354156504062622
89000, 2.1354156504062622
90000, 1.9183326093250879
91000, 1.9390719429665315
92000, 2.0
93000, 1.9595917942265424
94000, 1.8547236990991407
95000, 1.8547236990991407
96000, 1.9390719429665315
97000, 2.172556098240043
98000, 2.1166010488516727
99000, 1.876166303929372
100000, 2.1354156504062622
