1, 16.56703554250629
2, 15.671630419327785
3, 15.667375870472588
4, 15.667375870472588
5, 15.667375870472588
6, 15.667375870472588
7, 14.780617939269883
8, 14.780617939269883
9, 14.780617939269883
10, 14.780617939269883
15, 14.780617939269883
20, 13.966626889362608
25, 13.96424004376894
30, 13.96424004376894
35, 13.29661611087573
40, 12.659647177811342
45, 12.659647177811342
50, 12.659647177811342
55, 12.659647177811342
60, 12.659647177811342
65, 12.659647177811342
70, 12.659647177811342
75, 12.659647177811342
80, 12.641202474448386
85, 12.641202474448386
90, 12.641202474448386
95, 12.641202474448386
100, 11.767186013090244
150, 11.753013797887473
200, 10.875047892614848
250, 10.633281086601006
300, 10.633281086601006
350, 10.627009613872255
400, 10.623872489194637
450, 10.623872489194637
500, 9.865765724632494
550, 9.865765724632494
600, 9.577751997902919
650, 9.577751997902919
700, 9.577751997902919
750, 9.577751997902919
800, 9.577751997902919
850, 9.577751997902919
900, 9.567305437443363
950, 9.567305437443363
1000, 9.567305437443363
1250, 8.8656641037206
1500, 8.846845012017937
1750, 8.736894948054104
2000, 8.774964387392123
2250, 9.011104260855047
2500, 8.906926143924924
2750, 7.99583224769838
3000, 7.554248252914824
3250, 7.840068026915753
3500, 7.745966692414834
3750, 7.380153566604605
4000, 7.321202087089251
4250, 7.2571803523590805
4500, 7.389181280764467
4750, 7.389181280764467
5000, 7.113367697511496
5250, 6.777413469261952
5500, 6.465291950097845
5750, 6.2289646009589745
6000, 6.011100842053254
6250, 5.531726674375733
6500, 5.761944116355173
6750, 5.60357029044876
7000, 5.692099788303083
7250, 5.360348247393385
7500, 5.5377492419453835
7750, 5.5377492419453835
8000, 5.495452665613635
8250, 5.266244708835067
8500, 5.354126134736337
8750, 5.18973345494095
9000, 5.221749387577564
9250, 5.118593556827891
9500, 5.118593556827891
9750, 5.072803301265814
10000, 5.00666222813829
11000, 6.319282659711728
12000, 6.511528238439882
13000, 6.413527370592047
14000, 6.303438215238834
15000, 6.767569726275452
16000, 6.638272867747052
17000, 6.894442206105824
18000, 7.164728420068226
19000, 7.192588778272628
20000, 7.174027227901123
21000, 6.6332495807108
22000, 6.643292356454993
23000, 6.683312551921141
24000, 6.995236474439826
25000, 6.663332499583072
26000, 6.638272867747052
27000, 7.31209044437134
28000, 7.042726744663604
29000, 6.767569726275452
30000, 7.033254343948231
31000, 7.211102550927978
32000, 7.118052168020874
33000, 6.961800533386939
34000, 7.080489625254269
35000, 6.816646291738091
36000, 6.904105059069326
37000, 6.787242935586339
38000, 7.275529763071094
39000, 7.366591251499344
40000, 7.211102550927978
41000, 7.094598884597588
42000, 6.97614984548545
43000, 7.247988226627671
44000, 7.211102550927978
45000, 7.192588778272628
46000, 7.103989489481714
47000, 7.187952884282608
48000, 7.174027227901123
49000, 6.928203230275509
50000, 6.95221787153807
51000, 6.797058187186572
52000, 6.54217089351845
53000, 6.618156843109719
54000, 6.683312551921141
55000, 6.648308055437865
56000, 6.6932802122726045
57000, 6.698258480132479
58000, 6.668333125052067
59000, 6.5625198412398476
60000, 6.663332499583072
61000, 6.3456021516217564
62000, 6.663332499583072
63000, 6.65331997326648
64000, 6.603029607687671
65000, 6.658328118479393
66000, 6.728050733062784
67000, 6.826419266350405
68000, 6.496152707564686
69000, 6.567597226789515
70000, 6.470445631227162
71000, 6.465291950097845
72000, 6.324555320336759
73000, 6.718134661744533
74000, 6.723094525588644
75000, 6.44980619863884
76000, 6.767569726275452
77000, 6.816646291738091
78000, 6.723094525588644
79000, 6.250333324444918
80000, 5.853773711604051
81000, 5.887840577551898
82000, 5.785038173311103
83000, 5.813776741499453
84000, 5.347896782848375
85000, 5.422176684690384
86000, 5.738757124441958
87000, 5.378971401051816
88000, 5.259911279353167
89000, 5.360348247393385
90000, 5.5196618253899095
91000, 5.715476066494082
92000, 5.272570530585627
93000, 5.422176684690384
94000, 5.627314338711377
95000, 5.738757124441958
96000, 5.876506898943736
97000, 5.477225575051661
98000, 5.259911279353167
99000, 5.144576432192126
100000, 6.060803027102377
