1, 16.901676445449624
2, 16.097618871539147
3, 15.920636503188767
4, 15.266521105565166
5, 15.211837495845135
6, 14.410644214144858
7, 13.443709805456725
8, 13.339165391182963
9, 12.733158812067543
10, 11.829342049891588
15, 9.9498743710662
20, 9.780933834080807
25, 9.605553948974867
30, 8.160882305241266
35, 7.35753581937141
40, 7.425182377109221
45, 7.402702209328699
50, 6.115553940568262
55, 5.285199460127624
60, 5.253570214625479
65, 5.285199460127624
70, 5.2345009313209605
75, 5.650958620741558
80, 5.5437652667959645
85, 5.354126134736337
90, 5.163977794943222
95, 5.131601439446884
100, 5.118593556827891
150, 4.871686908385363
200, 4.661902329879224
250, 3.687817782917155
300, 2.8284271247461903
350, 2.0976176963403033
400, 2.54296414970142
450, 2.898275349237888
500, 2.780887148615228
550, 2.1291625896895083
600, 2.04939015319192
650, 2.206052281036573
700, 2.3804761428476167
750, 2.309401076758503
800, 2.3804761428476167
850, 2.3804761428476167
900, 2.3523038352503134
950, 2.3804761428476167
1000, 2.4358434541926814
1250, 2.2949219304078006
1500, 1.9148542155126762
1750, 1.9321835661585918
2000, 1.7126976771553504
2250, 1.632993161855452
2500, 1.7701224063135672
2750, 1.61245154965971
3000, 1.8439088914585775
3250, 1.7511900715418263
3500, 1.390443574307614
3750, 1.4832396974191326
4000, 1.4832396974191326
4250, 1.5491933384829668
4500, 1.6733200530681511
4750, 1.6532795690182993
5000, 1.5275252316519468
5250, 1.5275252316519468
5500, 1.4375905768565218
5750, 1.390443574307614
6000, 1.6733200530681511
6250, 1.632993161855452
6500, 1.5275252316519468
6750, 1.4605934866804429
7000, 1.4605934866804429
7250, 1.591644851508443
7500, 1.5491933384829668
7750, 1.505545305418162
8000, 1.4832396974191326
8250, 1.390443574307614
8500, 1.2649110640673518
8750, 1.2649110640673518
9000, 1.2649110640673518
9250, 1.2382783747337807
9500, 1.2909944487358056
9750, 1.3165611772087666
10000, 1.2909944487358056
11000, 1.2382783747337807
12000, 1.0954451150103321
13000, 1.1254628677422756
14000, 0.7302967433402214
15000, 0.816496580927726
16000, 0.816496580927726
17000, 0.6831300510639732
18000, 0.7302967433402214
19000, 0.8944271909999159
20000, 0.8944271909999159
21000, 0.8944271909999159
22000, 0.7302967433402214
23000, 0.8563488385776752
24000, 0.816496580927726
25000, 1.0645812948447542
26000, 1.0645812948447542
27000, 1.0645812948447542
28000, 1.0645812948447542
29000, 1.0645812948447542
30000, 1.0645812948447542
31000, 1.1547005383792515
32000, 0.8944271909999159
33000, 1.0
34000, 0.9660917830792959
35000, 0.9309493362512627
36000, 0.8944271909999159
37000, 0.9660917830792959
38000, 1.0
39000, 0.9660917830792959
40000, 0.5163977794943222
41000, 0.6324555320336759
42000, 0.6324555320336759
43000, 0.5773502691896257
44000, 0.6324555320336759
45000, 0.7745966692414834
46000, 0.7302967433402214
47000, 0.7302967433402214
48000, 0.7302967433402214
49000, 0.8563488385776752
50000, 0.8563488385776752
51000, 0.8563488385776752
52000, 0.7745966692414834
53000, 0.7745966692414834
54000, 0.5163977794943222
55000, 0.5163977794943222
56000, 0.4472135954999579
57000, 0.4472135954999579
58000, 0.4472135954999579
59000, 0.4472135954999579
60000, 0.4472135954999579
61000, 0.4472135954999579
62000, 0.4472135954999579
63000, 0.4472135954999579
64000, 0.3651483716701107
65000, 0.4472135954999579
66000, 0.4472135954999579
67000, 0.3651483716701107
68000, 0.3651483716701107
69000, 0.4472135954999579
70000, 0.4472135954999579
71000, 0.0
72000, 0.0
73000, 0.0
74000, 0.0
75000, 0.2581988897471611
76000, 0.3651483716701107
77000, 0.3651483716701107
78000, 0.3651483716701107
79000, 0.3651483716701107
80000, 0.2581988897471611
81000, 0.0
82000, 0.3651483716701107
83000, 0.0
84000, 0.0
85000, 0.0
86000, 0.0
87000, 0.0
88000, 0.2581988897471611
89000, 0.2581988897471611
90000, 0.2581988897471611
91000, 0.2581988897471611
92000, 0.2581988897471611
93000, 0.2581988897471611
94000, 0.2581988897471611
95000, 0.2581988897471611
96000, 0.2581988897471611
97000, 0.2581988897471611
98000, 0.2581988897471611
99000, 0.2581988897471611
100000, 0.2581988897471611
