1, 39.69130887234635
2, 38.86423254650182
3, 38.21256337907731
4, 37.305687042517874
5, 36.505968200908114
6, 35.916967737109594
7, 35.367054887685676
8, 34.50507209092599
9, 33.5946424300066
10, 33.590389782113064
15, 32.245486948896094
20, 31.753964881795245
25, 30.415221753025477
30, 28.925026237795237
35, 28.293361159718824
40, 28.26860954688585
45, 27.4970128247727
50, 27.501688259866103
55, 25.831320966167077
60, 24.74036609037373
65, 24.258724498326664
70, 24.218646889181425
75, 22.85732142787389
80, 22.849820255623143
85, 22.035685343810584
90, 21.55524463856932
95, 21.4768978871983
100, 21.39225494024815
150, 19.738287666360524
200, 18.790575145154932
250, 16.681897802279998
300, 15.736218460245505
350, 15.133689947549852
400, 15.160098001944823
450, 14.625808890939528
500, 14.568066839102965
550, 13.784048752090222
600, 13.79130160644745
650, 12.992305415129373
700, 13.007690033207279
750, 12.822970460410934
800, 12.828539611796371
850, 12.407371081049247
900, 11.955871241480361
950, 11.957066051980668
1000, 11.867121446609174
1250, 10.2942424962417
1500, 9.51239792511406
1750, 9.313584548542906
2000, 9.227288721117224
2250, 8.507139858461748
2500, 7.242730345466608
2750, 7.175354645292056
3000, 7.067026046567053
3250, 7.121396331779724
3500, 7.119390022025362
3750, 7.006119773863011
4000, 7.077126131821751
4250, 7.278147330978438
4500, 7.093256354755954
4750, 6.897204402613321
5000, 6.838963998401262
5250, 6.674043537680673
5500, 6.652604216180523
5750, 6.652604216180523
6000, 6.708203932499369
6250, 6.689010176614858
6500, 6.714589658773966
6750, 6.44980619863884
7000, 5.8700206862619195
7250, 5.94017796751194
7500, 5.826049874731347
7750, 5.500649312321488
8000, 5.495452665613635
8250, 5.487648468541486
8500, 5.505841054215579
8750, 5.474616751100352
9000, 5.629006509652861
9250, 5.595916878786327
9500, 5.323801005189539
9750, 5.8088602275194345
10000, 5.661902759421329
11000, 5.930550444219202
12000, 5.204393748143417
13000, 5.5805785670356025
14000, 5.813776741499453
15000, 5.63661499230066
16000, 5.714642845982841
17000, 5.823597317319057
18000, 5.80640040940045
19000, 5.5239737249814755
20000, 6.011892975000232
21000, 5.595916878786327
22000, 5.458937625582473
23000, 5.754501343668773
24000, 5.692099788303083
25000, 5.6137586084802145
26000, 5.294201680005346
27000, 5.331845030434721
28000, 5.398412465054624
29000, 5.684565569529981
30000, 5.634079973061897
31000, 5.8113190044454255
32000, 5.5239737249814755
33000, 5.516209878945092
34000, 5.518799041199349
35000, 5.490251100164468
36000, 4.828486896977739
37000, 4.795831523312719
38000, 4.783901575671711
39000, 4.896062557957014
40000, 4.965595921653599
41000, 4.8373546489791295
42000, 4.807731867969107
43000, 5.0
44000, 5.176871642217914
45000, 5.031330411957231
46000, 5.076556763341524
47000, 4.8902234830614555
48000, 4.705619740571601
49000, 4.825527358301296
50000, 4.898979485566356
51000, 4.925154094761184
52000, 4.7629522657396315
53000, 4.678216998570533
54000, 4.681269669041265
55000, 4.7629522657396315
56000, 4.573213937078137
57000, 4.541868715470696
58000, 4.591918366621328
59000, 4.5888062562220755
60000, 4.604345773288535
61000, 4.541868715470696
62000, 4.58257569495584
63000, 4.723799923185328
64000, 4.771941803021971
65000, 4.8047595450463785
66000, 4.777925431457824
67000, 4.84325746343748
68000, 4.925154094761184
69000, 4.869731585445518
70000, 4.869731585445518
71000, 4.919349550499537
72000, 4.887301329539063
73000, 4.653723547563054
74000, 4.705619740571601
75000, 4.591918366621328
76000, 4.595028369257987
77000, 4.622924244612772
78000, 4.768947173418589
79000, 4.68736904578982
80000, 4.638349460129725
81000, 4.884377427793931
82000, 4.954074801903696
83000, 5.037005913380345
84000, 4.945416348210013
85000, 4.959838707054898
86000, 4.810702354423639
87000, 4.729844455310192
88000, 4.729844455310192
89000, 4.711687595755898
90000, 4.5888062562220755
91000, 4.576336650953156
92000, 4.545012965563779
93000, 4.548155041960892
94000, 4.541868715470696
95000, 4.5229573132125465
96000, 4.47213595499958
97000, 4.302822993603817
98000, 4.3094580368566735
99000, 4.229150539495406
100000, 4.381780460041329
