1, 68.45850324588368
2, 67.69822745094586
3, 66.84397255300337
4, 66.24273545076471
5, 65.54349700771236
6, 65.54260700745228
7, 65.0543362633627
8, 64.28867188963646
9, 63.65283444854073
10, 62.81387850891977
15, 59.902281536960956
20, 56.457653747447445
25, 54.00493804582442
30, 52.26630527085942
35, 51.6839755952784
40, 49.77131034374455
45, 49.09480624261593
50, 48.9833304979017
55, 48.95133637944252
60, 48.94827201580596
65, 48.223611091110406
70, 48.20822889645847
75, 46.20768334379035
80, 46.180804092898455
85, 46.202633402581434
90, 46.21706034211465
95, 44.283556014996506
100, 44.27734559945225
150, 41.47870939811572
200, 37.378692682685774
250, 35.53777333110972
300, 33.61547262794322
350, 32.575809020396306
400, 32.466136203743126
450, 31.706991868250974
500, 31.659911560204964
550, 31.626992690843476
600, 31.624094189926346
650, 31.595622059603976
700, 30.774989845652264
750, 30.752506672898498
800, 30.745189325594772
850, 30.74437617950097
900, 30.747628634850308
950, 29.650744791095327
1000, 29.631908477180474
1250, 29.09467305195231
1500, 26.24595206884292
1750, 26.283708515605888
2000, 25.948988419589693
2250, 24.752440957071958
2500, 23.03330921368732
2750, 22.165288177689007
3000, 22.03330811899717
3250, 20.945166506857852
3500, 20.654297373670207
3750, 20.423434252511665
4000, 19.908959457155632
4250, 19.898492405204973
4500, 19.892628450425214
4750, 17.646057161114868
5000, 17.66729558628975
5250, 17.99305421544658
5500, 18.096961070853858
5750, 18.07668848729398
6000, 16.957299313275094
6250, 16.734694499751107
6500, 16.764545922869488
6750, 16.167353937281554
7000, 15.574551892965225
7250, 15.568129838444522
7500, 15.52095357895255
7750, 15.406708495543969
8000, 15.416981978757494
8250, 15.193200233437764
8500, 15.189908931041467
8750, 14.818906842274163
9000, 14.411800720243116
9250, 14.060583202698243
9500, 13.570187913216236
9750, 13.57325802205695
10000, 13.790697347608399
11000, 13.734385072995927
12000, 13.331041469692707
13000, 13.173205127581266
14000, 13.039043932231637
15000, 12.660305420223215
16000, 12.7455874717488
17000, 12.886685635440427
18000, 12.726612536989828
19000, 12.988456413292536
20000, 12.965981130121495
21000, 12.608198390994119
22000, 12.182637919049661
23000, 12.557202448528626
24000, 12.305147974188147
25000, 12.780845042484476
26000, 12.815355372885035
27000, 13.01473523869515
28000, 12.96148139681572
29000, 12.729231451008083
30000, 12.439185396694324
31000, 12.205190152827061
32000, 12.286171087853205
33000, 12.015961606685224
34000, 12.120918557051139
35000, 12.00069442435173
36000, 11.716797059492553
37000, 11.660474547232916
38000, 11.277558837502616
39000, 11.376877134492283
40000, 11.36221809331259
41000, 11.618232797346304
42000, 11.24129292682415
43000, 11.073993558483467
44000, 11.149738412477069
45000, 11.190025320197746
46000, 11.223487277431497
47000, 11.144505372604026
48000, 11.126544836560898
49000, 10.881176406988354
50000, 10.940749517286282
51000, 10.754843869934453
52000, 10.879644602038555
53000, 10.805862606320083
54000, 10.660675400742676
55000, 10.831281857041052
56000, 10.437113266288401
57000, 10.150533647711992
58000, 10.222524150130436
59000, 10.101980003939822
60000, 10.104454463255301
61000, 10.277807807763937
62000, 10.120935398140498
63000, 10.16857905510893
64000, 10.02330617444497
65000, 9.928914005737653
66000, 9.737385001460437
67000, 9.733105020153298
68000, 9.633275663033837
69000, 9.581231653602787
70000, 9.593400509377961
71000, 9.492979862333359
72000, 9.541138995598656
73000, 9.6850400102426
74000, 9.788598810180478
75000, 9.906226997870245
76000, 9.66781602362533
77000, 9.654877869070466
78000, 9.641058033224361
79000, 9.612491872558333
80000, 9.703951085339758
81000, 9.810708435174291
82000, 9.904544411531507
83000, 9.986657765906136
84000, 10.036599689801987
85000, 9.986657765906136
86000, 10.039920318408907
87000, 10.071411685227316
88000, 9.83192080250175
89000, 9.812407112086888
90000, 9.747649289273115
91000, 9.810708435174291
92000, 9.863231383949852
93000, 9.72025376897812
94000, 9.736529155710468
95000, 9.874208829065749
96000, 9.783489493359037
97000, 9.75106831754005
98000, 9.596006113656522
99000, 9.574271077563381
100000, 9.495613022162743
