1, 0.5477225575051661
2, 1.0488088481701516
3, 2.4698178070456938
4, 2.5099800796022267
5, 2.6076809620810595
6, 3.478505426185217
7, 3.924283374069717
8, 4.0
9, 4.2895221179054435
10, 4.449719092257398
15, 4.03732584763727
20, 4.123105625617661
25, 4.604345773288535
30, 5.431390245600108
35, 5.366563145999495
40, 5.449770637375485
45, 5.549774770204643
50, 5.2345009313209605
55, 5.059644256269407
60, 4.711687595755898
65, 4.505552130427524
70, 4.012480529547776
75, 4.795831523312719
80, 4.898979485566356
85, 4.753945729601885
90, 4.06201920231798
95, 3.687817782917155
100, 4.230839160261236
150, 3.478505426185217
200, 3.3166247903554
250, 2.932575659723036
300, 2.932575659723036
350, 2.9154759474226504
400, 3.3466401061363023
450, 2.8809720581775866
500, 3.0495901363953815
550, 2.569046515733026
600, 2.8284271247461903
650, 2.569046515733026
700, 2.569046515733026
750, 2.9832867780352594
800, 3.1937438845342623
850, 2.9154759474226504
900, 2.04939015319192
950, 1.6431676725154984
1000, 1.7320508075688772
1250, 2.3874672772626644
1500, 2.32379000772445
1750, 1.5811388300841898
2000, 1.816590212458495
2250, 1.7320508075688772
2500, 1.1832159566199232
2750, 1.0
3000, 1.224744871391589
3250, 1.378404875209022
3500, 1.6733200530681511
3750, 1.378404875209022
4000, 1.4142135623730951
4250, 1.3416407864998738
4500, 1.140175425099138
4750, 0.7745966692414834
5000, 1.0954451150103321
5250, 1.3038404810405297
5500, 1.6431676725154984
5750, 1.61245154965971
6000, 1.5811388300841898
6250, 1.1832159566199232
6500, 1.3038404810405297
6750, 1.449137674618944
7000, 1.3038404810405297
7250, 1.1832159566199232
7500, 1.0954451150103321
7750, 1.0488088481701516
8000, 1.0488088481701516
8250, 1.0954451150103321
8500, 0.7071067811865476
8750, 0.6324555320336759
9000, 0.5477225575051661
9250, 0.7745966692414834
9500, 0.8944271909999159
9750, 0.31622776601683794
10000, 0.4472135954999579
11000, 0.8366600265340756
12000, 1.0
13000, 1.0488088481701516
14000, 0.9486832980505138
15000, 1.140175425099138
16000, 1.0954451150103321
17000, 1.0954451150103321
18000, 0.4472135954999579
19000, 0.8366600265340756
20000, 0.7071067811865476
21000, 0.9486832980505138
22000, 0.7071067811865476
23000, 0.7745966692414834
24000, 0.9486832980505138
25000, 0.7071067811865476
26000, 0.7745966692414834
27000, 0.6324555320336759
28000, 0.8944271909999159
29000, 1.0
30000, 1.0488088481701516
31000, 1.0488088481701516
32000, 1.0
33000, 0.8944271909999159
34000, 0.7745966692414834
35000, 0.8944271909999159
36000, 0.8944271909999159
37000, 0.8944271909999159
38000, 0.9486832980505138
39000, 0.9486832980505138
40000, 0.8366600265340756
41000, 0.7745966692414834
42000, 0.8944271909999159
43000, 0.7745966692414834
44000, 0.7745966692414834
45000, 0.7745966692414834
46000, 0.8944271909999159
47000, 0.7071067811865476
48000, 0.7071067811865476
49000, 0.7071067811865476
50000, 0.8366600265340756
51000, 0.7071067811865476
52000, 0.6324555320336759
53000, 0.7745966692414834
54000, 0.6324555320336759
55000, 0.6324555320336759
56000, 0.6324555320336759
57000, 0.7745966692414834
58000, 0.6324555320336759
59000, 0.6324555320336759
60000, 0.6324555320336759
61000, 0.6324555320336759
62000, 0.6324555320336759
63000, 0.7071067811865476
64000, 0.7071067811865476
65000, 0.8366600265340756
66000, 0.8366600265340756
67000, 0.8366600265340756
68000, 0.8366600265340756
69000, 0.8944271909999159
70000, 0.8366600265340756
71000, 0.8944271909999159
72000, 0.7745966692414834
73000, 0.7745966692414834
74000, 0.8366600265340756
75000, 0.8366600265340756
76000, 0.7071067811865476
77000, 0.7071067811865476
78000, 0.7071067811865476
79000, 0.7071067811865476
80000, 0.7071067811865476
81000, 0.7071067811865476
82000, 0.7071067811865476
83000, 0.7071067811865476
84000, 0.7071067811865476
85000, 0.7071067811865476
86000, 0.7071067811865476
87000, 0.6324555320336759
88000, 0.7071067811865476
89000, 0.7071067811865476
90000, 0.7071067811865476
91000, 0.7071067811865476
92000, 0.6324555320336759
93000, 0.6324555320336759
94000, 0.6324555320336759
95000, 0.6324555320336759
96000, 0.5477225575051661
97000, 0.6324555320336759
98000, 0.5477225575051661
99000, 0.5477225575051661
100000, 0.5477225575051661
