1, 22.759613353482084
2, 22.249719099350447
3, 22.160776159692603
4, 21.362350057987534
5, 20.917695857813786
6, 20.286695147312685
7, 19.474342094150447
8, 18.672171807264412
9, 18.586285266292453
10, 18.29207478663916
15, 15.797151641989135
20, 14.649232061783989
25, 14.41700384962146
30, 14.411800720243116
35, 14.4083309234623
40, 14.413535305399574
45, 14.375326083258077
50, 14.373586887064759
55, 13.470337783441067
60, 13.466625412478065
65, 13.36413109783049
70, 12.66491215919005
75, 12.655038522264562
80, 12.658988901172163
85, 12.599603168354152
90, 11.597413504743201
95, 11.597413504743201
100, 11.593101396951552
150, 10.032447358446493
200, 9.90706818387761
250, 9.609890738192604
300, 7.755643106796495
350, 7.5960516059331775
400, 7.519973404208288
450, 7.523297149521611
500, 7.496665925596525
550, 7.416198487095663
600, 7.416198487095663
650, 7.402702209328699
700, 7.416198487095663
750, 7.412826721298698
800, 7.503332592921628
850, 7.503332592921628
900, 7.503332592921628
950, 6.767569726275452
1000, 6.767569726275452
1250, 6.603029607687671
1500, 6.59545297913646
1750, 6.5038450166036395
2000, 6.04979338490167
2250, 5.979130371550699
2500, 4.898979485566356
2750, 5.054700782440045
3000, 4.964876634922564
3250, 4.376071297408213
3500, 4.254409477236529
3750, 4.318564576337836
4000, 4.306971093471606
4250, 4.2485291572496005
4500, 4.068169121361598
4750, 3.9937451095431715
5000, 4.043513323831146
5250, 4.171330722922842
5500, 4.104875150354759
5750, 4.08656334834051
6000, 3.7080992435478315
6250, 3.7080992435478315
6500, 3.6124783736376886
6750, 3.1144823004794873
7000, 3.840572873934304
7250, 3.847076812334269
7500, 3.8535697735995385
7750, 3.7815340802378077
8000, 3.774917217635375
8250, 3.774917217635375
8500, 3.3391615714128
8750, 3.255764119219941
9000, 3.255764119219941
9250, 3.4641016151377544
9500, 3.1780497164141406
9750, 3.271085446759225
10000, 3.271085446759225
11000, 3.591656999213594
12000, 3.598610843089316
13000, 3.626292872893749
14000, 3.5
15000, 3.3166247903554
16000, 3.22490309931942
17000, 3.146426544510455
18000, 3.52845575287547
19000, 3.5
20000, 4.05585995813465
21000, 3.968626966596886
22000, 3.9370039370059056
23000, 3.9560080889704965
24000, 3.598610843089316
25000, 3.8987177379235853
26000, 3.930648801406709
27000, 3.987480407475377
28000, 3.687817782917155
29000, 3.427827300200522
30000, 3.8794329482541645
31000, 3.82099463490856
32000, 3.82099463490856
33000, 3.570714214271425
34000, 3.5425979167836705
35000, 3.0659419433511785
36000, 3.398529093593286
37000, 3.40587727318528
38000, 3.5777087639996634
39000, 3.478505426185217
40000, 2.8106938645110393
41000, 2.958039891549808
42000, 2.7386127875258306
43000, 2.9832867780352594
44000, 2.932575659723036
45000, 2.958039891549808
46000, 2.9664793948382653
47000, 3.1859064644147983
48000, 3.2015621187164243
49000, 3.1304951684997055
50000, 3.1304951684997055
51000, 3.122498999199199
52000, 2.7748873851023217
53000, 3.331666249791536
54000, 3.3241540277189325
55000, 3.4351128074635335
56000, 3.22490309931942
57000, 3.170173496829472
58000, 3.3541019662496847
59000, 3.398529093593286
60000, 3.391164991562634
61000, 3.427827300200522
62000, 3.4132096331752027
63000, 3.570714214271425
64000, 3.5425979167836705
65000, 3.3241540277189325
66000, 3.361547262794322
67000, 3.1304951684997055
68000, 3.255764119219941
69000, 3.383784863137726
70000, 3.3541019662496847
71000, 3.427827300200522
72000, 3.3541019662496847
73000, 3.449637662132068
74000, 3.478505426185217
75000, 3.3166247903554
76000, 3.3241540277189325
77000, 3.271085446759225
78000, 3.271085446759225
79000, 3.255764119219941
80000, 3.286335345030997
81000, 3.52845575287547
82000, 3.3015148038438356
83000, 3.398529093593286
84000, 3.2939338184001206
85000, 3.122498999199199
86000, 3.3763886032268267
87000, 3.5142566781611158
88000, 3.5
89000, 3.442382895611701
90000, 3.3689761055846033
91000, 3.271085446759225
92000, 3.3689761055846033
93000, 3.4713109915419564
94000, 3.4856850115866753
95000, 3.492849839314596
96000, 3.5
97000, 3.271085446759225
98000, 3.271085446759225
99000, 3.4351128074635335
100000, 3.4351128074635335
