1, 16.56703554250629
2, 16.380883167074153
3, 15.506987672229144
4, 15.305772331596556
5, 14.901901444670296
6, 14.812157169028419
7, 14.812157169028419
8, 14.904138127826558
9, 14.322476508388252
10, 14.322476508388252
15, 13.468481725866505
20, 11.829342049891588
25, 11.245739934155807
30, 11.369549976435597
35, 10.44030650891055
40, 9.409215341001254
45, 8.933084573650918
50, 8.19756061276768
55, 7.615773105863909
60, 7.58946638440411
65, 7.628892449104261
70, 7.633260552782583
75, 7.685484153042453
80, 7.620148729957092
85, 7.407203700902701
90, 7.201851613763412
95, 6.418722614352485
100, 6.382267099811268
150, 4.91256891385081
200, 4.74692883171144
250, 5.41602560309064
300, 3.812260921465546
350, 3.723797345005051
400, 4.419653078391259
450, 4.024922359499621
500, 3.8901585229053754
550, 3.5118845842842465
600, 3.559026084010437
650, 3.605551275463989
700, 3.2145502536643185
750, 3.03315017762062
800, 2.780887148615228
850, 2.840187787218772
900, 2.8284271247461903
950, 2.8751811537130436
1000, 2.780887148615228
1250, 2.756809750418044
1500, 2.3944379994757297
1750, 2.32379000772445
2000, 2.0976176963403033
2250, 2.2949219304078006
2500, 2.1291625896895083
2750, 2.3804761428476167
3000, 2.1756225162774294
3250, 1.8973665961010275
3500, 1.632993161855452
3750, 1.8257418583505538
4000, 1.6733200530681511
4250, 1.7320508075688772
4500, 1.7511900715418263
4750, 1.6931233465600393
5000, 1.7511900715418263
5250, 1.4832396974191326
5500, 1.2649110640673518
5750, 1.61245154965971
6000, 1.591644851508443
6250, 1.3662601021279464
6500, 1.2110601416389966
6750, 1.591644851508443
7000, 1.591644851508443
7250, 1.3416407864998738
7500, 1.1832159566199232
7750, 1.0954451150103321
8000, 1.1547005383792515
8250, 1.2649110640673518
8500, 1.0954451150103321
8750, 1.2382783747337807
9000, 1.0645812948447542
9250, 1.0954451150103321
9500, 0.9660917830792959
9750, 0.9660917830792959
10000, 1.1254628677422756
11000, 0.9660917830792959
12000, 1.0645812948447542
13000, 1.0327955589886444
14000, 0.816496580927726
15000, 0.8563488385776752
16000, 0.6324555320336759
17000, 0.8944271909999159
18000, 0.816496580927726
19000, 0.816496580927726
20000, 0.816496580927726
21000, 0.9660917830792959
22000, 0.816496580927726
23000, 0.8944271909999159
24000, 0.816496580927726
25000, 0.8944271909999159
26000, 0.7745966692414834
27000, 0.8563488385776752
28000, 0.7745966692414834
29000, 0.6831300510639732
30000, 0.816496580927726
31000, 0.816496580927726
32000, 0.5773502691896257
33000, 0.5163977794943222
34000, 0.5773502691896257
35000, 0.6324555320336759
36000, 0.6324555320336759
37000, 0.7745966692414834
38000, 0.5773502691896257
39000, 0.5773502691896257
40000, 0.5773502691896257
41000, 0.5773502691896257
42000, 0.5773502691896257
43000, 0.7302967433402214
44000, 0.6831300510639732
45000, 0.6831300510639732
46000, 0.5773502691896257
47000, 0.6324555320336759
48000, 0.6324555320336759
49000, 0.6324555320336759
50000, 0.5773502691896257
51000, 0.6324555320336759
52000, 0.5163977794943222
53000, 0.6324555320336759
54000, 0.7745966692414834
55000, 0.5773502691896257
56000, 0.5773502691896257
57000, 0.5163977794943222
58000, 0.4472135954999579
59000, 0.4472135954999579
60000, 0.5163977794943222
61000, 0.5163977794943222
62000, 0.5163977794943222
63000, 0.5163977794943222
64000, 0.5163977794943222
65000, 0.5163977794943222
66000, 0.5163977794943222
67000, 0.5163977794943222
68000, 0.5163977794943222
69000, 0.5163977794943222
70000, 0.6831300510639732
71000, 0.7302967433402214
72000, 0.7302967433402214
73000, 0.7302967433402214
74000, 0.5163977794943222
75000, 0.7302967433402214
76000, 0.7302967433402214
77000, 0.7302967433402214
78000, 0.7302967433402214
79000, 0.7745966692414834
80000, 0.7302967433402214
81000, 0.8563488385776752
82000, 0.7745966692414834
83000, 0.816496580927726
84000, 0.816496580927726
85000, 0.7745966692414834
86000, 0.8563488385776752
87000, 0.7745966692414834
88000, 0.7745966692414834
89000, 0.7745966692414834
90000, 0.7745966692414834
91000, 0.7745966692414834
92000, 0.6831300510639732
93000, 0.7745966692414834
94000, 0.7745966692414834
95000, 0.5163977794943222
96000, 0.7745966692414834
97000, 0.816496580927726
98000, 0.7745966692414834
99000, 0.7745966692414834
100000, 0.7745966692414834
