2.792848008753788
2.8284271247461903
2.6457513110645907
2.1447610589527217
1.7888543819998317
1.4832396974191326
1.2649110640673518
1.0954451150103321
1.0954451150103321
1.7320508075688772
1.7320508075688772
1.5491933384829668
1.61245154965971
1.4832396974191326
1.7888543819998317
1.1832159566199232
1.1832159566199232
0.8944271909999159
1.0
1.5491933384829668
1.5491933384829668
0.6324555320336759
0.6324555320336759
0.6324555320336759
0.6324555320336759
0.6324555320336759
0.6324555320336759
0.7745966692414834
0.6324555320336759
0.6324555320336759
0.8944271909999159
0.8944271909999159
0.8944271909999159
0.8944271909999159
0.8944271909999159
0.8944271909999159
1.0
0.8944271909999159
0.4472135954999579
0.4472135954999579
0.6324555320336759
0.6324555320336759
0.6324555320336759
0.4472135954999579
0.6324555320336759
0.4472135954999579
0.8944271909999159
0.4472135954999579
0.8944271909999159
0.8944271909999159
0.8944271909999159
0.8944271909999159
0.6324555320336759
0.6324555320336759
0.6324555320336759
0.4472135954999579
0.6324555320336759
0.4472135954999579
0.4472135954999579
0.6324555320336759
0.4472135954999579
0.4472135954999579
0.6324555320336759
0.6324555320336759
0.6324555320336759
0.6324555320336759
0.6324555320336759
0.6324555320336759
0.6324555320336759
0.6324555320336759
0.6324555320336759
0.6324555320336759
0.6324555320336759
0.6324555320336759
0.6324555320336759
0.6324555320336759
0.4472135954999579
0.4472135954999579
0.6324555320336759
0.4472135954999579
0.4472135954999579
0.4472135954999579
0.4472135954999579
0.4472135954999579
0.4472135954999579
0.4472135954999579
0.4472135954999579
0.4472135954999579
0.6324555320336759
0.4472135954999579
0.4472135954999579
0.4472135954999579
0.4472135954999579
0.4472135954999579
0.4472135954999579
0.4472135954999579
0.4472135954999579
0.4472135954999579
0.4472135954999579
0.4472135954999579
0.4472135954999579
0.4472135954999579
0.4472135954999579
0.4472135954999579
0.4472135954999579
0.4472135954999579
0.4472135954999579
0.4472135954999579
0.4472135954999579
0.4472135954999579
0.4472135954999579
0.4472135954999579
0.4472135954999579
0.4472135954999579
0.4472135954999579
0.4472135954999579
0.4472135954999579
0.4472135954999579
0.4472135954999579
0.4472135954999579
0.4472135954999579
0.4472135954999579
0.4472135954999579
0.4472135954999579
0.4472135954999579
0.4472135954999579
0.4472135954999579
0.4472135954999579
0.4472135954999579
0.4472135954999579
0.4472135954999579
0.4472135954999579
0.4472135954999579
0.4472135954999579
0.4472135954999579
0.4472135954999579
0.4472135954999579
0.4472135954999579
0.4472135954999579
0.4472135954999579
0.4472135954999579
0.4472135954999579
0.4472135954999579
0.4472135954999579
0.4472135954999579
0.4472135954999579
0.4472135954999579
0.4472135954999579
0.4472135954999579
0.6324555320336759
0.6324555320336759
0.6324555320336759
0.6324555320336759
0.6324555320336759
0.4472135954999579
0.6324555320336759
0.6324555320336759
0.6324555320336759
0.6324555320336759
0.6324555320336759
0.6324555320336759
0.6324555320336759
0.6324555320336759
0.6324555320336759
0.4472135954999579
0.4472135954999579
0.4472135954999579
0.4472135954999579
0.4472135954999579
0.4472135954999579
0.4472135954999579
0.4472135954999579
0.4472135954999579
0.6324555320336759
0.6324555320336759
0.4472135954999579
0.7745966692414834
0.7745966692414834
0.7745966692414834
0.6324555320336759
0.6324555320336759
0.6324555320336759
0.6324555320336759
0.6324555320336759
0.6324555320336759
0.6324555320336759
0.6324555320336759
0.6324555320336759
0.6324555320336759
0.6324555320336759
0.6324555320336759
0.6324555320336759
0.6324555320336759
0.6324555320336759
0.6324555320336759
0.6324555320336759
0.6324555320336759
0.6324555320336759
0.6324555320336759
0.6324555320336759
0.6324555320336759
0.6324555320336759
0.4472135954999579
0.4472135954999579
0.4472135954999579
0.6324555320336759
0.6324555320336759
0.6324555320336759
0.4472135954999579
0.4472135954999579
0.4472135954999579
0.4472135954999579
0.4472135954999579
0.4472135954999579
0.4472135954999579
0.6324555320336759
0.6324555320336759
0.4472135954999579
0.6324555320336759
0.6324555320336759
0.6324555320336759
0.6324555320336759
0.6324555320336759
0.6324555320336759
0.6324555320336759
0.6324555320336759
0.6324555320336759
0.6324555320336759
0.6324555320336759
0.6324555320336759
0.6324555320336759
0.4472135954999579
0.4472135954999579
0.4472135954999579
0.6324555320336759
0.6324555320336759
0.6324555320336759
0.6324555320336759
0.6324555320336759
0.6324555320336759
0.6324555320336759
0.6324555320336759
0.4472135954999579
0.6324555320336759
0.4472135954999579
0.4472135954999579
0.6324555320336759
0.6324555320336759
0.6324555320336759
0.6324555320336759
0.6324555320336759
0.6324555320336759
0.6324555320336759
0.6324555320336759
0.4472135954999579
0.4472135954999579
0.4472135954999579
0.4472135954999579
0.4472135954999579
0.4472135954999579
0.4472135954999579
0.4472135954999579
0.4472135954999579
0.0
0.4472135954999579
0.4472135954999579
0.0
0.4472135954999579
0.0
0.4472135954999579
0.0
0.0
0.0
0.0
0.0
0.0
0.0
0.0
0.0
0.0
0.0
0.0
0.0
0.0
0.0
0.0
0.0
0.0
0.0
0.4472135954999579
0.4472135954999579
0.4472135954999579
0.4472135954999579
0.4472135954999579
0.4472135954999579
0.4472135954999579
0.4472135954999579
0.4472135954999579
0.4472135954999579
0.4472135954999579
0.4472135954999579
0.4472135954999579
0.4472135954999579
0.4472135954999579
0.4472135954999579
0.4472135954999579
0.4472135954999579
0.4472135954999579
0.0
0.0
0.0
0.0
0.0
0.0
0.0
0.0
0.0
0.0
0.0
0.0
0.0
0.0
0.0
0.0
0.0
0.0
0.0
0.0
0.4472135954999579
0.4472135954999579
0.4472135954999579
0.4472135954999579
0.4472135954999579
0.4472135954999579
0.4472135954999579
0.4472135954999579
0.4472135954999579
0.4472135954999579
0.4472135954999579
0.4472135954999579
0.4472135954999579
0.6324555320336759
0.6324555320336759
0.4472135954999579
0.4472135954999579
0.4472135954999579
0.6324555320336759
0.4472135954999579
0.4472135954999579
0.4472135954999579
0.4472135954999579
0.4472135954999579
0.4472135954999579
0.4472135954999579
0.4472135954999579
0.4472135954999579
0.4472135954999579
0.4472135954999579
0.4472135954999579
0.4472135954999579
0.4472135954999579
0.4472135954999579
0.4472135954999579
0.4472135954999579
0.4472135954999579
0.4472135954999579
0.4472135954999579
0.4472135954999579
0.4472135954999579
0.4472135954999579
0.4472135954999579
0.6324555320336759
0.4472135954999579
0.6324555320336759
0.6324555320336759
0.6324555320336759
0.6324555320336759
0.6324555320336759
0.6324555320336759
0.4472135954999579
0.6324555320336759
0.4472135954999579
0.4472135954999579
0.6324555320336759
0.6324555320336759
0.6324555320336759
0.6324555320336759
0.4472135954999579
0.4472135954999579
0.4472135954999579
0.4472135954999579
0.4472135954999579
0.4472135954999579
0.4472135954999579
0.4472135954999579
0.4472135954999579
0.4472135954999579
0.4472135954999579
0.4472135954999579
0.4472135954999579
