1, 51.55234664343074
2, 51.10272878123916
3, 51.00849602435527
4, 51.031798365768424
5, 51.01350583696221
6, 50.537994507982695
7, 49.84152663971859
8, 49.252185512703676
9, 48.60704109945847
10, 48.466254010164405
15, 47.47748004171147
20, 44.4887001883
25, 43.72210221641021
30, 41.43213996672417
35, 39.977493668312924
40, 40.36307443416294
45, 38.9923069335478
50, 38.66465512009069
55, 37.31011182567595
60, 36.23442194010184
65, 35.34716710320959
70, 35.10333950558614
75, 34.809002666934695
80, 33.9587985653203
85, 33.54333846765339
90, 33.32133117255538
95, 31.836038279492836
100, 30.39590615709805
150, 25.39685019840059
200, 22.43261514452165
250, 20.21165780214753
300, 18.16590212458495
350, 17.37558951837638
400, 16.029140130815918
450, 15.331883989473265
500, 14.245467115308411
550, 14.223611043300892
600, 13.065646218657196
650, 11.999074038348867
700, 11.86404465414538
750, 11.13453087371793
800, 11.220021786471223
850, 11.086528361534603
900, 11.142511187140695
950, 10.398717869686308
1000, 9.959919678390985
1250, 9.58355072217205
1500, 8.416914187779536
1750, 8.266397845091497
2000, 8.027729719194863
2250, 8.19756061276768
2500, 7.0992957397195395
2750, 6.733003292241386
3000, 7.158522504291263
3250, 7.337877380036031
3500, 6.899275324264136
3750, 6.592925501373928
4000, 6.564212739459995
4250, 6.420453428086074
4500, 6.876691711054734
4750, 6.88315173287483
5000, 6.614798224855808
5250, 6.411794687223781
5500, 6.014796569941312
5750, 6.082762530298219
6000, 5.9907335852038095
6250, 5.746496517202654
6500, 5.731007280089988
6750, 5.3374983736661585
7000, 5.533734925185902
7250, 5.3644923131436935
7500, 5.327079666926127
7750, 5.383101130183027
8000, 5.174724898753341
8250, 4.96655480858378
8500, 5.048652185374715
8750, 5.035430026875118
9000, 5.23874454850057
9250, 5.064034403955452
9500, 4.973261840415537
9750, 4.973261840415537
10000, 4.781910357447813
11000, 4.784233364802441
12000, 4.6998817952038845
13000, 4.61398839279954
14000, 4.419653078391259
15000, 4.205816078823335
16000, 4.077035960378842
17000, 3.809345233909774
18000, 3.675746333890726
19000, 3.255764119219941
20000, 3.552776691859794
21000, 3.7058512292499457
22000, 3.353273690655811
23000, 3.4253953543107007
24000, 3.3199732261303287
25000, 3.3565855667130946
26000, 3.3065591380365986
27000, 3.2317865716108862
28000, 3.0
29000, 3.3928028399998595
30000, 3.444802848737017
31000, 3.2897146110600874
32000, 3.444802848737017
33000, 3.422150071389493
34000, 3.3199732261303287
35000, 3.2317865716108862
36000, 3.3065591380365986
37000, 3.1446603773522015
38000, 3.3333333333333335
39000, 3.1622776601683795
40000, 3.255764119219941
41000, 3.238655413730965
42000, 2.8557933320805193
43000, 2.804757862395017
44000, 2.8323527714997336
45000, 2.988868236194653
46000, 2.8635642126552705
47000, 2.9211869733608857
48000, 2.8323527714997336
49000, 2.5298221281347035
50000, 2.569046515733026
51000, 2.440400695696417
52000, 2.54296414970142
53000, 2.590581230363393
54000, 2.3570226039551585
55000, 2.577681990557494
56000, 2.54296414970142
57000, 2.3190036174568114
58000, 2.3851391759997758
59000, 2.3758039574940617
60000, 2.309401076758503
61000, 2.4988886418655083
62000, 2.5298221281347035
63000, 2.6288992204173804
64000, 2.32379000772445
65000, 2.304584802325814
66000, 2.4675674031095665
67000, 2.3758039574940617
68000, 2.3617319445224467
69000, 2.3944379994757297
70000, 2.521022720158538
71000, 2.560381915956203
72000, 2.1134489978863145
73000, 2.2852182001336816
74000, 2.304584802325814
75000, 2.265686062395524
76000, 2.3851391759997758
77000, 2.3617319445224467
78000, 2.3944379994757297
79000, 2.4037008503093262
80000, 2.4675674031095665
81000, 2.3990738953928776
82000, 2.2852182001336816
83000, 2.123937642943199
84000, 2.1705094128132942
85000, 2.0275875100994063
86000, 2.0816659994661326
87000, 2.1447610589527217
88000, 2.185812841434
89000, 2.185812841434
90000, 2.211083193570267
91000, 2.304584802325814
92000, 2.2310934040908683
93000, 2.2310934040908683
94000, 2.290075204975689
95000, 2.2410315085295482
96000, 2.260776661041756
97000, 2.1756225162774294
98000, 2.216102685145955
99000, 2.1807236311728166
100000, 2.2010098692292237
