12.413702106946179
11.706835610018619
10.392304845413264
9.962429422585638
10.712142642814275
8.938679992034618
9.091204540653566
8.393449827097319
6.88113362753551
7.283543093852058
7.486654793697917
7.64198926981712
6.700746227100382
6.422616289332565
6.895650803223725
6.572670690061994
6.312685640834652
6.0456596000767355
5.60357029044876
5.661271941887264
5.371219600798314
5.286775955154521
5.103920062069938
5.172040216394301
4.78539444560216
4.934571916590131
4.847679857416329
4.460941604639093
4.505552130427524
4.5661800227323495
4.626013402488151
4.183300132670378
4.05585995813465
4.283689998120779
4.219004621945797
4.4328320518603
4.571651780264984
4.716990566028302
4.811444689487764
4.743416490252569
4.0
4.03732584763727
4.006245124802026
4.123105625617661
4.449719092257398
3.9560080889704965
4.2485291572496005
4.631414470763764
4.898979485566356
4.852834223420372
4.560701700396552
4.533210782657255
4.09878030638384
3.9937451095431715
4.0
4.538722287164087
4.494441010848846
4.571651780264984
4.47213595499958
4.06201920231798
4.03732584763727
4.219004621945797
3.8535697735995385
4.018706259482023
3.8078865529319543
3.556683848755748
3.8535697735995385
3.8600518131237567
3.3763886032268267
3.5425979167836705
3.22490309931942
3.248076353782343
3.082207001484488
3.0495901363953815
3.5846896657869842
3.271085446759225
3.057776970284131
3.427827300200522
3.383784863137726
3.122498999199199
3.263433774416144
3.082207001484488
3.398529093593286
3.1859064644147983
3.3241540277189325
3.456877203488721
3.442382895611701
3.2093613071762426
3.331666249791536
3.2939338184001206
3.5496478698597698
2.924038303442689
3.449637662132068
3.3466401061363023
3.8275318418009276
4.012480529547776
3.626292872893749
3.872983346207417
3.5425979167836705
3.3689761055846033
3.5071355833500366
3.40587727318528
3.3391615714128
3.0
3.1144823004794873
3.0983866769659336
2.7294688127912363
3.0413812651491097
3.1622776601683795
3.170173496829472
3.1304951684997055
3.138470965295043
3.138470965295043
3.0740852297878796
2.9916550603303182
2.9748949561287032
3.0740852297878796
3.0083217912982647
3.0
2.9748949561287032
2.8896366553599777
2.958039891549808
2.6832815729997477
2.80178514522438
2.80178514522438
2.7386127875258306
2.8722813232690143
2.7838821814150108
3.1144823004794873
2.8635642126552705
2.80178514522438
2.7294688127912363
2.819574435974337
2.9410882339705484
3.1780497164141406
2.958039891549808
2.949576240750525
3.0413812651491097
2.9748949561287032
3.057776970284131
2.9410882339705484
3.0413812651491097
3.024896692450835
2.958039891549808
2.8896366553599777
2.8106938645110393
2.958039891549808
2.7838821814150108
2.598076211353316
2.5199206336708304
2.8284271247461903
3.0166206257996713
2.5199206336708304
2.179449471770337
2.7658633371878665
2.5495097567963922
2.3769728648009427
2.792848008753788
2.932575659723036
2.588435821108957
2.6076809620810595
2.539685019840059
2.898275349237888
2.8548204847240397
2.4698178070456938
2.819574435974337
2.6172504656604803
2.756809750418044
2.4392621835300936
2.3664319132398464
2.479919353527449
2.8372521918222215
2.7477263328068173
2.3345235059857505
2.6267851073127395
2.6645825188948455
2.692582403567252
2.6645825188948455
2.8284271247461903
2.8809720581775866
2.7658633371878665
2.7202941017470885
2.7658633371878665
2.588435821108957
2.280350850198276
2.3979157616563596
2.539685019840059
2.588435821108957
2.449489742783178
2.479919353527449
2.569046515733026
2.4698178070456938
2.247220505424423
2.073644135332772
2.0248456731316584
2.3874672772626644
2.6457513110645907
2.6362852652928135
2.9410882339705484
2.924038303442689
3.0
2.924038303442689
2.932575659723036
2.7386127875258306
2.6172504656604803
2.6457513110645907
2.479919353527449
2.598076211353316
2.4698178070456938
2.479919353527449
2.539685019840059
2.711088342345192
2.4698178070456938
2.4698178070456938
2.598076211353316
2.6076809620810595
2.588435821108957
2.3345235059857505
2.539685019840059
2.569046515733026
2.7202941017470885
2.588435821108957
2.6076809620810595
2.4698178070456938
2.479919353527449
2.5592967784139455
2.449489742783178
2.4596747752497685
2.224859546128699
2.3769728648009427
2.6457513110645907
2.588435821108957
2.598076211353316
2.5
2.6076809620810595
2.8722813232690143
2.7477263328068173
2.701851217221259
2.6551836094703507
2.701851217221259
2.6645825188948455
2.6267851073127395
2.355843797877949
2.4186773244895647
2.5199206336708304
2.3021728866442674
2.4083189157584592
2.5787593916455256
