1, 33.94063444702628
2, 33.36065546918006
3, 32.66751699573548
4, 32.30737789834803
5, 32.06659736652248
6, 31.592193128471894
7, 31.391612467876403
8, 30.52976689505943
9, 30.551050172893675
10, 29.715876788904165
15, 27.934447074057747
20, 26.246904579397548
25, 24.186773244895647
30, 22.717100753984138
35, 21.73783184527227
40, 20.688966463633058
45, 20.305992547357377
50, 20.286284364893767
55, 19.577197620360955
60, 18.51125783588643
65, 18.40833144711021
70, 17.173623185959723
75, 16.95877354056006
80, 16.81170227351571
85, 16.65332799572906
90, 16.538843167928444
95, 16.44992401198255
100, 16.44080290010193
150, 14.172743794575089
200, 12.660963628413123
250, 10.737783756436894
300, 9.751922887307918
350, 9.402127418834526
400, 8.835534316987664
450, 8.398412548412548
500, 7.556454194925025
550, 6.843488389215937
600, 6.81175454637056
650, 6.19408319823577
700, 5.059644256269407
750, 4.8545511292669135
800, 4.722287581247038
850, 4.564354645876384
900, 4.553387017741116
950, 4.396968652757639
1000, 4.250490167812021
1250, 3.7282703764614498
1500, 3.6193922141707713
1750, 3.6147844564602556
2000, 3.5637059362410923
2250, 3.6239941133138354
2500, 3.296462750686964
2750, 2.8225284173355396
3000, 3.0166206257996713
3250, 2.972092416687835
3500, 2.536401650632907
3750, 2.496664441476534
4000, 2.48327740429189
4250, 2.250925735484551
4500, 2.265686062395524
4750, 2.250925735484551
5000, 2.206052281036573
5250, 2.243509156061845
5500, 2.2211108331943574
5750, 2.160246899469287
6000, 2.1525179054617256
6250, 2.160246899469287
6500, 2.1756225162774294
6750, 2.16794833886788
7000, 2.065591117977289
7250, 2.04939015319192
7500, 2.0330600909302543
7750, 2.0330600909302543
8000, 1.906130460732773
8250, 1.4605934866804429
8500, 1.4142135623730951
8750, 1.51657508881031
9000, 1.4605934866804429
9250, 1.4259499757471625
9500, 1.4142135623730951
9750, 1.4142135623730951
10000, 1.449137674618944
11000, 1.4375905768565218
12000, 1.4832396974191326
13000, 1.2516655570345725
14000, 1.2516655570345725
15000, 1.2909944487358056
16000, 1.3165611772087666
17000, 1.2909944487358056
18000, 1.2909944487358056
19000, 1.2110601416389966
20000, 1.2110601416389966
21000, 1.1832159566199232
22000, 1.1972189997378648
23000, 1.1690451944500122
24000, 1.1690451944500122
25000, 1.2780193008453875
26000, 1.0
27000, 1.0
28000, 1.0
29000, 0.983192080250175
30000, 0.9309493362512627
31000, 1.0327955589886444
32000, 1.0165300454651272
33000, 1.0
34000, 0.9128709291752769
35000, 0.8563488385776752
36000, 0.8563488385776752
37000, 0.7302967433402214
38000, 0.7958224257542215
39000, 0.752772652709081
40000, 0.752772652709081
41000, 0.6831300510639732
42000, 0.6831300510639732
43000, 0.6831300510639732
44000, 0.6831300510639732
45000, 0.6831300510639732
46000, 0.6831300510639732
47000, 0.6831300510639732
48000, 0.7071067811865476
49000, 0.7071067811865476
50000, 0.6582805886043833
51000, 0.7302967433402214
52000, 0.7302967433402214
53000, 0.7071067811865476
54000, 0.7071067811865476
55000, 0.8563488385776752
56000, 0.8563488385776752
57000, 0.8563488385776752
58000, 0.8563488385776752
59000, 0.8563488385776752
60000, 0.8563488385776752
61000, 0.8563488385776752
62000, 0.8366600265340756
63000, 0.8366600265340756
64000, 0.8366600265340756
65000, 0.8366600265340756
66000, 0.8366600265340756
67000, 0.8366600265340756
68000, 0.8366600265340756
69000, 0.8366600265340756
70000, 0.8366600265340756
71000, 0.8366600265340756
72000, 0.8366600265340756
73000, 0.8366600265340756
74000, 0.6324555320336759
75000, 0.6324555320336759
76000, 0.6324555320336759
77000, 0.6582805886043833
78000, 0.6324555320336759
79000, 0.6324555320336759
80000, 0.6324555320336759
81000, 0.6324555320336759
82000, 0.6324555320336759
83000, 0.6324555320336759
84000, 0.6324555320336759
85000, 0.6324555320336759
86000, 0.6324555320336759
87000, 0.6324555320336759
88000, 0.6324555320336759
89000, 0.6324555320336759
90000, 0.6324555320336759
91000, 0.6582805886043833
92000, 0.6582805886043833
93000, 0.5773502691896257
94000, 0.7958224257542215
95000, 0.7958224257542215
96000, 0.7745966692414834
97000, 0.408248290463863
98000, 0.408248290463863
99000, 0.408248290463863
100000, 0.408248290463863
