1, 13.827508813954884
2, 13.827508813954884
3, 13.827508813954884
4, 13.145341380123988
5, 12.973819792181484
6, 12.079735096433199
7, 11.192854863706579
8, 10.564090116995406
9, 9.983987179478948
10, 9.871170143402452
15, 8.527602242131136
20, 7.647221717722064
25, 6.928203230275509
30, 6.43117407632541
35, 6.387487769068525
40, 6.418722614352485
45, 4.963869458396343
50, 4.890807704254994
55, 4.673328578219169
60, 4.595650117230423
65, 4.317406628984581
70, 4.17612260356422
75, 4.242640687119285
80, 4.2047592083257275
85, 4.17612260356422
90, 4.156921938165306
95, 4.089009660052175
100, 4.069397989875161
150, 3.1368774282716245
200, 2.925747767665559
250, 2.7856776554368237
300, 2.6683328128252666
350, 2.6683328128252666
400, 2.244994432064365
450, 2.1354156504062622
500, 1.7663521732655694
550, 1.7663521732655694
600, 1.7435595774162693
650, 1.7204650534085253
700, 1.7663521732655694
750, 1.876166303929372
800, 1.876166303929372
850, 1.2328828005937953
900, 1.2328828005937953
950, 1.2328828005937953
1000, 1.131370849898476
1250, 0.938083151964686
1500, 0.938083151964686
1750, 0.938083151964686
2000, 0.938083151964686
2250, 0.8944271909999159
2500, 0.8944271909999159
2750, 0.8944271909999159
3000, 0.8944271909999159
3250, 0.8944271909999159
3500, 1.0583005244258363
3750, 1.0583005244258363
4000, 1.0583005244258363
4250, 1.0583005244258363
4500, 1.0583005244258363
4750, 1.0583005244258363
5000, 1.0583005244258363
5250, 1.0583005244258363
5500, 1.0583005244258363
5750, 1.1661903789690602
6000, 1.1661903789690602
6250, 1.1661903789690602
6500, 1.1661903789690602
6750, 1.1661903789690602
7000, 1.1661903789690602
7250, 1.1661903789690602
7500, 1.1661903789690602
7750, 1.1661903789690602
8000, 1.1661903789690602
8250, 1.1661903789690602
8500, 1.1661903789690602
8750, 1.1661903789690602
9000, 1.1661903789690602
9250, 1.1661903789690602
9500, 1.1661903789690602
9750, 1.1661903789690602
10000, 1.1661903789690602
11000, 1.019803902718557
12000, 0.848528137423857
13000, 0.848528137423857
14000, 0.848528137423857
15000, 0.848528137423857
16000, 1.019803902718557
17000, 1.019803902718557
18000, 1.019803902718557
19000, 0.848528137423857
20000, 0.848528137423857
21000, 0.8944271909999159
22000, 0.8944271909999159
23000, 0.8944271909999159
24000, 0.8944271909999159
25000, 0.8944271909999159
26000, 0.8944271909999159
27000, 0.8944271909999159
28000, 0.8944271909999159
29000, 0.848528137423857
30000, 0.848528137423857
31000, 0.848528137423857
32000, 0.848528137423857
33000, 0.7483314773547883
34000, 0.7483314773547883
35000, 0.7483314773547883
36000, 0.7483314773547883
37000, 0.7483314773547883
38000, 0.7483314773547883
39000, 0.8944271909999159
40000, 0.8944271909999159
41000, 0.848528137423857
42000, 0.848528137423857
43000, 0.848528137423857
44000, 0.848528137423857
45000, 0.848528137423857
46000, 0.848528137423857
47000, 0.848528137423857
48000, 0.848528137423857
49000, 0.848528137423857
50000, 0.848528137423857
51000, 0.848528137423857
52000, 0.848528137423857
53000, 0.848528137423857
54000, 0.848528137423857
55000, 0.8944271909999159
56000, 0.848528137423857
57000, 0.848528137423857
58000, 0.848528137423857
59000, 0.848528137423857
60000, 0.848528137423857
61000, 0.848528137423857
62000, 0.848528137423857
63000, 0.848528137423857
64000, 0.848528137423857
65000, 0.848528137423857
66000, 0.848528137423857
67000, 0.848528137423857
68000, 0.848528137423857
69000, 0.848528137423857
70000, 0.848528137423857
71000, 0.848528137423857
72000, 0.848528137423857
73000, 0.848528137423857
74000, 0.848528137423857
75000, 0.848528137423857
76000, 0.848528137423857
77000, 0.848528137423857
78000, 0.848528137423857
79000, 0.848528137423857
80000, 0.848528137423857
81000, 0.848528137423857
82000, 0.848528137423857
83000, 0.7483314773547883
84000, 0.7483314773547883
85000, 0.7483314773547883
86000, 0.7483314773547883
87000, 0.7483314773547883
88000, 0.7483314773547883
89000, 0.8944271909999159
90000, 0.8944271909999159
91000, 0.8944271909999159
92000, 0.7483314773547883
93000, 0.7483314773547883
94000, 0.4898979485566356
95000, 0.4898979485566356
96000, 0.565685424949238
97000, 0.4898979485566356
98000, 0.4898979485566356
99000, 0.4898979485566356
100000, 0.4898979485566356
