1, 7.230886134196436
2, 11.001298624642976
3, 11.001298624642976
4, 11.66312871525353
5, 13.204977416543679
6, 13.514013890349952
7, 14.110786147989264
8, 14.867029677395934
9, 14.841062726676377
10, 14.648256844124102
15, 16.42037062397105
20, 16.489823701734526
25, 17.543415533225808
30, 18.218514915170385
35, 18.077610461562667
40, 17.640861656959956
45, 17.918067497839797
50, 17.063746029856063
55, 17.35429135895294
60, 16.429068315467124
65, 15.408717384278662
70, 15.090204959319994
75, 15.323185047502363
80, 16.235762994081924
85, 15.947234422127421
90, 16.010710700742088
95, 16.328765153206515
100, 17.25439902501057
150, 15.280239339935559
200, 15.37065850434336
250, 13.607770889143769
300, 11.696153213770756
350, 10.920491877985297
400, 11.219880315124323
450, 10.8496214548843
500, 10.719808100627814
550, 10.486726303829455
600, 10.393679398007782
650, 10.235791545915175
700, 9.58272254782384
750, 9.477793594955074
800, 9.219544457292887
850, 9.006346968348804
900, 8.655303906523775
950, 8.441394603804685
1000, 8.638782983069515
1250, 8.17312669668102
1500, 7.207139317569569
1750, 6.387487769068525
2000, 6.260990336999411
2250, 5.884604611065337
2500, 5.7296222762562135
2750, 5.621387729022079
3000, 5.42481072744215
3250, 4.930951806120773
3500, 4.884377427793931
3750, 4.154171741411621
4000, 4.021371478914697
4250, 4.028470110174758
4500, 3.9496835316262997
4750, 3.861901826080735
5000, 4.332600670662895
5250, 4.319391491534757
5500, 4.292851200376205
5750, 4.039094665180022
6000, 3.9206413469518697
6250, 3.5576878526850635
6500, 3.5936451848068853
6750, 3.676178139628943
7000, 3.3932706514932924
7250, 3.492849839314596
7500, 3.2115861679683633
7750, 3.251373336211726
8000, 3.389058023361991
8250, 3.238165265349236
8500, 3.0845235797908424
8750, 3.1213550171131033
9000, 2.9130249373656736
9250, 3.028436654683167
9500, 2.6726124191242437
9750, 2.5746012173871566
10000, 2.937443008565686
11000, 2.898275349237888
12000, 2.7464262493023806
13000, 2.5185029566901727
14000, 2.4669240534954224
15000, 2.613153540948451
16000, 2.3964259101539405
17000, 2.4023797725231892
18000, 2.164651077128664
19000, 2.1514114968019085
20000, 2.197401062294143
21000, 2.242447642325552
22000, 2.0632844828435215
23000, 2.0701966780270626
24000, 2.197401062294143
25000, 1.8822478962286404
26000, 1.889822365046136
27000, 2.2551528297909846
28000, 2.197401062294143
29000, 2.2866069685390684
30000, 2.280350850198276
31000, 2.1111946516469904
32000, 2.0
33000, 2.090796157311509
34000, 1.9048809486609468
35000, 2.2232537288526344
36000, 2.2866069685390684
37000, 2.2866069685390684
38000, 2.4201534780139164
39000, 1.8746428231227714
40000, 1.8822478962286404
41000, 1.867006771737662
42000, 1.9048809486609468
43000, 1.7647338933351153
44000, 1.7484687178050562
45000, 1.5946338585572373
46000, 1.7320508075688772
47000, 1.8973665961010275
48000, 1.8439088914585775
49000, 1.9493588689617927
50000, 1.8361450300639575
51000, 1.8746428231227714
52000, 1.9493588689617927
53000, 1.9566735620873066
54000, 1.8361450300639575
55000, 1.8973665961010275
56000, 1.9639610121239315
57000, 2.0354009783964297
58000, 1.9639610121239315
59000, 2.0976176963403033
60000, 2.1514114968019085
61000, 2.0354009783964297
62000, 1.942016624910449
63000, 1.9639610121239315
64000, 2.0354009783964297
65000, 1.942016624910449
66000, 1.9784553859730358
67000, 1.9123657749350298
68000, 1.9198214202665531
69000, 1.9566735620873066
70000, 1.8516401995451028
71000, 1.9048809486609468
72000, 1.804755622554715
73000, 1.7888543819998317
74000, 1.8361450300639575
75000, 1.6300744943538186
76000, 1.6388149028228556
77000, 1.6647608150808246
78000, 1.6903085094570331
79000, 1.5399443403670703
80000, 1.5946338585572373
81000, 1.5675276256394517
82000, 1.5856499343441837
83000, 1.61245154965971
84000, 1.4442002235542986
85000, 1.4540583599999397
86000, 1.5118578920369088
87000, 1.5675276256394517
88000, 1.5675276256394517
89000, 1.4735767952260144
90000, 1.3835771443203715
91000, 1.4540583599999397
92000, 1.424279266355945
93000, 1.3522468075656264
94000, 1.3309502512973848
95000, 1.3522468075656264
96000, 1.3627702877384937
97000, 1.4832396974191326
98000, 1.4832396974191326
99000, 1.4040757000349275
100000, 1.2535663410560174
