1, 16.510602654052335
2, 15.609825965290794
3, 15.607690412101336
4, 15.017767255265788
5, 14.165686240583852
6, 14.179797835888447
7, 13.344162269197218
8, 13.03329070751768
9, 13.017936344392941
10, 12.989739540627184
15, 11.541230437002806
20, 11.442610424782158
25, 11.465891446663303
30, 11.460075625114056
35, 11.428035701729321
40, 10.648943609579309
45, 8.895691841185448
50, 8.805301433416878
55, 8.606199315996967
60, 7.801709214439273
65, 7.79315939355364
70, 7.624521842931092
75, 7.558659493146475
80, 7.523297149521611
85, 7.563068160475615
90, 7.536577472566709
95, 7.593857166596345
100, 7.5806771905065755
150, 5.750362307426087
200, 4.878524367060187
250, 4.479583313955291
300, 4.788875998951459
350, 4.412104562073146
400, 3.5402448126271344
450, 3.7682887362833544
500, 3.3960761671866746
550, 2.8751811537130436
600, 2.9211869733608857
650, 2.792848008753788
700, 2.9211869733608857
750, 2.6331223544175333
800, 3.245509718570156
850, 3.1304951684997055
900, 2.74469184669852
950, 2.8284271247461903
1000, 2.2949219304078006
1250, 2.265686062395524
1500, 2.569046515733026
1750, 2.23606797749979
2000, 2.265686062395524
2250, 2.0816659994661326
2500, 1.8439088914585775
2750, 1.6733200530681511
3000, 1.5491933384829668
3250, 1.6931233465600393
3500, 1.6532795690182993
3750, 1.5491933384829668
4000, 1.570562531918633
4250, 1.6733200530681511
4500, 1.632993161855452
4750, 1.570562531918633
5000, 1.505545305418162
5250, 1.4832396974191326
5500, 1.2649110640673518
5750, 1.3662601021279464
6000, 1.2649110640673518
6250, 1.3165611772087666
6500, 1.4142135623730951
6750, 1.2649110640673518
7000, 1.2110601416389966
7250, 1.2649110640673518
7500, 1.2649110640673518
7750, 1.4605934866804429
8000, 1.4832396974191326
8250, 1.390443574307614
8500, 1.0954451150103321
8750, 0.816496580927726
9000, 0.7745966692414834
9250, 0.816496580927726
9500, 0.8944271909999159
9750, 1.0
10000, 1.0
11000, 1.1547005383792515
12000, 1.1547005383792515
13000, 0.9660917830792959
14000, 1.2382783747337807
15000, 0.9660917830792959
16000, 0.7302967433402214
17000, 0.7745966692414834
18000, 0.7302967433402214
19000, 0.9309493362512627
20000, 0.9660917830792959
21000, 1.0327955589886444
22000, 0.8563488385776752
23000, 0.7302967433402214
24000, 0.8944271909999159
25000, 0.816496580927726
26000, 0.7745966692414834
27000, 0.7745966692414834
28000, 0.8563488385776752
29000, 0.8563488385776752
30000, 0.8563488385776752
31000, 0.8944271909999159
32000, 1.0645812948447542
33000, 0.8944271909999159
34000, 1.0327955589886444
35000, 0.9660917830792959
36000, 1.0327955589886444
37000, 1.1832159566199232
38000, 1.3165611772087666
39000, 1.3165611772087666
40000, 0.9660917830792959
41000, 0.6831300510639732
42000, 0.6831300510639732
43000, 0.7302967433402214
44000, 0.816496580927726
45000, 0.4472135954999579
46000, 0.6831300510639732
47000, 0.5773502691896257
48000, 0.7302967433402214
49000, 0.7302967433402214
50000, 0.7302967433402214
51000, 0.5773502691896257
52000, 0.6831300510639732
53000, 0.7302967433402214
54000, 0.7302967433402214
55000, 0.5773502691896257
56000, 0.3651483716701107
57000, 0.3651483716701107
58000, 0.4472135954999579
59000, 0.3651483716701107
60000, 0.3651483716701107
61000, 0.3651483716701107
62000, 0.3651483716701107
63000, 0.3651483716701107
64000, 0.3651483716701107
65000, 0.3651483716701107
66000, 0.3651483716701107
67000, 0.3651483716701107
68000, 0.3651483716701107
69000, 0.3651483716701107
70000, 0.3651483716701107
71000, 0.3651483716701107
72000, 0.3651483716701107
73000, 0.4472135954999579
74000, 0.6324555320336759
75000, 0.3651483716701107
76000, 0.3651483716701107
77000, 0.4472135954999579
78000, 0.6324555320336759
79000, 0.4472135954999579
80000, 0.4472135954999579
81000, 0.3651483716701107
82000, 0.3651483716701107
83000, 0.3651483716701107
84000, 0.3651483716701107
85000, 0.3651483716701107
86000, 0.3651483716701107
87000, 0.3651483716701107
88000, 0.3651483716701107
89000, 0.3651483716701107
90000, 0.3651483716701107
91000, 0.3651483716701107
92000, 0.4472135954999579
93000, 0.6324555320336759
94000, 0.6324555320336759
95000, 0.3651483716701107
96000, 0.3651483716701107
97000, 0.3651483716701107
98000, 0.3651483716701107
99000, 0.3651483716701107
100000, 0.3651483716701107
