1, 16.56703554250629
2, 15.671630419327785
3, 14.787382008545888
4, 14.780617939269883
5, 14.785127662620976
6, 14.785127662620976
7, 14.780617939269883
8, 14.778362561528933
9, 14.785127662620976
10, 14.780617939269883
15, 13.299122778088286
20, 13.29661611087573
25, 12.393546707863734
30, 12.385475364312828
35, 12.385475364312828
40, 12.385475364312828
45, 12.385475364312828
50, 11.269427669584644
55, 11.269427669584644
60, 11.269427669584644
65, 11.269427669584644
70, 11.269427669584644
75, 11.269427669584644
80, 11.269427669584644
85, 11.269427669584644
90, 11.266469426281391
95, 11.266469426281391
100, 11.266469426281391
150, 11.266469426281391
200, 11.266469426281391
250, 11.269427669584644
300, 11.251666543228163
350, 11.251666543228163
400, 11.251666543228163
450, 11.251666543228163
500, 11.251666543228163
550, 11.251666543228163
600, 10.8842393701474
650, 10.89954127475097
700, 10.89954127475097
750, 9.791152468768253
800, 9.255628917943215
850, 9.255628917943215
900, 9.06642156531451
950, 8.955445270895245
1000, 8.955445270895245
1250, 8.258329128825032
1500, 8.140434058861153
1750, 8.298594258467313
2000, 7.903585684147839
2250, 8.156796756897485
2500, 7.384668803225594
2750, 7.37563556583431
3000, 7.31209044437134
3250, 7.2203416354998975
3500, 6.904105059069326
3750, 6.408327915038889
4000, 6.142746399887703
4250, 5.378971401051816
4500, 5.378971401051816
4750, 5.347896782848375
5000, 5.409867527644892
5250, 5.477225575051661
5500, 5.385164807134504
5750, 5.37277085558901
6000, 5.403702434442518
6250, 5.403702434442518
6500, 5.422176684690384
6750, 5.738757124441958
7000, 5.692099788303083
7250, 5.692099788303083
7500, 5.692099788303083
7750, 5.761944116355173
8000, 5.865151319446072
8250, 5.422176684690384
8500, 5.378971401051816
8750, 5.240865068542279
9000, 5.1510516725551625
9250, 5.163977794943222
9500, 5.163977794943222
9750, 5.163977794943222
10000, 5.645056834671079
11000, 5.876506898943736
12000, 6.016643582596529
13000, 5.808040403899867
14000, 5.994441870043727
15000, 5.680375574437544
16000, 5.848076606885378
17000, 5.709640969448079
18000, 4.892170615721955
19000, 4.404543109109048
20000, 3.9916579679793878
21000, 4.049691346263317
22000, 4.00832467081531
23000, 3.9157800414902435
24000, 4.234776656841932
25000, 3.958114029012639
26000, 4.2972859651955515
27000, 3.759432581299116
28000, 3.750555514409388
29000, 4.115013163202924
30000, 3.9327683210007
31000, 4.090639721771319
32000, 4.305035810923451
33000, 4.654746681256314
34000, 4.640402281411961
35000, 4.131182235954578
36000, 4.09878030638384
37000, 4.343577634469846
38000, 4.211096452627668
39000, 4.179314138308661
40000, 4.575295983139597
41000, 4.718756898449704
42000, 4.47213595499958
43000, 4.389381125701739
44000, 4.234776656841932
45000, 4.226897995772629
46000, 4.404543109109048
47000, 4.404543109109048
48000, 4.396968652757639
49000, 4.809712396114068
50000, 4.725815626252608
51000, 5.285199460127624
52000, 4.704607670500627
53000, 5.2977982848223535
54000, 5.680375574437544
55000, 5.916079783099616
56000, 6.0332412515993425
57000, 5.836665714829544
58000, 5.882176467941097
59000, 5.715476066494082
60000, 5.836665714829544
61000, 5.89915248150105
62000, 5.721305212391079
63000, 5.633234713140696
64000, 5.7561561248226525
65000, 5.910442735813733
66000, 5.825232470325397
67000, 5.89915248150105
68000, 5.360348247393385
69000, 5.428320796219275
70000, 5.079370039680118
71000, 5.483308003994183
72000, 5.409867527644892
73000, 5.434457961318068
74000, 5.483308003994183
75000, 5.440588203494177
76000, 5.5437652667959645
77000, 5.37277085558901
78000, 5.37277085558901
79000, 5.347896782848375
80000, 5.247221486971303
81000, 5.046450898073483
82000, 5.11207720338155
83000, 4.919349550499537
84000, 4.9866488413228645
85000, 4.898979485566356
86000, 5.176871642217914
87000, 5.170428737864331
88000, 5.2977982848223535
89000, 5.215361924162119
90000, 5.079370039680118
91000, 5.053051883103254
92000, 4.9396356140913875
93000, 5.2977982848223535
94000, 5.033222956847166
95000, 4.926120853842978
96000, 5.092478113191389
97000, 5.131601439446884
98000, 5.039841267341661
99000, 4.946379147079878
100000, 5.163977794943222
