3.521363372331802
3.3763886032268267
3.1304951684997055
2.6457513110645907
3.03315017762062
3.3166247903554
2.898275349237888
2.8284271247461903
2.898275349237888
2.7202941017470885
2.7202941017470885
2.7202941017470885
2.6457513110645907
2.449489742783178
2.449489742783178
2.23606797749979
2.1908902300206643
2.1447610589527217
2.23606797749979
2.1908902300206643
2.1908902300206643
1.8973665961010275
1.7888543819998317
1.61245154965971
1.61245154965971
1.7888543819998317
1.61245154965971
1.61245154965971
1.7320508075688772
1.7320508075688772
1.7320508075688772
1.61245154965971
1.7320508075688772
1.61245154965971
1.61245154965971
1.4142135623730951
1.4142135623730951
1.4142135623730951
1.4142135623730951
1.4142135623730951
1.4832396974191326
1.4832396974191326
1.6733200530681511
1.4832396974191326
1.61245154965971
1.61245154965971
1.61245154965971
1.8973665961010275
1.61245154965971
1.7888543819998317
1.7888543819998317
1.7888543819998317
1.7320508075688772
1.7320508075688772
1.7320508075688772
1.8973665961010275
1.7888543819998317
1.7320508075688772
1.7320508075688772
1.7320508075688772
1.7320508075688772
1.5491933384829668
1.7320508075688772
1.5491933384829668
1.4142135623730951
1.61245154965971
1.5491933384829668
1.61245154965971
1.61245154965971
1.61245154965971
1.5491933384829668
1.5491933384829668
1.4142135623730951
1.5491933384829668
1.4142135623730951
1.5491933384829668
1.4142135623730951
1.5491933384829668
1.4142135623730951
1.4142135623730951
1.4142135623730951
1.4832396974191326
1.4832396974191326
1.4832396974191326
1.4142135623730951
1.4142135623730951
1.61245154965971
1.61245154965971
1.61245154965971
1.61245154965971
1.4142135623730951
1.4142135623730951
1.4142135623730951
1.4142135623730951
1.61245154965971
1.4142135623730951
1.4142135623730951
1.4142135623730951
1.5491933384829668
1.4142135623730951
1.5491933384829668
1.5491933384829668
1.5491933384829668
1.5491933384829668
1.5491933384829668
1.5491933384829668
1.7320508075688772
1.7320508075688772
1.7320508075688772
1.7320508075688772
1.6733200530681511
1.6733200530681511
1.6733200530681511
1.61245154965971
1.61245154965971
1.61245154965971
1.61245154965971
1.61245154965971
1.3416407864998738
1.61245154965971
1.61245154965971
1.61245154965971
1.3416407864998738
1.61245154965971
1.3416407864998738
1.4832396974191326
1.4832396974191326
1.4832396974191326
1.4832396974191326
1.4832396974191326
1.4832396974191326
1.4832396974191326
1.4832396974191326
1.4832396974191326
1.4832396974191326
1.4832396974191326
1.4832396974191326
1.7320508075688772
1.7320508075688772
1.4832396974191326
1.4832396974191326
1.7320508075688772
1.6733200530681511
1.7320508075688772
1.7320508075688772
1.7320508075688772
1.6733200530681511
1.6733200530681511
1.7320508075688772
1.7320508075688772
1.6733200530681511
1.7320508075688772
1.7320508075688772
1.7320508075688772
1.7320508075688772
1.6733200530681511
1.6733200530681511
1.6733200530681511
1.6733200530681511
1.6733200530681511
1.6733200530681511
1.6733200530681511
1.6733200530681511
1.6733200530681511
1.61245154965971
1.6733200530681511
1.6733200530681511
1.6733200530681511
1.6733200530681511
1.6733200530681511
1.7320508075688772
1.7320508075688772
1.7320508075688772
1.7320508075688772
1.6733200530681511
1.6733200530681511
1.6733200530681511
1.6733200530681511
1.6733200530681511
1.6733200530681511
1.6733200530681511
1.6733200530681511
1.6733200530681511
1.6733200530681511
1.6733200530681511
1.6733200530681511
1.6733200530681511
1.7320508075688772
1.6733200530681511
1.6733200530681511
1.6733200530681511
1.6733200530681511
1.6733200530681511
1.6733200530681511
1.6733200530681511
1.6733200530681511
1.3416407864998738
1.3416407864998738
1.61245154965971
1.3416407864998738
1.3416407864998738
1.3416407864998738
1.3416407864998738
1.3416407864998738
1.3416407864998738
1.61245154965971
1.61245154965971
1.6733200530681511
1.6733200530681511
1.6733200530681511
1.6733200530681511
1.4142135623730951
1.4142135623730951
1.4142135623730951
1.4142135623730951
1.4142135623730951
1.4142135623730951
1.4142135623730951
1.4142135623730951
1.3416407864998738
1.3416407864998738
1.3416407864998738
1.3416407864998738
1.3416407864998738
1.3416407864998738
1.3416407864998738
1.3416407864998738
1.3416407864998738
1.4142135623730951
1.4142135623730951
1.3416407864998738
1.3416407864998738
1.3416407864998738
1.3416407864998738
1.3416407864998738
1.3416407864998738
1.3416407864998738
1.3416407864998738
1.3416407864998738
1.61245154965971
1.4142135623730951
1.4142135623730951
1.6733200530681511
1.6733200530681511
1.6733200530681511
1.6733200530681511
1.6733200530681511
1.6733200530681511
1.6733200530681511
1.6733200530681511
1.6733200530681511
1.6733200530681511
1.6733200530681511
1.6733200530681511
1.6733200530681511
1.6733200530681511
1.4142135623730951
1.4142135623730951
1.4142135623730951
1.4142135623730951
1.4142135623730951
1.4142135623730951
1.4142135623730951
1.4142135623730951
1.4142135623730951
1.6733200530681511
1.4142135623730951
1.4142135623730951
1.4142135623730951
1.4142135623730951
1.4142135623730951
1.4142135623730951
1.4142135623730951
1.4142135623730951
1.4142135623730951
1.4142135623730951
1.4142135623730951
1.4142135623730951
1.4142135623730951
1.4142135623730951
1.4142135623730951
1.4142135623730951
1.4142135623730951
1.4142135623730951
1.4142135623730951
1.4142135623730951
1.4142135623730951
1.4142135623730951
1.4142135623730951
1.4142135623730951
1.4142135623730951
1.4142135623730951
1.4142135623730951
1.4142135623730951
1.4142135623730951
1.4142135623730951
1.4142135623730951
1.4142135623730951
1.4142135623730951
1.4142135623730951
1.4142135623730951
1.4142135623730951
1.4142135623730951
1.4142135623730951
1.4142135623730951
1.4142135623730951
1.4142135623730951
1.4142135623730951
1.4142135623730951
1.4142135623730951
1.4142135623730951
1.4142135623730951
1.4142135623730951
1.4142135623730951
1.4142135623730951
1.4142135623730951
1.4142135623730951
1.4142135623730951
1.4142135623730951
1.4142135623730951
1.4142135623730951
1.4142135623730951
1.4142135623730951
1.4142135623730951
1.4142135623730951
1.4142135623730951
1.4142135623730951
1.4142135623730951
1.4142135623730951
1.4142135623730951
1.4142135623730951
1.4142135623730951
1.4142135623730951
1.4142135623730951
1.4142135623730951
1.4142135623730951
1.4142135623730951
1.4142135623730951
1.4142135623730951
1.4142135623730951
1.4142135623730951
1.4142135623730951
1.4142135623730951
1.4142135623730951
1.4142135623730951
1.4142135623730951
1.4142135623730951
1.4142135623730951
1.4142135623730951
1.4142135623730951
1.4142135623730951
1.4142135623730951
1.4142135623730951
1.4142135623730951
1.4142135623730951
1.4142135623730951
1.4142135623730951
1.4142135623730951
1.4142135623730951
1.4142135623730951
1.4142135623730951
1.4142135623730951
1.4142135623730951
1.4142135623730951
1.4142135623730951
1.4142135623730951
1.4142135623730951
1.4142135623730951
1.4142135623730951
1.4142135623730951
1.4142135623730951
1.4142135623730951
1.4142135623730951
1.4142135623730951
1.4142135623730951
1.4142135623730951
1.4142135623730951
1.4142135623730951
1.4142135623730951
1.4142135623730951
1.4142135623730951
1.4142135623730951
1.4142135623730951
1.4142135623730951
1.4142135623730951
1.4142135623730951
1.4142135623730951
1.4142135623730951
1.4142135623730951
1.4142135623730951
1.4142135623730951
1.4142135623730951
1.4142135623730951
1.4142135623730951
1.4832396974191326
1.4832396974191326
1.4832396974191326
1.4832396974191326
1.4142135623730951
1.4832396974191326
