14.63654916394474
11.507761356083616
9.886498730230898
9.242757782641036
8.918680235486478
8.134582261642485
7.998214086371317
7.008158510927512
6.626785473688258
6.570496828355415
6.265552079198038
6.189853448530564
6.035608621222174
6.338093449250222
6.099180272790763
5.560061664611798
5.5703295619354005
5.503245795502349
5.474616751100352
5.2508502712826015
5.151976042535247
4.99142121186799
5.307676381565531
5.275279274936203
5.256288750494157
5.337200978576156
5.451081150953975
5.692099788303083
5.464168999687222
5.403702434442518
5.045507195232493
5.121383741585025
5.082181758710665
4.750939756661683
4.510305659581969
4.579457235462361
4.491261356392942
4.591918366621328
4.36871998252512
4.157609203101499
4.242640687119285
4.035556254807296
3.6645015252516173
3.553670135025398
3.6371103129505746
3.6371103129505746
3.5737135547534544
3.3466401061363023
3.295017884191656
3.5294677866702306
3.202677451312083
3.286335345030997
3.1396087108337016
2.8535691936340255
2.898275349237888
2.7825989906663056
2.591193878173865
2.8385106758902383
2.9664793948382653
2.917924898671265
2.9423023055326687
2.808151400069855
2.792848008753788
2.917924898671265
2.961659766318301
2.922816645439317
3.0612789110808856
2.878491668515698
3.009508740167215
2.7619868624907378
2.613153540948451
2.7202941017470885
2.7255405754769875
2.596701204000403
2.4319304501333328
2.4436506647695313
2.5185029566901727
2.4319304501333328
2.4201534780139164
2.4553149347021512
2.6403462976338106
2.656528346760647
2.585674822114004
2.248809208701987
2.3724610489050035
2.3784749015162756
2.2677868380553634
2.138089935299395
2.4669240534954224
2.4553149347021512
2.32992949004287
2.3784749015162756
2.3784749015162756
2.2038926600773587
2.04939015319192
2.117950491799628
2.23606797749979
2.18435999126256
2.248809208701987
2.2928460168844436
2.311462122306386
2.4842360136324753
2.5523098781859765
2.390457218668787
2.3724610489050035
2.305273457593635
2.3482516292522218
2.311462122306386
2.3421601750764798
2.2614786566062732
2.2232537288526344
2.3482516292522218
2.29906813420444
2.2296700588716196
2.2232537288526344
2.242447642325552
2.274077520980446
2.2677868380553634
2.177810171446801
2.3964259101539405
2.2928460168844436
2.32992949004287
2.138089935299395
2.23606797749979
2.2038926600773587
2.117950491799628
2.210365192839022
2.4784787961282104
2.3603873774083293
2.2677868380553634
2.1313979316066587
2.0701966780270626
2.2296700588716196
2.3482516292522218
2.6076809620810595
2.4436506647695313
2.4260491103261463
2.4436506647695313
2.336052836975837
2.3603873774083293
2.305273457593635
2.4201534780139164
2.5523098781859765
2.5185029566901727
2.5410908793553326
2.4727081741050063
2.3784749015162756
2.501428163498376
2.4436506647695313
2.1447610589527217
2.104417123236605
2.0976176963403033
2.242447642325552
2.311462122306386
2.164651077128664
2.0770858707058104
2.0976176963403033
2.0770858707058104
2.164651077128664
2.014235055087379
1.927248223318863
1.9048809486609468
1.7647338933351153
1.7888543819998317
1.7888543819998317
1.8516401995451028
1.7154757774032086
1.867006771737662
2.0213149892370277
2.04939015319192
1.992844341996778
2.104417123236605
1.9784553859730358
2.014235055087379
2.0
2.014235055087379
2.02837021134844
2.02837021134844
2.0
2.056349053193895
2.1514114968019085
2.0213149892370277
2.007130147392398
2.104417123236605
2.1908902300206643
2.248809208701987
2.138089935299395
2.083952289006911
2.090796157311509
2.1908902300206643
2.2296700588716196
2.1514114968019085
2.090796157311509
1.992844341996778
2.0632844828435215
2.0632844828435215
2.014235055087379
2.0213149892370277
2.042407542932745
2.042407542932745
2.0213149892370277
1.9784553859730358
2.0213149892370277
2.210365192839022
2.177810171446801
2.18435999126256
2.1313979316066587
1.9639610121239315
2.1313979316066587
2.1580414400893364
2.242447642325552
2.3482516292522218
2.2551528297909846
2.280350850198276
2.2677868380553634
2.3176342617912282
2.2296700588716196
2.248809208701987
2.177810171446801
2.056349053193895
2.1111946516469904
2.090796157311509
2.23606797749979
2.2296700588716196
2.29906813420444
2.3724610489050035
2.390457218668787
2.4784787961282104
2.4784787961282104
2.4201534780139164
2.4899799195977463
2.4842360136324753
2.4669240534954224
2.4784787961282104
2.449489742783178
2.4201534780139164
2.4260491103261463
2.4142434484888695
2.4023797725231892
2.2866069685390684
2.197401062294143
2.23606797749979
2.23606797749979
2.138089935299395
2.056349053193895
2.04939015319192
1.9493588689617927
1.9712215212183246
1.942016624910449
1.8822478962286404
1.8746428231227714
2.007130147392398
2.056349053193895
2.042407542932745
2.117950491799628
2.117950491799628
2.1908902300206643
2.18435999126256
2.18435999126256
2.138089935299395
2.2296700588716196
2.18435999126256
2.210365192839022
2.0632844828435215
2.1580414400893364
2.197401062294143
2.2232537288526344
2.274077520980446
2.2866069685390684
2.177810171446801
2.1712405933672376
2.1514114968019085
2.014235055087379
2.0770858707058104
2.0701966780270626
2.0770858707058104
2.0213149892370277
1.927248223318863
1.9784553859730358
1.992844341996778
1.8361450300639575
1.8361450300639575
1.9123657749350298
1.9123657749350298
1.8516401995451028
1.9493588689617927
1.9123657749350298
1.8126539343499315
1.9346465162548798
2.0354009783964297
2.042407542932745
2.0213149892370277
1.927248223318863
1.9346465162548798
1.9784553859730358
1.9346465162548798
2.007130147392398
2.0
2.0354009783964297
2.042407542932745
2.04939015319192
2.090796157311509
2.0632844828435215
2.104417123236605
2.0701966780270626
2.04939015319192
1.992844341996778
2.014235055087379
2.02837021134844
2.056349053193895
1.9566735620873066
1.9784553859730358
1.9566735620873066
2.014235055087379
2.090796157311509
2.104417123236605
2.0213149892370277
2.1246848505803664
2.083952289006911
2.0213149892370277
2.042407542932745
1.992844341996778
2.014235055087379
2.056349053193895
1.8973665961010275
1.8822478962286404
1.9784553859730358
2.0213149892370277
2.02837021134844
2.0
1.9712215212183246
1.9639610121239315
1.8126539343499315
1.8283482006601322
1.8746428231227714
1.780850519113991
1.7071279138616748
1.7154757774032086
1.7154757774032086
1.6903085094570331
1.7484687178050562
1.7728105208558367
1.7484687178050562
1.7647338933351153
1.6903085094570331
1.7071279138616748
1.6987390281365427
1.6903085094570331
1.7071279138616748
1.8973665961010275
1.9493588689617927
1.8973665961010275
1.889822365046136
1.8973665961010275
1.8746428231227714
1.9123657749350298
1.9198214202665531
1.9493588689617927
1.9639610121239315
1.8746428231227714
1.9198214202665531
1.9493588689617927
1.9048809486609468
1.9048809486609468
1.8439088914585775
1.820517979665599
1.889822365046136
2.0
1.9639610121239315
1.9346465162548798
1.942016624910449
1.942016624910449
1.9346465162548798
1.9123657749350298
1.7728105208558367
1.7566201313073597
1.7968225924034427
1.8439088914585775
1.8361450300639575
1.7484687178050562
1.7320508075688772
1.7320508075688772
1.7728105208558367
1.7484687178050562
1.8361450300639575
1.7647338933351153
1.7484687178050562
1.8516401995451028
1.8361450300639575
1.8439088914585775
1.740279123753264
1.7728105208558367
1.804755622554715
1.8361450300639575
1.7237832147426693
1.7647338933351153
1.6818357317441643
1.647508942095828
1.6903085094570331
1.7647338933351153
