1, 16.816658407662327
2, 16.556972348027077
3, 15.811388300841896
4, 14.915316512453455
5, 14.866068747318506
6, 14.207978978963428
7, 13.899640283115243
8, 12.976902558006667
9, 12.891857895586655
10, 12.022201684106507
15, 11.661903789690601
20, 10.178408519999577
25, 9.705668446840743
30, 9.132360045464699
35, 8.906926143924924
40, 7.425182377109221
45, 6.8507907086214015
50, 6.865372046242894
55, 6.879922480183431
60, 6.137317546507322
65, 6.022181221672648
70, 6.186005711819758
75, 6.005552985917839
80, 6.148170459575759
85, 5.836665714829544
90, 5.228129047119374
95, 5.053051883103254
100, 4.96655480858378
150, 4.704607670500627
200, 3.966526608171604
250, 3.366501646120693
300, 3.759432581299116
350, 3.483293460696835
400, 3.4641016151377544
450, 3.3862466931200785
500, 2.6076809620810595
550, 2.5298221281347035
600, 2.3380903889000244
650, 2.7688746209726918
700, 2.422120283277993
750, 2.6331223544175333
800, 2.3380903889000244
850, 2.265686062395524
900, 2.1756225162774294
950, 1.96638416050035
1000, 1.9493588689617927
1250, 2.04939015319192
1500, 1.570562531918633
1750, 1.591644851508443
2000, 1.7888543819998317
2250, 1.632993161855452
2500, 1.390443574307614
2750, 1.1832159566199232
3000, 1.2382783747337807
3250, 1.4832396974191326
3500, 1.3662601021279464
3750, 1.3416407864998738
4000, 1.2110601416389966
4250, 1.0645812948447542
4500, 1.0
4750, 0.9309493362512627
5000, 1.2649110640673518
5250, 1.1254628677422756
5500, 1.1547005383792515
5750, 0.8563488385776752
6000, 0.816496580927726
6250, 0.8944271909999159
6500, 0.9660917830792959
6750, 1.0
7000, 1.0327955589886444
7250, 0.8944271909999159
7500, 1.0
7750, 1.0327955589886444
8000, 0.8944271909999159
8250, 0.8944271909999159
8500, 0.8563488385776752
8750, 0.816496580927726
9000, 0.816496580927726
9250, 0.816496580927726
9500, 0.816496580927726
9750, 0.816496580927726
10000, 0.816496580927726
11000, 0.816496580927726
12000, 0.8563488385776752
13000, 0.7302967433402214
14000, 0.7302967433402214
15000, 0.7745966692414834
16000, 0.8563488385776752
17000, 0.8944271909999159
18000, 0.8563488385776752
19000, 0.6831300510639732
20000, 0.6831300510639732
21000, 0.6831300510639732
22000, 0.6831300510639732
23000, 0.5773502691896257
24000, 0.6324555320336759
25000, 0.5773502691896257
26000, 0.5773502691896257
27000, 0.5773502691896257
28000, 0.4472135954999579
29000, 0.4472135954999579
30000, 0.3651483716701107
31000, 0.3651483716701107
32000, 0.3651483716701107
33000, 0.3651483716701107
34000, 0.3651483716701107
35000, 0.3651483716701107
36000, 0.3651483716701107
37000, 0.3651483716701107
38000, 0.3651483716701107
39000, 0.3651483716701107
40000, 0.3651483716701107
41000, 0.3651483716701107
42000, 0.3651483716701107
43000, 0.3651483716701107
44000, 0.5163977794943222
45000, 0.5163977794943222
46000, 0.5163977794943222
47000, 0.5163977794943222
48000, 0.5163977794943222
49000, 0.3651483716701107
50000, 0.3651483716701107
51000, 0.3651483716701107
52000, 0.3651483716701107
53000, 0.3651483716701107
54000, 0.3651483716701107
55000, 0.2581988897471611
56000, 0.2581988897471611
57000, 0.2581988897471611
58000, 0.2581988897471611
59000, 0.2581988897471611
60000, 0.2581988897471611
61000, 0.2581988897471611
62000, 0.2581988897471611
63000, 0.2581988897471611
64000, 0.2581988897471611
65000, 0.2581988897471611
66000, 0.2581988897471611
67000, 0.2581988897471611
68000, 0.2581988897471611
69000, 0.2581988897471611
70000, 0.0
71000, 0.2581988897471611
72000, 0.2581988897471611
73000, 0.2581988897471611
74000, 0.0
75000, 0.0
76000, 0.2581988897471611
77000, 0.0
78000, 0.2581988897471611
79000, 0.2581988897471611
80000, 0.0
81000, 0.2581988897471611
82000, 0.0
83000, 0.0
84000, 0.0
85000, 0.0
86000, 0.0
87000, 0.0
88000, 0.0
89000, 0.0
90000, 0.0
91000, 0.0
92000, 0.0
93000, 0.0
94000, 0.0
95000, 0.0
96000, 0.0
97000, 0.0
98000, 0.0
99000, 0.0
100000, 0.0
