1, 51.36146415358503
2, 50.510284981267816
3, 49.721893232927755
4, 48.90171548910915
5, 48.89694378088585
6, 48.19566601077551
7, 47.7602810339768
8, 47.80399797320536
9, 47.42174840958758
10, 47.05150841837533
15, 45.329901830910686
20, 44.96665431183423
25, 43.250690424803885
30, 41.88980252466649
35, 40.37435930004201
40, 38.76997692946323
45, 38.49040284423003
50, 36.07738596098362
55, 34.89348872720462
60, 33.60059523282288
65, 32.81124468498228
70, 33.27494886881454
75, 32.4414001615905
80, 32.14135446222929
85, 31.276544281973067
90, 31.10591226403395
95, 30.789247762453986
100, 29.971097188235646
150, 25.532985202152396
200, 24.546101749791372
250, 22.87065077051081
300, 22.059011763902753
350, 21.408201958854722
400, 20.1791972090071
450, 18.87797070073417
500, 17.281332253169733
550, 16.43302907088174
600, 15.738134860550945
650, 15.21840990379744
700, 14.898918678138283
750, 14.045956318061398
800, 13.898840878928638
850, 13.784048752090222
900, 13.309144725839197
950, 12.674558944769812
1000, 12.614806115566475
1250, 10.65207335060488
1500, 9.534731832155067
1750, 8.928107924477118
2000, 8.232726023485645
2250, 7.533628312808879
2500, 6.816646291738091
2750, 6.086414744695308
3000, 6.0129489899346025
3250, 5.4528280124476085
3500, 5.059644256269407
3750, 4.3384585076063855
4000, 4.718756898449704
4250, 4.568004670166906
4500, 4.550946177566937
4750, 4.553387017741116
5000, 4.242640687119285
5250, 3.9327683210007
5500, 3.708848278853633
5750, 3.6239941133138354
6000, 3.6606010435446255
6250, 3.642343567906063
6500, 3.555902760825223
6750, 3.262582480864575
7000, 3.1446603773522015
7250, 3.0876096471758427
7500, 2.8790430508918914
7750, 2.8635642126552705
8000, 2.898275349237888
8250, 2.9059326290271157
8500, 2.96273147243853
8750, 2.8557933320805193
9000, 2.74469184669852
9250, 2.5473297566057065
9500, 2.569046515733026
9750, 2.304584802325814
10000, 2.342837785440744
11000, 2.342837785440744
12000, 2.00554786086551
13000, 1.4529663145135578
14000, 1.398411797560202
15000, 1.2018504251546631
16000, 1.2110601416389966
17000, 1.0327955589886444
18000, 0.9660917830792959
19000, 0.8299933065325822
20000, 0.7745966692414834
21000, 0.6666666666666666
22000, 0.6324555320336759
23000, 0.5773502691896257
24000, 0.4944132324730442
25000, 0.4216370213557839
26000, 0.3651483716701107
27000, 0.3651483716701107
28000, 0.2581988897471611
29000, 0.21081851067789195
30000, 0.21081851067789195
31000, 0.14907119849998599
32000, 0.14907119849998599
33000, 0.14907119849998599
34000, 0.14907119849998599
35000, 0.14907119849998599
36000, 0.14907119849998599
37000, 0.14907119849998599
38000, 0.14907119849998599
39000, 0.14907119849998599
40000, 0.14907119849998599
41000, 0.14907119849998599
42000, 0.0
43000, 0.0
44000, 0.0
45000, 0.0
46000, 0.0
47000, 0.0
48000, 0.0
49000, 0.0
50000, 0.0
51000, 0.0
52000, 0.0
53000, 0.0
54000, 0.0
55000, 0.0
56000, 0.0
57000, 0.0
58000, 0.0
59000, 0.0
60000, 0.0
61000, 0.0
62000, 0.0
63000, 0.0
64000, 0.0
65000, 0.0
66000, 0.0
67000, 0.0
68000, 0.0
69000, 0.0
70000, 0.0
71000, 0.0
72000, 0.0
73000, 0.0
74000, 0.0
75000, 0.0
76000, 0.0
77000, 0.0
78000, 0.0
79000, 0.0
80000, 0.0
81000, 0.0
82000, 0.0
83000, 0.0
84000, 0.0
85000, 0.0
86000, 0.0
87000, 0.0
88000, 0.0
89000, 0.0
90000, 0.0
91000, 0.0
92000, 0.0
93000, 0.0
94000, 0.0
95000, 0.0
96000, 0.0
97000, 0.0
98000, 0.0
99000, 0.0
100000, 0.0
