1, 39.992499296743134
2, 39.31593642713928
3, 38.43919131006047
4, 37.914565614210666
5, 37.69577467795865
6, 37.14681297615873
7, 36.63214825415356
8, 36.623177672850055
9, 35.78826623350173
10, 35.38805286695336
15, 33.31537611545585
20, 31.046969026207464
25, 30.822070014844883
30, 29.58088185684415
35, 29.370052774893
40, 28.551207129847043
45, 27.818801453076915
50, 27.323459308283578
55, 25.54715527915276
60, 25.456966489688885
65, 24.89463510764633
70, 24.254012922754512
75, 22.827927757777
80, 22.404718890703105
85, 21.530045451481453
90, 21.337425202814753
95, 20.57668583615933
100, 20.99183514743632
150, 20.809338562976272
200, 17.212951934102247
250, 15.442057597909123
300, 14.38054240979804
350, 13.674794331177344
400, 12.292855067651523
450, 11.435533593646978
500, 10.79814798935447
550, 10.009995004993758
600, 9.312050564418437
650, 8.5707142559499
700, 8.74234358902528
750, 8.446470099565685
800, 8.483597619608592
850, 8.344373639079894
900, 7.473763634016188
950, 7.757024466342012
1000, 7.338742593737898
1250, 6.942621983083913
1500, 6.476330530698472
1750, 6.014268747855268
2000, 5.852960179015645
2250, 6.329071247595721
2500, 5.629006509652861
2750, 5.350567393143593
3000, 5.331845030434721
3250, 5.2888021868310195
3500, 5.118593556827891
3750, 4.954074801903696
4000, 4.756949803032551
4250, 4.702582876918355
4500, 4.607447387499008
4750, 4.933848106990845
5000, 4.756949803032551
5250, 4.3490557267395085
5500, 4.225771273642583
5750, 4.371988759624814
6000, 4.08481508586549
6250, 4.198639235344165
6500, 4.391550328268399
6750, 4.171330722922842
7000, 4.046162202807565
7250, 4.0918036539962594
7500, 4.046162202807565
7750, 4.09878030638384
8000, 4.18500725379129
8250, 4.05674042269688
8500, 3.80225497003329
8750, 3.4558439118191004
9000, 3.561701038227982
9250, 3.2337505867247796
9500, 3.268901082277389
9750, 3.1532296368734616
10000, 3.430951554806417
11000, 3.175801361186541
12000, 3.202677451312083
13000, 3.0983866769659336
14000, 2.878491668515698
15000, 2.8284271247461903
16000, 3.0378563870880115
17000, 2.7255405754769875
18000, 2.65114530506561
19000, 2.6021968740717085
20000, 2.4669240534954224
21000, 2.6619005025947695
22000, 2.9952343099378003
23000, 2.7825989906663056
24000, 2.613153540948451
25000, 2.8030595529069404
26000, 2.596701204000403
27000, 2.6240644591385873
28000, 2.5579009251449016
29000, 2.596701204000403
30000, 2.4842360136324753
31000, 2.3603873774083293
32000, 2.3482516292522218
33000, 2.2866069685390684
34000, 2.390457218668787
35000, 2.177810171446801
36000, 2.2232537288526344
37000, 2.274077520980446
38000, 2.2551528297909846
39000, 2.23606797749979
40000, 2.3724610489050035
41000, 2.3482516292522218
42000, 2.090796157311509
43000, 2.1111946516469904
44000, 2.1908902300206643
45000, 2.0354009783964297
46000, 2.1313979316066587
47000, 2.0976176963403033
48000, 2.104417123236605
49000, 2.042407542932745
50000, 2.1313979316066587
51000, 1.9639610121239315
52000, 2.083952289006911
53000, 2.0976176963403033
54000, 1.9566735620873066
55000, 2.02837021134844
56000, 2.0770858707058104
57000, 2.0632844828435215
58000, 2.007130147392398
59000, 2.056349053193895
60000, 2.0213149892370277
61000, 2.164651077128664
62000, 2.0632844828435215
63000, 2.0976176963403033
64000, 2.0354009783964297
65000, 2.090796157311509
66000, 2.1712405933672376
67000, 2.242447642325552
68000, 2.0770858707058104
69000, 2.197401062294143
70000, 2.210365192839022
71000, 2.164651077128664
72000, 2.04939015319192
73000, 2.090796157311509
74000, 2.0976176963403033
75000, 2.0976176963403033
76000, 2.1447610589527217
77000, 2.2614786566062732
78000, 2.0701966780270626
79000, 2.0770858707058104
80000, 2.18435999126256
81000, 2.0770858707058104
82000, 2.0632844828435215
83000, 2.014235055087379
84000, 1.942016624910449
85000, 1.992844341996778
86000, 1.985662897587892
87000, 1.9048809486609468
88000, 1.8361450300639575
89000, 1.8126539343499315
90000, 1.8516401995451028
91000, 1.8283482006601322
92000, 2.014235055087379
93000, 1.8516401995451028
94000, 1.889822365046136
95000, 1.9346465162548798
96000, 1.7154757774032086
97000, 1.804755622554715
98000, 1.7071279138616748
99000, 1.6903085094570331
100000, 1.7071279138616748
