19.79466017461708
18.414280172890667
15.225917753244676
14.567086187704115
12.937211004363675
12.242782130125255
11.120123329223595
11.797094073178725
10.955755173814875
11.147068801130764
10.481275822014362
9.896608365640075
10.558679571126035
10.485363948993719
10.062660823914461
10.892985947716213
9.893720952488719
9.746794344808963
9.575265755357096
9.217994823790507
8.299741820425156
8.244478671900884
8.1117199162693
7.758865896508329
7.475674838147676
7.1693793315739685
6.8660656232559525
6.915820372780906
6.81175454637056
6.313251369709815
6.474124320268009
6.385250862059264
6.5334305143404015
6.0
6.117889458675388
5.947388382427078
5.712142455206402
5.896730328871126
5.75946426079966
5.801477644285364
5.761944116355173
6.329071247595721
6.148170459575759
5.874886017131372
5.598469178521674
5.310367218940701
4.95119033306999
4.930951806120773
4.904808136629083
4.90771986626318
5.280692595267621
5.275279274936203
4.9856938190329
4.503966505838413
4.735881272643079
4.68736904578982
4.774934554525329
4.753945729601885
5.082181758710665
4.922252678253264
4.930951806120773
4.857983120596447
4.8225660033993165
4.753945729601885
4.7207747548166585
4.503966505838413
4.316082880178673
4.322697570466188
4.5229573132125465
4.36871998252512
4.449719092257398
4.449719092257398
4.678216998570533
4.872664275615255
5.1269595556932455
5.051166767617727
5.002856326996752
4.6843203501529596
4.456135417280635
4.312771730569565
4.319391491534757
4.063777271736939
4.0035698356056475
4.147288270665544
4.021371478914697
4.014260294784796
4.032014739202085
4.164475614390981
3.8507884164897233
3.978513721048531
3.884033249820898
3.80225497003329
4.0035698356056475
3.9388178066884123
3.687817782917155
3.7416573867739413
3.7568984168174833
3.7109875466550104
3.6566964013202643
3.605551275463989
3.6645015252516173
3.5496478698597698
3.561701038227982
3.4434202266268428
3.541589635016618
3.484660262185848
3.521363372331802
3.6449573777637356
3.5335130232835263
3.7568984168174833
3.7871964753438845
3.6292462814513664
3.401680257083045
3.295017884191656
3.307998963551401
3.589667712437223
3.7416573867739413
3.6134668750581977
3.5936451848068853
3.4558439118191004
3.3252282413607124
3.3509060608395793
3.5777087639996634
3.6683978597124463
3.7454734585325027
3.7032803990902057
3.8060102844992794
3.790966706715923
3.854496446637726
3.8913824205360674
3.953298803350365
3.953298803350365
4.0813163142720095
3.8321944477954513
3.80225497003329
3.8507884164897233
3.8060102844992794
3.439269025326665
3.468223093829379
3.585685828003181
3.5294677866702306
3.794733192202055
3.80225497003329
3.7301857479602427
3.722518348798681
3.8913824205360674
4.024922359499621
3.9315573068623655
3.9206413469518697
3.7071359757712075
3.7186787208054732
3.7871964753438845
3.946064947695181
3.8396428405331062
3.8247315498700596
3.835920452027872
3.8987177379235853
3.8877095717511763
3.714835124201342
3.6994208040873486
3.641035959331198
3.621365172733304
3.8060102844992794
3.924283374069717
3.8950518060006045
3.7186787208054732
3.9023802260378764
3.861901826080735
3.7682887362833544
3.794733192202055
4.024922359499621
4.046162202807565
4.2560880764248425
4.229150539495406
4.133486940310116
4.0178174601214955
4.167904578013822
4.133486940310116
4.007136490954963
4.032014739202085
3.8950518060006045
3.7416573867739413
3.790966706715923
3.835920452027872
3.946064947695181
3.8766701469910267
3.858200913082973
3.989271326230608
3.854496446637726
4.123105625617661
3.960519446450716
3.8877095717511763
3.924283374069717
3.927922024247863
3.794733192202055
3.7871964753438845
3.861901826080735
3.858200913082973
3.858200913082973
3.6606010435446255
3.56971387408811
3.565709706956767
3.6683978597124463
3.8987177379235853
3.9023802260378764
3.783422486887463
3.5737135547534544
3.3123146848433
3.3252282413607124
3.3806170189140663
3.3338094898007764
3.2906794782493525
3.4599752269963684
3.3806170189140663
3.5335130232835263
3.585685828003181
3.6683978597124463
3.4599752269963684
3.5576878526850635
3.389058023361991
3.3252282413607124
3.521363372331802
3.521363372331802
3.3252282413607124
3.2425739335111103
3.277629805645711
3.3166247903554
3.4267852490135913
3.2293298729878046
3.3848401523768974
3.418437404094784
3.320929301953209
3.286335345030997
3.2645279685036943
3.255764119219941
3.2469766156929962
3.1075943842694236
2.8635642126552705
2.917924898671265
2.9081167199998794
3.075246796135695
3.070597894314954
3.0142518616920992
3.116774889895918
3.0659419433511785
3.166791977470486
3.251373336211726
3.1532296368734616
3.1532296368734616
3.2071349029490928
3.3551665915633544
3.255764119219941
3.2204702407301595
3.0798886807341406
3.1532296368734616
2.878491668515698
3.0798886807341406
3.1622776601683795
3.2732683535398857
3.2732683535398857
3.3123146848433
3.3636714634883287
3.148695875165735
3.180296482135858
3.2160312720583337
3.277629805645711
3.286335345030997
3.175801361186541
3.1532296368734616
3.175801361186541
3.238165265349236
3.1712998686883673
3.116774889895918
3.198213787189879
3.075246796135695
2.9952343099378003
3.22490309931942
3.4351128074635335
3.166791977470486
3.1304951684997055
3.286335345030997
3.2732683535398857
3.2071349029490928
3.1441555759399513
3.1892677171144745
3.2071349029490928
3.1622776601683795
3.1847852585154217
3.175801361186541
3.1304951684997055
3.1121880222303866
3.0798886807341406
3.1350552512789034
3.03315017762062
3.2115861679683633
3.1577568892219317
3.056608765095256
3.1350552512789034
3.116774889895918
3.1213550171131033
3.286335345030997
3.1304951684997055
3.0983866769659336
3.2071349029490928
3.1396087108337016
3.1304951684997055
3.148695875165735
3.180296482135858
3.009508740167215
3.093772546815388
3.03315017762062
3.0237157840738176
3.0472470011002204
2.9952343099378003
3.198213787189879
3.1937438845342623
3.1892677171144745
3.198213787189879
3.116774889895918
3.1075943842694236
3.0142518616920992
3.051931472737505
3.089151524748688
2.971291205616075
2.888400447108597
2.7774602993176543
2.7979584393931636
2.7979584393931636
2.704493615131253
2.7619868624907378
2.7360033416855116
2.8385106758902383
2.7979584393931636
2.7774602993176543
2.699206232527312
2.704493615131253
2.7774602993176543
2.767154288640743
2.9568322818274866
2.8385106758902383
2.980891525318271
3.0472470011002204
2.9952343099378003
3.0798886807341406
3.1213550171131033
3.116774889895918
3.1259284335103663
3.1937438845342623
3.1121880222303866
3.1622776601683795
3.1350552512789034
3.009508740167215
2.971291205616075
3.051931472737505
3.0378563870880115
2.9952343099378003
3.028436654683167
3.004758131459407
2.951996902824546
2.9856801091687157
2.8284271247461903
2.932575659723036
3.051931472737505
3.028436654683167
3.2115861679683633
3.22490309931942
3.2115861679683633
3.1350552512789034
3.0983866769659336
3.202677451312083
3.1937438845342623
3.2645279685036943
3.2732683535398857
3.1622776601683795
3.1396087108337016
3.202677451312083
3.0983866769659336
3.1304951684997055
3.075246796135695
3.0612789110808856
3.075246796135695
3.180296482135858
3.028436654683167
3.0659419433511785
2.961659766318301
2.9664793948382653
2.917924898671265
3.028436654683167
3.093772546815388
3.320929301953209
3.3763886032268267
3.430951554806417
3.299350585450762
3.389058023361991
3.359421718944242
3.4351128074635335
3.3551665915633544
3.4142558277233497
3.2906794782493525
3.3338094898007764
