10.2810505299799
10.099504938362077
8.845903006477066
7.05691150575094
6.614378277661476
6.328506932918696
5.869412236331676
4.919349550499537
4.642197755374064
4.08656334834051
3.52845575287547
3.591656999213594
3.7616485747608057
3.4641016151377544
3.4641016151377544
3.0983866769659336
2.9068883707497264
3.3391615714128
3.2939338184001206
3.5
3.40587727318528
3.22490309931942
3.3241540277189325
3.0495901363953815
2.7202941017470885
2.6362852652928135
2.8809720581775866
2.6739483914241875
2.6739483914241875
2.5495097567963922
2.258317958127243
2.5495097567963922
2.23606797749979
2.792848008753788
2.2693611435820435
2.4083189157584592
2.4289915602982237
2.5787593916455256
2.6172504656604803
2.6267851073127395
2.792848008753788
2.5592967784139455
2.6551836094703507
3.03315017762062
2.8722813232690143
2.8896366553599777
3.1780497164141406
3.170173496829472
2.9832867780352594
3.0083217912982647
3.286335345030997
3.456877203488721
3.0659419433511785
3.057776970284131
2.9664793948382653
3.286335345030997
3.146426544510455
2.8809720581775866
2.9068883707497264
2.8809720581775866
2.9410882339705484
2.924038303442689
2.7658633371878665
2.792848008753788
2.7386127875258306
2.4083189157584592
2.5495097567963922
2.692582403567252
2.7202941017470885
2.7202941017470885
2.598076211353316
2.701851217221259
2.8722813232690143
2.7658633371878665
2.539685019840059
2.5787593916455256
2.598076211353316
2.6076809620810595
2.598076211353316
2.5495097567963922
2.7294688127912363
2.7294688127912363
2.479919353527449
2.6267851073127395
2.280350850198276
2.3979157616563596
2.3979157616563596
2.258317958127243
2.3769728648009427
2.32379000772445
2.179449471770337
2.179449471770337
2.085665361461421
2.1095023109728985
1.8973665961010275
2.258317958127243
2.1908902300206643
2.23606797749979
2.073644135332772
2.16794833886788
2.0248456731316584
2.0
2.04939015319192
1.8027756377319946
1.8841443681416772
1.760681686165901
1.8303005217723127
1.9235384061671346
1.857417562100671
2.073644135332772
2.0371548787463363
1.9748417658131499
1.9235384061671346
1.8841443681416772
1.816590212458495
1.7888543819998317
1.7748239349298849
1.8303005217723127
1.9364916731037085
2.0
1.8027756377319946
2.0371548787463363
1.9364916731037085
1.9235384061671346
2.0615528128088303
2.0
1.9235384061671346
2.1095023109728985
2.073644135332772
2.2135943621178655
2.1330729007701543
2.2135943621178655
2.345207879911715
2.23606797749979
2.0976176963403033
2.1095023109728985
2.1563858652847827
2.085665361461421
2.3021728866442674
2.345207879911715
2.3664319132398464
2.224859546128699
1.8841443681416772
1.7888543819998317
1.8841443681416772
1.8303005217723127
1.6431676725154984
1.6733200530681511
1.70293863659264
1.760681686165901
1.746424919657298
1.61245154965971
1.746424919657298
1.816590212458495
1.5491933384829668
1.61245154965971
1.6733200530681511
1.760681686165901
1.7888543819998317
1.9874606914351791
1.9748417658131499
1.8439088914585775
1.7748239349298849
1.8439088914585775
1.816590212458495
1.7888543819998317
1.8439088914585775
1.8027756377319946
1.51657508881031
1.8303005217723127
1.8708286933869707
1.70293863659264
1.6278820596099706
1.5329709716755893
1.3416407864998738
1.4142135623730951
1.449137674618944
1.5968719422671311
1.5491933384829668
1.5491933384829668
1.5811388300841898
1.61245154965971
1.5491933384829668
1.4142135623730951
1.6278820596099706
1.7320508075688772
1.7175564037317668
1.5
1.5
1.466287829861518
1.466287829861518
1.4832396974191326
1.4832396974191326
1.4142135623730951
1.5652475842498528
1.6881943016134133
1.6881943016134133
1.70293863659264
1.5811388300841898
1.5968719422671311
1.7320508075688772
1.5968719422671311
1.51657508881031
1.5652475842498528
1.6431676725154984
1.6583123951777
1.5652475842498528
1.5
1.5811388300841898
1.6278820596099706
1.5811388300841898
1.6881943016134133
1.6278820596099706
1.61245154965971
1.61245154965971
1.5968719422671311
1.70293863659264
1.6431676725154984
1.6881943016134133
1.5652475842498528
1.4317821063276353
1.449137674618944
1.5491933384829668
1.51657508881031
1.449137674618944
1.396424004376894
1.4317821063276353
1.396424004376894
1.396424004376894
1.466287829861518
1.4832396974191326
1.4317821063276353
1.3228756555322954
1.378404875209022
1.396424004376894
1.3038404810405297
1.3038404810405297
1.2649110640673518
1.4317821063276353
1.378404875209022
1.396424004376894
1.4317821063276353
1.5329709716755893
1.5329709716755893
1.5811388300841898
1.449137674618944
1.4317821063276353
1.449137674618944
1.466287829861518
1.449137674618944
1.449137674618944
1.4142135623730951
1.466287829861518
1.5329709716755893
1.4832396974191326
1.4317821063276353
1.5
1.3601470508735443
1.4832396974191326
1.5652475842498528
1.5811388300841898
1.5652475842498528
1.5968719422671311
1.5811388300841898
1.5811388300841898
1.5811388300841898
1.6881943016134133
1.70293863659264
1.6881943016134133
1.6431676725154984
1.4142135623730951
1.4317821063276353
1.4142135623730951
1.4317821063276353
1.466287829861518
1.5491933384829668
1.51657508881031
1.5329709716755893
1.5491933384829668
1.5811388300841898
1.5
1.5811388300841898
1.51657508881031
1.4317821063276353
1.5491933384829668
1.5652475842498528
1.51657508881031
1.5491933384829668
1.6278820596099706
1.5491933384829668
1.5968719422671311
1.5968719422671311
1.5491933384829668
1.5968719422671311
1.6431676725154984
1.61245154965971
1.5491933384829668
1.5491933384829668
1.5329709716755893
1.5329709716755893
1.5329709716755893
1.5329709716755893
1.449137674618944
1.5
1.5
1.4832396974191326
1.51657508881031
1.4832396974191326
1.4317821063276353
1.378404875209022
1.449137674618944
1.4142135623730951
1.3228756555322954
1.378404875209022
1.3038404810405297
1.3228756555322954
1.3228756555322954
1.3416407864998738
1.396424004376894
1.396424004376894
1.396424004376894
1.4142135623730951
1.4317821063276353
1.5
1.466287829861518
1.5
1.449137674618944
1.4317821063276353
1.466287829861518
1.4317821063276353
1.4142135623730951
1.3601470508735443
1.3601470508735443
1.3601470508735443
1.5
1.3228756555322954
1.3416407864998738
1.3416407864998738
1.3416407864998738
1.3416407864998738
1.3416407864998738
1.3228756555322954
1.3416407864998738
1.2649110640673518
1.284523257866513
1.4317821063276353
1.2649110640673518
1.2649110640673518
1.2449899597988732
1.224744871391589
1.2041594578792296
1.2649110640673518
1.284523257866513
1.1832159566199232
1.284523257866513
1.2649110640673518
1.284523257866513
1.224744871391589
1.2449899597988732
1.2449899597988732
1.1832159566199232
1.161895003862225
1.2041594578792296
1.224744871391589
1.2449899597988732
1.3038404810405297
1.2649110640673518
1.118033988749895
1.0954451150103321
1.161895003862225
1.2449899597988732
1.2041594578792296
1.2041594578792296
1.2041594578792296
1.2041594578792296
1.284523257866513
1.224744871391589
1.161895003862225
1.2449899597988732
1.2449899597988732
1.2449899597988732
1.224744871391589
1.224744871391589
1.2449899597988732
1.3038404810405297
1.2449899597988732
1.3038404810405297
1.3038404810405297
1.3038404810405297
1.3228756555322954
1.3038404810405297
1.3228756555322954
1.3228756555322954
1.3228756555322954
1.3228756555322954
1.3038404810405297
1.3038404810405297
1.2449899597988732
1.3416407864998738
1.3228756555322954
