5.059644256269407
4.669047011971501
4.358898943540674
4.604345773288535
4.049691346263317
3.82099463490856
3.4641016151377544
3.5496478698597698
3.1304951684997055
3.7416573867739413
3.605551275463989
3.5777087639996634
3.687817782917155
3.4641016151377544
3.286335345030997
3.1937438845342623
3.22490309931942
3.1304951684997055
3.22490309931942
3.03315017762062
3.286335345030997
3.0659419433511785
3.0983866769659336
2.898275349237888
2.898275349237888
3.0983866769659336
3.3166247903554
3.255764119219941
3.3166247903554
3.255764119219941
3.03315017762062
3.22490309931942
3.0983866769659336
2.8284271247461903
2.8284271247461903
2.9664793948382653
2.8284271247461903
2.898275349237888
2.7202941017470885
2.7202941017470885
2.7202941017470885
2.7202941017470885
2.7202941017470885
2.7202941017470885
2.7202941017470885
2.7202941017470885
2.6076809620810595
2.6076809620810595
2.5298221281347035
2.7202941017470885
2.792848008753788
2.9664793948382653
3.255764119219941
3.0659419433511785
2.756809750418044
2.8635642126552705
2.8635642126552705
3.0
3.22490309931942
3.0983866769659336
2.792848008753788
2.792848008753788
2.792848008753788
2.5298221281347035
2.32379000772445
2.5298221281347035
2.7202941017470885
2.4083189157584592
2.5298221281347035
2.4083189157584592
2.4083189157584592
2.4083189157584592
2.4083189157584592
2.6076809620810595
2.6076809620810595
2.4083189157584592
2.4083189157584592
2.0
2.0976176963403033
2.6076809620810595
2.4083189157584592
2.6076809620810595
2.6076809620810595
2.6076809620810595
2.5298221281347035
2.5298221281347035
2.5298221281347035
2.8635642126552705
2.932575659723036
2.6076809620810595
2.6076809620810595
2.6076809620810595
2.6076809620810595
2.8635642126552705
2.932575659723036
2.6076809620810595
2.6076809620810595
2.6832815729997477
3.0
2.932575659723036
3.0659419433511785
2.6076809620810595
2.6832815729997477
2.6832815729997477
2.6832815729997477
2.6832815729997477
2.6076809620810595
2.6076809620810595
2.6832815729997477
2.6832815729997477
2.6832815729997477
2.6076809620810595
2.6076809620810595
2.6076809620810595
2.6076809620810595
2.6076809620810595
2.6076809620810595
2.5298221281347035
2.5298221281347035
2.6076809620810595
2.6076809620810595
2.6076809620810595
2.6832815729997477
2.6832815729997477
2.6832815729997477
2.6076809620810595
2.6832815729997477
2.6076809620810595
2.6076809620810595
2.6832815729997477
2.6076809620810595
2.6076809620810595
2.6076809620810595
2.6076809620810595
2.6076809620810595
2.6076809620810595
2.6832815729997477
2.5298221281347035
2.6832815729997477
2.6076809620810595
2.6076809620810595
2.6076809620810595
2.6076809620810595
2.6076809620810595
2.5298221281347035
2.8635642126552705
2.8635642126552705
2.8635642126552705
2.5298221281347035
2.8635642126552705
2.898275349237888
2.8635642126552705
2.898275349237888
2.8635642126552705
2.5298221281347035
2.569046515733026
2.569046515733026
2.569046515733026
2.569046515733026
2.569046515733026
2.898275349237888
2.898275349237888
2.898275349237888
2.898275349237888
2.898275349237888
2.898275349237888
2.898275349237888
2.898275349237888
2.898275349237888
2.898275349237888
2.898275349237888
2.898275349237888
2.898275349237888
2.898275349237888
2.898275349237888
2.898275349237888
2.898275349237888
2.898275349237888
2.8635642126552705
2.8635642126552705
2.8635642126552705
2.8635642126552705
2.8635642126552705
2.5298221281347035
2.8635642126552705
2.8635642126552705
2.8635642126552705
2.5298221281347035
2.5298221281347035
2.569046515733026
2.569046515733026
2.569046515733026
2.5298221281347035
2.5298221281347035
2.5298221281347035
2.5298221281347035
2.5298221281347035
2.5298221281347035
2.5298221281347035
2.5298221281347035
2.5298221281347035
2.569046515733026
2.569046515733026
2.569046515733026
2.569046515733026
2.569046515733026
2.569046515733026
2.569046515733026
2.569046515733026
2.569046515733026
2.569046515733026
2.569046515733026
2.569046515733026
2.569046515733026
2.569046515733026
2.569046515733026
2.569046515733026
2.569046515733026
2.280350850198276
2.280350850198276
2.569046515733026
2.569046515733026
2.569046515733026
2.569046515733026
2.569046515733026
2.569046515733026
2.569046515733026
2.280350850198276
2.569046515733026
2.569046515733026
2.569046515733026
2.569046515733026
2.569046515733026
2.569046515733026
2.569046515733026
2.280350850198276
2.280350850198276
2.280350850198276
2.280350850198276
2.280350850198276
2.569046515733026
2.280350850198276
2.569046515733026
2.569046515733026
2.280350850198276
2.23606797749979
2.23606797749979
2.23606797749979
2.23606797749979
2.5298221281347035
2.5298221281347035
2.569046515733026
2.569046515733026
2.5298221281347035
2.23606797749979
2.23606797749979
2.5298221281347035
2.5298221281347035
2.5298221281347035
2.5298221281347035
2.23606797749979
2.5298221281347035
2.5298221281347035
2.5298221281347035
2.5298221281347035
2.5298221281347035
2.5298221281347035
2.5298221281347035
2.5298221281347035
2.5298221281347035
2.5298221281347035
2.5298221281347035
2.5298221281347035
2.5298221281347035
2.5298221281347035
2.5298221281347035
2.5298221281347035
2.5298221281347035
2.5298221281347035
2.5298221281347035
2.5298221281347035
2.5298221281347035
2.5298221281347035
2.569046515733026
2.569046515733026
2.5298221281347035
2.5298221281347035
2.5298221281347035
2.5298221281347035
2.5298221281347035
2.5298221281347035
2.23606797749979
2.569046515733026
2.280350850198276
2.569046515733026
2.280350850198276
2.280350850198276
2.569046515733026
2.569046515733026
2.569046515733026
2.5298221281347035
2.569046515733026
2.569046515733026
2.569046515733026
2.4899799195977463
2.569046515733026
2.5298221281347035
2.5298221281347035
2.569046515733026
2.569046515733026
2.569046515733026
2.569046515733026
2.6832815729997477
2.6832815729997477
2.6832815729997477
2.6832815729997477
2.6832815729997477
2.6832815729997477
2.6832815729997477
2.569046515733026
2.569046515733026
2.569046515733026
2.569046515733026
2.4899799195977463
2.6076809620810595
2.6076809620810595
2.6076809620810595
2.6076809620810595
2.6832815729997477
2.6832815729997477
2.6832815729997477
2.6832815729997477
2.6832815729997477
2.6832815729997477
2.756809750418044
2.756809750418044
2.6832815729997477
2.6832815729997477
2.6832815729997477
2.6832815729997477
2.6832815729997477
2.6832815729997477
2.756809750418044
2.756809750418044
2.756809750418044
2.756809750418044
2.756809750418044
2.756809750418044
2.756809750418044
2.756809750418044
2.756809750418044
2.756809750418044
2.756809750418044
2.756809750418044
2.756809750418044
2.756809750418044
2.756809750418044
2.756809750418044
2.6076809620810595
2.5298221281347035
2.5298221281347035
2.5298221281347035
2.5298221281347035
2.5298221281347035
2.5298221281347035
2.6076809620810595
2.6076809620810595
2.6076809620810595
2.6076809620810595
2.6076809620810595
2.5298221281347035
2.5298221281347035
2.5298221281347035
2.5298221281347035
2.5298221281347035
2.5298221281347035
2.5298221281347035
2.5298221281347035
2.5298221281347035
2.5298221281347035
2.5298221281347035
2.5298221281347035
2.5298221281347035
2.5298221281347035
2.5298221281347035
2.5298221281347035
2.5298221281347035
2.5298221281347035
2.5298221281347035
2.5298221281347035
2.5298221281347035
2.5298221281347035
2.6832815729997477
2.6832815729997477
2.6832815729997477
2.6832815729997477
2.6832815729997477
2.6832815729997477
2.5298221281347035
2.6832815729997477
