1, 1.185748708622531
2, 1.6988231220465537
3, 23.670572447661677
4, 23.673445038692616
5, 23.677922206139627
6, 33.640719373996745
7, 33.62365238935235
8, 33.607737204399825
9, 41.42274737387659
10, 41.39318784534479
15, 53.93486812814137
20, 64.29685839914731
25, 64.22807797217662
30, 64.13414067405908
35, 64.15552976945946
40, 64.15075993314498
45, 64.09686419786853
50, 64.38162781415207
55, 64.52529736467706
60, 64.79529303892375
65, 65.12008906627815
70, 67.54425216108325
75, 72.06462377616357
80, 74.4616411315249
85, 78.82965178154727
90, 81.07067287250057
95, 81.37849838870216
100, 81.6854699441706
150, 83.30655436398747
200, 95.62205812468167
250, 97.48253176851738
300, 105.19442000410478
350, 107.81653862000951
400, 109.92072598013534
450, 110.58498993986481
500, 110.83182755869362
550, 112.18341232107356
600, 113.6357778166718
650, 113.19552111280728
700, 113.96143207243405
750, 112.78472414294411
800, 114.6530418261984
850, 114.84255308900094
900, 113.29273586598569
950, 112.53006709319958
1000, 109.83987436263754
1250, 107.93919584655058
1500, 105.86020971073125
1750, 107.58125301371052
2000, 103.75020963834241
2250, 102.71903426337302
2500, 100.80265869509593
2750, 98.46378014275096
3000, 96.600310558507
3250, 95.49507840721427
3500, 92.73244308223525
3750, 92.00352167172733
4000, 90.81741022513249
4250, 88.22920151514464
4500, 86.02830929409225
4750, 82.79457711710351
5000, 81.64011268978014
5250, 79.5244616454585
5500, 80.04980949383952
5750, 78.20771061730423
6000, 76.02544310952749
6250, 73.98760707037361
6500, 74.75586933478868
6750, 73.96465372054412
7000, 72.6793092977637
7250, 72.63161845918071
7500, 71.03624427009075
7750, 70.3810059604152
8000, 70.8600874964179
8250, 69.67606475684458
8500, 69.4382315443013
8750, 68.67155160617823
9000, 67.75507361076365
9250, 67.94151897036156
9500, 67.27604328436684
9750, 66.71864806783782
10000, 66.8719223590888
11000, 64.21590145750505
12000, 63.90158057513131
13000, 63.06306367438867
14000, 62.234749135832466
15000, 62.60627764050503
16000, 61.02989431418016
17000, 60.53739340275562
18000, 60.47417630691633
19000, 59.12072394685302
20000, 57.289108912602224
21000, 56.73300626619393
22000, 55.67821836230035
23000, 55.76446897442851
24000, 54.823152043639375
25000, 54.09319735419603
26000, 53.65021901166853
27000, 52.9377559025692
28000, 52.65844661590389
29000, 52.25219612609598
30000, 51.399844357741
31000, 51.058476279654094
32000, 51.073221946534765
33000, 50.25682043265372
34000, 50.22350047537507
35000, 49.70754469896899
36000, 49.47360912648278
37000, 49.52423649083346
38000, 49.12150242001969
39000, 49.04614154039031
40000, 49.01622180462301
41000, 48.619255444730946
42000, 48.71036850609939
43000, 48.47477694636665
44000, 48.5133383720395
45000, 48.05977528037351
46000, 47.68618248507633
47000, 47.49810522536662
48000, 47.330391927386366
49000, 46.70676610513727
50000, 46.320751289244
51000, 46.01467157331452
52000, 45.981996476882124
53000, 45.92295722185147
54000, 45.558950821984475
55000, 45.1889809577512
56000, 44.84642683648275
57000, 44.56440283454946
58000, 44.44936444989962
59000, 44.293927349017046
60000, 43.785728268466656
61000, 43.65494244641722
62000, 43.56025711586193
63000, 43.49082661895495
64000, 43.33160509374191
65000, 43.06402210662632
66000, 42.890278618819906
67000, 42.74115113096511
68000, 42.61119571192528
69000, 42.21179929830047
70000, 42.20789025762837
71000, 42.058411762690234
72000, 42.113014615436875
73000, 41.95764531047947
74000, 41.741993244213916
75000, 41.639260320039305
76000, 41.54279720962468
77000, 41.469217499248764
78000, 41.29288074232652
79000, 41.03630100289255
80000, 41.08868457373636
81000, 40.99775603615398
82000, 41.00529234135516
83000, 40.6918173592677
84000, 40.65469222611333
85000, 40.81259609483327
86000, 40.75019018360528
87000, 40.686090989427825
88000, 40.51673728226398
89000, 40.25675098663577
90000, 40.303275301146435
91000, 40.13547059646866
92000, 40.07013850737229
93000, 40.04337648101119
94000, 39.86133464900542
95000, 39.68952002733215
96000, 39.51083395728316
97000, 39.24558573903567
98000, 39.14797568201963
99000, 39.05805934759176
100000, 39.0809672347039
101000, 39.084805231700976
102000, 39.12812287856396
103000, 39.037930273004996
104000, 38.62268763304802
105000, 38.55575184067872
106000, 38.39992187492053
107000, 38.3676426171846
108000, 38.27589319663227
109000, 38.15520934289314
