1, 80.09405185690846
2, 79.50857995030653
3, 79.13704207620745
4, 78.32268417989042
5, 77.53598243027925
6, 77.2311003232691
7, 76.36500694502872
8, 75.86745961590799
9, 75.85474841526309
10, 75.51139932865388
15, 74.0662830558837
20, 72.76351126374105
25, 70.6249652338726
30, 68.13107115804695
35, 66.64865232803179
40, 65.24820741927375
45, 63.20748147399732
50, 62.3122322318362
55, 62.238940497776106
60, 61.53094459584659
65, 60.47112652214396
70, 60.41806730724558
75, 59.49957983044922
80, 58.11847505619141
85, 57.565614736576904
90, 56.94257759231789
95, 55.247107228730606
100, 54.169706874388226
150, 49.70369345287273
200, 44.85102324043773
250, 39.12945547428798
300, 35.35352073798914
350, 32.781527899543846
400, 31.307233303868568
450, 31.707142052585837
500, 29.99237998463705
550, 30.130193683887455
600, 29.455292999973466
650, 29.26821776993897
700, 28.108717508986427
750, 27.04652076911716
800, 25.863653481837623
850, 25.712142767849702
900, 25.17793818859224
950, 24.114014893536794
1000, 23.38283863984745
1250, 20.855968655793205
1500, 18.86417617753669
1750, 17.59910712020844
2000, 16.70115479326419
2250, 16.69431040804022
2500, 15.911810528211875
2750, 14.956126312842985
3000, 14.295853544697097
3250, 13.653884847491993
3500, 13.33898689663392
3750, 13.16380318470746
4000, 12.909022315530217
4250, 12.497999839974394
4500, 11.596797587511576
4750, 11.529465357447041
5000, 11.374784142378891
5250, 11.27766439852305
5500, 11.020759631583608
5750, 10.651626301046374
6000, 10.451247362328164
6250, 10.502380682492898
6500, 10.458079583337877
6750, 10.306031521118383
7000, 10.21833086733277
7250, 9.97926421564808
7500, 10.253222489957556
7750, 9.941256028720487
8000, 10.298404869548627
8250, 10.419075911861995
8500, 10.362707864535905
8750, 10.074720839804943
9000, 9.934787365615835
9250, 9.924716620639604
9500, 9.894442884771228
9750, 9.987849761442293
10000, 9.578249168969094
11000, 9.13705172830461
12000, 9.121403400793104
13000, 8.894621167553215
14000, 9.027735042633894
15000, 8.352074164969014
16000, 8.097618697581936
17000, 8.0578267186985
18000, 7.873100677986678
19000, 7.433514838697967
20000, 7.486177739197563
21000, 7.077126131821751
22000, 7.183313998427188
23000, 6.81594768591594
24000, 6.572670690061994
25000, 6.484046355699283
26000, 6.456447497325002
27000, 6.251856867020733
28000, 6.25756684799634
29000, 6.317775377004607
30000, 6.325684604395457
31000, 5.929345904662913
32000, 5.973752111170524
33000, 5.954590066255011
34000, 6.1620961183211485
35000, 5.829726776248977
36000, 5.954590066255011
37000, 5.903993805649092
38000, 5.9521904731427595
39000, 6.060410169994389
40000, 5.660641054055374
41000, 5.8272757663545365
42000, 5.717142143214063
43000, 5.749534142619109
44000, 5.588252985376685
45000, 5.366563145999495
46000, 5.458937625582473
47000, 5.581858369498716
48000, 5.565197981332611
49000, 5.44714866434069
50000, 5.473311872819131
51000, 5.42612726931991
52000, 5.419541361723201
53000, 5.282045058497703
54000, 5.241319354077613
55000, 5.039841267341661
56000, 4.932400169143967
