1, 57.12512582043037
2, 56.37286581326161
3, 55.57751343844019
4, 54.68473278713173
5, 54.034248398585135
6, 54.034248398585135
7, 54.034248398585135
8, 53.13642818255664
9, 52.31347818679236
10, 52.09088211961859
15, 51.34861244473895
20, 49.02101590134582
25, 48.13626491534215
30, 45.24091068933073
35, 43.64836766707319
40, 42.59906102251551
45, 40.53368969141595
50, 39.0141000152509
55, 38.92068858589221
60, 38.91837612234097
65, 36.82118955166984
70, 36.7698245848413
75, 35.25223397176411
80, 34.43980255460243
85, 33.90958566541325
90, 33.39041778714367
95, 33.04088376542008
100, 32.29334296724326
150, 27.28112900889551
200, 24.565829926953416
250, 24.483872242764217
300, 22.82367192193228
350, 22.215310036098977
400, 21.064662351910606
450, 20.556264252047356
500, 19.279004123657426
550, 19.271222068151257
600, 17.449928366615147
650, 16.877203559831823
700, 16.831518053936787
750, 16.805951326836574
800, 16.799404751359496
850, 16.806546343612656
900, 16.797023545854785
950, 16.77915373312969
1000, 16.29355700883021
1250, 15.398051824825114
1500, 14.555411364849844
1750, 14.397221954252146
2000, 13.484064669082539
2250, 12.25805857385255
2500, 10.47091209016674
2750, 10.156771140475698
3000, 10.07869039111729
3250, 10.035935432235503
3500, 9.405317644821997
3750, 9.462557793746889
4000, 9.079647570252934
4250, 8.99110671719561
4500, 8.974408058473829
4750, 8.953211714239757
5000, 8.78521485223896
5250, 8.788629017087933
5500, 8.805679985100527
5750, 8.924124606929242
6000, 8.949860334105779
6250, 9.019977827023745
6500, 8.858893836140041
6750, 8.860022573334675
7000, 8.967719888578143
7250, 8.978864070694021
7500, 8.561541917201597
7750, 7.703246069028303
8000, 7.7110310594628
8250, 7.721398836998384
8500, 7.780745465570764
8750, 7.8587530817554
9000, 7.708436936240706
9250, 7.708436936240706
9500, 7.708436936240706
9750, 7.851114570556208
10000, 7.631513611335565
11000, 7.436396977031283
12000, 6.942621983083913
13000, 6.73349834781297
14000, 6.596969000988257
15000, 6.146543744251724
16000, 6.212889826803627
17000, 6.04979338490167
18000, 5.803447251418763
19000, 5.649778756730214
20000, 5.660388679233963
21000, 5.529918625079396
22000, 5.573149917237109
23000, 5.5641710972974225
24000, 5.646237685397241
25000, 5.565968020030298
26000, 5.556977595779922
27000, 5.55517776493246
28000, 5.663920903402518
29000, 5.314132102234569
30000, 5.1903757089443925
31000, 5.347896782848375
32000, 5.3065996645686395
33000, 5.316013544000805
34000, 5.071488933242386
35000, 5.085272854036448
36000, 5.238320341483518
37000, 5.412947441089743
38000, 5.47905101272109
39000, 5.5533773507659285
40000, 5.167204273105526
41000, 4.995998398718719
42000, 4.995998398718719
43000, 5.159457335805772
44000, 4.921381919745713
45000, 4.793745925682754
46000, 4.9457052075512955
47000, 4.9779513858614575
48000, 4.969909455915671
49000, 5.2497618993626745
50000, 5.192301994298868
51000, 4.841487374764082
52000, 4.890807704254994
53000, 4.872371086031933
54000, 4.789572005931219
55000, 4.608687448721165
56000, 4.730750469005948
57000, 4.703190406521939
58000, 4.705316142407437
59000, 4.774934554525329
60000, 4.866210024238575
61000, 4.8559242168715935
62000, 4.730750469005948
63000, 4.404543109109048
64000, 4.18568990729127
65000, 4.18568990729127
66000, 4.188078318274385
67000, 4.154515615568198
68000, 4.2
69000, 4.254409477236529
70000, 4.059556626036888
71000, 3.997499218261337
72000, 3.891015291668744
73000, 3.8574603043971822
74000, 3.8392707640904935
75000, 3.891015291668744
76000, 3.776241517699841
77000, 3.9217343102255158
78000, 3.8522720568516444
79000, 3.9115214431215892
80000, 3.867815921162743
81000, 3.8418745424597094
82000, 3.9370039370059056
83000, 3.6386810797320503
84000, 3.591656999213594
85000, 3.5832945734337835
86000, 3.608323710533743
87000, 3.594440151122286
88000, 3.515679166249389
89000, 3.5411862419251547
90000, 3.518522417151836
91000, 3.5411862419251547
92000, 3.509985754956849
93000, 3.478505426185217
94000, 3.443835071544513
95000, 3.411744421846396
96000, 3.420526275297414
97000, 3.4698703145794942
98000, 3.4467375879228173
99000, 3.443835071544513
100000, 3.478505426185217
