19.952085462069228
18.405744444912532
17.292442610243686
17.81171364179042
15.951712850259776
13.914021704740868
12.217084057054812
10.827214389147905
11.301074538037774
10.640891477154131
10.249738672626872
10.219029867290311
10.202240650254938
10.115052432601905
9.090025931127558
9.154233993076646
9.30284134782794
8.08349288011421
7.710845793889465
6.799159611935245
6.544354164359645
6.863984681967589
7.242730345466608
7.841282693903739
7.191264542087554
6.961116495013056
6.513721780101713
6.761234037828133
6.362838539968957
6.096837587752241
6.674043537680673
6.600865744084526
7.0285133563222315
6.859820905617205
6.836874808189568
7.228910212275627
7.309485031694876
7.042726744663604
7.358183005529092
7.301663215616406
7.0325772556825035
6.807558824046778
6.957010852370434
7.018343312858303
6.691145535065619
6.813851438692469
6.663332499583072
6.609516947986009
6.759120821949722
6.611677980232077
6.398660574124646
6.44980619863884
6.385250862059264
6.695414208887411
6.529055937007389
6.304193615590906
6.0285037233841985
6.270110502557807
6.148170459575759
6.134213187408099
5.997618575020303
6.129553700835696
6.002380480157138
5.742075284374855
5.884604611065337
5.947388382427078
5.477225575051661
5.474616751100352
5.118593556827891
5.272570530585627
5.022805135436913
4.974219249576475
5.056820005836531
5.42481072744215
5.209880722517277
5.65432830417801
5.5446241660600535
5.521386989309324
5.294201680005346
5.342551557341974
5.2590058810713325
5.028490259085155
5.277986629117476
5.146427332209625
4.962718149217365
5.176871642217914
5.193402408000806
4.774934554525329
4.7207747548166585
4.681269669041265
4.665986344968079
4.529269887552045
4.756949803032551
4.789870263676997
5.0426750270636544
4.896062557957014
5.019960159204453
4.98855833740714
4.9856938190329
4.753945729601885
4.6012420683363935
4.6352685235824564
4.792851820307881
4.669047011971501
4.595028369257987
4.965595921653599
4.771941803021971
4.6843203501529596
4.632185537858221
4.58257569495584
4.488079449258573
4.560701700396552
4.6506527959600925
4.576336650953156
4.529269887552045
4.656792274271453
4.452928410447605
4.626013402488151
4.570089089472358
4.665986344968079
4.541868715470696
4.541868715470696
4.443293501768384
4.420730385678044
4.345769700031777
4.443293501768384
4.312771730569565
4.235900983599256
4.4077853201547175
4.478520163753074
4.497618417403974
4.140393356054125
4.345769700031777
3.9496835316262997
4.067291130821243
4.11617020333916
3.847076812334269
3.779644730092272
3.7568984168174833
3.565709706956767
3.5010202594590707
3.734013543475324
3.6994208040873486
3.7032803990902057
3.734013543475324
3.7071359757712075
3.854496446637726
3.63318042491699
3.734013543475324
3.8060102844992794
3.8692930325097596
3.8987177379235853
3.6449573777637356
3.6566964013202643
3.854496446637726
3.906039280030714
3.843361623816912
3.835920452027872
3.5777087639996634
3.6955571781725767
3.5737135547534544
3.63318042491699
3.401680257083045
3.4558439118191004
3.56971387408811
3.541589635016618
3.5737135547534544
3.6683978597124463
3.7301857479602427
3.953298803350365
4.0
3.9821028185046727
3.9569107719460717
3.7186787208054732
3.541589635016618
3.565709706956767
3.6683978597124463
3.7071359757712075
3.625307868699863
3.621365172733304
3.760699023168052
3.7032803990902057
3.687817782917155
3.605551275463989
3.7071359757712075
3.843361623816912
3.6134668750581977
3.722518348798681
3.783422486887463
3.7416573867739413
3.8396428405331062
3.6955571781725767
3.8321944477954513
3.880353444873657
3.9023802260378764
3.953298803350365
3.7416573867739413
3.9424430424366492
4.18500725379129
4.063777271736939
4.095293465849373
3.985688683993556
4.0035698356056475
3.960519446450716
3.7984959429452374
3.6134668750581977
3.779644730092272
3.9496835316262997
4.0813163142720095
4.08481508586549
4.007136490954963
3.9677269491305904
3.7530939617486645
3.565709706956767
3.585685828003181
3.5173041624841845
3.5737135547534544
3.772077866186146
3.7871964753438845
3.6916895086899477
3.749285646245543
3.7109875466550104
3.7454734585325027
3.641035959331198
3.484660262185848
3.320929301953209
3.2425739335111103
3.389058023361991
3.4226138716316967
3.401680257083045
3.430951554806417
3.40587727318528
3.3848401523768974
3.3295216301616493
3.2906794782493525
3.4267852490135913
3.255764119219941
3.268901082277389
3.238165265349236
3.4434202266268428
3.480558247506528
3.359421718944242
3.480558247506528
3.3763886032268267
3.3252282413607124
3.4434202266268428
3.277629805645711
3.238165265349236
3.1304951684997055
3.198213787189879
3.372154885444702
3.4142558277233497
3.5777087639996634
3.537553634121427
3.5456210417116734
3.3123146848433
3.295017884191656
3.2645279685036943
3.2204702407301595
3.2071349029490928
3.1847852585154217
3.2071349029490928
3.4351128074635335
3.4599752269963684
3.5335130232835263
3.5737135547534544
3.5173041624841845
3.5496478698597698
3.561701038227982
3.537553634121427
3.553670135025398
3.6566964013202643
3.5091716564291513
3.5294677866702306
3.589667712437223
3.6371103129505746
3.565709706956767
3.4226138716316967
3.286335345030997
3.307998963551401
3.1937438845342623
3.1712998686883673
3.3848401523768974
3.303677604471374
3.295017884191656
3.2906794782493525
3.303677604471374
3.238165265349236
3.286335345030997
3.299350585450762
3.175801361186541
3.1350552512789034
3.1213550171131033
3.148695875165735
3.0798886807341406
3.2204702407301595
3.430951554806417
3.3806170189140663
3.389058023361991
3.2293298729878046
3.1712998686883673
3.0798886807341406
3.1441555759399513
3.1622776601683795
3.260148988707637
3.286335345030997
3.3166247903554
3.3551665915633544
3.4267852490135913
3.480558247506528
3.3974780562730853
3.299350585450762
3.238165265349236
3.180296482135858
3.093772546815388
3.1712998686883673
3.2645279685036943
3.238165265349236
3.1441555759399513
3.028436654683167
3.056608765095256
2.990461025135948
2.9856801091687157
2.9952343099378003
3.0237157840738176
3.0798886807341406
3.0142518616920992
2.961659766318301
3.03315017762062
3.051931472737505
2.9423023055326687
2.9952343099378003
3.1350552512789034
3.1259284335103663
3.2204702407301595
3.089151524748688
3.1847852585154217
3.2204702407301595
3.2425739335111103
3.1622776601683795
3.1892677171144745
3.089151524748688
3.202677451312083
3.1847852585154217
3.1259284335103663
3.0142518616920992
2.961659766318301
2.9471535904520287
2.9664793948382653
3.028436654683167
3.004758131459407
2.9952343099378003
2.8585710716070314
2.922816645439317
2.8834503141697647
2.898275349237888
2.990461025135948
3.070597894314954
3.202677451312083
3.238165265349236
3.2645279685036943
3.1213550171131033
3.0142518616920992
3.04255531702266
2.84855853271189
2.7877282097486784
2.7825989906663056
2.7619868624907378
2.84855853271189
2.7877282097486784
2.7464262493023806
2.8132340311971404
3.03315017762062
3.04255531702266
3.056608765095256
3.1532296368734616
3.198213787189879
2.9568322818274866
2.9664793948382653
3.0237157840738176
3.04255531702266
3.1213550171131033
3.260148988707637
3.198213787189879
3.0612789110808856
3.180296482135858
3.1937438845342623
3.1892677171144745
3.1441555759399513
3.1259284335103663
3.070597894314954
3.175801361186541
3.1892677171144745
3.1847852585154217
2.932575659723036
2.8834503141697647
3.0
2.888400447108597
2.8535691936340255
2.9277002188455996
