13.807865253439536
11.413025140476247
9.792125115914027
7.973169292786186
8.745611144209093
8.783100656536798
7.863114613724731
7.54036755451237
6.938505396903366
6.585698791428938
6.4608712371364545
6.400892794870773
5.884604611065337
5.277986629117476
5.572893580281509
5.065288032989127
5.025648501153145
4.726823155445647
4.312771730569565
4.391550328268399
4.262795863213317
4.417497675640103
4.319391491534757
4.212227100104783
4.225771273642583
4.014260294784796
4.355620342893602
4.342481186734475
4.11269810638779
4.246006527146588
3.8987177379235853
4.0
4.063777271736939
3.960519446450716
4.174754056057845
4.05674042269688
4.326001122779063
4.235900983599256
4.225771273642583
4.436858605558023
4.299501632249287
4.010699974532411
4.181592314623018
4.171330722922842
3.8247315498700596
3.6916895086899477
3.6683978597124463
3.521363372331802
3.5335130232835263
3.3295216301616493
3.359421718944242
3.089151524748688
3.3338094898007764
3.480558247506528
3.4517076519145875
3.116774889895918
3.116774889895918
3.2337505867247796
3.1712998686883673
3.3763886032268267
3.2337505867247796
3.2115861679683633
3.0659419433511785
3.0472470011002204
3.166791977470486
3.1937438845342623
3.202677451312083
3.0189875313233268
3.1396087108337016
3.2337505867247796
3.2071349029490928
2.9856801091687157
2.9664793948382653
3.089151524748688
3.116774889895918
3.401680257083045
3.389058023361991
3.3636714634883287
3.0845235797908424
3.295017884191656
3.3932706514932924
3.5010202594590707
3.4641016151377544
3.4100691237233636
3.389058023361991
3.3509060608395793
3.430951554806417
3.2204702407301595
3.1937438845342623
2.9423023055326687
2.980891525318271
3.0
2.9081167199998794
2.9130249373656736
2.903200204700225
2.932575659723036
2.7774602993176543
2.8735244660769563
2.917924898671265
2.6779523094014523
2.4727081741050063
2.449489742783178
2.390457218668787
2.4553149347021512
2.4669240534954224
2.3724610489050035
2.4784787961282104
2.4436506647695313
2.32379000772445
2.311462122306386
2.29906813420444
2.4842360136324753
2.5523098781859765
2.5634797778466227
2.6186146828319083
2.715037489875337
2.7202941017470885
2.7360033416855116
2.741219749360805
2.756809750418044
2.888400447108597
2.7825989906663056
2.84855853271189
2.7825989906663056
2.7877282097486784
2.7464262493023806
2.8284271247461903
2.6779523094014523
2.591193878173865
2.501428163498376
2.449489742783178
2.6021968740717085
2.6186146828319083
2.5298221281347035
2.585674822114004
2.65114530506561
2.667261838343906
2.7774602993176543
2.6832815729997477
2.6886002731107927
2.6457513110645907
2.7774602993176543
2.656528346760647
2.7202941017470885
2.6886002731107927
2.667261838343906
2.6076809620810595
2.6619005025947695
2.656528346760647
2.6939084723024385
2.65114530506561
2.6403462976338106
2.5071326821120348
2.5634797778466227
2.5523098781859765
2.6295029405356662
2.5185029566901727
2.4727081741050063
2.4784787961282104
2.3964259101539405
2.3784749015162756
2.3844735867092943
2.4023797725231892
2.4784787961282104
2.4553149347021512
2.6076809620810595
2.613153540948451
2.5801439605461662
2.699206232527312
2.569046515733026
2.5071326821120348
2.591193878173865
2.524168887263404
2.4727081741050063
2.4436506647695313
2.3176342617912282
2.4142434484888695
2.4201534780139164
2.3176342617912282
2.336052836975837
2.32379000772445
2.32992949004287
2.242447642325552
2.29906813420444
2.2866069685390684
2.18435999126256
2.138089935299395
2.2232537288526344
2.2866069685390684
2.164651077128664
2.1313979316066587
2.197401062294143
2.197401062294143
2.2168188275738085
2.1313979316066587
2.210365192839022
2.210365192839022
2.2168188275738085
2.197401062294143
2.1514114968019085
2.0770858707058104
1.9123657749350298
2.04939015319192
2.1313979316066587
2.117950491799628
1.9198214202665531
1.7728105208558367
1.7888543819998317
1.8283482006601322
1.9048809486609468
1.9048809486609468
1.8746428231227714
1.942016624910449
1.992844341996778
2.0976176963403033
2.1246848505803664
2.104417123236605
2.104417123236605
2.197401062294143
2.117950491799628
1.9048809486609468
1.8439088914585775
1.8593393604027366
1.992844341996778
2.138089935299395
2.1712405933672376
2.1712405933672376
2.0770858707058104
2.0770858707058104
2.104417123236605
2.04939015319192
2.056349053193895
2.056349053193895
2.0
2.104417123236605
2.117950491799628
2.104417123236605
2.014235055087379
2.02837021134844
2.042407542932745
1.9123657749350298
1.9639610121239315
1.9566735620873066
1.9639610121239315
2.042407542932745
1.9712215212183246
2.042407542932745
2.117950491799628
2.1712405933672376
2.1313979316066587
2.0976176963403033
2.0354009783964297
2.0632844828435215
1.9123657749350298
1.8126539343499315
1.9346465162548798
1.8746428231227714
1.9123657749350298
1.9198214202665531
1.867006771737662
1.8439088914585775
1.8822478962286404
1.8439088914585775
1.8439088914585775
1.9639610121239315
1.992844341996778
2.0213149892370277
2.007130147392398
1.9493588689617927
1.9346465162548798
1.889822365046136
1.927248223318863
1.942016624910449
1.9566735620873066
1.9566735620873066
1.9639610121239315
1.9198214202665531
1.8973665961010275
1.9048809486609468
1.9493588689617927
1.8361450300639575
1.780850519113991
1.7320508075688772
1.9048809486609468
1.9198214202665531
2.0
1.9712215212183246
1.9566735620873066
1.985662897587892
1.9639610121239315
1.927248223318863
1.9198214202665531
1.8361450300639575
1.8361450300639575
1.7968225924034427
1.7566201313073597
1.740279123753264
1.7320508075688772
1.7154757774032086
1.7647338933351153
1.7888543819998317
1.6903085094570331
1.820517979665599
1.8973665961010275
1.927248223318863
1.9048809486609468
1.8593393604027366
1.8516401995451028
1.8361450300639575
1.9712215212183246
1.8746428231227714
1.820517979665599
1.942016624910449
1.9639610121239315
1.927248223318863
1.8439088914585775
1.8126539343499315
1.7888543819998317
1.820517979665599
1.7888543819998317
1.867006771737662
1.9346465162548798
1.9566735620873066
1.9784553859730358
1.992844341996778
1.9784553859730358
2.0
2.090796157311509
2.007130147392398
1.9712215212183246
1.9639610121239315
1.9346465162548798
2.014235055087379
1.9712215212183246
2.04939015319192
1.992844341996778
1.8822478962286404
1.942016624910449
1.942016624910449
1.9346465162548798
1.889822365046136
1.9346465162548798
2.0701966780270626
2.0701966780270626
2.04939015319192
2.04939015319192
2.042407542932745
2.056349053193895
2.0354009783964297
2.0354009783964297
2.0632844828435215
2.0632844828435215
2.0701966780270626
2.0632844828435215
2.090796157311509
2.177810171446801
2.0354009783964297
2.1111946516469904
2.197401062294143
2.04939015319192
2.2296700588716196
1.9198214202665531
1.9198214202665531
1.9639610121239315
2.014235055087379
2.104417123236605
2.164651077128664
2.083952289006911
2.197401062294143
2.0770858707058104
1.992844341996778
1.927248223318863
1.9123657749350298
1.9198214202665531
1.927248223318863
1.9123657749350298
1.8973665961010275
1.9198214202665531
1.8973665961010275
1.8126539343499315
1.8283482006601322
1.8283482006601322
1.804755622554715
1.820517979665599
1.9346465162548798
1.9346465162548798
1.985662897587892
2.042407542932745
2.1246848505803664
2.104417123236605
2.04939015319192
2.0
2.0770858707058104
2.014235055087379
2.090796157311509
1.9346465162548798
1.985662897587892
1.992844341996778
1.9346465162548798
1.9198214202665531
