1, 51.15206089038186
2, 50.29468715038951
3, 49.576876330267794
4, 48.752891652131204
5, 48.17952538855761
6, 48.17445150469051
7, 48.16799306132191
8, 48.167531710801946
9, 48.167531710801946
10, 48.167531710801946
15, 44.85383669951398
20, 43.863171086661964
25, 42.10410378520787
30, 42.06978329712035
35, 41.24021769529782
40, 39.419679236532495
45, 39.40276358046194
50, 38.38634016302038
55, 38.37707649105127
60, 38.33912999650473
65, 38.32376692225219
70, 37.678759120874574
75, 37.184823666532445
80, 37.18332959808737
85, 37.18183546960651
90, 37.17585835518051
95, 37.17585835518051
100, 36.37337243399658
150, 34.80644895545779
200, 31.775602101122946
250, 31.685257700633517
300, 29.9981480909887
350, 29.942537560393166
400, 29.235822775036336
450, 29.186374294256634
500, 29.22974132245747
550, 28.78965863716422
600, 28.753357291898205
650, 28.25282680055612
700, 28.24928710998248
750, 27.75367843487898
800, 27.021801897315765
850, 27.02385777214069
900, 27.021390703580664
950, 26.9777686252959
1000, 26.104916522882558
1250, 25.83752654140442
1500, 25.421775442849516
1750, 25.241500219545852
2000, 23.609320193516798
2250, 22.82591120245197
2500, 23.13438998547401
2750, 22.503333086456326
3000, 22.39345142372356
3250, 22.494443758403985
3500, 22.305455237078963
3750, 21.965123870961133
4000, 21.801121275954795
4250, 21.801121275954795
4500, 21.36352030916253
4750, 21.584459430082767
5000, 21.685120346552022
5250, 21.464699702845444
5500, 21.501937897160182
5750, 20.914641336208046
6000, 21.00370337715603
6250, 20.75572210259137
6500, 20.413503156271613
6750, 20.417312914942226
7000, 20.389539801901694
7250, 20.199009876724155
7500, 19.39129243300256
7750, 19.48674763354145
8000, 19.32183566158592
8250, 19.172318007423563
8500, 19.18795918741172
8750, 19.14970263766806
9000, 18.661308754866162
9250, 18.555023279125493
9500, 18.79243346550828
9750, 18.355743878506622
10000, 18.361796087408106
11000, 18.924998165272186
12000, 18.74270228352595
13000, 18.5298557888494
14000, 18.69462192420293
15000, 18.58673362015679
16000, 17.795754799639404
17000, 17.718791029738895
18000, 17.773263315691043
19000, 17.91089054179049
20000, 17.871765441612084
21000, 17.540429489230494
22000, 17.203358845166125
23000, 17.093208527885505
24000, 16.862845416938256
25000, 16.702627870421402
26000, 17.15096369174501
27000, 17.430496901185066
28000, 17.14707620039703
29000, 17.752621089730823
30000, 17.8362925893621
31000, 17.391568838568492
32000, 17.255594905871995
33000, 17.503015613189504
34000, 16.97710877099579
35000, 16.65065897928501
36000, 16.438437341250605
37000, 16.89575883666273
38000, 16.907591983090516
39000, 16.49444350885069
40000, 16.55965646449896
41000, 17.074347230079788
42000, 16.401896909266995
43000, 16.516658257650064
44000, 16.73320053068151
45000, 16.448573055300436
46000, 16.763717434454158
47000, 16.764380228461906
48000, 16.87865186822955
49000, 16.824585185574907
50000, 16.803438801494043
51000, 16.682658994030632
52000, 16.6332999331662
53000, 16.75045604685967
54000, 16.639978632464913
55000, 17.192375571100634
56000, 17.10555465338672
57000, 16.667333320000534
58000, 16.68798636411502
59000, 16.405283701702125
60000, 16.470175064845748
61000, 16.234394215847892
62000, 16.321083842005645
63000, 16.092786513770005
64000, 16.19807944719922
65000, 16.267896128401006
66000, 15.964544048192128
67000, 16.127960537870592
68000, 15.579188397060712
69000, 15.865406112391549
70000, 16.23302532219768
71000, 16.180234856144704
72000, 15.843680829347145
73000, 16.163745440542755
74000, 16.127271588489137
75000, 16.068602926203635
76000, 16.14586290319873
77000, 16.132782359737785
78000, 15.643955169116706
79000, 15.471120048514766
80000, 15.64537560360178
81000, 15.499103916750228
82000, 15.459624833740307
83000, 15.517015749743177
84000, 15.259969418929602
85000, 15.268704376381557
86000, 15.093780912091649
87000, 14.96811425813033
88000, 15.383974345619102
89000, 15.357227759086092
90000, 15.573481734452747
91000, 15.747310175956331
92000, 15.899685531481433
93000, 15.743076079484734
94000, 15.656024754423171
95000, 15.698549119088822
96000, 15.728954192825409
97000, 15.554920621962541
98000, 15.57776192739723
99000, 15.757890439748307
100000, 15.790996027976055
