1, 56.91994378071714
2, 56.19697500755712
3, 55.51378207256285
4, 54.72293851759059
5, 54.72293851759059
6, 54.40569823097577
7, 53.57051427791225
8, 52.826887093600355
9, 52.273511456568514
10, 51.9049130622526
15, 50.24778602087857
20, 47.875672319039026
25, 44.77856630130089
30, 43.25367036449046
35, 42.483173139491356
40, 41.58220773359683
45, 38.83452072576665
50, 38.38463234160255
55, 37.5680715501874
60, 37.18978354333351
65, 36.89715436182037
70, 36.32216953872662
75, 36.158539793525954
80, 35.269817124561335
85, 32.10576272260168
90, 31.112055541220673
95, 30.763939929729418
100, 30.10448471573629
150, 26.225178741049604
200, 23.92237446408696
250, 21.748563170931547
300, 20.471443525066814
350, 19.716490559934847
400, 18.69224438102605
450, 16.729016707505554
500, 15.457684173251826
550, 14.979986648859205
600, 14.895636945092345
650, 14.388189601197226
700, 14.230249470757707
750, 13.810865287881134
800, 13.612494260788505
850, 13.246131510746826
900, 12.1868781892657
950, 11.903780911962384
1000, 11.764352935882194
1250, 10.509995242624994
1500, 10.015987220439131
1750, 9.16951470907812
2000, 9.008884503644166
2250, 7.531268153505092
2500, 7.012845356914696
2750, 6.865857557508749
3000, 6.721606950722424
3250, 6.58027355054484
3500, 6.428063471995279
3750, 6.370243323453194
4000, 6.385922016435841
4250, 6.25939294181153
4500, 6.389053137985315
4750, 6.711184694225007
5000, 6.610597552415364
5250, 6.545227268781429
5500, 6.592419889539804
5750, 6.583312236253116
6000, 6.345076831686122
6250, 6.109009739720506
6500, 6.172519744804386
6750, 6.041522986797286
7000, 5.822370651203855
7250, 5.468089245796926
7500, 5.063595560468865
7750, 5.340411969127476
8000, 5.085272854036448
8250, 4.78539444560216
8500, 4.628174586162454
8750, 4.606517122512408
9000, 4.658325879540846
9250, 4.509988913511872
9500, 4.523273151159457
9750, 4.496665431183423
10000, 4.59782557302906
11000, 4.5628938186199335
12000, 4.445222154178574
13000, 4.13763217311544
14000, 4.032369030731191
15000, 3.757658845611187
16000, 3.594440151122286
17000, 3.449637662132068
18000, 3.521363372331802
19000, 3.2031234756093934
20000, 3.4842502780368694
21000, 3.4176014981270124
22000, 3.3970575502926055
23000, 3.003331483536241
24000, 3.1368774282716245
25000, 3.0659419433511785
26000, 2.86705423736629
27000, 2.925747767665559
28000, 2.932575659723036
29000, 2.90516780926679
30000, 2.80713376952364
31000, 2.9359836511806394
32000, 2.792848008753788
33000, 2.8774989139876315
34000, 2.6457513110645907
35000, 2.5219040425836985
36000, 2.6076809620810595
37000, 2.4413111231467406
38000, 2.545584412271571
39000, 2.705549851693737
40000, 2.95296461204668
41000, 2.839013913315678
42000, 2.4617067250182343
43000, 2.4166091947189146
44000, 2.541653005427767
45000, 2.6457513110645907
46000, 2.565151067676132
47000, 2.588435821108957
48000, 2.6870057685088806
49000, 2.734958866235469
50000, 2.6229754097208002
51000, 2.6343879744638983
52000, 2.592296279363144
53000, 2.3366642891095846
54000, 2.553429066960741
55000, 2.701851217221259
56000, 2.6457513110645907
57000, 2.5768197453450252
58000, 2.5298221281347035
59000, 2.4248711305964283
60000, 2.5219040425836985
61000, 2.5377155080899043
62000, 2.6532998322843198
63000, 2.592296279363144
64000, 2.6870057685088806
65000, 2.5298221281347035
66000, 2.3958297101421877
67000, 2.4289915602982237
68000, 2.3151673805580453
69000, 2.258317958127243
70000, 2.349468024894146
71000, 2.565151067676132
72000, 2.5258661880630178
73000, 2.4819347291981715
74000, 2.5099800796022267
75000, 2.477902338672773
76000, 2.3194827009486403
77000, 2.209072203437452
78000, 2.172556098240043
79000, 2.209072203437452
80000, 2.2
81000, 2.4617067250182343
82000, 2.4372115213907883
83000, 2.4372115213907883
84000, 2.4617067250182343
85000, 2.340939982143925
86000, 2.353720459187964
87000, 2.244994432064365
88000, 2.2135943621178655
89000, 2.1908902300206643
90000, 2.1540659228538015
91000, 2.2891046284519194
92000, 2.3366642891095846
93000, 2.3194827009486403
94000, 2.4331050121192876
95000, 2.5059928172283334
96000, 2.4124676163629637
97000, 2.32379000772445
98000, 2.3916521486202797
99000, 2.4331050121192876
100000, 2.3958297101421877
