1, 13.939870874581299
2, 13.549907748763458
3, 13.54400236266961
4, 12.86856635371633
5, 12.749901960407382
6, 12.003332870498927
7, 11.067068265805538
8, 11.012719918348964
9, 10.518555033843764
10, 10.518555033843764
15, 9.453041838477178
20, 7.812809993849844
25, 7.730459236035075
30, 6.823488843692792
35, 6.823488843692792
40, 6.099180272790763
45, 5.871967302361279
50, 5.556977595779922
55, 5.932958789676531
60, 5.789645930452052
65, 5.871967302361279
70, 5.3065996645686395
75, 4.947726750741193
80, 4.68187996428785
85, 4.824935232725927
90, 4.849742261192857
95, 4.8166378315169185
100, 4.824935232725927
150, 3.566510900025402
200, 3.6221540552549665
250, 3.509985754956849
300, 3.54400902933387
350, 3.286335345030997
400, 2.814249455894058
450, 2.6981475126464085
500, 2.227105745132009
550, 2.0976176963403033
600, 1.8110770276274832
650, 1.8110770276274832
700, 1.697056274847714
750, 1.4966629547095767
800, 1.6
850, 1.6492422502470643
900, 1.469693845669907
950, 1.624807680927192
1000, 1.469693845669907
1250, 1.9390719429665315
1500, 1.469693845669907
1750, 1.7435595774162693
2000, 1.7204650534085253
2250, 1.5491933384829668
2500, 1.2649110640673518
2750, 1.1661903789690602
3000, 1.3266499161421599
3250, 1.2
3500, 1.2
3750, 1.4422205101855958
4000, 1.2649110640673518
4250, 1.2
4500, 1.2328828005937953
4750, 1.2
5000, 1.131370849898476
5250, 1.0954451150103321
5500, 1.2328828005937953
5750, 1.1661903789690602
6000, 1.0954451150103321
6250, 1.0583005244258363
6500, 1.0583005244258363
6750, 1.0954451150103321
7000, 1.0954451150103321
7250, 1.2
7500, 1.0583005244258363
7750, 0.9797958971132712
8000, 0.9797958971132712
8250, 0.9797958971132712
8500, 1.0954451150103321
8750, 1.2649110640673518
9000, 1.2649110640673518
9250, 1.2649110640673518
9500, 1.2328828005937953
9750, 0.8
10000, 0.7483314773547883
11000, 0.6324555320336759
12000, 0.6928203230275509
13000, 0.6928203230275509
14000, 0.6928203230275509
15000, 0.565685424949238
16000, 0.565685424949238
17000, 0.6324555320336759
18000, 0.4898979485566356
19000, 0.4
20000, 0.4
21000, 0.4
22000, 0.4
23000, 0.4
24000, 0.4
25000, 0.4
26000, 0.4
27000, 0.4
28000, 0.4
29000, 0.4
30000, 0.4
31000, 0.4
32000, 0.4
33000, 0.4
34000, 0.282842712474619
35000, 0.4
36000, 0.282842712474619
37000, 0.4
38000, 0.4
39000, 0.282842712474619
40000, 0.4
41000, 0.4
42000, 0.4
43000, 0.4
44000, 0.4
45000, 0.282842712474619
46000, 0.4
47000, 0.4
48000, 0.4
49000, 0.282842712474619
50000, 0.282842712474619
51000, 0.282842712474619
52000, 0.282842712474619
53000, 0.282842712474619
54000, 0.282842712474619
55000, 0.282842712474619
56000, 0.282842712474619
57000, 0.282842712474619
58000, 0.4
59000, 0.4
60000, 0.4
61000, 0.4
62000, 0.282842712474619
63000, 0.282842712474619
64000, 0.282842712474619
65000, 0.282842712474619
66000, 0.282842712474619
67000, 0.282842712474619
68000, 0.282842712474619
69000, 0.282842712474619
70000, 0.282842712474619
71000, 0.282842712474619
72000, 0.282842712474619
73000, 0.282842712474619
74000, 0.282842712474619
75000, 0.282842712474619
76000, 0.282842712474619
77000, 0.282842712474619
78000, 0.282842712474619
79000, 0.4
80000, 0.282842712474619
81000, 0.282842712474619
82000, 0.282842712474619
83000, 0.282842712474619
84000, 0.282842712474619
85000, 0.282842712474619
86000, 0.282842712474619
87000, 0.282842712474619
88000, 0.282842712474619
89000, 0.282842712474619
90000, 0.282842712474619
91000, 0.282842712474619
92000, 0.282842712474619
93000, 0.282842712474619
94000, 0.282842712474619
95000, 0.282842712474619
96000, 0.282842712474619
97000, 0.282842712474619
98000, 0.282842712474619
99000, 0.282842712474619
100000, 0.282842712474619
