1, 34.626098057197645
2, 33.846220862404515
3, 33.84917527306488
4, 33.69668628614195
5, 33.093302444250966
6, 33.03735259772893
7, 32.76125760711881
8, 32.63586983673026
9, 32.63382703065435
10, 32.33780037871057
15, 31.20096152364539
20, 30.211476847935344
25, 29.409182239565926
30, 29.230691632825476
35, 28.44468315872054
40, 28.193379837590715
45, 28.644953016776505
50, 28.263050083103202
55, 28.513154858766505
60, 28.282503425262764
65, 28.067775116670717
70, 27.270252412962126
75, 26.196691903113773
80, 25.826343140289914
85, 25.90431109551716
90, 26.01281735350223
95, 25.90431109551716
100, 25.921676900488773
150, 23.68754947224385
200, 23.833449883164906
250, 23.497517599383414
300, 23.064402586381178
350, 22.963739532866448
400, 23.290913822060883
450, 22.80350850198276
500, 22.442519169350547
550, 23.140872930812268
600, 22.654653679395174
650, 21.963606261267753
700, 22.098265391956296
750, 21.87007087322764
800, 21.456156847549998
850, 21.03251451126723
900, 20.108041509140897
950, 20.412414523193153
1000, 20.911719202399404
1250, 20.60501557064849
1500, 18.680649524753324
1750, 17.938784797192923
2000, 17.80168531347524
2250, 17.678612313565036
2500, 18.544540975715737
2750, 16.37884814834873
3000, 17.45279347267938
3250, 17.332051234634633
3500, 17.218207417343613
3750, 16.141044988888833
4000, 14.987772794292464
4250, 14.880636187116911
4500, 15.413197807939358
4750, 14.786254878546268
5000, 13.93197760549449
5250, 14.036856248225003
5500, 13.65283853270081
5750, 13.410195126594294
6000, 13.158014034546905
6250, 13.179529581893277
6500, 12.891857895586655
6750, 12.668859459319927
7000, 11.659045129569288
7250, 11.416362526362473
7500, 10.617595459110944
7750, 11.230909728661047
8000, 11.433867820354289
8250, 10.805862606320083
8500, 10.927030703718188
8750, 10.272941805214966
9000, 11.138521745126983
9250, 11.309288218097548
9500, 11.391517311871437
9750, 10.966616007988366
10000, 10.369828028146529
11000, 9.705668446840743
12000, 9.02219485491197
13000, 8.588752334691382
14000, 9.16515138991168
15000, 8.829873536278233
16000, 8.396427811873332
17000, 7.909909396868378
18000, 7.797435475847171
19000, 8.0
20000, 9.201449161228174
21000, 8.843076387773658
22000, 8.721620644505622
23000, 7.916228058025278
24000, 8.750238091998792
25000, 8.012490249604053
26000, 8.48528137423857
27000, 7.812383332462209
28000, 7.44983221287567
29000, 7.180993431738165
30000, 7.12039324756716
31000, 6.363961030678928
32000, 6.700746227100382
33000, 6.787242935586339
34000, 6.809307355867164
35000, 7.00713921654194
36000, 7.122733557654206
37000, 7.094598884597588
38000, 6.82886032463202
39000, 6.784786904047417
40000, 6.258327785172862
41000, 6.5979794887020775
42000, 6.3456021516217564
43000, 6.058052492344384
44000, 5.8509258526606995
45000, 6.295501039101918
46000, 6.413527370592047
47000, 5.896326540030383
48000, 6.772493386240157
49000, 6.547264059640994
50000, 6.475595210738032
51000, 6.60807586719967
52000, 6.582805886043833
53000, 6.658328118479393
54000, 6.957010852370434
55000, 7.0379921379135775
56000, 6.845923361144695
57000, 6.767569726275452
58000, 6.371812928829597
59000, 6.276941930590086
60000, 6.169819014093255
61000, 6.475595210738032
62000, 6.843488389215937
63000, 6.311365409587163
64000, 6.268971207462991
65000, 6.121002096606949
66000, 5.994441870043727
67000, 6.369196704975178
68000, 6.207522318391883
69000, 5.750362307426087
70000, 5.8395205282625735
71000, 6.077280093375105
72000, 6.3456021516217564
73000, 6.698258480132479
74000, 6.287553843374491
75000, 5.747463208523682
76000, 6.161709719442054
77000, 6.008327554319921
78000, 6.348228099241551
79000, 5.955389715767279
80000, 5.952590472502987
81000, 5.779273310719955
82000, 5.458937625582473
83000, 5.668627111861683
84000, 5.683308895353129
85000, 5.455883674224246
86000, 5.458937625582473
87000, 5.796550698475776
88000, 5.573747990954262
89000, 5.531726674375733
90000, 5.501514942874069
91000, 5.6950270704653665
92000, 5.92452529743945
93000, 5.75325994545701
94000, 5.741660619251775
95000, 5.612486080160912
96000, 5.516641490375583
97000, 5.446711546122731
98000, 5.360348247393385
99000, 5.7242175593408975
100000, 5.659799760886717
