20.480652891378803
19.3980853252509
17.63924196622001
14.395435784601014
14.656056768449009
13.921206844235885
13.438749941865872
12.949351886705152
12.048710660125778
11.405512451692571
10.679753876243725
10.10091933581154
9.995713366953142
9.503382856345718
9.603570764490229
10.107988354337799
9.714495796047707
8.854377448471462
9.121403400793104
8.661903452969874
8.537313060074245
8.500420157682964
8.2010452295511
7.850386705670711
7.485223538984753
7.797435475847171
7.433514838697967
7.151423434733616
7.125407256531276
7.21902249021886
6.967270422687578
7.103319143692113
6.98978847012861
7.087211823317505
6.50933395758956
6.855654600401044
6.639707394585569
6.482944657219544
6.217486860230816
6.96521971758865
6.841052550594828
6.834784979374678
6.260990336999411
6.3358391032961965
6.331328003327129
5.988083404324196
6.115553940568262
6.317775377004607
6.310988149931152
6.367327315511363
6.333583954940972
6.374054551741099
6.002380480157138
5.908831163122341
5.865151319446072
6.115553940568262
5.9281411203561225
5.961783050636542
5.774327419090222
5.727128425310541
5.280692595267621
5.461553938996797
5.666946771788642
5.727128425310541
5.937772550135518
5.435334133506158
5.656854249492381
5.877317172218728
6.014268747855268
5.724633487956113
5.503245795502349
5.18238775634773
4.898979485566356
4.783901575671711
4.8667971280621805
4.6475800154489
4.619833021101211
4.7207747548166585
4.849153092477667
4.84325746343748
4.884377427793931
4.6843203501529596
4.795831523312719
4.948304182820038
4.98855833740714
4.942526826287484
4.965595921653599
5.002856326996752
5.017113569716015
5.039841267341661
4.735881272643079
4.491261356392942
4.6934604961128015
5.025648501153145
4.922252678253264
4.735881272643079
4.810702354423639
4.554432691659538
4.468940430507949
4.545012965563779
4.420730385678044
4.302822993603817
4.279519332154689
4.576336650953156
4.656792274271453
4.566962103755937
4.545012965563779
4.436858605558023
4.2560880764248425
4.20883424647321
4.1196393739535715
4.11269810638779
4.2895221179054435
4.252730215486786
4.246006527146588
4.296177703161597
4.161043825085926
4.249369701160733
4.08481508586549
3.9749213828703582
3.989271326230608
4.0708019567928595
3.9749213828703582
4.1438422474110395
3.861901826080735
3.6645015252516173
3.6683978597124463
3.585685828003181
3.6134668750581977
3.676178139628943
3.749285646245543
3.884033249820898
3.7109875466550104
3.359421718944242
3.430951554806417
3.3123146848433
3.359421718944242
3.541589635016618
3.541589635016618
3.7263540204487127
3.6683978597124463
3.7984959429452374
3.6683978597124463
3.927922024247863
4.0
3.946064947695181
4.126568965687043
4.164475614390981
3.7682887362833544
3.7186787208054732
3.790966706715923
3.5456210417116734
3.5050983275386565
3.4267852490135913
3.5335130232835263
3.5576878526850635
3.585685828003181
3.3509060608395793
3.5456210417116734
3.7263540204487127
3.56971387408811
3.6645015252516173
3.5777087639996634
3.4517076519145875
3.40587727318528
3.299350585450762
3.2645279685036943
3.4641016151377544
3.3380918415851206
3.3123146848433
3.3509060608395793
3.3338094898007764
3.367915845572324
3.3380918415851206
3.286335345030997
3.320929301953209
3.4475664294853385
3.4434202266268428
3.480558247506528
3.6134668750581977
3.589667712437223
3.5050983275386565
3.4434202266268428
3.5050983275386565
3.5335130232835263
3.525417908358019
3.4517076519145875
3.5050983275386565
3.5576878526850635
3.4475664294853385
3.1847852585154217
3.3166247903554
3.3338094898007764
3.303677604471374
3.3380918415851206
3.4434202266268428
3.4100691237233636
3.268901082277389
3.2906794782493525
3.3974780562730853
3.3123146848433
3.307998963551401
3.3423687066852112
3.3166247903554
3.2071349029490928
3.0472470011002204
2.951996902824546
3.2337505867247796
3.1532296368734616
3.1577568892219317
2.980891525318271
2.980891525318271
3.075246796135695
3.1577568892219317
3.0142518616920992
3.1892677171144745
3.0845235797908424
3.1121880222303866
3.0798886807341406
3.0612789110808856
2.971291205616075
3.0237157840738176
3.148695875165735
3.04255531702266
3.0845235797908424
3.0189875313233268
3.1847852585154217
3.116774889895918
3.1350552512789034
2.990461025135948
3.148695875165735
2.980891525318271
3.070597894314954
3.180296482135858
3.028436654683167
2.893342111024649
2.932575659723036
2.961659766318301
2.9130249373656736
2.756809750418044
2.792848008753788
2.7619868624907378
2.767154288640743
2.893342111024649
3.0237157840738176
2.922816645439317
3.0472470011002204
3.1622776601683795
2.9568322818274866
3.0189875313233268
3.0659419433511785
3.089151524748688
2.922816645439317
2.990461025135948
2.9081167199998794
2.7979584393931636
2.7877282097486784
2.7723120830300267
2.8284271247461903
2.9423023055326687
3.0845235797908424
3.1441555759399513
3.028436654683167
2.980891525318271
2.990461025135948
3.0189875313233268
3.075246796135695
2.980891525318271
2.8635642126552705
2.84855853271189
2.9423023055326687
2.951996902824546
2.843539042410757
2.8685486624025445
2.6886002731107927
2.7877282097486784
2.704493615131253
2.932575659723036
2.7979584393931636
2.888400447108597
2.9856801091687157
3.0378563870880115
2.9664793948382653
3.0
2.833473385894321
2.9471535904520287
3.1259284335103663
3.0983866769659336
3.116774889895918
3.0659419433511785
3.2204702407301595
3.166791977470486
3.2160312720583337
3.175801361186541
2.961659766318301
2.9130249373656736
2.699206232527312
2.8685486624025445
2.808151400069855
2.741219749360805
2.7877282097486784
2.8385106758902383
2.65114530506561
2.6619005025947695
2.6939084723024385
2.704493615131253
2.6619005025947695
2.7307769694983985
2.808151400069855
2.7516228977511745
2.8385106758902383
2.8233718443429607
2.7723120830300267
2.84855853271189
2.8635642126552705
2.7774602993176543
2.8585710716070314
2.7723120830300267
2.7774602993176543
2.6886002731107927
2.656528346760647
2.6886002731107927
2.980891525318271
2.9081167199998794
2.9664793948382653
2.937443008565686
2.9760952365713798
2.8535691936340255
2.843539042410757
2.9081167199998794
2.951996902824546
2.7877282097486784
2.7360033416855116
2.6779523094014523
2.6779523094014523
2.5523098781859765
2.667261838343906
2.5410908793553326
2.6403462976338106
2.6186146828319083
2.591193878173865
2.5746012173871566
2.667261838343906
2.7202941017470885
2.6349301969610397
2.65114530506561
2.699206232527312
2.7877282097486784
2.6021968740717085
2.5801439605461662
2.524168887263404
2.5523098781859765
2.7097706808616007
2.6349301969610397
2.6295029405356662
2.6240644591385873
2.6619005025947695
2.6726124191242437
2.6779523094014523
2.596701204000403
2.449489742783178
2.4023797725231892
2.3964259101539405
2.461126339126632
2.5467065566559266
2.6403462976338106
2.7360033416855116
2.6939084723024385
2.5801439605461662
2.6832815729997477
2.5634797778466227
2.3844735867092943
2.596701204000403
2.5801439605461662
2.585674822114004
2.4784787961282104
2.4201534780139164
2.3603873774083293
2.3664319132398464
2.3603873774083293
2.3964259101539405
2.3421601750764798
2.32992949004287
2.3844735867092943
2.3724610489050035
2.3482516292522218
2.3844735867092943
2.3844735867092943
2.4201534780139164
2.4083189157584592
2.242447642325552
2.23606797749979
2.2614786566062732
2.3724610489050035
2.3421601750764798
2.3421601750764798
2.437797600880176
2.3543273227945902
2.336052836975837
2.4319304501333328
