1, 74.74489949153721
2, 74.24616022187483
3, 74.2635638996468
4, 74.03824375592346
5, 73.2423794933381
6, 72.56243995558371
7, 72.44509857604108
8, 72.05243816939054
9, 71.93201918906061
10, 71.40178838527355
15, 68.34966659082488
20, 66.50054944827957
25, 65.19379394720612
30, 63.67042544952152
35, 60.31239188910199
40, 60.50034964933928
45, 58.873136096577646
50, 58.048520818628695
55, 55.25242772250618
60, 53.98903022480942
65, 53.67996331536062
70, 53.33118585420152
75, 52.742626170722815
80, 52.19092169805308
85, 51.1238315646055
90, 50.474517561606504
95, 49.705594794209574
100, 49.693986635128276
150, 42.824148471483845
200, 38.36945900863582
250, 35.38209021090059
300, 33.44271796094607
350, 32.169502997045555
400, 29.52469631186225
450, 28.162987166737945
500, 26.49644388331269
550, 26.48337649864969
600, 26.19806217143668
650, 26.388517316322382
700, 26.107175553564108
750, 24.63331078032346
800, 23.980761519954346
850, 23.53524362116722
900, 23.479287107510803
950, 23.189188462265374
1000, 22.42594651119718
1250, 20.205102173613323
1500, 18.964744618938017
1750, 18.10737206435332
2000, 16.820317384730792
2250, 15.788506043224073
2500, 15.127661876382412
2750, 15.395803624064879
3000, 14.371981288390483
3250, 13.441611624984672
3500, 12.9946734649832
3750, 12.84523257866513
4000, 12.48013806629743
4250, 11.758466671362319
4500, 12.687365004965796
4750, 12.572864553351518
5000, 12.506613635008664
5250, 12.358117855202584
5500, 11.776769832696386
5750, 11.624906947518399
6000, 11.280343693618287
6250, 10.72452258216582
6500, 10.504211609562212
6750, 10.326217566503683
7000, 10.26944684301635
7250, 9.8668052658318
7500, 9.544229025558204
7750, 9.45027472128151
8000, 9.317477374020536
8250, 8.946851616415344
8500, 8.911530991663811
8750, 8.987170342729172
9000, 9.151712744281594
9250, 8.925331280212431
9500, 8.774087723781623
9750, 8.329742816234807
10000, 8.60858247957771
11000, 8.10887453065135
12000, 7.790526791707201
13000, 7.4172356451298365
14000, 7.648026391972486
15000, 7.325403638130698
16000, 7.337993857053428
17000, 7.093876015485253
18000, 6.923760649998059
19000, 6.910415772863899
20000, 6.5280460028544995
21000, 6.471238140952864
22000, 6.3476222077489535
23000, 6.2413016393895075
24000, 6.169403412124908
25000, 6.072637242329158
26000, 5.7432234315422015
27000, 5.909575020513482
28000, 6.029415075597811
29000, 5.692099788303083
30000, 5.882176467941097
31000, 5.503844809976721
32000, 5.674504383644443
33000, 5.470198983864931
34000, 5.535896842080229
35000, 5.39372855196734
36000, 5.360826572317141
37000, 5.205027155770438
38000, 5.1649707721267
39000, 5.22714806783555
40000, 5.39372855196734
41000, 5.317605013248264
42000, 5.240375793923414
43000, 5.097510704708268
44000, 4.9005494197471995
45000, 4.98921914655066
46000, 4.8022430656453094
47000, 4.782982654884196
48000, 4.711687595755898
49000, 4.791017235811843
50000, 4.602674807610829
51000, 4.449719092257398
52000, 4.57921726599981
53000, 4.889549294944505
54000, 4.972230578229143
55000, 4.983048186679437
56000, 4.791017235811843
57000, 4.713319914389921
58000, 4.834173224992125
59000, 4.981504252270053
60000, 4.898979485566356
61000, 4.821426536426107
