1, 56.91994378071714
2, 56.91994378071714
3, 56.1633332344155
4, 55.7101427031021
5, 54.92412948786717
6, 54.35218486868766
7, 53.532046476853466
8, 53.52569476429054
9, 52.744667976962376
10, 52.055163048443134
15, 47.980621088101806
20, 46.15733961137708
25, 45.26146263655208
30, 45.23604757270467
35, 44.048836534010746
40, 43.427640967476
45, 40.71412531296724
50, 38.806958138972966
55, 37.26177666188235
60, 37.24701330308243
65, 37.311660375812814
70, 37.13569711207802
75, 37.117111956616455
80, 37.10067384832788
85, 37.039708422178485
90, 37.041058300215994
95, 37.03592850192904
100, 37.04483769703952
150, 36.569659555429276
200, 33.22167966855379
250, 31.74996062989685
300, 30.096179159488003
350, 30.050291179953646
400, 29.097078891187685
450, 29.070259716762077
500, 28.36934965768514
550, 28.35559909435877
600, 28.376751047292217
650, 28.376398643943528
700, 28.074187432586537
750, 28.078817638924896
800, 27.651763054098378
850, 27.639826338094096
900, 26.73162920586772
950, 25.96998267230843
1000, 25.063519305955417
1250, 24.658061562093643
1500, 23.907321054438533
1750, 21.575449010391416
2000, 21.585180101171268
2250, 20.870074269153907
2500, 20.943256671301146
2750, 20.328305389284175
3000, 19.820191724602463
3250, 18.700267377767624
3500, 18.702406262296837
3750, 18.37988030428925
4000, 17.756688880531755
4250, 17.70706073858674
4500, 17.27483719170748
4750, 16.458432489152788
5000, 16.2234398325386
5250, 16.198765385053267
5500, 16.19814804229175
5750, 16.175289796476598
6000, 16.086018774078315
6250, 16.04805284138858
6500, 15.832245576670417
6750, 15.820872289478858
7000, 15.591664439693409
7250, 15.346660874600703
7500, 15.44215010935977
7750, 15.52932709424333
8000, 15.379856956421929
8250, 15.21315220458929
8500, 15.209865219652672
8750, 15.007331541616583
9000, 15.007331541616583
9250, 14.840485167271318
9500, 14.363147287415806
9750, 14.579437574886077
10000, 14.572576985557497
11000, 14.221814230259092
12000, 13.29736816065495
13000, 13.35440002396214
14000, 14.108153670838718
15000, 14.3024473430249
16000, 13.92838827718412
17000, 13.54695537750088
18000, 12.804686642007294
19000, 12.634080892569907
20000, 12.996153277027783
21000, 12.918978287774928
22000, 12.925169244539894
23000, 12.96688088940436
24000, 12.437845472588892
25000, 12.69803134347998
26000, 12.611106216347556
27000, 12.60317420335052
28000, 12.329639086364207
29000, 12.383052935362912
30000, 12.246632190116594
31000, 11.761802582937703
32000, 11.739676315810415
33000, 11.78558441486887
34000, 11.805930712993364
35000, 11.766052864066182
36000, 11.907140714714007
37000, 11.746488837095109
38000, 11.475190630224843
39000, 11.694443124834974
40000, 11.140017953306897
41000, 10.321821544669332
42000, 10.555567251455509
43000, 10.518555033843764
44000, 10.23132444994293
45000, 10.170545708072895
46000, 10.170545708072895
47000, 10.374005976477939
48000, 10.485227703774488
49000, 10.456576877735849
50000, 10.40576763146285
51000, 10.427847332982967
52000, 10.849884792015075
53000, 10.73312629199899
54000, 10.599056561788885
55000, 10.414413089560064
56000, 10.388455130576443
57000, 10.245974819410792
58000, 10.332473082471592
59000, 10.329569206893384
60000, 10.514751542475933
61000, 10.446051885760477
62000, 10.42401074443038
63000, 10.342146779078316
64000, 10.17152889196113
65000, 9.670573922989266
66000, 9.864076236526156
67000, 9.765244492586962
68000, 9.895453501482386
69000, 10.057832768544126
70000, 10.080674580602233
71000, 10.161692772368195
72000, 9.777525249264253
73000, 9.728309205612248
74000, 9.793875637356235
75000, 9.546727187890099
76000, 9.1498633869583
77000, 9.289779329994873
78000, 8.981091247727083
79000, 9.172785836374901
80000, 9.412757300600074
81000, 9.478396488858229
82000, 9.535197952848174
83000, 9.526804291051644
84000, 9.762171889492624
85000, 9.6850400102426
86000, 9.712878049270463
87000, 10.011992808627062
88000, 9.926731586982697
89000, 9.934787365615835
90000, 9.89343216482531
91000, 9.517352573063583
92000, 9.516301802696255
93000, 9.544631999192006
94000, 9.574967362868659
95000, 9.51945376584182
96000, 9.414881836751857
97000, 9.489994731294638
98000, 9.447751055145346
99000, 9.596874491208062
100000, 9.626006440887103
