3.0659419433511785
2.4083189157584592
2.23606797749979
2.32379000772445
2.04939015319192
1.2649110640673518
1.7320508075688772
1.1832159566199232
2.449489742783178
2.569046515733026
2.280350850198276
2.9664793948382653
2.8284271247461903
2.1447610589527217
1.7320508075688772
1.9493588689617927
2.0
1.61245154965971
1.9493588689617927
2.0976176963403033
2.0976176963403033
2.1908902300206643
1.9493588689617927
2.0
2.1447610589527217
1.7888543819998317
2.0
2.280350850198276
2.280350850198276
1.1832159566199232
1.61245154965971
1.1832159566199232
0.6324555320336759
1.4832396974191326
1.8439088914585775
1.0954451150103321
1.1832159566199232
1.1832159566199232
1.0
1.3416407864998738
1.3416407864998738
1.0954451150103321
1.0954451150103321
1.0954451150103321
1.1832159566199232
1.1832159566199232
1.2649110640673518
1.2649110640673518
1.1832159566199232
1.1832159566199232
1.2649110640673518
1.2649110640673518
0.7745966692414834
1.0
1.1832159566199232
1.0
1.0
1.0954451150103321
1.2649110640673518
1.4142135623730951
1.2649110640673518
1.2649110640673518
1.1832159566199232
1.2649110640673518
1.2649110640673518
1.2649110640673518
1.2649110640673518
1.1832159566199232
1.2649110640673518
1.2649110640673518
1.2649110640673518
1.2649110640673518
1.2649110640673518
1.2649110640673518
1.2649110640673518
1.2649110640673518
1.2649110640673518
1.2649110640673518
1.1832159566199232
1.1832159566199232
1.1832159566199232
1.61245154965971
1.5491933384829668
1.5491933384829668
1.6733200530681511
1.6733200530681511
1.6733200530681511
1.6733200530681511
1.6733200530681511
1.6733200530681511
1.6733200530681511
1.5491933384829668
1.8973665961010275
1.8973665961010275
1.5491933384829668
1.5491933384829668
1.6733200530681511
1.6733200530681511
1.8973665961010275
1.6733200530681511
1.5491933384829668
1.2649110640673518
1.4142135623730951
1.5491933384829668
1.5491933384829668
1.5491933384829668
1.5491933384829668
1.5491933384829668
1.6733200530681511
1.6733200530681511
1.6733200530681511
1.6733200530681511
1.6733200530681511
1.5491933384829668
1.6733200530681511
1.6733200530681511
1.4142135623730951
1.5491933384829668
1.5491933384829668
1.2649110640673518
1.5491933384829668
1.6733200530681511
1.6733200530681511
1.4142135623730951
1.4142135623730951
1.6733200530681511
1.6733200530681511
1.6733200530681511
1.6733200530681511
1.6733200530681511
1.6733200530681511
1.6733200530681511
1.6733200530681511
1.6733200530681511
1.6733200530681511
1.6733200530681511
1.6733200530681511
1.6733200530681511
1.6733200530681511
1.6733200530681511
1.6733200530681511
1.6733200530681511
1.6733200530681511
1.6733200530681511
1.6733200530681511
1.5491933384829668
1.5491933384829668
1.5491933384829668
1.5491933384829668
1.5491933384829668
1.5491933384829668
1.5491933384829668
1.5491933384829668
1.5491933384829668
1.5491933384829668
1.5491933384829668
1.5491933384829668
1.5491933384829668
1.5491933384829668
1.5491933384829668
1.5491933384829668
1.5491933384829668
1.5491933384829668
1.5491933384829668
1.5491933384829668
1.5491933384829668
1.5491933384829668
1.5491933384829668
1.5491933384829668
1.5491933384829668
1.5491933384829668
1.5491933384829668
1.5491933384829668
1.5491933384829668
1.5491933384829668
1.5491933384829668
1.5491933384829668
1.5491933384829668
1.5491933384829668
1.5491933384829668
1.5491933384829668
1.5491933384829668
1.5491933384829668
1.5491933384829668
1.5491933384829668
1.5491933384829668
1.5491933384829668
1.5491933384829668
1.5491933384829668
1.5491933384829668
1.5491933384829668
1.5491933384829668
1.5491933384829668
1.5491933384829668
1.5491933384829668
1.5491933384829668
1.5491933384829668
1.5491933384829668
1.5491933384829668
1.5491933384829668
1.5491933384829668
1.5491933384829668
1.5491933384829668
1.5491933384829668
1.5491933384829668
1.5491933384829668
1.5491933384829668
1.5491933384829668
1.5491933384829668
1.5491933384829668
1.2649110640673518
1.2649110640673518
1.2649110640673518
1.2649110640673518
1.2649110640673518
1.4142135623730951
1.2649110640673518
1.2649110640673518
1.2649110640673518
1.2649110640673518
1.2649110640673518
1.2649110640673518
1.5491933384829668
1.5491933384829668
1.2649110640673518
1.6733200530681511
1.6733200530681511
1.6733200530681511
1.6733200530681511
1.6733200530681511
1.6733200530681511
1.6733200530681511
1.6733200530681511
1.6733200530681511
1.6733200530681511
1.6733200530681511
1.6733200530681511
1.6733200530681511
1.6733200530681511
1.6733200530681511
1.6733200530681511
1.6733200530681511
1.6733200530681511
1.6733200530681511
1.6733200530681511
1.6733200530681511
1.6733200530681511
1.6733200530681511
1.6733200530681511
1.6733200530681511
1.6733200530681511
1.2649110640673518
1.2649110640673518
1.2649110640673518
1.2649110640673518
1.2649110640673518
1.2649110640673518
1.2649110640673518
1.2649110640673518
1.2649110640673518
1.2649110640673518
1.2649110640673518
1.2649110640673518
1.2649110640673518
1.2649110640673518
1.2649110640673518
1.2649110640673518
1.2649110640673518
1.2649110640673518
1.2649110640673518
1.2649110640673518
1.2649110640673518
1.2649110640673518
1.0954451150103321
1.0954451150103321
1.0954451150103321
1.0954451150103321
1.0954451150103321
1.0954451150103321
1.0954451150103321
1.0954451150103321
1.0954451150103321
1.0954451150103321
1.0
1.0954451150103321
1.0954451150103321
1.0
1.0
1.0
1.1832159566199232
1.1832159566199232
1.0
1.0
1.0
1.0
1.0
1.0
1.0
1.0
1.0
1.0
1.2649110640673518
1.2649110640673518
1.2649110640673518
1.2649110640673518
1.2649110640673518
1.2649110640673518
1.0954451150103321
1.0954451150103321
1.0954451150103321
1.0954451150103321
1.0954451150103321
1.0954451150103321
1.0954451150103321
1.0954451150103321
1.0954451150103321
1.0954451150103321
1.0954451150103321
1.0954451150103321
1.0954451150103321
1.0954451150103321
1.0954451150103321
1.0954451150103321
1.0954451150103321
1.0954451150103321
1.2649110640673518
1.2649110640673518
1.2649110640673518
1.2649110640673518
1.2649110640673518
1.2649110640673518
1.2649110640673518
1.2649110640673518
1.2649110640673518
1.2649110640673518
1.2649110640673518
1.2649110640673518
1.2649110640673518
1.2649110640673518
1.2649110640673518
1.2649110640673518
1.2649110640673518
1.2649110640673518
1.2649110640673518
1.2649110640673518
1.2649110640673518
1.2649110640673518
1.2649110640673518
1.2649110640673518
1.2649110640673518
1.2649110640673518
1.2649110640673518
1.2649110640673518
1.0
1.0
1.0
1.0
1.0
1.2649110640673518
1.0
1.0
1.2649110640673518
1.2649110640673518
1.2649110640673518
1.2649110640673518
1.2649110640673518
1.2649110640673518
1.2649110640673518
1.2649110640673518
1.2649110640673518
1.0
1.0
1.0
1.0
1.0
1.0
1.0
1.0
1.0
1.0
1.0
1.0
0.7745966692414834
1.0954451150103321
1.0954451150103321
1.2649110640673518
1.2649110640673518
1.0
1.0
1.0
1.0
1.0
1.0
1.0
0.7745966692414834
0.7745966692414834
0.7745966692414834
0.7745966692414834
1.0
1.0
