1, 0.7745966692414834
2, 0.7071067811865476
3, 2.5099800796022267
4, 2.5099800796022267
5, 2.258317958127243
6, 2.6832815729997477
7, 3.7282703764614498
8, 3.7282703764614498
9, 3.7282703764614498
10, 4.929503017546495
15, 3.847076812334269
20, 4.857983120596447
25, 4.8270073544588685
30, 4.207136793592526
35, 2.949576240750525
40, 2.9154759474226504
45, 3.591656999213594
50, 3.6742346141747673
55, 3.7815340802378077
60, 3.40587727318528
65, 3.0
70, 2.9664793948382653
75, 2.8635642126552705
80, 2.280350850198276
85, 2.6832815729997477
90, 2.6832815729997477
95, 2.6076809620810595
100, 2.7202941017470885
150, 2.756809750418044
200, 2.792848008753788
250, 2.701851217221259
300, 2.1908902300206643
350, 1.8708286933869707
400, 2.4698178070456938
450, 1.9748417658131499
500, 1.4142135623730951
550, 1.6733200530681511
600, 1.140175425099138
650, 1.4832396974191326
700, 1.51657508881031
750, 1.378404875209022
800, 1.1832159566199232
850, 1.140175425099138
900, 1.0
950, 0.8366600265340756
1000, 0.8944271909999159
1250, 1.224744871391589
1500, 1.2649110640673518
1750, 1.140175425099138
2000, 1.449137674618944
2250, 1.3038404810405297
2500, 1.3416407864998738
2750, 1.0
3000, 1.224744871391589
3250, 1.140175425099138
3500, 1.0488088481701516
3750, 1.0954451150103321
4000, 0.8366600265340756
4250, 0.7071067811865476
4500, 0.7071067811865476
4750, 0.7745966692414834
5000, 0.5477225575051661
5250, 0.6324555320336759
5500, 0.7071067811865476
5750, 0.5477225575051661
6000, 0.6324555320336759
6250, 0.7071067811865476
6500, 0.5477225575051661
6750, 0.5477225575051661
7000, 0.7071067811865476
7250, 0.8366600265340756
7500, 0.6324555320336759
7750, 0.5477225575051661
8000, 0.5477225575051661
8250, 0.5477225575051661
8500, 0.5477225575051661
8750, 0.7071067811865476
9000, 0.7745966692414834
9250, 0.7745966692414834
9500, 0.7745966692414834
9750, 0.7745966692414834
10000, 0.4472135954999579
11000, 0.4472135954999579
12000, 0.4472135954999579
13000, 0.5477225575051661
14000, 0.5477225575051661
15000, 0.4472135954999579
16000, 0.5477225575051661
17000, 0.6324555320336759
18000, 0.4472135954999579
19000, 0.4472135954999579
20000, 0.4472135954999579
21000, 0.0
22000, 0.31622776601683794
23000, 0.0
24000, 0.0
25000, 0.31622776601683794
26000, 0.0
27000, 0.0
28000, 0.0
29000, 0.0
30000, 0.0
31000, 0.0
32000, 0.0
33000, 0.31622776601683794
34000, 0.0
35000, 0.0
36000, 0.0
37000, 0.0
38000, 0.0
39000, 0.0
40000, 0.0
41000, 0.0
42000, 0.0
43000, 0.0
44000, 0.0
45000, 0.0
46000, 0.0
47000, 0.0
48000, 0.0
49000, 0.0
50000, 0.0
51000, 0.0
52000, 0.0
53000, 0.0
54000, 0.0
55000, 0.0
56000, 0.0
57000, 0.0
58000, 0.0
59000, 0.0
60000, 0.0
61000, 0.0
62000, 0.0
63000, 0.0
64000, 0.0
65000, 0.0
66000, 0.0
67000, 0.0
68000, 0.0
69000, 0.0
70000, 0.0
71000, 0.0
72000, 0.0
73000, 0.0
74000, 0.0
75000, 0.0
76000, 0.0
77000, 0.0
78000, 0.0
79000, 0.0
80000, 0.0
81000, 0.0
82000, 0.0
83000, 0.0
84000, 0.0
85000, 0.0
86000, 0.0
87000, 0.0
88000, 0.0
89000, 0.0
90000, 0.0
91000, 0.0
92000, 0.0
93000, 0.0
94000, 0.0
95000, 0.0
96000, 0.0
97000, 0.0
98000, 0.0
99000, 0.0
100000, 0.0
