1, 39.901306817124244
2, 39.900948789292144
3, 39.52792864364566
4, 38.730202315874514
5, 38.64970892516527
6, 38.625676138326135
7, 38.583860430422014
8, 38.35883209900948
9, 37.91268163255441
10, 37.28845091216007
15, 35.59092982368241
20, 33.70163200796068
25, 31.26522486268547
30, 29.675386626437934
35, 29.30967660785671
40, 28.770520626899632
45, 28.333725487482226
50, 27.7756316631272
55, 27.48610038338859
60, 26.961877848971447
65, 26.31892312169543
70, 25.2445184997796
75, 24.748448724833526
80, 24.14953415699773
85, 24.040442116210283
90, 24.481479880572113
95, 24.34572417724077
100, 23.43562611556541
150, 17.977764043395386
200, 15.19586409896738
250, 15.626899884494044
300, 15.413352282077659
350, 13.340593261599297
400, 12.385475364312828
450, 12.702080819411329
500, 11.435533593646978
550, 10.879863444521193
600, 10.494896719018111
650, 9.793583905511083
700, 9.459688910620384
750, 9.207140086445333
800, 9.124535213211841
850, 8.640436496910493
900, 8.510497719203704
950, 8.538986222865436
1000, 8.327235864490518
1250, 8.008923594519874
1500, 7.040698017343775
1750, 6.671902705696907
2000, 6.622472563713862
2250, 6.6246293696866
2500, 6.5835292315639595
2750, 6.208289389425814
3000, 6.0
3250, 6.500549427328652
3500, 6.520297977415274
3750, 5.536889276222061
4000, 5.671986298593163
4250, 5.828501400139539
4500, 5.674504383644443
4750, 5.299595671908781
5000, 5.275279274936203
5250, 5.056820005836531
5500, 5.379856609878849
5750, 4.979959839195493
6000, 4.810702354423639
6250, 4.699544050832409
6500, 4.95119033306999
6750, 4.702582876918355
7000, 4.465742619414731
7250, 4.222389303293981
7500, 3.8950518060006045
7750, 3.7301857479602427
8000, 3.5091716564291513
8250, 3.4517076519145875
8500, 3.4723396805529925
8750, 3.3806170189140663
9000, 2.961659766318301
9250, 3.286335345030997
9500, 3.484660262185848
9750, 3.4641016151377544
10000, 3.3509060608395793
11000, 3.2115861679683633
12000, 3.255764119219941
13000, 3.4351128074635335
14000, 3.166791977470486
15000, 2.878491668515698
16000, 2.5579009251449016
17000, 2.767154288640743
18000, 2.7979584393931636
19000, 2.8030595529069404
20000, 2.843539042410757
21000, 2.8834503141697647
22000, 2.756809750418044
23000, 2.8834503141697647
24000, 3.1937438845342623
25000, 3.2071349029490928
26000, 3.238165265349236
27000, 2.8132340311971404
28000, 2.903200204700225
29000, 2.65114530506561
30000, 2.5801439605461662
31000, 2.833473385894321
32000, 2.8233718443429607
33000, 2.922816645439317
34000, 2.888400447108597
35000, 2.8132340311971404
36000, 2.7516228977511745
37000, 2.81830749615033
38000, 2.65114530506561
39000, 2.6186146828319083
40000, 2.5128242505765725
41000, 2.274077520980446
42000, 2.2866069685390684
43000, 2.242447642325552
44000, 2.32992949004287
45000, 2.3844735867092943
46000, 2.2614786566062732
47000, 2.2614786566062732
48000, 2.23606797749979
49000, 2.4083189157584592
50000, 2.197401062294143
51000, 2.29906813420444
52000, 2.3844735867092943
53000, 2.2866069685390684
54000, 2.210365192839022
55000, 2.2296700588716196
56000, 2.3724610489050035
57000, 2.2677868380553634
58000, 2.177810171446801
59000, 2.2232537288526344
60000, 2.1712405933672376
61000, 2.0701966780270626
62000, 2.007130147392398
63000, 1.9198214202665531
64000, 2.1111946516469904
65000, 2.104417123236605
66000, 2.1111946516469904
67000, 1.9712215212183246
68000, 2.1246848505803664
69000, 2.014235055087379
70000, 2.177810171446801
71000, 2.0213149892370277
72000, 1.9346465162548798
73000, 1.820517979665599
74000, 1.889822365046136
75000, 1.9048809486609468
76000, 1.889822365046136
77000, 1.9639610121239315
78000, 2.014235055087379
79000, 1.9048809486609468
80000, 1.9346465162548798
81000, 1.992844341996778
82000, 1.9346465162548798
83000, 1.9784553859730358
84000, 1.9346465162548798
85000, 1.9712215212183246
86000, 1.9346465162548798
87000, 1.9639610121239315
88000, 1.7888543819998317
89000, 2.014235055087379
90000, 1.992844341996778
91000, 1.9048809486609468
92000, 1.8283482006601322
93000, 1.740279123753264
94000, 1.8746428231227714
95000, 1.889822365046136
96000, 2.083952289006911
97000, 1.9712215212183246
98000, 2.0770858707058104
99000, 2.0976176963403033
100000, 1.985662897587892
