1, 8.115828156551041
2, 8.091147425839345
3, 7.685484153042453
4, 7.598245411496876
5, 7.293833011524188
6, 6.663332499583072
7, 7.033254343948231
8, 6.908931417616861
9, 6.3456021516217564
10, 6.0553007081949835
15, 4.857983120596447
20, 4.396968652757639
25, 4.926120853842978
30, 4.83045891539648
35, 4.633213427705081
40, 5.059644256269407
45, 3.966526608171604
50, 3.63318042491699
55, 3.7058512292499457
60, 2.503331114069145
65, 3.265986323710904
70, 2.988868236194653
75, 2.70801280154532
80, 3.3466401061363023
85, 2.449489742783178
90, 2.449489742783178
95, 3.1622776601683795
100, 3.2041639575194445
150, 2.5298221281347035
200, 2.3664319132398464
250, 2.3380903889000244
300, 1.8973665961010275
350, 1.505545305418162
400, 1.8973665961010275
450, 1.7511900715418263
500, 1.7888543819998317
550, 1.96638416050035
600, 1.8973665961010275
650, 1.9321835661585918
700, 1.7511900715418263
750, 1.8618986725025255
800, 1.9321835661585918
850, 1.9321835661585918
900, 1.7126976771553504
950, 1.591644851508443
1000, 1.7126976771553504
1250, 1.505545305418162
1500, 1.591644851508443
1750, 1.6733200530681511
2000, 1.2649110640673518
2250, 1.0327955589886444
2500, 1.2649110640673518
2750, 1.2110601416389966
3000, 1.0327955589886444
3250, 0.816496580927726
3500, 0.6324555320336759
3750, 1.0954451150103321
4000, 1.0954451150103321
4250, 0.3651483716701107
4500, 0.3651483716701107
4750, 0.0
5000, 0.0
5250, 0.0
5500, 0.0
5750, 0.0
6000, 0.0
6250, 0.0
6500, 0.0
6750, 0.0
7000, 0.3651483716701107
7250, 0.0
7500, 0.3651483716701107
7750, 0.3651483716701107
8000, 0.3651483716701107
8250, 0.3651483716701107
8500, 0.3651483716701107
8750, 0.3651483716701107
9000, 0.3651483716701107
9250, 0.3651483716701107
9500, 0.3651483716701107
9750, 0.3651483716701107
10000, 0.5163977794943222
11000, 0.0
12000, 0.0
13000, 0.0
14000, 0.0
15000, 0.0
16000, 0.0
17000, 0.0
18000, 0.0
19000, 0.0
20000, 0.0
21000, 0.0
22000, 0.0
23000, 0.0
24000, 0.0
25000, 0.0
26000, 0.0
27000, 0.0
28000, 0.0
29000, 0.0
30000, 0.0
31000, 0.0
32000, 0.0
33000, 0.0
34000, 0.0
35000, 0.0
36000, 0.0
37000, 0.0
38000, 0.0
39000, 0.0
40000, 0.0
41000, 0.0
42000, 0.0
43000, 0.0
44000, 0.0
45000, 0.0
46000, 0.0
47000, 0.0
48000, 0.0
49000, 0.0
50000, 0.0
51000, 0.0
52000, 0.0
53000, 0.0
54000, 0.0
55000, 0.0
56000, 0.0
57000, 0.0
58000, 0.0
59000, 0.0
60000, 0.0
61000, 0.0
62000, 0.0
63000, 0.0
64000, 0.0
65000, 0.0
66000, 0.0
67000, 0.0
68000, 0.0
69000, 0.0
70000, 0.0
71000, 0.0
72000, 0.0
73000, 0.0
74000, 0.0
75000, 0.0
76000, 0.0
77000, 0.0
78000, 0.0
79000, 0.0
80000, 0.0
81000, 0.0
82000, 0.0
83000, 0.0
84000, 0.0
85000, 0.0
86000, 0.0
87000, 0.0
88000, 0.0
89000, 0.0
90000, 0.0
91000, 0.0
92000, 0.0
93000, 0.0
94000, 0.0
95000, 0.0
96000, 0.0
97000, 0.0
98000, 0.0
99000, 0.0
100000, 0.0
