9.846319109189992
8.631338250816034
7.797435475847171
7.8198465458089395
7.625614729318548
7.269800547470337
6.224949798994366
5.809475019311125
4.774934554525329
4.588027898781785
4.711687595755898
4.312771730569565
4.219004621945797
5.059644256269407
4.260281680828158
4.306971093471606
4.330127018922194
3.9179076048319463
3.788139384975162
3.138470965295043
3.3541019662496847
3.4856850115866753
3.598610843089316
3.1937438845342623
3.03315017762062
3.361547262794322
3.5142566781611158
3.146426544510455
3.442382895611701
3.122498999199199
3.4713109915419564
3.1780497164141406
3.449637662132068
3.570714214271425
3.449637662132068
3.383784863137726
3.2939338184001206
3.40587727318528
2.924038303442689
2.8896366553599777
2.9154759474226504
2.9664793948382653
2.819574435974337
2.898275349237888
2.8722813232690143
2.701851217221259
2.80178514522438
2.7477263328068173
2.6739483914241875
2.9068883707497264
2.479919353527449
2.8809720581775866
2.898275349237888
2.6172504656604803
2.5495097567963922
2.2693611435820435
2.5298221281347035
2.569046515733026
2.5495097567963922
2.5787593916455256
2.6457513110645907
2.5592967784139455
2.5099800796022267
2.1563858652847827
2.280350850198276
2.3979157616563596
2.16794833886788
2.0371548787463363
2.0124611797498106
2.2135943621178655
2.0371548787463363
1.7748239349298849
1.760681686165901
1.8439088914585775
2.0976176963403033
2.073644135332772
1.70293863659264
1.6278820596099706
1.61245154965971
1.6881943016134133
1.6881943016134133
1.70293863659264
1.7320508075688772
1.8439088914585775
1.7320508075688772
1.816590212458495
1.8303005217723127
1.9748417658131499
2.0124611797498106
2.0124611797498106
2.04939015319192
2.073644135332772
2.085665361461421
1.8841443681416772
1.7748239349298849
1.70293863659264
1.746424919657298
1.8973665961010275
1.9235384061671346
1.91049731745428
1.7748239349298849
2.0371548787463363
1.760681686165901
1.9493588689617927
1.8439088914585775
1.8439088914585775
1.8027756377319946
1.816590212458495
2.0
2.16794833886788
1.9748417658131499
1.8841443681416772
1.9235384061671346
1.8973665961010275
1.9748417658131499
1.9748417658131499
1.9493588689617927
1.8303005217723127
2.0
2.04939015319192
2.0
1.9364916731037085
1.857417562100671
1.8708286933869707
2.1447610589527217
1.8303005217723127
1.8439088914585775
1.8439088914585775
1.8439088914585775
1.857417562100671
1.7888543819998317
1.857417562100671
1.857417562100671
1.7888543819998317
1.6583123951777
1.7888543819998317
1.7320508075688772
1.7888543819998317
1.8841443681416772
1.8841443681416772
1.8973665961010275
1.8303005217723127
1.8439088914585775
1.8708286933869707
1.8439088914585775
1.760681686165901
1.746424919657298
1.7748239349298849
1.7748239349298849
1.857417562100671
1.8303005217723127
1.6431676725154984
1.5968719422671311
1.7320508075688772
1.8027756377319946
1.6881943016134133
1.70293863659264
1.7888543819998317
1.8027756377319946
1.9621416870348585
1.91049731745428
1.9364916731037085
2.0371548787463363
2.0371548787463363
2.0248456731316584
2.085665361461421
1.9235384061671346
1.9493588689617927
1.9748417658131499
2.16794833886788
1.857417562100671
2.0371548787463363
2.1095023109728985
1.9874606914351791
1.9874606914351791
1.8841443681416772
1.8973665961010275
1.857417562100671
1.9621416870348585
2.0
1.9748417658131499
2.073644135332772
2.0371548787463363
1.9874606914351791
2.0976176963403033
1.9874606914351791
1.9621416870348585
1.9235384061671346
2.0
1.8973665961010275
1.91049731745428
1.5811388300841898
2.0248456731316584
1.760681686165901
1.816590212458495
1.8439088914585775
1.8027756377319946
1.8303005217723127
1.8303005217723127
1.760681686165901
1.746424919657298
1.7748239349298849
1.70293863659264
1.5811388300841898
1.5652475842498528
1.5491933384829668
1.449137674618944
1.6583123951777
1.6881943016134133
1.6431676725154984
1.6278820596099706
1.6733200530681511
1.6278820596099706
1.5811388300841898
1.466287829861518
1.6278820596099706
1.7320508075688772
1.746424919657298
1.760681686165901
1.816590212458495
1.70293863659264
1.61245154965971
1.51657508881031
1.5652475842498528
1.5652475842498528
1.5491933384829668
1.61245154965971
1.6278820596099706
1.746424919657298
1.6431676725154984
1.6431676725154984
1.6431676725154984
1.760681686165901
1.61245154965971
1.6431676725154984
1.61245154965971
1.70293863659264
1.70293863659264
1.70293863659264
1.7888543819998317
1.7748239349298849
1.6881943016134133
1.6583123951777
1.6583123951777
1.6881943016134133
1.6881943016134133
1.5652475842498528
1.61245154965971
1.61245154965971
1.5491933384829668
1.3601470508735443
1.4142135623730951
1.466287829861518
1.6278820596099706
1.760681686165901
1.6733200530681511
1.8027756377319946
1.746424919657298
1.6583123951777
1.6583123951777
1.6733200530681511
1.6431676725154984
1.5968719422671311
1.6733200530681511
1.5811388300841898
1.5968719422671311
1.5811388300841898
1.6278820596099706
1.6733200530681511
1.6733200530681511
1.746424919657298
1.61245154965971
1.6278820596099706
1.6278820596099706
1.6881943016134133
1.6583123951777
1.6583123951777
1.6583123951777
1.61245154965971
1.6278820596099706
1.6431676725154984
1.284523257866513
1.3601470508735443
1.51657508881031
1.4317821063276353
1.3416407864998738
1.284523257866513
1.4142135623730951
1.466287829861518
1.378404875209022
1.3228756555322954
1.3228756555322954
1.378404875209022
1.396424004376894
1.378404875209022
1.3601470508735443
1.4142135623730951
1.3228756555322954
1.3228756555322954
1.284523257866513
1.3038404810405297
1.3416407864998738
1.284523257866513
1.2649110640673518
1.284523257866513
1.284523257866513
1.4142135623730951
1.3416407864998738
1.3038404810405297
1.3228756555322954
1.4142135623730951
1.4142135623730951
1.4142135623730951
1.3228756555322954
1.3416407864998738
1.396424004376894
1.5
1.4317821063276353
1.378404875209022
1.284523257866513
1.3228756555322954
1.3416407864998738
1.3038404810405297
1.3228756555322954
1.396424004376894
1.378404875209022
1.3416407864998738
1.378404875209022
1.224744871391589
1.224744871391589
1.224744871391589
1.224744871391589
1.2649110640673518
1.3228756555322954
1.3228756555322954
1.2449899597988732
1.3228756555322954
1.3228756555322954
1.2449899597988732
1.2449899597988732
1.2449899597988732
1.2041594578792296
1.3228756555322954
1.3416407864998738
1.3416407864998738
1.3416407864998738
1.2649110640673518
1.378404875209022
1.378404875209022
1.396424004376894
1.3416407864998738
1.378404875209022
1.3416407864998738
1.3416407864998738
1.3228756555322954
1.3228756555322954
1.3228756555322954
1.2449899597988732
1.140175425099138
1.140175425099138
1.140175425099138
1.2449899597988732
1.2449899597988732
1.2449899597988732
1.2449899597988732
1.2449899597988732
1.2449899597988732
1.224744871391589
1.224744871391589
1.224744871391589
1.0723805294763609
1.284523257866513
1.224744871391589
1.224744871391589
1.224744871391589
1.224744871391589
1.224744871391589
1.2449899597988732
1.284523257866513
1.224744871391589
1.224744871391589
1.3038404810405297
1.3038404810405297
1.3038404810405297
1.3038404810405297
1.2041594578792296
1.118033988749895
1.118033988749895
1.140175425099138
1.0954451150103321
1.02469507659596
1.0488088481701516
1.0723805294763609
1.0488088481701516
1.0954451150103321
0.9746794344808963
0.8944271909999159
0.9219544457292888
0.9486832980505138
0.9746794344808963
