19.7064166489714
17.329578347850408
16.042799898129644
13.750844129933052
11.822496714798806
9.880717151531636
9.536396444299971
7.978542652461216
8.244478671900884
8.159131606453506
6.740072064048828
7.669978580711385
7.295791350399998
6.697547525560595
6.609516947986009
7.762547446369836
7.143428548573257
6.539986893826972
6.6783231428256
6.797058187186572
6.4320625441166674
6.78443596981882
6.498351439293772
5.906412979610746
5.920907266386028
6.535616704970214
6.371812928829597
6.265552079198038
5.896730328871126
5.947388382427078
6.101522058353262
5.560061664611798
5.623928469368314
5.992852886087369
5.679537204486195
5.347896782848375
5.578018081208209
5.350567393143593
5.101820403402243
5.031330411957231
5.542047068934521
5.699624047752122
5.590808783811413
5.8186891012618
5.978533025990334
5.956988692763676
5.503245795502349
5.531726674375733
5.8700206862619195
5.631543812693436
5.242681974496859
5.469395370083033
5.3718844791323335
5.445837204428981
5.326483696720433
4.933848106990845
4.759951980550104
4.8638609002666655
4.846206174495085
4.994282445242474
4.780914437337574
4.595028369257987
4.622924244612772
4.36871998252512
4.503966505838413
4.358898943540674
4.750939756661683
4.732863826479693
4.47213595499958
4.014260294784796
4.174754056057845
4.468940430507949
4.063777271736939
4.188419408662073
4.342481186734475
4.494441010848846
4.488079449258573
4.801785382245114
4.638349460129725
4.541868715470696
4.381780460041329
4.478520163753074
4.345769700031777
4.449719092257398
4.391550328268399
4.404543109109048
4.58257569495584
4.672105673951674
4.0918036539962594
4.322697570466188
4.44007721940573
4.339190181194116
4.446507457705269
4.36871998252512
4.178174584330202
3.9641248358604595
4.0178174601214955
4.028470110174758
3.880353444873657
3.714835124201342
3.7984959429452374
3.872983346207417
3.953298803350365
4.039094665180022
4.021371478914697
4.039094665180022
4.0743097574926725
3.9749213828703582
3.8692930325097596
4.021371478914697
3.9677269491305904
4.219004621945797
4.1438422474110395
4.049691346263317
4.105745103771404
4.0918036539962594
4.181592314623018
4.262795863213317
3.9388178066884123
4.063777271736939
3.953298803350365
3.9496835316262997
4.021371478914697
4.178174584330202
4.1952353926806065
4.18500725379129
4.095293465849373
4.239272174728649
4.140393356054125
3.9749213828703582
3.8247315498700596
3.80225497003329
3.5010202594590707
3.4517076519145875
3.492849839314596
3.6488745818794204
3.7109875466550104
3.924283374069717
3.8692930325097596
3.714835124201342
3.6371103129505746
3.828464817278965
3.854496446637726
3.880353444873657
3.764495792457281
3.5777087639996634
3.5496478698597698
3.299350585450762
3.3848401523768974
3.439269025326665
3.4142558277233497
3.783422486887463
3.8913824205360674
3.865599195837192
3.6174181795466067
3.3806170189140663
3.430951554806417
3.3848401523768974
3.3166247903554
3.389058023361991
3.734013543475324
3.4558439118191004
3.281985461794213
3.1847852585154217
3.0983866769659336
3.307998963551401
3.102993945945017
3.075246796135695
2.922816645439317
2.932575659723036
3.198213787189879
3.468223093829379
3.198213787189879
3.0612789110808856
2.9568322818274866
2.7619868624907378
2.990461025135948
2.961659766318301
3.0189875313233268
3.0798886807341406
2.808151400069855
2.9081167199998794
3.056608765095256
2.990461025135948
3.2115861679683633
3.1847852585154217
3.04255531702266
2.937443008565686
3.116774889895918
3.2204702407301595
3.1121880222303866
3.102993945945017
3.359421718944242
3.372154885444702
3.4641016151377544
3.367915845572324
3.255764119219941
3.148695875165735
3.202677451312083
3.389058023361991
3.286335345030997
3.3166247903554
3.1892677171144745
3.1622776601683795
3.1532296368734616
3.1396087108337016
3.277629805645711
3.1304951684997055
3.1577568892219317
3.238165265349236
3.1532296368734616
3.1937438845342623
2.878491668515698
2.9760952365713798
3.0659419433511785
3.0
3.070597894314954
3.1712998686883673
3.1622776601683795
2.990461025135948
2.8735244660769563
2.808151400069855
2.932575659723036
2.9952343099378003
2.9471535904520287
3.0612789110808856
2.8233718443429607
3.009508740167215
2.971291205616075
2.8030595529069404
2.917924898671265
2.8735244660769563
2.932575659723036
3.0845235797908424
3.1396087108337016
3.281985461794213
3.389058023361991
3.1937438845342623
3.1213550171131033
3.295017884191656
3.1712998686883673
3.148695875165735
3.180296482135858
3.2293298729878046
3.2425739335111103
3.1847852585154217
3.1892677171144745
3.3252282413607124
3.202677451312083
3.2337505867247796
3.307998963551401
3.401680257083045
3.198213787189879
3.320929301953209
3.1213550171131033
3.1121880222303866
3.277629805645711
3.1396087108337016
3.0
2.9423023055326687
2.9423023055326687
2.843539042410757
2.8635642126552705
2.7360033416855116
2.7464262493023806
2.878491668515698
2.8585710716070314
2.767154288640743
2.5746012173871566
2.5410908793553326
2.7307769694983985
2.7360033416855116
2.7360033416855116
2.7979584393931636
2.7877282097486784
2.767154288640743
2.8233718443429607
2.8233718443429607
2.7774602993176543
2.5467065566559266
2.591193878173865
2.6832815729997477
2.715037489875337
2.6886002731107927
2.7516228977511745
2.808151400069855
2.7619868624907378
2.7464262493023806
2.7255405754769875
2.8834503141697647
2.8585710716070314
2.9130249373656736
2.8233718443429607
2.7202941017470885
2.8585710716070314
2.8385106758902383
2.8834503141697647
2.767154288640743
2.9081167199998794
2.7360033416855116
2.917924898671265
2.898275349237888
2.922816645439317
2.8284271247461903
2.65114530506561
2.917924898671265
2.971291205616075
3.1121880222303866
3.2645279685036943
3.1396087108337016
3.148695875165735
3.051931472737505
3.1121880222303866
3.0189875313233268
3.0798886807341406
2.932575659723036
3.0472470011002204
3.0189875313233268
2.980891525318271
2.9423023055326687
2.9081167199998794
2.990461025135948
3.180296482135858
3.051931472737505
3.0472470011002204
2.951996902824546
2.7979584393931636
2.8685486624025445
2.961659766318301
2.980891525318271
2.937443008565686
2.917924898671265
2.917924898671265
2.9856801091687157
3.056608765095256
3.0237157840738176
3.004758131459407
2.7825989906663056
2.9081167199998794
2.888400447108597
2.8834503141697647
2.893342111024649
2.741219749360805
2.8635642126552705
2.951996902824546
2.9423023055326687
2.9081167199998794
3.0845235797908424
3.116774889895918
3.1304951684997055
3.102993945945017
3.0472470011002204
3.0237157840738176
3.04255531702266
2.932575659723036
2.971291205616075
3.0378563870880115
3.009508740167215
3.0612789110808856
2.9423023055326687
2.961659766318301
3.009508740167215
2.9760952365713798
3.0659419433511785
3.0142518616920992
3.051931472737505
2.961659766318301
2.917924898671265
2.878491668515698
2.971291205616075
3.0142518616920992
2.7979584393931636
2.8635642126552705
2.8834503141697647
2.8685486624025445
2.9277002188455996
2.9277002188455996
2.8585710716070314
2.9081167199998794
2.903200204700225
2.951996902824546
3.0142518616920992
2.9277002188455996
2.903200204700225
2.9568322818274866
2.951996902824546
3.0845235797908424
2.922816645439317
2.9568322818274866
2.951996902824546
3.0189875313233268
3.0189875313233268
2.9423023055326687
2.8635642126552705
2.8030595529069404
2.7723120830300267
2.7825989906663056
2.6295029405356662
2.8284271247461903
2.6726124191242437
