11.6940155635265
11.178103595869919
11.244998888394788
9.186947262284681
9.5420123663722
8.766413177577247
8.73212459828649
8.083934685535256
7.506663706334526
8.068457101577723
7.317786550590281
7.102816342831906
5.9497899122574065
6.288879073412049
5.9707620954112715
6.078651166171653
6.4265076052238514
6.192737682156414
5.599107071667768
5.253570214625479
5.338539126015656
5.319774431308154
5.0
5.079370039680118
4.9749371855331
4.979959839195493
4.888762624632126
5.440588203494177
5.123475382979799
5.253570214625479
5.224940191045253
5.0099900199501395
4.994997497496871
5.024937810560445
4.8373546489791295
4.769696007084728
4.358898943540674
4.312771730569565
4.318564576337836
4.494441010848846
3.8794329482541645
3.7616485747608057
3.8340579025361627
3.924283374069717
3.646916505762094
3.5496478698597698
3.6124783736376886
3.5355339059327378
3.492849839314596
3.6742346141747673
3.687817782917155
3.5777087639996634
3.598610843089316
3.605551275463989
3.7682887362833544
3.4641016151377544
3.7616485747608057
3.5496478698597698
3.872983346207417
3.8600518131237567
3.9749213828703582
3.9370039370059056
3.7483329627982624
3.840572873934304
3.7013511046643495
3.9496835316262997
3.788139384975162
4.006245124802026
4.08656334834051
3.7416573867739413
3.9115214431215892
4.018706259482023
3.5777087639996634
3.8275318418009276
3.7416573867739413
3.598610843089316
3.7616485747608057
3.7013511046643495
3.492849839314596
3.4856850115866753
3.63318042491699
3.478505426185217
3.5071355833500366
3.5425979167836705
3.427827300200522
3.4856850115866753
3.7549966711037173
3.7349698793966195
3.7616485747608057
3.892300091205713
3.8013155617496426
3.5071355833500366
3.8013155617496426
3.7282703764614498
3.9560080889704965
3.8535697735995385
3.8275318418009276
3.714835124201342
3.7416573867739413
3.7013511046643495
3.6124783736376886
3.7616485747608057
3.570714214271425
3.788139384975162
3.626292872893749
3.63318042491699
3.687817782917155
3.8013155617496426
3.8275318418009276
3.7282703764614498
3.7349698793966195
3.8013155617496426
3.605551275463989
3.605551275463989
3.52845575287547
3.591656999213594
