1, 28.0349781523011
2, 27.254357449773053
3, 26.718532893854782
4, 26.472627372438875
5, 26.20152667307766
6, 25.536640342848546
7, 24.887747989723778
8, 24.8443152451421
9, 23.969981226525814
10, 23.952452901529732
15, 20.88827422263505
20, 19.959959919799438
25, 19.233304448274094
30, 18.79468009836826
35, 18.650469162999627
40, 16.10341578672053
45, 16.068602926203635
50, 15.764517119150844
55, 14.981321704042003
60, 14.263239463740346
65, 14.263239463740346
70, 14.18026798054254
75, 13.582341477079716
80, 13.512956745287095
85, 13.487772240069893
90, 13.465511501610326
95, 13.492219980418344
100, 13.46996659238619
150, 9.184770002564028
200, 8.096912991998865
250, 6.9914233171794145
300, 6.023288138550239
350, 5.922837157984339
400, 5.621387729022079
450, 5.674504383644443
500, 5.574943945906542
550, 4.8166378315169185
600, 4.68187996428785
650, 4.422668877499196
700, 4.458699361921591
750, 4.029888335921977
800, 3.888444419044716
850, 3.8987177379235853
900, 3.867815921162743
950, 3.7735924528226414
1000, 3.7416573867739413
1250, 2.9664793948382653
1500, 2.6
1750, 2.029778313018444
2000, 2.181742422927143
2250, 1.969771560359221
2500, 1.969771560359221
2750, 1.9078784028338913
3000, 1.7435595774162693
3250, 1.7320508075688772
3500, 1.697056274847714
3750, 1.6733200530681511
4000, 1.697056274847714
4250, 1.6613247725836149
4500, 1.6
4750, 1.61245154965971
5000, 1.5874507866387544
5250, 1.5748015748023623
5500, 1.3564659966250536
5750, 1.3114877048604001
6000, 1.3114877048604001
6250, 1.131370849898476
6500, 1.0954451150103321
6750, 1.0954451150103321
7000, 1.1135528725660044
7250, 1.1135528725660044
7500, 1.1135528725660044
7750, 1.0392304845413265
8000, 0.9797958971132712
8250, 1.019803902718557
8500, 1.019803902718557
8750, 1.019803902718557
9000, 1.019803902718557
9250, 1.0
9500, 1.0
9750, 1.0
10000, 1.0392304845413265
11000, 1.0583005244258363
12000, 1.0583005244258363
13000, 0.848528137423857
14000, 0.848528137423857
15000, 0.848528137423857
16000, 0.7745966692414834
17000, 0.7745966692414834
18000, 0.7483314773547883
19000, 0.7483314773547883
20000, 0.7483314773547883
21000, 0.7483314773547883
22000, 0.7483314773547883
23000, 0.8246211251235321
24000, 0.8246211251235321
25000, 0.8246211251235321
26000, 0.8
27000, 0.6633249580710799
28000, 0.7211102550927979
29000, 0.7483314773547883
30000, 0.6928203230275509
31000, 0.6928203230275509
32000, 0.6928203230275509
33000, 0.6928203230275509
34000, 0.6928203230275509
35000, 0.6928203230275509
36000, 0.6928203230275509
37000, 0.6324555320336759
38000, 0.6324555320336759
39000, 0.6324555320336759
40000, 0.6
41000, 0.6324555320336759
42000, 0.6324555320336759
43000, 0.6324555320336759
44000, 0.6324555320336759
45000, 0.6324555320336759
46000, 0.6324555320336759
47000, 0.6324555320336759
48000, 0.6633249580710799
49000, 0.6633249580710799
50000, 0.6633249580710799
51000, 0.6633249580710799
52000, 0.6633249580710799
53000, 0.6633249580710799
54000, 0.6324555320336759
55000, 0.6324555320336759
56000, 0.6324555320336759
57000, 0.6324555320336759
58000, 0.6324555320336759
59000, 0.6324555320336759
60000, 0.6
61000, 0.6
62000, 0.6
63000, 0.6
64000, 0.6324555320336759
65000, 0.6324555320336759
66000, 0.6324555320336759
67000, 0.6
68000, 0.6
69000, 0.6
70000, 0.6
71000, 0.6
72000, 0.6
73000, 0.6
74000, 0.6
75000, 0.6324555320336759
76000, 0.6324555320336759
77000, 0.6324555320336759
78000, 0.6324555320336759
79000, 0.6324555320336759
80000, 0.6
81000, 0.6
82000, 0.6
83000, 0.6
84000, 0.6
85000, 0.6324555320336759
86000, 0.6324555320336759
87000, 0.6324555320336759
88000, 0.6324555320336759
89000, 0.6324555320336759
90000, 0.6324555320336759
91000, 0.6324555320336759
92000, 0.6324555320336759
93000, 0.6324555320336759
94000, 0.6324555320336759
95000, 0.6324555320336759
96000, 0.6324555320336759
97000, 0.6324555320336759
98000, 0.6
99000, 0.6324555320336759
100000, 0.565685424949238
