1, 45.32107677449864
2, 45.32107677449864
3, 44.669340715976546
4, 44.04685005763749
5, 43.39614038137493
6, 43.21920869243212
7, 42.73552386481298
8, 41.99880950693722
9, 41.67763189049973
10, 41.16460858553133
15, 38.90501253052105
20, 36.40157963605426
25, 35.66020190632689
30, 34.47607866332829
35, 32.35776568306285
40, 31.796619317153827
45, 30.09277321883113
50, 29.818618344920008
55, 29.832029766678634
60, 29.438070588949948
65, 29.15261566309274
70, 28.204166358891023
75, 27.292398209025166
80, 26.348149840169043
85, 25.993749248617444
90, 25.660767720393714
95, 23.054825959004766
100, 22.021012692426297
150, 18.995394178589713
200, 17.55420177621301
250, 15.878444508200417
300, 14.057915919509549
350, 13.333229166259763
400, 12.053007923335985
450, 11.872236520555004
500, 9.673417183188162
550, 9.461765163012661
600, 9.220900172976606
650, 9.15969431804359
700, 8.777812939451376
750, 8.609587678861281
800, 8.551315688243536
850, 8.663140308225419
900, 8.714929718592114
950, 8.344159634139318
1000, 8.162413858657255
1250, 7.648529270389178
1500, 7.779781487933963
1750, 7.092249290598858
2000, 6.164414002968976
2250, 5.813776741499453
2500, 5.0571731233961135
2750, 4.984977432245807
3000, 5.091659847240387
3250, 5.089204259999788
3500, 4.911720676097125
3750, 4.756574397610112
4000, 4.743416490252569
4250, 4.658325879540846
4500, 4.356030302924901
4750, 4.341658669218482
5000, 4.034228550788861
5250, 4.018706259482023
5500, 3.5846896657869842
5750, 3.9717754216471
6000, 3.9812058474788765
6250, 3.927467377331096
6500, 3.9496835316262997
6750, 3.905124837953327
7000, 3.0495901363953815
7250, 2.9453352950046283
7500, 2.8591956910991594
7750, 2.8284271247461903
8000, 2.850438562747845
8250, 2.7658633371878665
8500, 2.7064737205448717
8750, 2.876629972728505
9000, 2.8722813232690143
9250, 2.6879360111431225
9500, 2.7248853186877424
9750, 2.6972207918522355
10000, 2.307596151842865
11000, 2.103568396796263
12000, 2.1621748310439655
13000, 2.1563858652847827
14000, 2.0
15000, 1.9748417658131499
16000, 2.0615528128088303
17000, 1.9621416870348585
18000, 1.981161275615895
19000, 1.91049731745428
20000, 1.7888543819998317
21000, 1.760681686165901
22000, 1.8303005217723127
23000, 1.7175564037317668
24000, 1.695582495781317
25000, 1.61245154965971
26000, 1.620185174601965
27000, 1.6733200530681511
28000, 1.620185174601965
29000, 1.3416407864998738
30000, 1.396424004376894
31000, 1.396424004376894
32000, 1.541103500742244
33000, 1.6046806535881213
34000, 1.5811388300841898
35000, 1.5329709716755893
36000, 1.2649110640673518
37000, 1.3322912594474228
38000, 1.396424004376894
39000, 1.4230249470757708
40000, 1.3693063937629153
41000, 1.3416407864998738
42000, 1.2649110640673518
43000, 1.2549900398011133
44000, 1.224744871391589
45000, 1.2649110640673518
46000, 1.2549900398011133
47000, 1.3228756555322954
48000, 1.2144957801491119
49000, 1.224744871391589
50000, 1.1726039399558574
51000, 1.0954451150103321
52000, 1.0954451150103321
53000, 1.1291589790636214
54000, 1.1291589790636214
55000, 1.1832159566199232
56000, 1.1937336386313322
57000, 1.140175425099138
58000, 1.1832159566199232
59000, 1.2549900398011133
60000, 1.2449899597988732
61000, 1.2549900398011133
62000, 1.2649110640673518
63000, 1.2942179105544784
64000, 1.3133925536563698
65000, 1.3416407864998738
66000, 1.3509256086106296
67000, 1.3874436925511608
68000, 1.3133925536563698
69000, 1.3322912594474228
70000, 1.3416407864998738
71000, 1.3601470508735443
72000, 1.3601470508735443
73000, 1.3509256086106296
74000, 1.3133925536563698
75000, 1.3133925536563698
76000, 1.3038404810405297
77000, 1.3038404810405297
78000, 1.3322912594474228
79000, 1.3322912594474228
80000, 1.3038404810405297
81000, 1.3322912594474228
82000, 1.3509256086106296
83000, 1.3228756555322954
84000, 1.3133925536563698
85000, 1.161895003862225
86000, 1.2041594578792296
87000, 1.1937336386313322
88000, 1.1726039399558574
89000, 1.1067971810589328
90000, 1.118033988749895
91000, 1.118033988749895
92000, 1.1291589790636214
93000, 1.1291589790636214
94000, 1.0954451150103321
95000, 1.0488088481701516
96000, 1.0124228365658292
97000, 1.0124228365658292
98000, 1.0124228365658292
99000, 1.0
100000, 0.9874208829065749
