1, 3.7416573867739413
2, 3.7416573867739413
3, 3.7416573867739413
4, 3.7416573867739413
5, 3.7416573867739413
6, 3.7416573867739413
7, 3.7416573867739413
8, 3.7416573867739413
9, 3.7416573867739413
10, 3.7416573867739413
15, 3.7416573867739413
20, 3.7416573867739413
25, 3.7416573867739413
30, 3.7416573867739413
35, 3.7416573867739413
40, 3.7416573867739413
45, 3.7416573867739413
50, 3.7416573867739413
55, 3.7416573867739413
60, 3.7416573867739413
65, 3.7416573867739413
70, 3.7416573867739413
75, 3.7416573867739413
80, 3.7416573867739413
85, 3.7416573867739413
90, 3.7416573867739413
95, 3.7416573867739413
100, 3.7416573867739413
150, 3.7416573867739413
200, 3.7416573867739413
250, 3.7416573867739413
300, 3.7416573867739413
350, 3.7416573867739413
400, 3.7416573867739413
450, 3.7416573867739413
500, 3.7416573867739413
550, 3.7416573867739413
600, 3.7416573867739413
650, 3.7416573867739413
700, 3.7416573867739413
750, 3.7416573867739413
800, 3.7416573867739413
850, 3.7416573867739413
900, 3.7416573867739413
950, 3.7416573867739413
1000, 3.7416573867739413
1250, 3.7416573867739413
1500, 3.7416573867739413
1750, 3.7416573867739413
2000, 3.7416573867739413
2250, 3.7416573867739413
2500, 3.7416573867739413
2750, 3.7416573867739413
3000, 3.7416573867739413
3250, 3.7416573867739413
3500, 3.7416573867739413
3750, 3.7416573867739413
4000, 3.7416573867739413
4250, 3.7416573867739413
4500, 3.7416573867739413
4750, 3.7416573867739413
5000, 3.7416573867739413
5250, 3.7416573867739413
5500, 3.7416573867739413
5750, 3.7416573867739413
6000, 3.7416573867739413
6250, 3.7416573867739413
6500, 3.7416573867739413
6750, 3.7416573867739413
7000, 3.7416573867739413
7250, 3.7416573867739413
7500, 3.7416573867739413
7750, 3.7416573867739413
8000, 3.7416573867739413
8250, 3.7416573867739413
8500, 3.7416573867739413
8750, 3.7416573867739413
9000, 3.7416573867739413
9250, 3.7416573867739413
9500, 3.7416573867739413
9750, 3.7416573867739413
10000, 3.7416573867739413
11000, 3.7416573867739413
12000, 3.7416573867739413
13000, 3.7416573867739413
14000, 3.7416573867739413
15000, 3.7416573867739413
16000, 3.7416573867739413
17000, 3.7416573867739413
18000, 3.7416573867739413
19000, 3.7416573867739413
20000, 3.7416573867739413
21000, 3.7416573867739413
22000, 3.7416573867739413
23000, 3.7416573867739413
24000, 3.7416573867739413
25000, 3.7416573867739413
26000, 3.7416573867739413
27000, 3.7416573867739413
28000, 3.7416573867739413
29000, 3.7416573867739413
30000, 3.7416573867739413
31000, 3.7416573867739413
32000, 3.7416573867739413
33000, 3.7416573867739413
34000, 3.7416573867739413
35000, 3.7416573867739413
36000, 3.7416573867739413
37000, 3.7416573867739413
38000, 3.7416573867739413
39000, 3.7416573867739413
40000, 3.7416573867739413
41000, 3.7416573867739413
42000, 3.7416573867739413
43000, 3.7416573867739413
44000, 3.7416573867739413
45000, 3.7416573867739413
46000, 3.7416573867739413
47000, 3.7416573867739413
48000, 3.7416573867739413
49000, 3.7416573867739413
50000, 3.7416573867739413
51000, 3.7416573867739413
52000, 3.7416573867739413
53000, 3.7416573867739413
54000, 3.7416573867739413
55000, 3.7416573867739413
56000, 3.7416573867739413
57000, 3.7416573867739413
58000, 3.7416573867739413
59000, 3.7416573867739413
60000, 3.7416573867739413
61000, 3.7416573867739413
62000, 3.7416573867739413
63000, 3.7416573867739413
64000, 3.7416573867739413
65000, 3.7416573867739413
66000, 3.7416573867739413
67000, 3.7416573867739413
68000, 3.7416573867739413
69000, 3.7416573867739413
70000, 3.7416573867739413
71000, 3.7416573867739413
72000, 3.7416573867739413
73000, 3.7416573867739413
74000, 3.7416573867739413
75000, 3.7416573867739413
76000, 3.7416573867739413
77000, 3.7416573867739413
78000, 3.7416573867739413
79000, 3.7416573867739413
80000, 3.7416573867739413
81000, 3.7416573867739413
82000, 3.7416573867739413
83000, 3.7416573867739413
84000, 3.7416573867739413
85000, 3.7416573867739413
86000, 3.7416573867739413
87000, 3.7416573867739413
88000, 3.7416573867739413
89000, 3.7416573867739413
90000, 3.7416573867739413
91000, 3.7416573867739413
92000, 3.7416573867739413
93000, 3.7416573867739413
94000, 3.7416573867739413
95000, 3.7416573867739413
96000, 3.7416573867739413
97000, 3.7416573867739413
98000, 3.7416573867739413
99000, 3.7416573867739413
100000, 3.7416573867739413
