1, 288.1699429156344
2, 287.56757814468585
3, 286.928778619364
4, 286.3555412420022
5, 286.0125381867026
6, 285.3682463064172
7, 284.56159965814084
8, 284.4901826074144
9, 283.81147968325735
10, 283.3836621966764
15, 281.55871146174826
20, 279.4337059125116
25, 276.8131644268386
30, 274.39255820812633
35, 272.8676529015486
40, 271.66146579888726
45, 270.4842250483381
50, 268.4297151956169
55, 267.6828272414949
60, 266.8107793924376
65, 265.6286053872963
70, 265.63769310848943
75, 263.35479490603547
80, 261.8043773507235
85, 260.5619005150216
90, 259.46096430869903
95, 258.8317523025334
100, 256.77002940374484
150, 245.39255897439108
200, 234.60780890669432
250, 227.84775618820564
300, 219.95287677136665
350, 212.7145411108512
400, 204.79266588430357
450, 199.90679828360015
500, 195.16583717443993
550, 188.62997640884123
600, 186.097060696831
650, 180.67663933115426
700, 176.05361683305458
750, 170.72216024875036
800, 166.60654248858296
850, 163.57024179232602
900, 160.74192981297693
950, 159.0583163496961
1000, 156.86873493465802
1250, 143.65216322770777
1500, 133.02084047246132
1750, 125.71435876621254
2000, 117.40497434095371
2250, 110.50809925068842
2500, 104.48810458612023
2750, 100.03961215438613
3000, 94.47096908574612
3250, 90.63094394300437
3500, 88.8297472697069
3750, 86.34007180909684
4000, 84.17964124418683
4250, 81.31395944116852
4500, 79.47837441719602
4750, 77.89790754571011
5000, 76.43656193210158
5250, 76.29668406949283
5500, 73.40149862230335
5750, 72.03568560095754
6000, 69.41844135386503
6250, 67.72621353656204
6500, 66.82397773254748
6750, 66.78284210783485
