1, 13.564659966250536
2, 12.727922061357855
3, 12.724778976469493
4, 12.056533498481228
5, 11.256997823576231
6, 11.256997823576231
7, 11.260550608207398
8, 11.260550608207398
9, 11.256997823576231
10, 11.256997823576231
15, 11.256997823576231
20, 11.256997823576231
25, 11.256997823576231
30, 11.256997823576231
35, 9.562426470305537
40, 9.562426470305537
45, 9.55405672999695
50, 9.55405672999695
55, 8.885943956609225
60, 8.885943956609225
65, 8.885943956609225
70, 8.885943956609225
75, 8.885943956609225
80, 8.840814442120138
85, 8.840814442120138
90, 8.840814442120138
95, 8.840814442120138
100, 8.034923770640267
150, 8.034923770640267
200, 8.029943959953894
250, 7.904429138147801
300, 7.904429138147801
350, 7.904429138147801
400, 7.904429138147801
450, 7.904429138147801
500, 7.904429138147801
550, 7.812809993849844
600, 7.812809993849844
650, 7.536577472566709
700, 7.536577472566709
750, 7.536577472566709
800, 7.536577472566709
850, 7.536577472566709
900, 7.636753236814713
950, 7.636753236814713
1000, 7.636753236814713
1250, 7.332121111929344
1500, 7.244308110509933
1750, 7.227724399837061
2000, 7.28285658241325
2250, 7.310266752998826
2500, 6.916646586316233
2750, 6.627216610312357
3000, 6.318227599572526
3250, 6.486909896090742
3500, 6.144916598294887
3750, 5.9531504264548865
4000, 6.267375846396959
4250, 6.273754856543249
4500, 6.203224967708329
4750, 6.039867548216599
5000, 6.053098380168622
5250, 5.3065996645686395
5500, 5.878775382679628
5750, 5.692099788303083
6000, 5.692099788303083
6250, 5.499090833947008
6500, 5.578530272392541
6750, 5.649778756730214
7000, 5.649778756730214
7250, 5.556977595779922
7500, 5.542562584220407
7750, 5.542562584220407
8000, 5.3065996645686395
8250, 5.3065996645686395
8500, 5.359104402789705
8750, 5.440588203494177
9000, 5.215361924162119
9250, 5.321653878260029
9500, 5.447935388750494
9750, 5.499090833947008
10000, 5.621387729022079
11000, 5.556977595779922
12000, 5.192301994298868
13000, 5.329165037789691
14000, 5.215361924162119
15000, 4.9396356140913875
16000, 4.833218389437829
17000, 4.724404724407087
18000, 4.6475800154489
19000, 4.507771067833858
20000, 4.560701700396552
21000, 4.551922670696417
22000, 4.890807704254994
23000, 5.138093031466052
24000, 4.931531202375181
25000, 4.882622246293481
26000, 4.749736834815167
27000, 5.0517323761260355
28000, 4.890807704254994
29000, 4.8166378315169185
30000, 4.849742261192857
31000, 4.824935232725927
32000, 4.971921157862421
33000, 4.824935232725927
34000, 4.732863826479693
35000, 4.741307836451879
36000, 4.595650117230423
37000, 4.749736834815167
38000, 4.664761515876241
39000, 4.534313619501853
40000, 4.507771067833858
41000, 4.715930449020639
42000, 4.890807704254994
43000, 5.571355310873647
44000, 5.359104402789705
45000, 5.528109984434101
46000, 5.6
47000, 5.621387729022079
48000, 5.388877434122992
49000, 5.628498911788116
50000, 5.571355310873647
51000, 5.396295025292817
52000, 5.678027826631356
53000, 5.556977595779922
54000, 5.447935388750494
55000, 5.3065996645686395
56000, 5.299056519796708
57000, 4.9396356140913875
58000, 4.749736834815167
59000, 4.68187996428785
60000, 4.5431266766402185
61000, 4.427188724235731
62000, 4.604345773288535
63000, 4.427188724235731
64000, 4.749736834815167
65000, 4.849742261192857
66000, 4.931531202375181
67000, 4.560701700396552
68000, 4.849742261192857
69000, 4.664761515876241
70000, 4.673328578219169
71000, 4.698936049788292
72000, 4.656178690729126
73000, 4.766550115125193
74000, 4.345112196480086
75000, 4.866210024238575
76000, 4.454211490264018
77000, 4.569463863518345
78000, 4.732863826479693
79000, 4.638965401897281
80000, 4.69041575982343
81000, 4.595650117230423
82000, 4.995998398718719
83000, 5.011985634456667
84000, 4.68187996428785
85000, 4.578209256903839
86000, 4.48998886412873
87000, 4.69041575982343
88000, 4.824935232725927
89000, 5.0039984012787215
90000, 4.890807704254994
91000, 4.551922670696417
92000, 4.6475800154489
93000, 4.586937976471886
94000, 4.715930449020639
95000, 4.4362146025637665
96000, 4.46318272088428
97000, 4.326661530556787
98000, 4.698936049788292
99000, 4.874423042781577
100000, 4.595650117230423
