1, 33.94063444702628
2, 33.14915785757862
3, 32.367164431462534
4, 31.76633438091339
5, 30.836666486505962
6, 30.26934643056129
7, 29.932702294758933
8, 28.99540193432975
9, 28.82649244474025
10, 28.77962242050209
15, 26.49968553272535
20, 25.66125484071268
25, 24.48945351234554
30, 23.230009327017786
35, 22.985502677412416
40, 21.67487024182613
45, 21.354936977976156
50, 20.11632835948615
55, 19.381262428782428
60, 18.375708603116962
65, 17.549928774784245
70, 17.193991198477836
75, 17.170711497586037
80, 15.950966532888637
85, 15.941559940398973
90, 15.453155017665487
95, 15.53061492665374
100, 15.503762984084434
150, 12.54325848148452
200, 11.681894823472204
250, 10.120935398140498
300, 9.513148795220223
350, 9.41629792788369
400, 9.146948489341495
450, 7.717944458640958
500, 7.552041666551723
550, 7.339391437078872
600, 6.475595210738032
650, 6.2289646009589745
700, 6.2289646009589745
750, 6.210206652492868
800, 6.0882400303098
850, 5.709640969448079
900, 5.712559263004047
950, 5.609515724790034
1000, 5.715476066494082
1250, 4.976611966656298
1500, 4.781910357447813
1750, 4.622409184253019
2000, 4.564354645876384
2250, 4.351245032554859
2500, 4.377975178854566
2750, 3.0441200151549
3000, 2.6645825188948455
3250, 2.422120283277993
3500, 2.4289915602982237
3750, 2.37346441585572
4000, 2.37346441585572
4250, 2.1525179054617256
4500, 2.136976056643281
4750, 1.9493588689617927
5000, 1.9493588689617927
5250, 1.9321835661585918
5500, 1.7701224063135672
5750, 1.798147194568157
6000, 1.798147194568157
6250, 1.8439088914585775
6500, 1.8973665961010275
6750, 1.879716290649558
7000, 1.879716290649558
7250, 1.8618986725025255
7500, 1.8529256146249728
7750, 1.8073922282301278
8000, 1.7320508075688772
8250, 1.816590212458495
8500, 1.9321835661585918
8750, 1.9321835661585918
9000, 1.9148542155126762
9250, 1.9578900207451218
9500, 1.9578900207451218
9750, 1.9578900207451218
10000, 1.7795130420052185
11000, 1.70293863659264
12000, 1.5491933384829668
13000, 1.5491933384829668
14000, 1.6733200530681511
15000, 1.6733200530681511
16000, 1.6733200530681511
17000, 1.4023789311975086
18000, 1.0954451150103321
19000, 1.0327955589886444
20000, 1.0165300454651272
21000, 1.0954451150103321
22000, 1.0954451150103321
23000, 1.0954451150103321
24000, 1.0954451150103321
25000, 1.0488088481701516
26000, 1.1254628677422756
27000, 1.1254628677422756
28000, 1.140175425099138
29000, 1.0954451150103321
30000, 1.0954451150103321
31000, 1.0645812948447542
32000, 0.983192080250175
33000, 0.983192080250175
34000, 0.983192080250175
35000, 0.9486832980505138
36000, 0.8755950357709131
37000, 0.8755950357709131
38000, 0.8755950357709131
39000, 0.8563488385776752
40000, 0.8563488385776752
41000, 0.8563488385776752
42000, 0.8563488385776752
43000, 0.8563488385776752
44000, 0.8944271909999159
45000, 0.8563488385776752
46000, 0.8563488385776752
47000, 0.7958224257542215
48000, 0.7958224257542215
49000, 0.7958224257542215
50000, 0.7958224257542215
51000, 0.7958224257542215
52000, 0.7958224257542215
53000, 0.7958224257542215
54000, 0.7958224257542215
55000, 0.7958224257542215
56000, 0.7745966692414834
57000, 0.7745966692414834
58000, 0.7745966692414834
59000, 0.7745966692414834
60000, 0.7745966692414834
61000, 0.7745966692414834
62000, 0.7745966692414834
63000, 0.816496580927726
64000, 0.816496580927726
65000, 0.7745966692414834
66000, 0.7745966692414834
67000, 0.7745966692414834
68000, 0.7745966692414834
69000, 0.7745966692414834
70000, 0.7745966692414834
71000, 0.7745966692414834
72000, 0.7745966692414834
73000, 0.752772652709081
74000, 0.752772652709081
75000, 0.752772652709081
76000, 0.752772652709081
77000, 0.752772652709081
78000, 0.752772652709081
79000, 0.7745966692414834
80000, 0.7745966692414834
81000, 0.752772652709081
82000, 0.752772652709081
83000, 0.752772652709081
84000, 0.752772652709081
85000, 0.752772652709081
86000, 0.752772652709081
87000, 0.752772652709081
88000, 0.752772652709081
89000, 0.752772652709081
90000, 0.752772652709081
91000, 0.752772652709081
92000, 0.752772652709081
93000, 0.752772652709081
94000, 0.752772652709081
95000, 0.752772652709081
96000, 0.7745966692414834
97000, 0.7745966692414834
98000, 0.7745966692414834
99000, 0.7745966692414834
100000, 0.7745966692414834
