1, 10.677078252031311
2, 9.944847912361455
3, 9.934787365615835
4, 9.038805230781334
5, 9.038805230781334
6, 9.038805230781334
7, 9.033271832508971
8, 9.033271832508971
9, 9.033271832508971
10, 9.033271832508971
15, 9.033271832508971
20, 9.033271832508971
25, 9.033271832508971
30, 9.033271832508971
35, 9.033271832508971
40, 9.033271832508971
45, 9.033271832508971
50, 9.033271832508971
55, 9.033271832508971
60, 9.033271832508971
65, 9.033271832508971
70, 9.033271832508971
75, 9.033271832508971
80, 9.033271832508971
85, 9.033271832508971
90, 9.033271832508971
95, 9.033271832508971
100, 9.033271832508971
150, 8.977750274985375
200, 7.416198487095663
250, 7.416198487095663
300, 7.496665925596525
350, 7.341661937191061
400, 6.670832032063167
450, 6.884765791223402
500, 6.760177512462229
550, 6.760177512462229
600, 5.744562646538029
650, 5.531726674375733
700, 5.822370651203855
750, 5.822370651203855
800, 5.822370651203855
850, 5.822370651203855
900, 5.504543577809154
950, 5.504543577809154
1000, 5.504543577809154
1250, 5.727128425310541
1500, 5.630275304103699
1750, 5.822370651203855
2000, 5.813776741499453
2250, 5.813776741499453
2500, 5.310367218940701
2750, 5.735852159879995
3000, 5.830951894845301
3250, 5.822370651203855
3500, 6.268971207462991
3750, 5.974947698515862
4000, 5.974947698515862
4250, 6.457553716385176
4500, 6.6257075093909785
4750, 6.723094525588644
5000, 6.723094525588644
5250, 6.603029607687671
5500, 6.565059024867941
5750, 6.6332495807108
6000, 6.549809157525126
6250, 6.212889826803627
6500, 6.465291950097845
6750, 6.340346993658944
7000, 6.519202405202649
7250, 7.00713921654194
7500, 6.928203230275509
7750, 6.81175454637056
8000, 6.708203932499369
8250, 6.300793600809346
8500, 6.752777206453653
8750, 6.708203932499369
9000, 6.708203932499369
9250, 6.774953874381729
9500, 6.603029607687671
9750, 6.715653356152326
10000, 6.59545297913646
11000, 6.892024376045111
12000, 6.371812928829597
13000, 6.418722614352485
14000, 6.115553940568262
15000, 6.356099432828281
16000, 6.549809157525126
17000, 6.363961030678928
18000, 6.434283176858165
19000, 6.48074069840786
20000, 6.48074069840786
21000, 6.44980619863884
22000, 6.074537019394976
23000, 5.890670590009257
24000, 5.966573556070519
25000, 6.123724356957945
26000, 5.813776741499453
27000, 5.612486080160912
28000, 5.9497899122574065
29000, 6.244997998398398
30000, 5.9076221950967716
31000, 6.074537019394976
32000, 6.016643582596529
33000, 5.873670062235365
34000, 6.252999280345393
35000, 6.18869937870632
36000, 6.220932405998316
37000, 6.2048368229954285
38000, 6.276941930590086
39000, 6.0909769331364245
40000, 5.932958789676531
41000, 5.974947698515862
42000, 5.709640969448079
43000, 5.5677643628300215
44000, 5.761944116355173
45000, 5.941380311005179
46000, 5.92452529743945
47000, 5.683308895353129
48000, 5.958187643906492
49000, 5.522680508593631
50000, 5.440588203494177
51000, 5.674504383644443
52000, 5.630275304103699
53000, 5.60357029044876
54000, 5.718391382198319
55000, 5.770615218501403
56000, 5.674504383644443
57000, 5.856620185738529
58000, 5.735852159879995
59000, 5.639148871948674
60000, 5.621387729022079
61000, 5.727128425310541
62000, 5.727128425310541
63000, 5.727128425310541
64000, 5.639148871948674
65000, 5.612486080160912
66000, 5.412947441089743
67000, 5.718391382198319
68000, 5.718391382198319
69000, 5.674504383644443
70000, 5.531726674375733
71000, 5.941380311005179
72000, 5.648008498577175
73000, 5.5677643628300215
74000, 5.549774770204643
75000, 5.422176684690384
76000, 5.639148871948674
77000, 5.709640969448079
78000, 5.856620185738529
79000, 6.0332412515993425
80000, 6.107372593840988
81000, 6.082762530298219
82000, 6.123724356957945
83000, 6.074537019394976
84000, 6.0332412515993425
85000, 6.107372593840988
86000, 6.268971207462991
87000, 6.363961030678928
88000, 6.387487769068525
89000, 6.371812928829597
90000, 6.442049363362563
91000, 6.59545297913646
92000, 6.519202405202649
93000, 6.587867636800241
94000, 6.526867548832288
95000, 6.648308055437865
96000, 6.48074069840786
97000, 6.356099432828281
98000, 6.899275324264136
99000, 6.848357467305573
100000, 6.826419266350405
