1, 13.564659966250536
2, 13.564659966250536
3, 12.724778976469493
4, 12.724778976469493
5, 11.902940813093208
6, 11.902940813093208
7, 11.902940813093208
8, 11.103152705425607
9, 11.103152705425607
10, 11.103152705425607
15, 11.099549540409287
20, 11.099549540409287
25, 10.318914671611545
30, 10.318914671611545
35, 10.318914671611545
40, 10.318914671611545
45, 10.318914671611545
50, 10.318914671611545
55, 10.318914671611545
60, 10.318914671611545
65, 10.318914671611545
70, 10.318914671611545
75, 10.318914671611545
80, 10.318914671611545
85, 10.318914671611545
90, 10.318914671611545
95, 10.318914671611545
100, 10.318914671611545
150, 8.885943956609225
200, 8.890444308357148
250, 8.890444308357148
300, 8.885943956609225
350, 8.885943956609225
400, 8.885943956609225
450, 8.885943956609225
500, 8.885943956609225
550, 8.885943956609225
600, 8.858893836140041
650, 8.858893836140041
700, 8.858893836140041
750, 8.858893836140041
800, 8.38570211729465
850, 8.38570211729465
900, 8.2365041127896
950, 8.2365041127896
1000, 8.2365041127896
1250, 7.771743691090179
1500, 7.418894796396563
1750, 6.729041536504289
2000, 5.939696961966999
2250, 5.973273809227232
2500, 5.973273809227232
2750, 5.556977595779922
3000, 5.768882040742383
3250, 6.222539674441618
3500, 6.039867548216599
3750, 5.621387729022079
4000, 5.499090833947008
4250, 5.61426753904728
4500, 6.04648658313239
4750, 6.04648658313239
5000, 6.04648658313239
5250, 5.73410847473258
5500, 5.73410847473258
5750, 5.628498911788116
6000, 5.768882040742383
6250, 5.768882040742383
6500, 5.768882040742383
6750, 5.699122739510003
7000, 5.727128425310541
7250, 5.642694391866354
7500, 5.642694391866354
7750, 5.81033561853358
8000, 5.81033561853358
8250, 5.817215828899595
8500, 5.885575587824865
8750, 5.885575587824865
9000, 5.919459434779497
9250, 5.919459434779497
9500, 5.67097875150313
9750, 5.748043145279966
10000, 5.663920903402518
11000, 6.039867548216599
12000, 6.131883886702357
13000, 6.06630035524124
14000, 6.4124878167525585
15000, 6.456004956627589
16000, 6.424951361683604
17000, 6.437390775772433
18000, 5.966573556070519
19000, 6.305553108173778
20000, 6.06630035524124
21000, 6.381222453417527
22000, 5.986651818838307
23000, 6.48074069840786
24000, 6.20966987850401
25000, 6.0
26000, 6.06630035524124
27000, 5.90592922409336
28000, 6.157921727336261
29000, 6.260990336999411
30000, 6.079473661428265
31000, 5.761944116355173
32000, 5.803447251418763
33000, 5.803447251418763
34000, 6.092618484691126
35000, 5.865151319446072
36000, 5.761944116355173
37000, 5.3516352641038605
38000, 5.993329625508679
39000, 5.418486873657627
40000, 5.628498911788116
41000, 5.720139858430037
42000, 5.9262129560116215
43000, 5.871967302361279
44000, 5.775811631277461
45000, 6.0
46000, 5.796550698475776
47000, 5.748043145279966
48000, 6.151422599691879
49000, 6.0332412515993425
50000, 5.939696961966999
51000, 6.164414002968976
52000, 6.118823416311342
53000, 6.11228271597445
54000, 6.04648658313239
55000, 6.019966777316965
56000, 6.164414002968976
57000, 6.324555320336759
58000, 6.267375846396959
59000, 6.29285308902091
60000, 6.29285308902091
61000, 6.006662967072482
62000, 6.0
63000, 5.993329625508679
64000, 6.1773780845922
65000, 5.979966555090421
66000, 6.019966777316965
67000, 5.9262129560116215
68000, 5.748043145279966
69000, 5.830951894845301
70000, 5.374011537017761
71000, 5.1146847410177685
72000, 5.122499389946279
73000, 5.321653878260029
74000, 5.692099788303083
75000, 5.469917732470938
76000, 5.440588203494177
77000, 5.344155686354955
78000, 5.817215828899595
79000, 5.892367945062494
80000, 5.542562584220407
81000, 5.528109984434101
82000, 5.932958789676531
83000, 5.979966555090421
84000, 5.782732917920384
85000, 5.871967302361279
86000, 6.04648658313239
87000, 5.858327406350724
88000, 5.993329625508679
89000, 5.796550698475776
90000, 5.528109984434101
91000, 5.699122739510003
92000, 5.6
93000, 5.4845236803208355
94000, 5.878775382679628
95000, 5.692099788303083
96000, 5.506359959174482
97000, 5.720139858430037
98000, 5.885575587824865
99000, 5.858327406350724
100000, 5.748043145279966
