1, 16.72323732614791
2, 16.42964799785234
3, 16.437761404765553
4, 15.781846110853657
5, 15.292699783447874
6, 14.809906594348709
7, 14.470659971127786
8, 13.572030061858838
9, 12.54325848148452
10, 12.449899597988733
15, 11.718930554164631
20, 11.604596790352806
25, 10.152175464730043
30, 10.233930492891446
35, 8.426149773176359
40, 8.087026647662292
45, 8.06225774829855
50, 7.637626158259733
55, 7.659416862050705
60, 7.754568545917518
65, 7.576278769950324
70, 7.54983443527075
75, 7.518865162598232
80, 7.080489625254269
85, 7.033254343948231
90, 7.155417527999327
95, 6.7379522111692065
100, 6.723094525588644
150, 6.060803027102377
200, 5.316640543300503
250, 4.374166587286466
300, 4.343577634469846
350, 4.066120181860509
400, 4.343577634469846
450, 3.8901585229053754
500, 3.794733192202055
550, 3.4737107920301407
600, 3.3862466931200785
650, 3.3065591380365986
700, 3.444802848737017
750, 3.714835124201342
800, 3.750555514409388
850, 3.7058512292499457
900, 3.5118845842842465
950, 3.759432581299116
1000, 3.941235001028654
1250, 3.0
1500, 2.851899951494325
1750, 2.3804761428476167
2000, 2.569046515733026
2250, 2.516611478423583
2500, 2.422120283277993
2750, 2.1908902300206643
3000, 2.160246899469287
3250, 2.0
3500, 1.9493588689617927
3750, 1.7511900715418263
4000, 1.8073922282301278
4250, 1.8439088914585775
4500, 1.7888543819998317
4750, 1.6931233465600393
5000, 1.390443574307614
5250, 1.390443574307614
5500, 1.3416407864998738
5750, 1.0954451150103321
6000, 1.1547005383792515
6250, 1.3165611772087666
6500, 1.4832396974191326
6750, 1.2382783747337807
7000, 1.2649110640673518
7250, 1.2649110640673518
7500, 1.0645812948447542
7750, 1.4142135623730951
8000, 1.2649110640673518
8250, 1.390443574307614
8500, 1.4142135623730951
8750, 1.505545305418162
9000, 1.591644851508443
9250, 1.5275252316519468
9500, 1.61245154965971
9750, 1.632993161855452
10000, 1.5275252316519468
11000, 1.2649110640673518
12000, 1.0645812948447542
13000, 1.5491933384829668
14000, 1.2649110640673518
15000, 1.390443574307614
16000, 1.3416407864998738
17000, 1.505545305418162
18000, 1.4605934866804429
19000, 1.4375905768565218
20000, 1.4142135623730951
21000, 1.4375905768565218
22000, 1.2382783747337807
23000, 1.2382783747337807
24000, 1.2382783747337807
25000, 1.3416407864998738
26000, 1.1547005383792515
27000, 1.4142135623730951
28000, 1.4605934866804429
29000, 1.4605934866804429
30000, 1.2110601416389966
31000, 1.2382783747337807
32000, 1.2649110640673518
33000, 1.2382783747337807
34000, 1.0954451150103321
35000, 1.2110601416389966
36000, 1.1832159566199232
37000, 1.1832159566199232
38000, 1.1547005383792515
39000, 1.1547005383792515
40000, 1.0954451150103321
41000, 0.9660917830792959
42000, 0.9660917830792959
43000, 1.0954451150103321
44000, 1.1254628677422756
45000, 0.8944271909999159
46000, 0.8563488385776752
47000, 0.816496580927726
48000, 0.9309493362512627
49000, 0.8563488385776752
50000, 0.8563488385776752
51000, 1.0
52000, 0.8944271909999159
53000, 0.9660917830792959
54000, 0.9309493362512627
55000, 0.9660917830792959
56000, 0.8563488385776752
57000, 0.9660917830792959
58000, 0.9660917830792959
59000, 0.9660917830792959
60000, 1.0
61000, 0.9309493362512627
62000, 0.8944271909999159
63000, 0.8944271909999159
64000, 1.0327955589886444
65000, 0.8944271909999159
66000, 0.7745966692414834
67000, 0.7745966692414834
68000, 0.7745966692414834
69000, 0.7745966692414834
70000, 0.6324555320336759
71000, 0.6324555320336759
72000, 0.6831300510639732
73000, 0.6831300510639732
74000, 0.6324555320336759
75000, 0.9309493362512627
76000, 0.6831300510639732
77000, 0.6324555320336759
78000, 0.8944271909999159
79000, 0.6831300510639732
80000, 0.6831300510639732
81000, 0.6831300510639732
82000, 0.8944271909999159
83000, 0.6324555320336759
84000, 0.6324555320336759
85000, 0.6324555320336759
86000, 0.6324555320336759
87000, 0.6831300510639732
88000, 0.6831300510639732
89000, 0.6831300510639732
90000, 0.6324555320336759
91000, 0.6324555320336759
92000, 0.7302967433402214
93000, 0.6324555320336759
94000, 0.6831300510639732
95000, 0.6831300510639732
96000, 0.6324555320336759
97000, 0.6324555320336759
98000, 0.7302967433402214
99000, 0.5163977794943222
100000, 0.7302967433402214
