1, 13.564659966250536
2, 13.6088206689632
3, 13.16054710108968
4, 12.812493902437573
5, 12.92749008895385
6, 12.831211945876351
7, 12.178669878110663
8, 12.178669878110663
9, 11.801694793545543
10, 11.79152237838694
15, 11.478675881825394
20, 10.613199329137279
25, 9.919677414109795
30, 9.461500938011897
35, 8.87693640846886
40, 8.390470785361213
45, 8.207313811473277
50, 7.271863585079137
55, 7.525955088890711
60, 7.370210309075311
65, 6.9397406291589885
70, 6.5360538553472765
75, 6.663332499583072
80, 6.468384651518492
85, 6.387487769068525
90, 6.235382907247958
95, 5.892367945062494
100, 5.932958789676531
150, 4.2895221179054435
200, 3.249615361854384
250, 3.4641016151377544
300, 2.898275349237888
350, 2.6076809620810595
400, 2.5612496949731396
450, 1.697056274847714
500, 1.4966629547095767
550, 1.3564659966250536
600, 1.3856406460551018
650, 1.1661903789690602
700, 1.131370849898476
750, 1.131370849898476
800, 0.938083151964686
850, 0.8944271909999159
900, 0.8944271909999159
950, 0.6324555320336759
1000, 0.565685424949238
1250, 0.565685424949238
1500, 0.4
1750, 0.0
2000, 0.0
2250, 0.0
2500, 0.0
2750, 0.0
3000, 0.0
3250, 0.0
3500, 0.0
3750, 0.0
4000, 0.0
4250, 0.0
4500, 0.0
4750, 0.0
5000, 0.0
5250, 0.0
5500, 0.0
5750, 0.0
6000, 0.0
6250, 0.0
6500, 0.0
6750, 0.0
7000, 0.0
7250, 0.0
7500, 0.0
7750, 0.0
8000, 0.0
8250, 0.0
8500, 0.0
8750, 0.0
9000, 0.0
9250, 0.0
9500, 0.0
9750, 0.0
10000, 0.0
11000, 0.0
12000, 0.0
13000, 0.0
14000, 0.0
15000, 0.0
16000, 0.0
17000, 0.0
18000, 0.0
19000, 0.0
20000, 0.0
21000, 0.0
22000, 0.0
23000, 0.0
24000, 0.0
25000, 0.0
26000, 0.0
27000, 0.0
28000, 0.0
29000, 0.0
30000, 0.0
31000, 0.0
32000, 0.0
33000, 0.0
34000, 0.0
35000, 0.0
36000, 0.0
37000, 0.0
38000, 0.0
39000, 0.0
40000, 0.0
41000, 0.0
42000, 0.0
43000, 0.0
44000, 0.0
45000, 0.0
46000, 0.0
47000, 0.0
48000, 0.0
49000, 0.0
50000, 0.0
51000, 0.0
52000, 0.0
53000, 0.0
54000, 0.0
55000, 0.0
56000, 0.0
57000, 0.0
58000, 0.0
59000, 0.0
60000, 0.0
61000, 0.0
62000, 0.0
63000, 0.0
64000, 0.0
65000, 0.0
66000, 0.0
67000, 0.0
68000, 0.0
69000, 0.0
70000, 0.0
71000, 0.0
72000, 0.0
73000, 0.0
74000, 0.0
75000, 0.0
76000, 0.0
77000, 0.0
78000, 0.0
79000, 0.0
80000, 0.0
81000, 0.0
82000, 0.0
83000, 0.0
84000, 0.0
85000, 0.0
86000, 0.0
87000, 0.0
88000, 0.0
89000, 0.0
90000, 0.0
91000, 0.0
92000, 0.0
93000, 0.0
94000, 0.0
95000, 0.0
96000, 0.0
97000, 0.0
98000, 0.0
99000, 0.0
100000, 0.0
