1, 34.2777867819185
2, 33.44547802020476
3, 32.81412297573511
4, 32.797865784224435
5, 31.95100415740743
6, 31.394266992557736
7, 30.747899657266565
8, 30.50846876961652
9, 30.47786081732115
10, 29.52908171052169
15, 29.116432931708285
20, 28.138940989312303
25, 27.81246722844511
30, 26.125338913272174
35, 24.923215415886183
40, 23.073072328293573
45, 22.356207191739838
50, 21.477895613863105
55, 19.40188994230545
60, 17.573654524125974
65, 16.48939052845799
70, 16.168900189355284
75, 15.826138716271467
80, 15.472556349873152
85, 15.49085751876463
90, 15.5327610767264
95, 15.341664403403781
100, 14.332945731193337
150, 12.820556410182308
200, 11.834976411749484
250, 10.920927921503129
300, 9.280804562823922
350, 8.455767262643882
400, 7.052186422190875
450, 6.8507907086214015
500, 6.610597552415364
550, 6.3744280789207535
600, 6.3796551630946325
650, 6.485882103975269
700, 6.392704174812617
750, 6.196773353931867
800, 5.896326540030383
850, 5.32603667530244
900, 5.412947441089743
950, 5.461989869391313
1000, 5.522680508593631
1250, 4.553387017741116
1500, 4.857983120596447
1750, 4.626013402488151
2000, 4.600724580614087
2250, 4.183300132670378
2500, 4.320493798938574
2750, 4.355073669487885
3000, 4.131182235954578
3250, 4.219004621945797
3500, 4.183300132670378
3750, 4.183300132670378
4000, 3.987480407475377
4250, 4.167333280008532
4500, 4.43471156521669
4750, 4.312771730569565
5000, 4.494441010848846
5250, 4.636809247747852
5500, 4.636809247747852
5750, 4.199206274206274
6000, 4.143267631552018
6250, 4.115013163202924
6500, 3.8686776379877745
6750, 3.6285901761795403
7000, 3.7903385952532878
7250, 3.7461090925563463
7500, 3.521363372331802
7750, 3.6514837167011076
8000, 3.696845502136472
8250, 3.559026084010437
8500, 3.5637059362410923
8750, 3.582364210034113
9000, 3.235222815613581
9250, 2.851899951494325
9500, 2.9040202019499337
9750, 2.689485700525908
10000, 2.7141603981096374
11000, 2.7141603981096374
12000, 2.614064523559687
13000, 2.5099800796022267
14000, 2.4899799195977463
15000, 2.3523038352503134
16000, 2.4698178070456938
17000, 2.1447610589527217
18000, 2.2211108331943574
19000, 2.057506581601462
20000, 1.5811388300841898
21000, 1.632993161855452
22000, 1.5491933384829668
23000, 1.66332999331662
24000, 1.4832396974191326
25000, 1.3416407864998738
26000, 1.4259499757471625
27000, 1.3416407864998738
28000, 1.224744871391589
29000, 1.3038404810405297
30000, 1.4142135623730951
31000, 1.61245154965971
32000, 1.35400640077266
33000, 1.5275252316519468
34000, 1.4023789311975086
35000, 1.4142135623730951
36000, 1.4605934866804429
37000, 1.449137674618944
38000, 1.378404875209022
39000, 1.4142135623730951
40000, 1.6431676725154984
41000, 1.622754859285078
42000, 1.6020819787597222
43000, 1.5491933384829668
44000, 1.5383974345619102
45000, 1.5491933384829668
46000, 1.505545305418162
47000, 1.378404875209022
48000, 1.4719601443879744
49000, 1.449137674618944
50000, 1.4719601443879744
51000, 1.4719601443879744
52000, 1.4719601443879744
53000, 1.4719601443879744
54000, 1.3038404810405297
55000, 1.622754859285078
56000, 1.3291601358251257
57000, 1.3038404810405297
58000, 1.4719601443879744
59000, 1.378404875209022
60000, 1.4375905768565218
61000, 1.390443574307614
62000, 1.4375905768565218
63000, 1.3416407864998738
64000, 1.3662601021279464
65000, 1.2516655570345725
66000, 1.1547005383792515
67000, 1.224744871391589
68000, 1.2649110640673518
69000, 1.224744871391589
70000, 1.390443574307614
71000, 1.3416407864998738
72000, 1.390443574307614
73000, 1.3662601021279464
74000, 1.4832396974191326
75000, 1.378404875209022
76000, 1.35400640077266
77000, 1.3416407864998738
78000, 1.3662601021279464
79000, 1.4142135623730951
80000, 1.3416407864998738
81000, 1.2110601416389966
82000, 1.2382783747337807
83000, 1.1690451944500122
84000, 1.2780193008453875
85000, 1.224744871391589
86000, 1.1972189997378648
87000, 1.2649110640673518
88000, 1.2110601416389966
89000, 1.140175425099138
90000, 1.0954451150103321
91000, 1.1547005383792515
92000, 1.0801234497346435
93000, 1.140175425099138
94000, 1.1547005383792515
95000, 1.1254628677422756
96000, 1.2382783747337807
97000, 1.2382783747337807
98000, 1.1832159566199232
99000, 1.1832159566199232
100000, 1.2909944487358056
