10.449880382090505
9.135097153287424
7.978095010715277
8.390470785361213
8.093207028119323
8.188406438373708
8.194510357550353
8.324662155306964
8.0156097709407
8.255301327026167
8.028075734570521
8.059156283383516
7.758865896508329
7.64198926981712
7.612489737267302
7.720103626247513
7.807048097712733
7.293833011524188
7.493330367733695
7.874007874011811
7.92148975887743
7.984359711335656
7.569676347110224
7.314369419163897
7.3484692283495345
7.533259586659682
7.493330367733695
7.516648189186454
7.365459931328117
7.406078584514209
7.351870510285121
7.6452599694189605
7.694153624668538
7.556454194925025
7.290404652692469
7.13792686989717
6.9390201037322266
7.290404652692469
7.19027120489902
7.286974680894672
7.231873892705818
6.985699678629192
7.158910531638177
7.14142842854285
7.155417527999327
7.158910531638177
7.479973261984297
7.605918747922567
7.546522377890362
7.582875444051551
7.513321502504734
7.58946638440411
7.214568594171102
7.355270219373317
7.307530362578044
7.483314773547883
7.351870510285121
7.392563831310488
7.042726744663604
7.179832867135557
7.439758060582347
7.249137879775773
7.566372975210778
7.412826721298698
7.269800547470337
7.113367697511496
6.88839603971781
6.822756041366275
6.453681120105021
6.438167441127949
6.300793600809346
6.6332495807108
6.488451279003334
6.469157595854347
6.442049363362563
6.34428877022476
6.5
6.383572667401852
6.44980619863884
6.442049363362563
6.54217089351845
6.469157595854347
6.5383484153110105
6.606814663663572
6.469157595854347
6.438167441127949
6.599242380758567
6.48074069840786
6.395310782127793
6.519202405202649
6.526867548832288
6.395310782127793
6.391400472509918
6.356099432828281
6.24099351065197
6.352164985262899
6.300793600809346
6.614378277661476
6.383572667401852
6.3796551630946325
6.383572667401852
6.418722614352485
6.599242380758567
6.663332499583072
6.723094525588644
6.674578638386096
6.767569726275452
6.996427659884722
6.822756041366275
6.819090848492928
6.7638746292343415
6.920982589199311
6.7712628068920795
6.730527468185536
6.862943974709396
6.830080526611674
6.848357467305573
6.924593850905626
7.155417527999327
6.935416353759881
6.877499545619759
6.5612498809297
6.7379522111692065
6.899275324264136
6.85200700525036
7.010706098532443
7.085195833567341
7.053367989832942
6.989277502002621
6.98212002188447
7.0285133563222315
7.05691150575094
7.19027120489902
7.116881339463234
7.158910531638177
7.172865536171719
7.20416546173115
7.307530362578044
7.379024325749306
7.334848328356899
7.231873892705818
7.283543093852058
7.372245248226622
7.483314773547883
7.543208866258444
7.503332592921628
7.684399781375251
7.58946638440411
7.6583287994183165
7.5398938984577235
7.469939758793239
7.569676347110224
7.469939758793239
7.513321502504734
7.321202087089251
7.389181280764467
7.321202087089251
7.26636084983398
7.249137879775773
7.12039324756716
7.245688373094719
7.3246160308919945
7.385797181076664
7.439758060582347
7.5
7.466592261534039
7.493330367733695
7.3484692283495345
7.389181280764467
7.419568720619818
7.399324293474371
7.355270219373317
7.523297149521611
7.536577472566709
7.486654793697917
7.546522377890362
7.713624310270756
7.635443667528429
7.516648189186454
7.566372975210778
7.605918747922567
7.762087348130012
7.582875444051551
7.58946638440411
7.6681158050723255
7.503332592921628
7.473285756613352
7.446475676452586
7.466592261534039
7.559761901012491
7.582875444051551
7.566372975210778
7.553145040312677
7.5099933422074345
7.622335600063802
7.78138805098422
7.758865896508329
7.6681158050723255
7.700649323271382
7.664854858377946
7.8230428862431785
7.85175139698144
7.893034904268446
7.930952023559341
7.959271323431562
7.978095010715277
7.962411694957753
7.987490219086343
7.905694150420948
7.8198465458089395
7.870832230456955
7.918333157931662
7.918333157931662
7.893034904268446
7.867655305108378
7.893034904268446
7.9435508432942
7.927799190191437
7.965550828411052
8.040522371090077
8.148619514985345
8.105553651663778
8.087026647662292
8.049844718999243
8.10246875958186
8.012490249604053
8.12403840463596
8.206704576137732
8.068457101577723
8.068457101577723
8.136338242723197
8.19756061276768
8.17618492941543
8.267405880927825
8.206704576137732
8.228000972289685
8.270429251254134
8.315647900193948
8.306623862918075
8.224962005991275
8.261355820929152
8.246211251235321
8.249242389456137
8.267405880927825
8.261355820929152
8.237111144084436
8.06225774829855
8.12403840463596
8.228000972289685
8.179242018671413
8.07465169527454
7.993747556684537
8.018728078691781
7.978095010715277
8.080841540334768
8.139410298049853
7.993747556684537
8.00312438988674
7.984359711335656
7.996874389409903
8.071554992688831
8.059156283383516
8.117881497040962
8.10246875958186
8.056053624449133
8.06225774829855
8.00312438988674
8.068457101577723
8.139410298049853
8.133265027035575
8.077747210701755
8.031189202104505
8.065358020571685
8.071554992688831
8.006247560499238
7.981227975693966
7.937253933193772
7.92148975887743
7.912016177940993
7.993747556684537
7.912016177940993
7.92464510246358
7.918333157931662
7.816648898345122
7.893034904268446
7.893034904268446
7.918333157931662
7.899367063252599
7.94669742723353
7.996874389409903
7.978095010715277
8.068457101577723
8.194510357550353
8.12403840463596
8.188406438373708
8.040522371090077
8.083934685535256
8.108637370113428
8.012490249604053
7.990619500389191
7.978095010715277
7.880355321938218
7.927799190191437
7.937253933193772
7.984359711335656
8.083934685535256
8.06225774829855
8.077747210701755
8.065358020571685
8.093207028119323
8.037412518964047
8.0156097709407
8.034301463101817
7.974960814950754
7.965550828411052
7.937253933193772
7.927799190191437
7.877182237323192
7.92464510246358
7.940403012442126
7.9435508432942
7.930952023559341
7.912016177940993
7.912016177940993
7.899367063252599
8.0
8.009369513263826
8.065358020571685
7.9435508432942
7.940403012442126
8.04673846971554
8.083934685535256
8.105553651663778
7.971825386948713
7.867655305108378
7.962411694957753
7.959271323431562
8.071554992688831
8.099382692526634
8.099382692526634
8.083934685535256
8.037412518964047
8.059156283383516
8.114801291467339
8.028075734570521
8.068457101577723
8.154753215150045
8.154753215150045
8.264381404557755
8.255301327026167
8.318653737234168
8.255301327026167
8.273451516749223
8.258329128825032
8.261355820929152
8.218880702382776
8.224962005991275
8.19756061276768
8.139410298049853
8.056053624449133
8.06225774829855
7.94669742723353
8.021845174272562
8.028075734570521
7.971825386948713
8.10246875958186
8.218880702382776
8.12403840463596
8.105553651663778
8.154753215150045
8.191458966508957
8.203657720797473
8.252272414311102
8.179242018671413
8.077747210701755
8.096295449154509
8.170067319184096
8.206704576137732
8.206704576137732
8.224962005991275
8.170067319184096
8.203657720797473
8.018728078691781
8.065358020571685
7.9088557958784405
7.807048097712733
7.854934754662192
7.984359711335656
7.9498427657407165
7.9498427657407165
7.8198465458089395
7.842193570679061
7.864477096412704
7.8390050389064045
7.905694150420948
7.8230428862431785
7.8230428862431785
7.794228634059948
7.810249675906654
7.810249675906654
