1, 16.7710067278821
2, 16.010413278030438
3, 15.539197748489677
4, 14.671968738607191
5, 13.940349110884323
6, 13.104706533659321
7, 13.058841194123364
8, 11.96383439091888
9, 11.882760622010357
10, 11.8490505948789
15, 11.843422928641308
20, 10.981803130633876
25, 10.178408519999577
30, 8.582928793055823
35, 8.899438184514796
40, 7.954034615631659
45, 7.398197978787357
50, 6.366579406033772
55, 6.27162924074226
60, 6.4239136565388755
65, 5.994441870043727
70, 6.110100926607787
75, 5.692099788303083
80, 5.240865068542279
85, 5.247221486971303
90, 5.253570214625479
95, 5.18973345494095
100, 5.221749387577564
150, 3.8901585229053754
200, 4.041451884327381
250, 3.678767909685705
300, 3.32665998663324
350, 3.1937438845342623
400, 2.816617356570348
450, 2.816617356570348
500, 2.8635642126552705
550, 2.74469184669852
600, 2.7325202042558927
650, 2.594866727470475
700, 2.503331114069145
750, 2.3664319132398464
800, 2.594866727470475
850, 2.6204325342711394
900, 2.2949219304078006
950, 2.265686062395524
1000, 2.2949219304078006
1250, 2.280350850198276
1500, 2.1756225162774294
1750, 2.160246899469287
2000, 1.8973665961010275
2250, 2.016597794967223
2500, 2.3664319132398464
2750, 2.1447610589527217
3000, 1.96638416050035
3250, 1.9493588689617927
3500, 2.2211108331943574
3750, 1.8257418583505538
4000, 1.8618986725025255
4250, 1.4375905768565218
4500, 1.4605934866804429
4750, 1.5491933384829668
5000, 1.4142135623730951
5250, 1.4142135623730951
5500, 1.4605934866804429
5750, 1.5275252316519468
6000, 1.3165611772087666
6250, 1.1254628677422756
6500, 1.4375905768565218
6750, 1.570562531918633
7000, 1.5275252316519468
7250, 1.2649110640673518
7500, 1.3662601021279464
7750, 1.4375905768565218
8000, 1.632993161855452
8250, 1.5491933384829668
8500, 1.591644851508443
8750, 1.3662601021279464
9000, 1.3416407864998738
9250, 1.1547005383792515
9500, 0.8944271909999159
9750, 0.8563488385776752
10000, 0.8944271909999159
11000, 0.8944271909999159
12000, 1.2110601416389966
13000, 1.0954451150103321
14000, 0.6831300510639732
15000, 0.816496580927726
16000, 0.816496580927726
17000, 0.8563488385776752
18000, 0.816496580927726
19000, 0.7302967433402214
20000, 0.5773502691896257
21000, 0.6324555320336759
22000, 0.7302967433402214
23000, 0.6324555320336759
24000, 0.8563488385776752
25000, 0.5773502691896257
26000, 0.3651483716701107
27000, 0.3651483716701107
28000, 0.5163977794943222
29000, 0.4472135954999579
30000, 0.4472135954999579
31000, 0.5163977794943222
32000, 0.4472135954999579
33000, 0.3651483716701107
34000, 0.2581988897471611
35000, 0.2581988897471611
36000, 0.2581988897471611
37000, 0.2581988897471611
38000, 0.3651483716701107
39000, 0.3651483716701107
40000, 0.4472135954999579
41000, 0.4472135954999579
42000, 0.5773502691896257
43000, 0.5773502691896257
44000, 0.6324555320336759
45000, 0.6324555320336759
46000, 0.5773502691896257
47000, 0.5773502691896257
48000, 0.6324555320336759
49000, 0.6831300510639732
50000, 0.6324555320336759
51000, 0.5773502691896257
52000, 0.5773502691896257
53000, 0.5773502691896257
54000, 0.5163977794943222
55000, 0.5163977794943222
56000, 0.5163977794943222
57000, 0.5163977794943222
58000, 0.5163977794943222
59000, 0.5773502691896257
60000, 0.6324555320336759
61000, 0.6831300510639732
62000, 0.6324555320336759
63000, 0.6324555320336759
64000, 0.6324555320336759
65000, 0.6324555320336759
66000, 0.5773502691896257
67000, 0.5163977794943222
68000, 0.5163977794943222
69000, 0.4472135954999579
70000, 0.6324555320336759
71000, 0.6324555320336759
72000, 0.6324555320336759
73000, 0.5773502691896257
74000, 0.5773502691896257
75000, 0.6324555320336759
76000, 0.4472135954999579
77000, 0.3651483716701107
78000, 0.5163977794943222
79000, 0.4472135954999579
80000, 0.4472135954999579
81000, 0.4472135954999579
82000, 0.4472135954999579
83000, 0.4472135954999579
84000, 0.3651483716701107
85000, 0.3651483716701107
86000, 0.5163977794943222
87000, 0.4472135954999579
88000, 0.5163977794943222
89000, 0.4472135954999579
90000, 0.5163977794943222
91000, 0.4472135954999579
92000, 0.4472135954999579
93000, 0.4472135954999579
94000, 0.4472135954999579
95000, 0.5163977794943222
96000, 0.4472135954999579
97000, 0.4472135954999579
98000, 0.4472135954999579
99000, 0.4472135954999579
100000, 0.4472135954999579
