1, 13.945608627808253
2, 21.00628477384804
3, 22.603893469931236
4, 26.675531859739927
5, 28.056656964078954
6, 29.43086814893506
7, 29.664119740858652
8, 30.99445111628854
9, 31.256359352938084
10, 31.536518514255818
15, 38.00894631530846
20, 44.06740291871078
25, 50.00655956972045
30, 49.72878442109761
35, 50.47454804156249
40, 51.794130941642415
45, 52.77635834348558
50, 54.22029140460239
55, 54.926205039124994
60, 55.34329227648099
65, 55.843996991619434
70, 56.495167934965906
75, 57.10747761895985
80, 58.55431666410257
85, 58.865133992882406
90, 59.692746628045185
95, 60.31364688028738
100, 59.198445925547745
150, 59.759317265176314
200, 56.653896600322206
250, 57.47395932072194
300, 58.15579076927765
350, 56.65580288019931
400, 57.82006572116639
450, 55.64408324341412
500, 55.66851893125952
550, 53.094029796202136
600, 52.305793178193944
650, 52.63648924462953
700, 50.83833199466717
750, 49.733208221469084
800, 48.595226102982586
850, 50.63611359494328
900, 48.68231711823093
950, 47.92652710138719
1000, 46.767510089804865
1250, 43.89250505496354
1500, 38.67350514240984
1750, 35.591459649753055
2000, 33.806271607499106
2250, 32.487289822328975
2500, 32.647940210677916
2750, 32.80816971426477
3000, 32.02623924222137
3250, 30.367877765823543
3500, 29.17135581353736
3750, 27.77019985524051
4000, 27.523662546979462
4250, 26.79402918562268
4500, 25.687195253666758
4750, 24.964614957976018
5000, 24.400655728893845
5250, 23.897782323889388
5500, 23.75457850604805
5750, 23.60169485439552
6000, 23.000521733212924
6250, 22.58052258031244
6500, 22.442459758235056
6750, 22.813329436976094
7000, 22.400178570716797
7250, 22.14985327265172
7500, 21.99163477324958
7750, 21.64144172646545
8000, 21.425965555839017
8250, 21.2262102128477
8500, 20.51536009920372
8750, 20.354065932879358
9000, 20.023586092406127
9250, 19.341354657830976
9500, 19.25679100992686
9750, 19.22539986580253
10000, 19.47346913110245
11000, 18.396956269992057
12000, 17.856091397615547
13000, 16.500424236970392
14000, 16.00374956064984
15000, 15.955688640732497
16000, 15.424655587727072
17000, 14.660695754294883
18000, 14.120623215708292
19000, 13.366824604220705
