1, 39.621062219841754
2, 38.74163504182917
3, 37.893459669371516
4, 37.13065733710776
5, 37.12873357849493
6, 36.2183852286574
7, 35.525443598316166
8, 35.52866046286736
9, 35.525443598316166
10, 35.52182427747764
15, 35.50734330489158
20, 34.713932978807556
25, 34.71228683251591
30, 33.95332931287551
35, 33.073511196381055
40, 32.14120630681342
45, 32.13453860612552
50, 32.135872256938754
55, 31.44064703078303
60, 31.441101398374343
65, 31.437920687330088
70, 30.570761007397714
75, 30.56702237940191
80, 30.56702237940191
85, 30.569359075481355
90, 30.569826393263764
95, 30.566555018750243
100, 29.919893047937187
150, 28.689470442755027
200, 28.58671019897183
250, 28.58521096151445
300, 27.837282297564283
350, 27.71590569639442
400, 26.18560127791062
450, 25.8169379616229
500, 25.027984337537053
550, 24.079629802564895
600, 24.08259596828026
650, 24.075476556624405
700, 24.065980731551925
750, 23.509876344087512
800, 23.515344534397716
850, 23.461214193399528
900, 23.458169457264017
950, 23.614765356808924
1000, 23.586921315484503
1250, 23.306651411131543
1500, 23.02483131627368
1750, 22.473476430164133
2000, 22.736377397088948
2250, 22.24153129363431
2500, 22.147557104888243
2750, 22.24345810730491
3000, 22.200386097028648
3250, 21.46558707725993
3500, 20.226573751238387
3750, 19.050309333821478
4000, 18.41117672967778
4250, 18.006348086954542
4500, 18.231840280125315
4750, 17.636002138482844
5000, 17.255226951357585
5250, 17.24777418352044
5500, 17.22207885244984
5750, 17.35346815892596
6000, 17.24446080837057
6250, 17.253571058934853
6500, 17.205480854325792
6750, 17.116408167937237
7000, 17.099707599839242
7250, 17.311433051186558
7500, 17.56782773790122
7750, 17.62303687141999
8000, 17.440511132745755
8250, 17.461795031275727
8500, 17.388830569403698
8750, 17.338643875129666
9000, 16.95456112251635
9250, 16.672475178311966
9500, 16.128944700223173
9750, 16.2234398325386
10000, 15.675276256394518
11000, 16.44992401198255
12000, 15.45592812760574
13000, 15.411498490227538
14000, 14.713453513220962
15000, 14.331782861877304
16000, 14.72801024287686
17000, 14.389480284469723
18000, 14.284857117141314
19000, 13.856406460551018
20000, 13.63084736911099
21000, 14.050927778213488
22000, 14.183491409784425
23000, 14.084439235249253
24000, 14.189533365930577
25000, 14.419233187457845
26000, 14.397420403867988
27000, 14.094578491645036
28000, 14.125963936767542
29000, 14.885275562495597
30000, 15.128969372885724
31000, 15.269016246728443
32000, 15.64973756055627
33000, 15.548082104968996
34000, 15.41705919706201
35000, 15.448532061563094
36000, 14.907332807332486
37000, 14.93414113461405
38000, 15.045644837341754
39000, 15.368799562750501
40000, 14.835286120790332
41000, 15.049442324741282
42000, 14.793821103999564
43000, 14.875675254781353
44000, 15.019986684414869
45000, 14.761920122879873
46000, 14.851647335276601
47000, 15.520493364764997
48000, 15.458700740082543
49000, 15.175167685588
50000, 15.139352694220449
51000, 15.101560941079661
52000, 14.843950186620042
53000, 14.84876137210489
54000, 14.302846869467231
55000, 14.345731072343439
56000, 14.5543317066972
57000, 14.547459277433
58000, 14.5209208680835
59000, 14.45584409750702
60000, 14.695966404814232
61000, 14.567086187704115
62000, 14.727040241871897
63000, 14.793821103999564
64000, 14.749334125405701
65000, 14.86414670079844
66000, 14.821798618444197
67000, 14.663852543877118
68000, 14.502216579346955
69000, 15.179873893697913
70000, 14.811192678897557
71000, 14.488419020524141
72000, 14.372592966177974
73000, 14.759984514122731
74000, 14.976171549689003
75000, 14.795752286189632
76000, 14.431117172871367
77000, 14.172407800269609
78000, 14.313829476618556
79000, 14.555313217417991
80000, 14.734798461950056
81000, 14.888154447652095
82000, 14.82083475574648
83000, 14.690132742763083
84000, 14.372592966177974
85000, 14.417251570848823
86000, 14.417251570848823
87000, 14.334772906667
88000, 14.330786041645746
89000, 14.570027943889274
90000, 14.60723890991821
91000, 14.472634274973677
92000, 14.329789152072586
93000, 14.389480284469723
94000, 14.204627012752871
95000, 14.332779612781724
96000, 14.221713780594197
97000, 14.295853544697097
98000, 14.703741020570241
99000, 14.533704669786415
100000, 14.362649974350635
