2.1447610589527217
1.2649110640673518
2.0
1.8439088914585775
1.6733200530681511
2.6832815729997477
2.1447610589527217
1.9493588689617927
1.9493588689617927
2.04939015319192
1.8439088914585775
2.23606797749979
2.0
1.8973665961010275
1.8439088914585775
1.9493588689617927
2.0
2.0
2.0
2.0
1.9493588689617927
2.0
1.9493588689617927
1.9493588689617927
1.8973665961010275
1.8973665961010275
1.9493588689617927
2.0
2.0
2.0
2.0
2.0
2.0
2.0
2.0
1.9493588689617927
1.9493588689617927
1.9493588689617927
2.0
1.9493588689617927
1.9493588689617927
1.7320508075688772
1.7888543819998317
1.8439088914585775
1.8439088914585775
2.0
1.9493588689617927
1.9493588689617927
1.9493588689617927
1.9493588689617927
1.9493588689617927
1.9493588689617927
1.9493588689617927
1.9493588689617927
1.9493588689617927
2.0
1.9493588689617927
1.8439088914585775
2.0
1.9493588689617927
1.9493588689617927
2.04939015319192
1.9493588689617927
2.04939015319192
2.0
2.0
2.0
2.0
1.9493588689617927
2.04939015319192
2.0
2.0
1.9493588689617927
1.9493588689617927
1.8973665961010275
1.8973665961010275
1.9493588689617927
2.0
1.8439088914585775
1.9493588689617927
1.61245154965971
1.61245154965971
1.5491933384829668
1.61245154965971
1.61245154965971
1.61245154965971
1.6733200530681511
1.5491933384829668
1.5491933384829668
1.5491933384829668
1.6733200530681511
1.8439088914585775
1.7888543819998317
1.7888543819998317
1.7888543819998317
1.7888543819998317
1.7888543819998317
1.7888543819998317
1.5491933384829668
1.5491933384829668
1.7888543819998317
1.7888543819998317
1.8439088914585775
1.8439088914585775
1.8439088914585775
1.7888543819998317
1.7888543819998317
1.7888543819998317
1.7888543819998317
1.7888543819998317
1.7888543819998317
1.7888543819998317
1.7888543819998317
1.7888543819998317
1.7888543819998317
1.7888543819998317
1.8439088914585775
1.7888543819998317
1.8439088914585775
1.8439088914585775
1.8439088914585775
1.8439088914585775
1.8439088914585775
1.7888543819998317
1.7888543819998317
1.7888543819998317
1.7888543819998317
1.7888543819998317
1.7888543819998317
1.7888543819998317
1.7888543819998317
1.7888543819998317
1.7888543819998317
1.7888543819998317
1.7888543819998317
1.7888543819998317
1.7888543819998317
1.7888543819998317
1.7888543819998317
1.5491933384829668
1.5491933384829668
1.7888543819998317
1.7888543819998317
1.7888543819998317
1.7888543819998317
1.7888543819998317
1.7888543819998317
1.7888543819998317
1.7888543819998317
1.7888543819998317
1.7888543819998317
1.7888543819998317
1.7888543819998317
1.7888543819998317
1.7888543819998317
1.7888543819998317
1.7888543819998317
1.7888543819998317
1.7888543819998317
1.7888543819998317
1.7888543819998317
1.8439088914585775
1.9493588689617927
1.9493588689617927
1.9493588689617927
1.9493588689617927
1.9493588689617927
1.9493588689617927
1.9493588689617927
1.9493588689617927
1.9493588689617927
1.9493588689617927
1.9493588689617927
1.9493588689617927
1.9493588689617927
1.8439088914585775
1.8439088914585775
1.8439088914585775
1.8439088914585775
1.8439088914585775
1.8439088914585775
1.7888543819998317
1.7320508075688772
1.7320508075688772
1.7320508075688772
1.7320508075688772
1.7888543819998317
1.7888543819998317
1.7320508075688772
1.7320508075688772
1.7888543819998317
1.7888543819998317
1.7888543819998317
1.7320508075688772
1.7888543819998317
1.7888543819998317
1.7888543819998317
1.7320508075688772
1.7320508075688772
1.7320508075688772
1.7320508075688772
1.7320508075688772
1.7320508075688772
1.7888543819998317
1.7888543819998317
1.7888543819998317
1.7888543819998317
1.7888543819998317
1.7888543819998317
1.7888543819998317
1.7888543819998317
1.7888543819998317
1.8973665961010275
1.8973665961010275
1.8973665961010275
1.8973665961010275
1.8973665961010275
1.8973665961010275
1.8973665961010275
1.8973665961010275
1.8973665961010275
1.8973665961010275
1.8973665961010275
1.8973665961010275
1.8973665961010275
1.8973665961010275
1.8973665961010275
1.8973665961010275
1.8973665961010275
1.8973665961010275
1.8973665961010275
1.8973665961010275
1.8973665961010275
1.8973665961010275
1.8973665961010275
1.8973665961010275
1.7888543819998317
1.8973665961010275
1.8973665961010275
1.8973665961010275
1.8973665961010275
1.8973665961010275
1.8973665961010275
1.7888543819998317
1.7888543819998317
1.7888543819998317
1.7888543819998317
1.7888543819998317
1.8973665961010275
1.8973665961010275
1.8973665961010275
1.8973665961010275
1.8973665961010275
1.8973665961010275
1.8973665961010275
1.8973665961010275
1.8973665961010275
1.8973665961010275
1.8973665961010275
1.8973665961010275
1.8973665961010275
1.8973665961010275
1.8973665961010275
1.8973665961010275
1.7888543819998317
1.7888543819998317
1.7888543819998317
1.8973665961010275
1.7888543819998317
1.7888543819998317
1.7888543819998317
1.7888543819998317
1.7888543819998317
1.7888543819998317
1.7888543819998317
1.7888543819998317
1.7888543819998317
1.7888543819998317
1.7888543819998317
1.7888543819998317
1.7888543819998317
1.7888543819998317
1.7888543819998317
1.7888543819998317
1.7888543819998317
1.7888543819998317
1.7888543819998317
1.7888543819998317
1.8439088914585775
1.7888543819998317
1.7888543819998317
1.7888543819998317
1.7888543819998317
1.7888543819998317
1.8439088914585775
1.7888543819998317
1.7888543819998317
1.7888543819998317
1.8439088914585775
1.8439088914585775
1.6733200530681511
1.61245154965971
1.6733200530681511
1.6733200530681511
1.6733200530681511
1.6733200530681511
1.6733200530681511
1.6733200530681511
1.6733200530681511
1.6733200530681511
1.6733200530681511
1.6733200530681511
1.6733200530681511
1.7888543819998317
1.7320508075688772
1.7320508075688772
1.7320508075688772
1.7320508075688772
1.7320508075688772
1.7320508075688772
1.7888543819998317
1.7888543819998317
1.7888543819998317
1.7888543819998317
1.7888543819998317
1.7888543819998317
1.7888543819998317
1.7888543819998317
1.7888543819998317
1.7888543819998317
1.7320508075688772
1.7888543819998317
1.7888543819998317
1.7888543819998317
1.9493588689617927
1.9493588689617927
1.7888543819998317
1.7888543819998317
1.7888543819998317
1.7888543819998317
1.7888543819998317
1.7320508075688772
1.7320508075688772
1.7320508075688772
1.8973665961010275
1.7888543819998317
1.7888543819998317
1.7888543819998317
1.61245154965971
1.61245154965971
1.61245154965971
1.7888543819998317
1.7888543819998317
1.7888543819998317
1.7888543819998317
1.7888543819998317
1.7888543819998317
1.7888543819998317
1.7888543819998317
1.7888543819998317
1.7888543819998317
1.7888543819998317
1.7888543819998317
1.7888543819998317
1.7888543819998317
1.7888543819998317
1.7888543819998317
1.7888543819998317
1.7888543819998317
1.7888543819998317
1.7888543819998317
1.7888543819998317
1.7888543819998317
1.7320508075688772
1.7320508075688772
1.7320508075688772
1.7888543819998317
1.7888543819998317
1.7888543819998317
1.7888543819998317
1.7888543819998317
1.7888543819998317
1.7888543819998317
1.7888543819998317
1.7888543819998317
1.7888543819998317
1.7888543819998317
1.7888543819998317
1.7888543819998317
1.7888543819998317
1.7888543819998317
1.7888543819998317
1.7888543819998317
1.5491933384829668
1.7888543819998317
1.7888543819998317
1.7888543819998317
1.7888543819998317
1.7888543819998317
1.7888543819998317
