16.17493652007857
13.968331529366194
12.575486358103895
10.994803967589158
10.699799731103115
10.126344707882364
9.33350339981112
9.03801495272686
8.779847053662968
8.108196910710614
8.273883178843104
8.330666239863412
7.965999175065414
7.538472751729718
7.050835816716038
6.391959234627741
5.687078084821514
5.355904618802905
5.724633487956113
5.838297207723695
5.959386353835915
5.761944116355173
6.122557822161771
5.61630280013971
5.3452248382484875
5.393117306874966
4.723799923185328
4.6965032585044435
4.566962103755937
5.174111379882402
4.8550415622761225
4.90771986626318
4.933848106990845
4.933848106990845
4.8314446227662735
5.1269595556932455
4.913538149119954
4.8373546489791295
4.971346468944376
4.723799923185328
4.465742619414731
4.423960733486292
4.205438655564278
4.433637655147617
4.292851200376205
4.222389303293981
4.6012420683363935
4.136941589421552
4.1438422474110395
4.249369701160733
4.329302154257328
4.607447387499008
4.423960733486292
4.212227100104783
4.123105625617661
4.157609203101499
4.235900983599256
4.378518992927697
4.123105625617661
3.8507884164897233
3.865599195837192
3.8396428405331062
3.927922024247863
3.9023802260378764
3.854496446637726
3.909694909544003
3.9424430424366492
3.525417908358019
3.63318042491699
3.5816995167896803
3.5496478698597698
3.6134668750581977
3.2645279685036943
3.0845235797908424
2.903200204700225
3.102993945945017
2.84855853271189
2.8385106758902383
2.9568322818274866
3.1075943842694236
3.2071349029490928
3.1577568892219317
3.3338094898007764
3.238165265349236
3.2071349029490928
3.320929301953209
3.430951554806417
3.3974780562730853
3.0845235797908424
2.9664793948382653
3.1577568892219317
3.1121880222303866
3.1532296368734616
3.1213550171131033
3.1396087108337016
3.2337505867247796
3.3974780562730853
3.22490309931942
3.3380918415851206
3.3338094898007764
3.359421718944242
3.299350585450762
3.4142558277233497
3.281985461794213
3.202677451312083
3.2469766156929962
3.4723396805529925
3.281985461794213
3.4226138716316967
3.5050983275386565
3.4517076519145875
3.5173041624841845
3.418437404094784
3.5132402626147194
3.3636714634883287
3.439269025326665
3.3123146848433
3.2160312720583337
3.2071349029490928
3.1121880222303866
3.2337505867247796
3.1892677171144745
3.2071349029490928
3.1396087108337016
3.175801361186541
3.116774889895918
2.961659766318301
2.8284271247461903
2.6832815729997477
2.6939084723024385
2.667261838343906
2.5523098781859765
2.667261838343906
2.5410908793553326
2.5801439605461662
2.6076809620810595
2.569046515733026
2.667261838343906
2.524168887263404
2.524168887263404
2.437797600880176
2.3603873774083293
2.336052836975837
2.248809208701987
2.23606797749979
2.3964259101539405
2.3176342617912282
2.3724610489050035
2.2866069685390684
2.248809208701987
2.0632844828435215
2.056349053193895
2.1908902300206643
2.164651077128664
2.32379000772445
2.32379000772445
2.4023797725231892
2.4436506647695313
2.437797600880176
2.524168887263404
2.591193878173865
2.5128242505765725
2.591193878173865
2.5634797778466227
2.7360033416855116
2.7825989906663056
2.6457513110645907
2.7723120830300267
2.715037489875337
2.7360033416855116
2.7360033416855116
2.6076809620810595
2.613153540948451
2.5746012173871566
2.569046515733026
2.704493615131253
2.7516228977511745
2.656528346760647
2.65114530506561
2.715037489875337
2.667261838343906
2.613153540948451
2.7097706808616007
2.767154288640743
2.569046515733026
2.5071326821120348
2.5634797778466227
2.4083189157584592
2.4319304501333328
2.449489742783178
2.4201534780139164
2.2296700588716196
2.210365192839022
2.274077520980446
2.4083189157584592
2.4142434484888695
2.4436506647695313
2.4260491103261463
2.29906813420444
2.2928460168844436
2.4083189157584592
2.5467065566559266
2.449489742783178
2.524168887263404
2.5071326821120348
2.5185029566901727
2.4842360136324753
2.5128242505765725
2.495710605933995
2.4436506647695313
2.5467065566559266
2.6939084723024385
2.7360033416855116
2.6240644591385873
2.585674822114004
2.596701204000403
2.5410908793553326
2.6021968740717085
2.6076809620810595
2.5579009251449016
2.5410908793553326
2.4899799195977463
2.5634797778466227
2.5467065566559266
2.248809208701987
2.3603873774083293
2.3421601750764798
2.4842360136324753
2.449489742783178
2.65114530506561
2.6076809620810595
2.7360033416855116
2.5467065566559266
2.5579009251449016
2.2551528297909846
2.274077520980446
2.248809208701987
2.1514114968019085
2.274077520980446
2.1313979316066587
2.0976176963403033
2.1447610589527217
2.0701966780270626
2.0976176963403033
2.210365192839022
2.042407542932745
2.0976176963403033
2.0976176963403033
2.4083189157584592
2.524168887263404
2.495710605933995
2.5071326821120348
2.5298221281347035
2.4553149347021512
2.5128242505765725
2.6939084723024385
2.585674822114004
2.5298221281347035
2.585674822114004
2.6726124191242437
2.6939084723024385
2.715037489875337
2.6832815729997477
2.756809750418044
2.6886002731107927
2.6779523094014523
2.6240644591385873
2.5467065566559266
2.6779523094014523
2.699206232527312
2.6021968740717085
2.5467065566559266
2.4727081741050063
2.3724610489050035
2.3421601750764798
2.3784749015162756
2.3784749015162756
2.3176342617912282
2.3844735867092943
2.305273457593635
2.2614786566062732
2.3724610489050035
