8.854377448471462
6.2048368229954285
5.692099788303083
5.366563145999495
4.863126566315131
4.878524367060187
4.283689998120779
3.6193922141707713
3.5071355833500366
4.018706259482023
3.943348830626071
3.3466401061363023
3.3090784215548594
3.1622776601683795
2.8460498941515415
2.6362852652928135
2.792848008753788
2.6076809620810595
2.6172504656604803
2.3874672772626644
1.9364916731037085
2.4289915602982237
2.449489742783178
2.355843797877949
2.3664319132398464
2.4392621835300936
2.345207879911715
2.224859546128699
2.0976176963403033
2.1447610589527217
2.16794833886788
2.224859546128699
2.258317958127243
2.4083189157584592
2.258317958127243
1.9748417658131499
2.1213203435596424
2.073644135332772
2.224859546128699
2.0976176963403033
2.1908902300206643
2.0124611797498106
1.8439088914585775
1.9874606914351791
1.9748417658131499
2.2693611435820435
2.1330729007701543
2.0124611797498106
2.0
1.8973665961010275
1.8708286933869707
1.7888543819998317
1.5968719422671311
1.5329709716755893
1.91049731745428
1.8027756377319946
1.6583123951777
1.396424004376894
1.61245154965971
1.70293863659264
1.8708286933869707
1.8841443681416772
1.7320508075688772
1.6881943016134133
1.51657508881031
1.466287829861518
1.5811388300841898
1.51657508881031
1.5652475842498528
1.4832396974191326
1.396424004376894
1.466287829861518
1.5811388300841898
1.70293863659264
1.5811388300841898
1.4317821063276353
1.4142135623730951
1.396424004376894
1.3038404810405297
1.466287829861518
1.3416407864998738
1.9874606914351791
1.9748417658131499
1.9364916731037085
1.9364916731037085
1.9874606914351791
1.9364916731037085
1.7320508075688772
1.6583123951777
1.7175564037317668
1.466287829861518
1.466287829861518
1.5652475842498528
1.70293863659264
1.466287829861518
1.7175564037317668
1.746424919657298
1.746424919657298
1.6733200530681511
1.816590212458495
1.6733200530681511
1.224744871391589
1.161895003862225
1.5811388300841898
1.5811388300841898
1.6733200530681511
1.91049731745428
1.8303005217723127
1.8708286933869707
1.760681686165901
1.51657508881031
1.6431676725154984
1.6278820596099706
1.466287829861518
1.3416407864998738
1.5
1.4142135623730951
1.396424004376894
1.4142135623730951
1.3601470508735443
1.378404875209022
1.4142135623730951
1.4317821063276353
1.4317821063276353
1.3038404810405297
1.466287829861518
1.5968719422671311
1.5968719422671311
1.5652475842498528
1.6583123951777
1.61245154965971
1.5329709716755893
1.61245154965971
1.5968719422671311
1.5968719422671311
1.449137674618944
1.4317821063276353
1.4142135623730951
1.449137674618944
1.396424004376894
1.396424004376894
1.4142135623730951
1.396424004376894
1.140175425099138
1.224744871391589
1.4142135623730951
1.466287829861518
1.6278820596099706
1.449137674618944
1.5652475842498528
1.5329709716755893
1.61245154965971
1.6583123951777
1.7748239349298849
1.6733200530681511
1.5968719422671311
1.5652475842498528
1.6431676725154984
1.6431676725154984
1.5
1.3228756555322954
1.284523257866513
1.4142135623730951
1.449137674618944
1.4142135623730951
1.5968719422671311
1.3416407864998738
1.51657508881031
1.5811388300841898
1.4142135623730951
1.51657508881031
1.3416407864998738
1.224744871391589
1.140175425099138
1.4317821063276353
1.466287829861518
1.466287829861518
1.466287829861518
1.466287829861518
1.2449899597988732
1.449137674618944
1.466287829861518
1.449137674618944
1.5491933384829668
1.6431676725154984
1.4142135623730951
1.4317821063276353
1.5811388300841898
1.5968719422671311
1.4317821063276353
1.3038404810405297
1.3038404810405297
1.4832396974191326
1.5
1.378404875209022
1.3228756555322954
1.140175425099138
1.1832159566199232
1.2041594578792296
1.2041594578792296
1.2449899597988732
1.140175425099138
1.0954451150103321
1.161895003862225
1.2649110640673518
1.224744871391589
1.224744871391589
1.2649110640673518
1.224744871391589
1.1832159566199232
1.2041594578792296
1.2041594578792296
1.4317821063276353
1.4317821063276353
1.449137674618944
1.51657508881031
1.5811388300841898
1.4142135623730951
1.3038404810405297
1.3038404810405297
1.224744871391589
1.3416407864998738
1.4142135623730951
1.396424004376894
1.396424004376894
1.396424004376894
1.396424004376894
1.4142135623730951
1.2649110640673518
1.224744871391589
1.396424004376894
1.378404875209022
1.3601470508735443
1.2449899597988732
1.02469507659596
1.02469507659596
1.140175425099138
1.0723805294763609
1.284523257866513
1.2649110640673518
1.4317821063276353
1.4142135623730951
1.4832396974191326
1.1832159566199232
1.1832159566199232
1.2449899597988732
1.2041594578792296
1.284523257866513
1.5
1.5
1.5329709716755893
1.161895003862225
1.3038404810405297
1.2041594578792296
1.2041594578792296
1.224744871391589
1.0488088481701516
1.0723805294763609
1.0723805294763609
1.02469507659596
1.2041594578792296
1.1832159566199232
1.3038404810405297
1.3038404810405297
1.2041594578792296
1.2041594578792296
1.140175425099138
1.2449899597988732
1.466287829861518
1.5329709716755893
1.51657508881031
1.3601470508735443
1.4142135623730951
1.3038404810405297
1.2041594578792296
1.0488088481701516
1.0488088481701516
1.0723805294763609
1.3038404810405297
1.0723805294763609
1.02469507659596
1.1832159566199232
1.2041594578792296
0.9746794344808963
1.0488088481701516
1.0488088481701516
1.0
1.02469507659596
1.02469507659596
1.02469507659596
0.9219544457292888
0.8944271909999159
0.8660254037844386
0.8944271909999159
0.8944271909999159
0.8944271909999159
0.9746794344808963
1.0
1.0
1.02469507659596
1.02469507659596
1.161895003862225
1.161895003862225
0.9746794344808963
1.02469507659596
0.9219544457292888
0.9219544457292888
0.9746794344808963
1.0723805294763609
1.161895003862225
1.0488088481701516
0.9746794344808963
0.8660254037844386
0.5477225575051661
0.5916079783099616
0.806225774829855
0.7745966692414834
0.5916079783099616
0.5
0.5477225575051661
0.5477225575051661
0.5916079783099616
0.8660254037844386
0.8660254037844386
0.8366600265340756
0.8944271909999159
0.8366600265340756
0.8366600265340756
0.8944271909999159
0.8944271909999159
0.8944271909999159
0.8944271909999159
0.8944271909999159
0.9746794344808963
1.0
1.0
0.9746794344808963
1.0
1.02469507659596
1.02469507659596
1.02469507659596
0.9746794344808963
0.9746794344808963
0.9746794344808963
0.9746794344808963
0.9219544457292888
0.8944271909999159
0.8660254037844386
0.8660254037844386
0.8660254037844386
0.8660254037844386
0.6708203932499369
0.6708203932499369
0.806225774829855
0.806225774829855
0.8944271909999159
0.9746794344808963
0.9486832980505138
0.8944271909999159
0.8944271909999159
0.806225774829855
0.8366600265340756
0.8366600265340756
0.8366600265340756
0.8366600265340756
0.8366600265340756
0.806225774829855
0.806225774829855
0.806225774829855
0.8366600265340756
0.8366600265340756
0.8366600265340756
0.7416198487095663
0.7416198487095663
0.6708203932499369
0.6708203932499369
0.7071067811865476
0.7071067811865476
0.7416198487095663
0.7416198487095663
0.8366600265340756
0.8366600265340756
0.8366600265340756
0.806225774829855
0.7416198487095663
0.7416198487095663
0.7416198487095663
0.7416198487095663
0.6324555320336759
0.6324555320336759
0.5916079783099616
0.5477225575051661
0.5477225575051661
0.5916079783099616
0.5916079783099616
0.5477225575051661
0.5477225575051661
0.5916079783099616
0.5477225575051661
0.6708203932499369
