1, 57.12512582043037
2, 56.45174930859096
3, 56.16814043565979
4, 55.47323679036586
5, 54.87841105571479
6, 54.55089366820676
7, 53.66134549189015
8, 52.877405382639566
9, 52.11525688318153
10, 52.10681337406846
15, 49.30131844078817
20, 48.20663854698853
25, 46.41379105395291
30, 44.87827982443177
35, 43.325512114688266
40, 42.13122357587066
45, 41.10644718289334
50, 40.994145923534006
55, 39.93494710150497
60, 38.672212246004236
65, 37.92255265669757
70, 37.616751587557374
75, 34.95454190802677
80, 34.4119165406404
85, 34.02557861374293
90, 32.079276799828264
95, 31.353149762025506
100, 31.243239268680192
150, 25.947639584362967
200, 21.606017680266763
250, 19.841370920377454
300, 18.766459442313565
350, 17.32685776475354
400, 16.29723902997069
450, 15.438911878756223
500, 14.692855406625357
550, 14.417350658147981
600, 14.097517511959332
650, 13.759360450253492
700, 12.774192733789482
750, 12.480384609458156
800, 12.231925441237777
850, 12.121056059601408
900, 11.45076416663971
950, 11.324310133513652
1000, 10.628264204469138
1250, 9.589577675789482
1500, 9.119210492142399
1750, 8.037412518964047
2000, 8.121576201698781
2250, 7.347108274688757
2500, 7.179136438319027
2750, 7.0710678118654755
3000, 6.432728814430156
3250, 6.3498031465550175
3500, 5.60357029044876
3750, 5.280151512977634
4000, 5.143928459844674
4250, 5.192301994298868
4500, 4.9254441424099005
4750, 4.39089968002003
5000, 4.415880433163924
5250, 4.254409477236529
5500, 4.214261501141095
5750, 4.084115571332427
6000, 4.029888335921977
6250, 3.919183588453085
6500, 3.8961519477556315
6750, 3.725587202039432
7000, 3.757658845611187
7250, 3.627671429443411
7500, 3.5327043465311387
7750, 3.5128336140500593
8000, 3.566510900025402
8250, 3.478505426185217
8500, 3.3286633954186478
8750, 3.2924155266308657
9000, 3.237282811247729
9250, 3.2186953878862163
9500, 3.234192325759246
9750, 3.212475680841802
10000, 3.2
11000, 3.059411708155671
12000, 3.043024810940588
13000, 2.6683328128252666
14000, 2.493992782667985
15000, 2.4
16000, 2.3958297101421877
17000, 2.3366642891095846
18000, 2.262741699796952
19000, 1.9849433241279208
20000, 2.029778313018444
21000, 1.865475810617763
22000, 1.8384776310850235
23000, 2.004993765576342
24000, 1.9183326093250879
25000, 1.98997487421324
26000, 1.98997487421324
27000, 2.0639767440550294
28000, 2.009975124224178
29000, 1.9949937343260002
30000, 1.9748417658131499
31000, 1.9493588689617927
32000, 2.1166010488516727
33000, 2.1354156504062622
34000, 2.08806130178211
35000, 2.08806130178211
36000, 2.08806130178211
37000, 2.08806130178211
38000, 2.08806130178211
39000, 2.186321110907545
40000, 2.1166010488516727
41000, 2.172556098240043
42000, 1.9849433241279208
43000, 1.865475810617763
44000, 1.8708286933869707
45000, 1.8220867158288598
46000, 1.876166303929372
47000, 1.9078784028338913
48000, 1.9949937343260002
49000, 1.8867962264113207
50000, 1.865475810617763
51000, 1.8708286933869707
52000, 1.833030277982336
53000, 1.8275666882497066
54000, 1.8275666882497066
55000, 1.8275666882497066
56000, 1.8384776310850235
57000, 1.8384776310850235
58000, 1.816590212458495
59000, 1.8055470085267789
60000, 1.794435844492636
61000, 1.760681686165901
62000, 1.7663521732655694
63000, 1.6911534525287764
64000, 1.5491933384829668
65000, 1.5491933384829668
66000, 1.5297058540778354
67000, 1.5099668870541498
68000, 1.5231546211727816
69000, 1.4352700094407325
70000, 1.4352700094407325
71000, 1.4352700094407325
72000, 1.4352700094407325
73000, 1.4212670403551895
74000, 1.4142135623730951
75000, 1.4212670403551895
76000, 1.4352700094407325
77000, 1.3856406460551018
78000, 1.378404875209022
79000, 1.378404875209022
80000, 1.378404875209022
81000, 1.3416407864998738
82000, 1.3416407864998738
83000, 1.3416407864998738
84000, 1.3416407864998738
85000, 1.3416407864998738
86000, 1.3416407864998738
87000, 1.3416407864998738
88000, 1.3638181696985856
89000, 1.3564659966250536
90000, 1.3114877048604001
91000, 1.3114877048604001
92000, 1.3114877048604001
93000, 1.3114877048604001
94000, 1.3114877048604001
95000, 1.296148139681572
96000, 1.296148139681572
97000, 1.3341664064126333
98000, 1.3341664064126333
99000, 1.3416407864998738
100000, 1.2727922061357855
