1, 4.6012420683363935
2, 4.545012965563779
3, 4.430414363078405
4, 5.079370039680118
5, 6.2472851246418575
6, 6.129553700835696
7, 6.568322247184371
8, 6.568322247184371
9, 6.304193615590906
10, 6.967270422687578
15, 8.41766849294642
20, 9.30284134782794
25, 10.330260679880528
30, 11.763138551059772
35, 11.084094137869043
40, 12.340409810282408
45, 13.475904422338413
50, 13.309502512973847
55, 13.01976519428387
60, 12.831879942438007
65, 13.514013890349952
70, 13.786121385550864
75, 13.932490291196535
80, 13.80062110403524
85, 13.400426432447162
90, 13.339522373115805
95, 13.253570947376517
100, 12.809594618320842
150, 13.629799285808598
200, 13.471663382289297
250, 11.96064976734721
300, 9.525904531479263
350, 8.936282384590521
400, 9.19161108216151
450, 8.468428763016531
500, 8.134582261642485
550, 8.774964387392123
600, 8.465054214660581
650, 8.1117199162693
700, 7.766227251007127
750, 7.799267364860076
800, 7.315345905306578
850, 6.778116046723982
900, 6.72521906175341
950, 6.224376044460773
1000, 6.559616713541382
1250, 6.349353172905546
1500, 5.490251100164468
1750, 5.401058097394303
2000, 5.101820403402243
2250, 5.448459808580246
2500, 5.456320057642199
2750, 5.275279274936203
3000, 4.852098220652293
3250, 5.212622043792219
3500, 4.872664275615255
3750, 4.541868715470696
4000, 5.034168962485977
4250, 4.174754056057845
4500, 3.9351892312459746
4750, 4.105745103771404
5000, 3.880353444873657
5250, 3.7454734585325027
5500, 3.760699023168052
5750, 3.6606010435446255
6000, 3.6488745818794204
6250, 3.5456210417116734
6500, 2.9568322818274866
6750, 3.2337505867247796
7000, 3.0983866769659336
7250, 3.3423687066852112
7500, 3.418437404094784
7750, 3.2425739335111103
8000, 3.1847852585154217
8250, 2.84855853271189
8500, 2.8585710716070314
8750, 2.8284271247461903
9000, 3.0659419433511785
9250, 2.7202941017470885
9500, 2.596701204000403
9750, 2.7097706808616007
10000, 2.6186146828319083
11000, 2.878491668515698
12000, 2.7619868624907378
13000, 2.591193878173865
14000, 2.4669240534954224
15000, 2.4899799195977463
16000, 2.3844735867092943
17000, 2.2866069685390684
18000, 2.4842360136324753
19000, 2.4784787961282104
20000, 2.4784787961282104
21000, 2.305273457593635
22000, 2.4083189157584592
23000, 2.2296700588716196
24000, 2.090796157311509
25000, 2.390457218668787
26000, 1.9493588689617927
27000, 1.942016624910449
28000, 2.0354009783964297
29000, 1.9048809486609468
30000, 2.1580414400893364
31000, 2.1712405933672376
32000, 2.1580414400893364
33000, 1.6733200530681511
34000, 1.804755622554715
35000, 1.7888543819998317
36000, 1.8746428231227714
37000, 1.7728105208558367
38000, 1.8283482006601322
39000, 1.7647338933351153
40000, 1.8746428231227714
41000, 1.9198214202665531
42000, 1.8746428231227714
43000, 1.8822478962286404
44000, 1.7888543819998317
45000, 1.6647608150808246
46000, 1.6035674514745464
47000, 1.65615734242165
48000, 1.61245154965971
49000, 1.6212869667555552
50000, 1.5491933384829668
51000, 1.5856499343441837
52000, 1.4832396974191326
53000, 1.5306394555404428
54000, 1.4540583599999397
55000, 1.5675276256394517
56000, 1.558387444947959
57000, 1.61245154965971
58000, 1.558387444947959
59000, 1.5856499343441837
60000, 1.5118578920369088
61000, 1.5118578920369088
62000, 1.5766148184367308
63000, 1.5118578920369088
64000, 1.424279266355945
65000, 1.4638501094227998
66000, 1.4928400545843579
67000, 1.6035674514745464
68000, 1.2649110640673518
69000, 1.2421180068162376
70000, 1.3416407864998738
71000, 1.2535663410560174
72000, 1.0954451150103321
73000, 1.3309502512973848
74000, 1.0690449676496976
75000, 1.3093073414159542
76000, 1.4040757000349275
77000, 1.2535663410560174
78000, 1.2983506020002016
79000, 1.4735767952260144
80000, 1.4142135623730951
81000, 1.4342743312012722
82000, 1.3309502512973848
83000, 1.4928400545843579
84000, 1.3416407864998738
