1, 13.766626311482419
2, 13.766626311482419
3, 12.874781551544865
4, 11.996666203575058
5, 11.996666203575058
6, 11.99333148045196
7, 11.99333148045196
8, 11.99333148045196
9, 11.99333148045196
10, 11.121151019566275
15, 10.0
20, 9.94786409235671
25, 9.959919678390985
30, 8.513518661517105
35, 8.504116650187719
40, 8.48528137423857
45, 7.155417527999327
50, 6.627216610312357
55, 6.6573267908372955
60, 6.164414002968976
65, 5.411099703387474
70, 5.215361924162119
75, 5.230678732248808
80, 5.230678732248808
85, 5.223025942880239
90, 5.138093031466052
95, 4.638965401897281
100, 4.39089968002003
150, 3.730951621235526
200, 3.7416573867739413
250, 3.63318042491699
300, 3.6
350, 3.249615361854384
400, 3.237282811247729
450, 3.249615361854384
500, 3.1240998703626617
550, 2.4819347291981715
600, 1.833030277982336
650, 1.7888543819998317
700, 1.7888543819998317
750, 1.8110770276274832
800, 1.8110770276274832
850, 1.7435595774162693
900, 1.7204650534085253
950, 1.3266499161421599
1000, 1.3266499161421599
1250, 1.3856406460551018
1500, 1.296148139681572
1750, 1.2649110640673518
2000, 1.0954451150103321
2250, 1.0954451150103321
2500, 1.0954451150103321
2750, 1.0954451150103321
3000, 1.0954451150103321
3250, 1.019803902718557
3500, 1.019803902718557
3750, 0.8944271909999159
4000, 0.8944271909999159
4250, 0.8944271909999159
4500, 0.8944271909999159
4750, 0.8944271909999159
5000, 0.8944271909999159
5250, 0.8944271909999159
5500, 0.8944271909999159
5750, 0.8944271909999159
6000, 0.6928203230275509
6250, 0.6928203230275509
6500, 0.6324555320336759
6750, 0.6324555320336759
7000, 0.6324555320336759
7250, 0.6324555320336759
7500, 0.6324555320336759
7750, 0.565685424949238
8000, 0.7483314773547883
8250, 0.7483314773547883
8500, 0.7483314773547883
8750, 0.7483314773547883
9000, 0.7483314773547883
9250, 0.7483314773547883
9500, 0.7483314773547883
9750, 0.7483314773547883
10000, 0.7483314773547883
11000, 0.565685424949238
12000, 0.565685424949238
13000, 0.565685424949238
14000, 0.6324555320336759
15000, 0.6324555320336759
16000, 0.6324555320336759
17000, 0.6324555320336759
18000, 0.6324555320336759
19000, 0.6324555320336759
20000, 0.6324555320336759
21000, 0.6324555320336759
22000, 0.6324555320336759
23000, 0.6324555320336759
24000, 0.848528137423857
25000, 0.848528137423857
26000, 0.848528137423857
27000, 0.848528137423857
28000, 0.848528137423857
29000, 0.848528137423857
30000, 0.848528137423857
31000, 0.848528137423857
32000, 0.848528137423857
33000, 0.565685424949238
34000, 0.565685424949238
35000, 0.565685424949238
36000, 0.6324555320336759
37000, 0.6324555320336759
38000, 0.565685424949238
39000, 0.565685424949238
40000, 0.565685424949238
41000, 0.565685424949238
42000, 0.565685424949238
43000, 0.565685424949238
44000, 0.4898979485566356
45000, 0.4898979485566356
46000, 0.4898979485566356
47000, 0.4898979485566356
48000, 0.6324555320336759
49000, 0.6324555320336759
50000, 0.6324555320336759
51000, 0.6324555320336759
52000, 0.6324555320336759
53000, 0.6324555320336759
54000, 0.6324555320336759
55000, 0.6324555320336759
56000, 0.4898979485566356
57000, 0.4898979485566356
58000, 0.4898979485566356
59000, 0.4898979485566356
60000, 0.4898979485566356
61000, 0.4898979485566356
62000, 0.4898979485566356
63000, 0.4898979485566356
64000, 0.4898979485566356
65000, 0.4898979485566356
66000, 0.565685424949238
67000, 0.565685424949238
68000, 0.565685424949238
69000, 0.565685424949238
70000, 0.565685424949238
71000, 0.565685424949238
72000, 0.565685424949238
73000, 0.565685424949238
74000, 0.565685424949238
75000, 0.565685424949238
76000, 0.565685424949238
77000, 0.565685424949238
78000, 0.565685424949238
79000, 0.565685424949238
80000, 0.565685424949238
81000, 0.565685424949238
82000, 0.565685424949238
83000, 0.565685424949238
84000, 0.565685424949238
85000, 0.565685424949238
86000, 0.565685424949238
87000, 0.565685424949238
88000, 0.565685424949238
89000, 0.565685424949238
90000, 0.565685424949238
91000, 0.565685424949238
92000, 0.565685424949238
93000, 0.565685424949238
94000, 0.565685424949238
95000, 0.565685424949238
96000, 0.565685424949238
97000, 0.565685424949238
98000, 0.4898979485566356
99000, 0.4898979485566356
100000, 0.4898979485566356
