1, 16.621271511730583
2, 16.64531966249572
3, 15.809279975170702
4, 15.165750888103101
5, 15.21840990379744
6, 15.033296378372908
7, 14.910846164230028
8, 14.771594362153328
9, 14.433756729740644
10, 13.837148068394248
15, 11.755849607748475
20, 11.304866208850063
25, 10.54197957374863
30, 9.602083107326242
35, 9.08845421400141
40, 8.095266106394115
45, 7.776031550004582
50, 7.567474259399015
55, 7.576278769950324
60, 7.478859093025709
65, 7.607014306984486
70, 7.567474259399015
75, 7.611394966320781
80, 7.571877794400365
85, 7.58946638440411
90, 7.197221686178632
95, 6.879922480183431
100, 6.4031242374328485
150, 6.137317546507322
200, 5.118593556827891
250, 4.553387017741116
300, 4.0743097574926725
350, 4.187282332651255
400, 3.9832984656772417
450, 3.847076812334269
500, 3.596294389136314
550, 3.5496478698597698
600, 3.669695718539436
650, 3.9496835316262997
700, 3.483293460696835
750, 2.988868236194653
800, 2.8635642126552705
850, 2.6708300832013507
900, 2.9097537123726926
950, 3.0876096471758427
1000, 3.0659419433511785
1250, 2.4765567494675613
1500, 2.422120283277993
1750, 2.463060426921489
2000, 2.569046515733026
2250, 2.4083189157584592
2500, 2.206052281036573
2750, 2.065591117977289
3000, 2.309401076758503
3250, 2.4358434541926814
3500, 2.516611478423583
3750, 2.23606797749979
4000, 2.016597794967223
4250, 2.1756225162774294
4500, 2.0816659994661326
4750, 2.1134489978863145
5000, 1.9493588689617927
5250, 1.8439088914585775
5500, 1.9493588689617927
5750, 1.7320508075688772
6000, 1.570562531918633
6250, 1.6931233465600393
6500, 1.5275252316519468
6750, 1.6532795690182993
7000, 1.591644851508443
7250, 1.61245154965971
7500, 1.96638416050035
7750, 1.7320508075688772
8000, 1.7320508075688772
8250, 1.7511900715418263
8500, 1.4375905768565218
8750, 1.390443574307614
9000, 1.3165611772087666
9250, 1.3165611772087666
9500, 1.2649110640673518
9750, 1.0954451150103321
10000, 1.2110601416389966
11000, 1.2110601416389966
12000, 1.4142135623730951
13000, 1.0327955589886444
14000, 1.0327955589886444
15000, 1.0645812948447542
16000, 1.1832159566199232
17000, 1.2909944487358056
18000, 1.1832159566199232
19000, 0.9309493362512627
20000, 1.1254628677422756
21000, 1.0
22000, 0.9309493362512627
23000, 0.8563488385776752
24000, 0.6831300510639732
25000, 0.7745966692414834
26000, 0.8944271909999159
27000, 0.8563488385776752
28000, 0.6831300510639732
29000, 0.7745966692414834
30000, 0.6831300510639732
31000, 0.816496580927726
32000, 0.5163977794943222
33000, 0.7302967433402214
34000, 0.5773502691896257
35000, 0.2581988897471611
36000, 0.2581988897471611
37000, 0.2581988897471611
38000, 0.3651483716701107
39000, 0.3651483716701107
40000, 0.3651483716701107
41000, 0.3651483716701107
42000, 0.5163977794943222
43000, 0.3651483716701107
44000, 0.2581988897471611
45000, 0.3651483716701107
46000, 0.2581988897471611
47000, 0.2581988897471611
48000, 0.2581988897471611
49000, 0.3651483716701107
50000, 0.2581988897471611
51000, 0.2581988897471611
52000, 0.3651483716701107
53000, 0.2581988897471611
54000, 0.2581988897471611
55000, 0.3651483716701107
56000, 0.3651483716701107
57000, 0.3651483716701107
58000, 0.3651483716701107
59000, 0.2581988897471611
60000, 0.2581988897471611
61000, 0.2581988897471611
62000, 0.0
63000, 0.0
64000, 0.0
65000, 0.3651483716701107
66000, 0.2581988897471611
67000, 0.2581988897471611
68000, 0.2581988897471611
69000, 0.3651483716701107
70000, 0.3651483716701107
71000, 0.3651483716701107
72000, 0.3651483716701107
73000, 0.3651483716701107
74000, 0.3651483716701107
75000, 0.3651483716701107
76000, 0.2581988897471611
77000, 0.2581988897471611
78000, 0.2581988897471611
79000, 0.2581988897471611
80000, 0.2581988897471611
81000, 0.2581988897471611
82000, 0.2581988897471611
83000, 0.2581988897471611
84000, 0.2581988897471611
85000, 0.2581988897471611
86000, 0.0
87000, 0.2581988897471611
88000, 0.0
89000, 0.2581988897471611
90000, 0.0
91000, 0.0
92000, 0.2581988897471611
93000, 0.2581988897471611
94000, 0.0
95000, 0.0
96000, 0.0
97000, 0.0
98000, 0.0
99000, 0.0
100000, 0.0
