1, 23.002173810316275
2, 22.44326179502436
3, 21.797935682077785
4, 21.77039273876335
5, 21.77039273876335
6, 21.772689314827417
7, 21.49534833400008
8, 20.83026644092677
9, 20.1059692628831
10, 20.073614522551736
15, 19.176808910765107
20, 18.145247311624054
25, 16.235762994081924
30, 15.660459763365825
35, 13.285330255586423
40, 12.926716520447101
45, 12.670832648251654
50, 11.458621208504974
55, 10.75174404457249
60, 10.69579356569675
65, 10.915585188161009
70, 10.545141061171254
75, 9.848857801796104
80, 9.922197337283713
85, 9.378166132032424
90, 9.327379053088816
95, 9.192388155425117
100, 8.980534505250787
150, 7.543208866258444
200, 7.762087348130012
250, 7.113367697511496
300, 5.761944116355173
350, 5.818075283115543
400, 5.572252686302013
450, 5.60357029044876
500, 5.787918451395113
550, 4.868264577855234
600, 4.631414470763764
650, 3.847076812334269
700, 3.7349698793966195
750, 3.8987177379235853
800, 3.8987177379235853
850, 4.092676385936225
900, 4.449719092257398
950, 4.147288270665544
1000, 4.165333119931706
1250, 4.03732584763727
1500, 3.5142566781611158
1750, 3.9115214431215892
2000, 3.8078865529319543
2250, 3.427827300200522
2500, 3.383784863137726
2750, 3.3090784215548594
3000, 3.057776970284131
3250, 3.0983866769659336
3500, 2.9068883707497264
3750, 2.4899799195977463
4000, 2.5298221281347035
4250, 2.449489742783178
4500, 2.7202941017470885
4750, 2.598076211353316
5000, 2.569046515733026
5250, 2.280350850198276
5500, 2.3769728648009427
5750, 2.179449471770337
6000, 2.0
6250, 2.0615528128088303
6500, 1.816590212458495
6750, 2.0248456731316584
7000, 1.8841443681416772
7250, 2.23606797749979
7500, 2.0976176963403033
7750, 2.258317958127243
8000, 2.32379000772445
8250, 2.2135943621178655
8500, 2.0976176963403033
8750, 2.04939015319192
9000, 2.29128784747792
9250, 2.3021728866442674
9500, 2.0248456731316584
9750, 2.179449471770337
10000, 2.073644135332772
11000, 2.0615528128088303
12000, 2.0
13000, 1.8439088914585775
14000, 1.7888543819998317
15000, 1.9235384061671346
16000, 1.857417562100671
17000, 1.857417562100671
18000, 1.6431676725154984
19000, 1.8303005217723127
20000, 1.70293863659264
21000, 1.70293863659264
22000, 1.7175564037317668
23000, 1.7175564037317668
24000, 1.7175564037317668
25000, 1.7175564037317668
26000, 1.6583123951777
27000, 1.6278820596099706
28000, 1.396424004376894
29000, 1.378404875209022
30000, 1.466287829861518
31000, 1.5652475842498528
32000, 1.61245154965971
33000, 1.7748239349298849
34000, 1.7175564037317668
35000, 1.5968719422671311
36000, 1.449137674618944
37000, 1.4142135623730951
38000, 1.5329709716755893
39000, 1.5
40000, 1.466287829861518
41000, 1.449137674618944
42000, 1.396424004376894
43000, 1.5652475842498528
44000, 1.466287829861518
45000, 1.3416407864998738
46000, 1.3228756555322954
47000, 1.224744871391589
48000, 1.284523257866513
49000, 1.4142135623730951
50000, 1.2449899597988732
51000, 1.2449899597988732
52000, 1.0488088481701516
53000, 1.0723805294763609
54000, 1.0723805294763609
55000, 1.140175425099138
56000, 1.224744871391589
57000, 1.1832159566199232
58000, 1.118033988749895
59000, 1.0954451150103321
60000, 1.161895003862225
61000, 1.161895003862225
62000, 0.7745966692414834
63000, 0.806225774829855
64000, 0.7416198487095663
65000, 0.8660254037844386
66000, 0.7745966692414834
67000, 0.7416198487095663
68000, 0.6324555320336759
69000, 0.8660254037844386
70000, 1.0
71000, 0.8366600265340756
72000, 1.02469507659596
73000, 1.0954451150103321
74000, 1.0488088481701516
75000, 1.118033988749895
76000, 1.02469507659596
77000, 1.0723805294763609
78000, 1.02469507659596
79000, 0.9486832980505138
80000, 0.9219544457292888
81000, 0.9219544457292888
82000, 0.9486832980505138
83000, 0.9219544457292888
84000, 0.9486832980505138
85000, 0.7071067811865476
86000, 1.0
87000, 0.7745966692414834
88000, 0.806225774829855
89000, 0.7745966692414834
90000, 0.6708203932499369
91000, 0.8366600265340756
92000, 0.7416198487095663
93000, 0.7745966692414834
94000, 0.7745966692414834
95000, 0.806225774829855
96000, 0.806225774829855
97000, 0.7071067811865476
98000, 0.6708203932499369
99000, 0.7071067811865476
100000, 0.7071067811865476
