1, 16.451950239004088
2, 15.788181233652807
3, 15.31883372410141
4, 15.292699783447874
5, 14.463747785411636
6, 14.482172949296432
7, 13.542525613784159
8, 13.535139452550904
9, 12.659647177811342
10, 12.635927614016577
15, 11.812422839254161
20, 11.00605893739141
25, 10.98483803552272
30, 10.987872102155782
35, 10.951407824263205
40, 10.942272768183644
45, 10.14889156509222
50, 9.57078889120432
55, 9.567305437443363
60, 9.49385766342288
65, 9.49385766342288
70, 9.518403227432634
75, 9.514900595031634
80, 9.514900595031634
85, 8.752142594816426
90, 8.752142594816426
95, 8.752142594816426
100, 8.752142594816426
150, 7.970779970199486
200, 7.814516406449389
250, 7.814516406449389
300, 7.805980613179444
350, 7.801709214439273
400, 6.552353266829661
450, 6.552353266829661
500, 6.552353266829661
550, 6.07179270616732
600, 6.06630035524124
650, 5.621387729022079
700, 5.079370039680118
750, 4.844240566555986
800, 4.8373546489791295
850, 4.8373546489791295
900, 4.8373546489791295
950, 4.676180777800049
1000, 4.633213427705081
1250, 3.696845502136472
1500, 3.5402448126271344
1750, 3.492849839314596
2000, 3.5308167138307627
2250, 3.6147844564602556
2500, 3.5777087639996634
2750, 3.696845502136472
3000, 3.777124126457412
3250, 3.7682887362833544
3500, 3.82099463490856
3750, 3.82099463490856
4000, 3.2041639575194445
4250, 3.2041639575194445
4500, 3.255764119219941
4750, 3.2041639575194445
5000, 3.40587727318528
5250, 3.5118845842842465
5500, 3.3565855667130946
5750, 3.296462750686964
6000, 3.0550504633038935
6250, 3.1728010758108782
6500, 2.7325202042558927
6750, 2.8284271247461903
7000, 2.8284271247461903
7250, 2.8284271247461903
7500, 2.804757862395017
7750, 3.151719107619417
8000, 3.2041639575194445
8250, 3.2041639575194445
8500, 3.0
8750, 3.0876096471758427
9000, 3.1937438845342623
9250, 3.2041639575194445
9500, 3.2041639575194445
9750, 3.2041639575194445
10000, 3.2041639575194445
11000, 3.22490309931942
12000, 3.141125063837266
13000, 3.141125063837266
14000, 3.255764119219941
15000, 3.296462750686964
16000, 3.296462750686964
17000, 3.3763886032268267
18000, 3.286335345030997
19000, 3.286335345030997
20000, 3.22490309931942
21000, 3.22490309931942
22000, 2.9776948578836393
23000, 3.2041639575194445
24000, 3.235222815613581
25000, 3.235222815613581
26000, 3.3166247903554
27000, 3.286335345030997
28000, 3.141125063837266
29000, 3.0
30000, 2.6832815729997477
31000, 2.780887148615228
32000, 3.183289703016886
33000, 3.1728010758108782
34000, 2.9664793948382653
35000, 2.9664793948382653
36000, 2.4358434541926814
37000, 2.449489742783178
38000, 2.4899799195977463
39000, 2.0816659994661326
40000, 2.23606797749979
41000, 2.3944379994757297
42000, 2.3944379994757297
43000, 2.4358434541926814
44000, 2.4358434541926814
45000, 2.4765567494675613
46000, 2.463060426921489
47000, 2.463060426921489
48000, 2.265686062395524
49000, 2.3804761428476167
50000, 2.463060426921489
51000, 2.556038601690775
52000, 2.581988897471611
53000, 2.4899799195977463
54000, 2.4083189157584592
55000, 2.250925735484551
56000, 2.250925735484551
57000, 2.7202941017470885
58000, 2.7202941017470885
59000, 2.7202941017470885
60000, 2.3944379994757297
61000, 2.4358434541926814
62000, 1.8973665961010275
63000, 1.8973665961010275
64000, 1.8973665961010275
65000, 1.7511900715418263
66000, 1.7511900715418263
67000, 1.4142135623730951
68000, 1.6733200530681511
69000, 1.7511900715418263
70000, 1.879716290649558
71000, 1.96638416050035
72000, 1.96638416050035
73000, 2.250925735484551
74000, 2.265686062395524
75000, 2.3804761428476167
76000, 2.4083189157584592
77000, 2.4083189157584592
78000, 2.1908902300206643
79000, 2.2949219304078006
80000, 2.2949219304078006
81000, 2.449489742783178
82000, 2.449489742783178
83000, 2.449489742783178
84000, 2.449489742783178
85000, 2.23606797749979
86000, 2.23606797749979
87000, 2.265686062395524
88000, 2.449489742783178
89000, 2.594866727470475
90000, 2.594866727470475
91000, 2.581988897471611
92000, 2.4358434541926814
93000, 2.556038601690775
94000, 2.4358434541926814
95000, 2.3944379994757297
96000, 2.3944379994757297
97000, 2.4358434541926814
98000, 2.556038601690775
99000, 2.6204325342711394
100000, 2.6204325342711394
