1, 10.765686229869418
2, 10.425929215182693
3, 10.425929215182693
4, 9.513148795220223
5, 9.513148795220223
6, 9.20326029187483
7, 8.408329203831164
8, 8.372574275573792
9, 8.62554346113913
10, 8.154753215150045
15, 6.920982589199311
20, 5.630275304103699
25, 4.370354676682432
30, 4.404543109109048
35, 4.69041575982343
40, 4.33589667773576
45, 3.5496478698597698
50, 3.9115214431215892
55, 3.8078865529319543
60, 4.8373546489791295
65, 4.123105625617661
70, 4.370354676682432
75, 4.636809247747852
80, 4.774934554525329
85, 4.505552130427524
90, 4.381780460041329
95, 4.61519230368573
100, 4.658325879540846
150, 3.7416573867739413
200, 3.255764119219941
250, 2.701851217221259
300, 2.8106938645110393
350, 3.22490309931942
400, 2.6645825188948455
450, 2.7386127875258306
500, 2.6267851073127395
550, 2.2135943621178655
600, 2.3874672772626644
650, 2.258317958127243
700, 2.4083189157584592
750, 2.4289915602982237
800, 2.4289915602982237
850, 2.04939015319192
900, 2.16794833886788
950, 1.9748417658131499
1000, 2.0976176963403033
1250, 1.70293863659264
1500, 1.9748417658131499
1750, 1.8973665961010275
2000, 1.51657508881031
2250, 1.0488088481701516
2500, 1.449137674618944
2750, 1.449137674618944
3000, 0.8944271909999159
3250, 1.3038404810405297
3500, 1.2649110640673518
3750, 1.0954451150103321
4000, 1.140175425099138
4250, 1.0
4500, 0.8366600265340756
4750, 0.8366600265340756
5000, 1.0488088481701516
5250, 0.8944271909999159
5500, 0.8944271909999159
5750, 0.8944271909999159
6000, 1.1832159566199232
6250, 1.224744871391589
6500, 0.8366600265340756
6750, 1.0
7000, 0.9486832980505138
7250, 1.0954451150103321
7500, 1.0954451150103321
7750, 1.140175425099138
8000, 0.9486832980505138
8250, 0.9486832980505138
8500, 0.9486832980505138
8750, 0.9486832980505138
9000, 0.8944271909999159
9250, 0.8944271909999159
9500, 0.9486832980505138
9750, 0.8366600265340756
10000, 0.7745966692414834
11000, 0.6324555320336759
12000, 0.6324555320336759
13000, 0.6324555320336759
14000, 0.5477225575051661
15000, 0.5477225575051661
16000, 0.4472135954999579
17000, 0.4472135954999579
18000, 0.31622776601683794
19000, 0.5477225575051661
20000, 0.4472135954999579
21000, 0.5477225575051661
22000, 0.6324555320336759
23000, 0.5477225575051661
24000, 0.5477225575051661
25000, 0.5477225575051661
26000, 0.4472135954999579
27000, 0.6324555320336759
28000, 0.5477225575051661
29000, 0.5477225575051661
30000, 0.5477225575051661
31000, 0.5477225575051661
32000, 0.5477225575051661
33000, 0.5477225575051661
34000, 0.5477225575051661
35000, 0.5477225575051661
36000, 0.5477225575051661
37000, 0.5477225575051661
38000, 0.4472135954999579
39000, 0.4472135954999579
40000, 0.31622776601683794
41000, 0.31622776601683794
42000, 0.4472135954999579
43000, 0.4472135954999579
44000, 0.4472135954999579
45000, 0.31622776601683794
46000, 0.31622776601683794
47000, 0.0
48000, 0.31622776601683794
49000, 0.31622776601683794
50000, 0.0
51000, 0.31622776601683794
52000, 0.0
53000, 0.0
54000, 0.0
55000, 0.0
56000, 0.0
57000, 0.31622776601683794
58000, 0.31622776601683794
59000, 0.4472135954999579
60000, 0.31622776601683794
61000, 0.31622776601683794
62000, 0.31622776601683794
63000, 0.31622776601683794
64000, 0.31622776601683794
65000, 0.31622776601683794
66000, 0.31622776601683794
67000, 0.31622776601683794
68000, 0.31622776601683794
69000, 0.31622776601683794
70000, 0.31622776601683794
71000, 0.0
72000, 0.0
73000, 0.31622776601683794
74000, 0.31622776601683794
75000, 0.31622776601683794
76000, 0.31622776601683794
77000, 0.31622776601683794
78000, 0.31622776601683794
79000, 0.4472135954999579
80000, 0.4472135954999579
81000, 0.4472135954999579
82000, 0.4472135954999579
83000, 0.4472135954999579
84000, 0.4472135954999579
85000, 0.4472135954999579
86000, 0.4472135954999579
87000, 0.4472135954999579
88000, 0.4472135954999579
89000, 0.4472135954999579
90000, 0.31622776601683794
91000, 0.31622776601683794
92000, 0.31622776601683794
93000, 0.31622776601683794
94000, 0.4472135954999579
95000, 0.4472135954999579
96000, 0.4472135954999579
97000, 0.4472135954999579
98000, 0.4472135954999579
99000, 0.4472135954999579
100000, 0.4472135954999579
