1, 56.868268832451726
2, 56.792957309863695
3, 56.287476404614196
4, 56.24784440314136
5, 56.23753195153571
6, 55.82400917168168
7, 55.87897636857712
8, 55.523688638274024
9, 54.87513097934255
10, 54.941787375366665
15, 52.82291169558907
20, 52.35685246460104
25, 50.785824793932406
30, 50.121652007889764
35, 49.368208393661604
40, 47.41223470793167
45, 46.272886229410844
50, 46.136753245108174
55, 46.15907278098207
60, 45.95628357471914
65, 44.95842523932527
70, 45.00222216735525
75, 43.917422510889686
80, 43.30981413028692
85, 42.63613490925274
90, 41.7025179095939
95, 41.5557456917813
100, 41.95569091315265
150, 38.88418701734678
200, 35.887045016272936
250, 34.7893661914097
300, 32.29767793510859
350, 31.51475844743221
400, 32.72521963257084
450, 33.180717291824784
500, 32.59785269001625
550, 31.159268284091652
600, 30.77239022240554
650, 31.47348090059312
700, 30.810063291074233
750, 31.467125702866475
800, 31.283222340417556
850, 31.80754627442991
900, 31.610757662542667
950, 31.162156536414486
1000, 30.131710870775326
1250, 29.61688707477543
1500, 28.73221188840149
1750, 28.353130338641623
2000, 28.24889378365107
2250, 25.796899038450338
2500, 25.391730937452845
2750, 25.93260495977988
3000, 25.680732076792516
3250, 25.129663746258124
3500, 25.108962543283226
3750, 24.73459116298468
4000, 24.238811852068988
4250, 23.435443243088024
4500, 23.64571842850202
4750, 22.699339197430394
5000, 22.70286325554554
5250, 21.4
5500, 20.458738964071074
5750, 19.943419967498052
6000, 20.179692762775158
6250, 20.056919005669837
6500, 19.224983745116667
6750, 19.086644545335883
7000, 19.138965489283898
7250, 18.62417783420251
7500, 18.631156700537947
7750, 18.6284728305892
8000, 19.25305170615817
8250, 19.538167774896397
8500, 19.70685160039523
8750, 18.84887264533346
9000, 18.424983039340905
9250, 18.901851761137056
9500, 18.710959355415213
9750, 18.040509970618903
10000, 17.626684316683043
11000, 17.40919297382851
12000, 18.576329023787235
13000, 17.40919297382851
14000, 17.665786141578867
15000, 17.501999885727344
16000, 16.724831837719627
17000, 16.66433316997713
18000, 15.858120947955971
19000, 15.609612423119287
20000, 15.549276510500416
21000, 15.333623185666198
22000, 14.528592498931204
23000, 13.67845020461017
24000, 14.06484980367725
25000, 13.874436925511608
26000, 13.319909909605244
27000, 14.019272449025305
28000, 13.839075113604956
29000, 13.654303350958628
30000, 14.110279940525631
31000, 14.06484980367725
32000, 13.67040599250805
33000, 13.002307487519282
34000, 12.637246535539298
35000, 12.395160345876933
36000, 11.953242237987148
37000, 12.290646850349253
38000, 12.607934009979589
39000, 11.999166637729472
40000, 11.987493482792805
41000, 11.766902736064406
42000, 11.510864433221338
43000, 11.479547029391012
44000, 11.430660523346846
45000, 12.049896265113654
46000, 11.402631275280282
47000, 11.937336386313323
48000, 11.388590782006348
49000, 11.632712495372694
50000, 12.083873551142448
51000, 12.184416276539471
52000, 11.345483682946268
53000, 11.188386836358493
54000, 10.598113039593416
55000, 10.507140429250958
56000, 10.84250893474384
57000, 10.83512805646523
58000, 10.195096860746347
59000, 10.079682534683322
60000, 9.974968671630002
61000, 9.751922887307918
62000, 9.517352573063583
63000, 9.36269192059634
64000, 9.513148795220223
65000, 9.730364844136114
66000, 9.73344748791506
67000, 9.303762679690406
68000, 9.327379053088816
69000, 9.423375191511797
70000, 9.584362263604188
71000, 9.202173656261873
72000, 9.10274683818022
73000, 9.048756820690896
74000, 9.323089616645332
75000, 9.042123644365853
76000, 8.872429205127533
77000, 8.855506761332183
78000, 8.678709581498852
79000, 8.631338250816034
80000, 8.817028978062849
81000, 9.093954035511725
82000, 8.79772697916911
83000, 8.542833253669418
84000, 8.422588675698226
85000, 8.398809439438425
86000, 8.61278120005379
87000, 7.9511005527536875
88000, 8.034923770640267
89000, 7.632823854904553
90000, 7.903163923391695
91000, 7.882892870006543
92000, 7.863841300535
93000, 7.718808198161164
94000, 8.018728078691781
95000, 7.606576102294645
96000, 7.545859791965393
97000, 8.048602363143553
98000, 8.00874522007037
99000, 7.163797875428926
100000, 7.391887445030531
