1, 16.673332000533065
2, 16.21316337630219
3, 15.377472700891609
4, 15.453155017665487
5, 15.235922464141558
6, 14.975535605335345
7, 14.975535605335345
8, 14.438374793122204
9, 14.719601443879744
10, 14.459137825841022
15, 13.599019572503503
20, 12.094075684675811
25, 10.917875251164945
30, 10.708252269472673
35, 10.10940156488009
40, 10.053191864610298
45, 8.921883209278185
50, 8.262364471909155
55, 7.650708028237212
60, 7.136759301905405
65, 7.620148729957092
70, 7.767453465154029
75, 6.723094525588644
80, 6.708203932499369
85, 6.658328118479393
90, 6.567597226789515
95, 6.496152707564686
100, 6.521758454077652
150, 5.865151319446072
200, 5.013315602805526
250, 4.457203906785808
300, 3.847076812334269
350, 4.0579140782755205
400, 3.678767909685705
450, 3.5496478698597698
500, 3.1622776601683795
550, 2.8635642126552705
600, 2.4899799195977463
650, 2.594866727470475
700, 2.6331223544175333
750, 2.932575659723036
800, 2.898275349237888
850, 2.695675549220764
900, 2.280350850198276
950, 2.160246899469287
1000, 1.8618986725025255
1250, 2.6331223544175333
1500, 2.756809750418044
1750, 2.2211108331943574
2000, 2.1756225162774294
2250, 2.0330600909302543
2500, 2.0330600909302543
2750, 1.7511900715418263
3000, 1.7888543819998317
3250, 1.6931233465600393
3500, 1.8973665961010275
3750, 1.879716290649558
4000, 1.8257418583505538
4250, 1.7126976771553504
4500, 1.6931233465600393
4750, 1.61245154965971
5000, 1.570562531918633
5250, 1.570562531918633
5500, 1.4375905768565218
5750, 1.2909944487358056
6000, 1.2382783747337807
6250, 1.3662601021279464
6500, 1.2382783747337807
6750, 1.2649110640673518
7000, 1.2909944487358056
7250, 1.2110601416389966
7500, 1.2909944487358056
7750, 1.2110601416389966
8000, 1.0645812948447542
8250, 0.9660917830792959
8500, 1.0327955589886444
8750, 1.1254628677422756
9000, 1.0327955589886444
9250, 0.9309493362512627
9500, 1.0327955589886444
9750, 1.0954451150103321
10000, 1.0645812948447542
11000, 1.0954451150103321
12000, 1.1254628677422756
13000, 1.0327955589886444
14000, 0.9309493362512627
15000, 0.8944271909999159
16000, 0.9660917830792959
17000, 0.9309493362512627
18000, 0.9309493362512627
19000, 0.9660917830792959
20000, 0.8563488385776752
21000, 0.816496580927726
22000, 0.9660917830792959
23000, 0.816496580927726
24000, 0.7745966692414834
25000, 1.0
26000, 0.8563488385776752
27000, 0.8563488385776752
28000, 0.7302967433402214
29000, 0.7302967433402214
30000, 0.7745966692414834
31000, 0.8944271909999159
32000, 0.9309493362512627
33000, 0.9309493362512627
34000, 0.5773502691896257
35000, 0.6831300510639732
36000, 0.5773502691896257
37000, 0.6324555320336759
38000, 0.5773502691896257
39000, 0.7302967433402214
40000, 0.816496580927726
41000, 0.4472135954999579
42000, 0.6831300510639732
43000, 0.4472135954999579
44000, 0.6831300510639732
45000, 0.6831300510639732
46000, 0.6831300510639732
47000, 0.5773502691896257
48000, 0.3651483716701107
49000, 0.4472135954999579
50000, 0.5163977794943222
51000, 0.7302967433402214
52000, 0.5773502691896257
53000, 0.5773502691896257
54000, 0.6324555320336759
55000, 0.6324555320336759
56000, 0.5163977794943222
57000, 0.4472135954999579
58000, 0.5163977794943222
59000, 0.5163977794943222
60000, 0.4472135954999579
61000, 0.4472135954999579
62000, 0.4472135954999579
63000, 0.4472135954999579
64000, 0.4472135954999579
65000, 0.4472135954999579
66000, 0.6324555320336759
67000, 0.2581988897471611
68000, 0.3651483716701107
69000, 0.3651483716701107
70000, 0.3651483716701107
71000, 0.2581988897471611
72000, 0.2581988897471611
73000, 0.0
74000, 0.0
75000, 0.0
76000, 0.0
77000, 0.0
78000, 0.2581988897471611
79000, 0.2581988897471611
80000, 0.3651483716701107
81000, 0.2581988897471611
82000, 0.0
83000, 0.0
84000, 0.0
85000, 0.0
86000, 0.0
87000, 0.0
88000, 0.0
89000, 0.0
90000, 0.2581988897471611
91000, 0.0
92000, 0.2581988897471611
93000, 0.2581988897471611
94000, 0.3651483716701107
95000, 0.3651483716701107
96000, 0.3651483716701107
97000, 0.3651483716701107
98000, 0.2581988897471611
99000, 0.3651483716701107
100000, 0.3651483716701107
