1, 45.32107677449864
2, 44.50758362346804
3, 44.5067410624503
4, 43.72099038219514
5, 42.986335038009464
6, 42.28238403874597
7, 42.28238403874597
8, 41.36816408785867
9, 40.455531142230726
10, 40.449351045474145
15, 39.55755300824357
20, 39.55565699113087
25, 39.549968394424795
30, 39.54712378922138
35, 38.68688408233467
40, 37.87479372881125
45, 37.87347356660067
50, 37.87347356660067
55, 37.87347356660067
60, 37.137918627731416
65, 37.13859178805788
70, 36.24672398990011
75, 36.24672398990011
80, 36.24741370084216
85, 36.24741370084216
90, 36.24534452864257
95, 36.2425854486128
100, 36.24293034510317
150, 35.450669951356346
200, 35.18273724427933
250, 35.17953950807202
300, 34.430001452221866
350, 33.6429784650527
400, 33.643350011555036
450, 33.643350011555036
500, 33.64149223800871
550, 33.64149223800871
600, 33.64186380092518
650, 33.64186380092518
700, 33.64186380092518
750, 33.6429784650527
800, 33.31741286474686
850, 32.3681942653587
900, 32.36780808148738
950, 32.36664950222682
1000, 32.36626329992389
1250, 30.563049586060618
1500, 29.31168708894116
1750, 28.460498941515414
2000, 27.91325849842687
2250, 28.065548275421236
2500, 27.075819470516493
2750, 27.01943744788185
3000, 26.389865479005383
3250, 26.074892137840187
3500, 26.177280225416848
3750, 26.12422247646808
4000, 26.053790511171304
4250, 26.053790511171304
4500, 26.054270283391165
4750, 26.053790511171304
5000, 25.991825638073212
5250, 25.98268654315793
5500, 26.155305389155753
5750, 25.53575924071967
6000, 25.47695036694934
6250, 24.591665254715874
6500, 24.663738564945906
6750, 24.663738564945906
7000, 24.746211831308646
7250, 24.767418113319764
7500, 24.649543606322613
7750, 24.650050709886987
8000, 24.651571957990836
8250, 24.176434807473164
8500, 24.288371703348083
8750, 24.074883177286655
9000, 24.1251942997357
9250, 23.896652485233155
9500, 23.76920276323966
9750, 23.550477702161373
10000, 23.073794659743335
11000, 22.707377655731186
12000, 21.636196523418807
13000, 21.398598084921357
14000, 21.421367836811914
15000, 21.281447319202705
16000, 21.18549031766789
17000, 21.563278971436603
18000, 21.4516899101213
19000, 20.876422107248167
20000, 20.630075133164205
21000, 20.467657413587908
22000, 20.927852254830164
23000, 21.260879567882416
24000, 21.256175573230475
25000, 21.172505756286853
26000, 20.631286920597077
27000, 21.30551571776661
28000, 21.210846282032218
29000, 21.11752826445368
30000, 21.42720233721612
31000, 21.027363125223285
32000, 21.058846122235664
33000, 20.67063134014053
34000, 20.43098137633139
35000, 20.55723716845238
36000, 20.553588494469768
37000, 20.308865059377396
38000, 20.279299790673246
39000, 20.316864915631054
40000, 20.239812252093643
41000, 20.538987316808004
42000, 20.61007035407691
43000, 20.735838541038074
44000, 20.519502917955883
45000, 19.669773765857094
46000, 19.695177074603823
47000, 19.337786843379984
48000, 19.909168742064548
49000, 20.706279240848655
50000, 20.538987316808004
51000, 20.244752406487958
52000, 19.90602923739438
53000, 19.88906734867173
54000, 19.926113519700724
55000, 19.555050498528505
56000, 19.69644637999454
57000, 19.979364354253114
58000, 19.94555088233965
59000, 19.875235847657255
60000, 20.163705016687782
61000, 19.853211327137984
62000, 19.738920943151882
63000, 19.765500246641874
64000, 19.67295097335425
65000, 19.96935151676188
66000, 20.08855395492667
67000, 20.336543462447104
68000, 20.396078054371138
69000, 20.294703742602405
70000, 20.11591409804685
71000, 20.01686788685982
72000, 19.804039991880444
73000, 19.778776504121787
74000, 19.96684752283144
75000, 19.91167998939316
76000, 19.994374208761823
77000, 20.178577749682955
78000, 20.07921811226722
79000, 20.126475101219288
80000, 19.690099034794112
81000, 19.60548392669765
82000, 19.548657242890112
83000, 19.83494391219698
84000, 19.76866206904251
85000, 19.98499437077729
86000, 19.971855196751253
87000, 19.702157242292024
88000, 19.43579172557681
89000, 19.357814959338775
90000, 19.176808910765107
91000, 19.05977439530699
92000, 19.07747362729143
93000, 18.65676820888334
94000, 18.846087127040455
95000, 18.801595676963167
96000, 18.9274932307477
97000, 18.75499933351105
98000, 18.92881401461803
99000, 18.36300628982085
100000, 18.861998833633724
