1, 34.626098057197645
2, 34.07589568399732
3, 34.055347108298086
4, 33.985781340633224
5, 33.681844763413224
6, 33.426037755019664
7, 33.33366666500002
8, 32.64097629258864
9, 32.058280261631836
10, 31.44094994324016
15, 29.147326921463428
20, 28.488594208911046
25, 27.372126942079845
30, 26.371702005495713
35, 24.41174580674912
40, 23.852323436791924
45, 23.441416339462084
50, 21.143951065651535
55, 21.536790228196338
60, 20.752509888364507
65, 20.826265467753295
70, 20.454828280872952
75, 20.013328891849387
80, 19.296804571396443
85, 18.328484207193277
90, 18.618986725025255
95, 18.259244234085923
100, 18.000925902112183
150, 17.164886639105234
200, 15.862954747881409
250, 13.934369977385654
300, 11.758684733704985
350, 10.80277742064512
400, 10.319883720275147
450, 9.91463564635635
500, 9.66091783079296
550, 9.499122766515512
600, 8.268413793870423
650, 8.207719943240429
700, 8.136338242723197
750, 7.758865896508329
800, 7.607014306984486
850, 7.745966692414834
900, 6.801960501698511
950, 6.882344561751226
1000, 6.882344561751226
1250, 6.750308634919345
1500, 5.825232470325397
1750, 5.70087712549569
2000, 5.141335753803026
2250, 4.722287581247038
2500, 4.339738855430512
2750, 4.568004670166906
3000, 4.78539444560216
3250, 4.47213595499958
3500, 4.305035810923451
3750, 4.501851470969102
4000, 4.2895221179054435
4250, 4.167333280008532
4500, 4.1952353926806065
4750, 4.332051092342595
5000, 3.970726214015097
5250, 4.2895221179054435
5500, 4.147288270665544
5750, 4.183300132670378
6000, 4.266145801540309
6250, 4.2465672411176225
6500, 4.143267631552018
6750, 3.7416573867739413
7000, 3.7013511046643495
7250, 3.5402448126271344
7500, 3.415650255319866
7750, 3.444802848737017
8000, 3.32665998663324
8250, 3.40587727318528
8500, 3.5870136139505613
8750, 3.4399612400917157
9000, 3.3763886032268267
9250, 3.2506409624359724
9500, 3.1937438845342623
9750, 3.157002798013753
10000, 3.1885210782848317
11000, 3.2093613071762426
12000, 2.932575659723036
13000, 2.9154759474226504
14000, 2.8284271247461903
15000, 2.9832867780352594
16000, 2.943920288775949
17000, 2.886751345948129
18000, 2.7507574714370344
19000, 2.536401650632907
20000, 2.8225284173355396
21000, 2.7325202042558927
22000, 2.6832815729997477
23000, 2.5755258362775812
24000, 2.41522945769824
25000, 2.37346441585572
26000, 2.1756225162774294
27000, 2.345207879911715
28000, 1.906130460732773
29000, 2.0976176963403033
30000, 1.983263304085802
31000, 1.8257418583505538
32000, 1.9148542155126762
33000, 2.041241452319315
34000, 2.1213203435596424
35000, 2.0896570691543306
36000, 1.879716290649558
37000, 2.065591117977289
38000, 1.9916492328386208
39000, 2.008316044185609
40000, 1.7888543819998317
41000, 1.7126976771553504
42000, 1.816590212458495
43000, 1.7795130420052185
44000, 1.798147194568157
45000, 1.5383974345619102
46000, 1.7320508075688772
47000, 1.8618986725025255
48000, 1.622754859285078
49000, 1.559914527573012
50000, 1.6832508230603465
51000, 1.7126976771553504
52000, 1.7888543819998317
53000, 1.6931233465600393
54000, 1.7888543819998317
55000, 1.6931233465600393
56000, 1.6733200530681511
57000, 1.70293863659264
58000, 1.888562063228706
59000, 1.6832508230603465
60000, 1.7888543819998317
61000, 1.8073922282301278
62000, 1.8618986725025255
63000, 1.7701224063135672
64000, 1.7511900715418263
65000, 1.7224014243685084
66000, 1.7416467303484175
67000, 1.66332999331662
68000, 1.7701224063135672
69000, 1.6431676725154984
70000, 1.70293863659264
71000, 1.6532795690182993
72000, 1.6832508230603465
73000, 1.5491933384829668
74000, 1.4023789311975086
75000, 1.591644851508443
76000, 1.622754859285078
77000, 1.3416407864998738
78000, 1.4023789311975086
79000, 1.4944341180973264
80000, 1.559914527573012
81000, 1.51657508881031
82000, 1.4832396974191326
83000, 1.4605934866804429
84000, 1.4375905768565218
85000, 1.5275252316519468
86000, 1.591644851508443
87000, 1.4259499757471625
88000, 1.5275252316519468
89000, 1.559914527573012
90000, 1.61245154965971
91000, 1.6733200530681511
92000, 1.632993161855452
93000, 1.6832508230603465
94000, 1.5491933384829668
95000, 1.6020819787597222
96000, 1.6431676725154984
97000, 1.6931233465600393
98000, 1.61245154965971
99000, 1.6431676725154984
100000, 1.6020819787597222
