1, 28.6174771774173
2, 28.352777641705583
3, 28.02784329911954
4, 27.285893791481342
5, 27.380284877992047
6, 27.277096619691765
7, 27.120471972294286
8, 26.788057040405153
9, 26.033824152436768
10, 26.003845869409396
15, 23.924882444852262
20, 23.4665719695059
25, 22.05357113938693
30, 21.561076039938268
35, 20.163333057805698
40, 18.8456891622461
45, 18.124017214734707
50, 17.77526371112395
55, 16.660132052297786
60, 16.685322891691367
65, 16.699700596118483
70, 16.699700596118483
75, 17.27194256590729
80, 17.227884373886425
85, 16.33523798418621
90, 16.75589448522519
95, 16.049922118191105
100, 15.005332385522154
150, 12.366082645688568
200, 10.146920715172657
250, 8.590692637965812
300, 8.395236744726143
350, 6.881860213634101
400, 6.612110101926616
450, 5.966573556070519
500, 5.768882040742383
550, 5.411099703387474
600, 5.488169093604897
650, 6.276941930590086
700, 6.1220911460055865
750, 5.7306195127577615
800, 6.095900261651268
850, 6.157921727336261
900, 6.013318551349163
950, 6.251399843235113
1000, 5.9565090447341715
1250, 5.027922035990614
1500, 4.737087712930805
1750, 5.3814496188294845
2000, 5.102940328869229
2250, 4.029888335921977
2500, 3.6932370625238775
2750, 3.9496835316262997
3000, 3.5327043465311387
3250, 3.304542328371661
3500, 3.0724582991474434
3750, 2.986636904613616
4000, 3.0659419433511785
4250, 2.979932885150268
4500, 3.243454948045371
4750, 3.237282811247729
5000, 3.509985754956849
5250, 3.1874754901018454
5500, 3.104834939252005
5750, 3.0133038346638727
6000, 2.727636339397171
6250, 2.7640549922170505
6500, 2.6457513110645907
6750, 2.4331050121192876
7000, 2.4248711305964283
7250, 2.5059928172283334
7500, 2.8284271247461903
7750, 2.6457513110645907
8000, 2.6608269391300143
8250, 2.6981475126464085
8500, 2.6457513110645907
8750, 2.6457513110645907
9000, 2.5377155080899043
9250, 2.4166091947189146
9500, 2.4899799195977463
9750, 2.23606797749979
10000, 2.2891046284519194
11000, 2.545584412271571
12000, 2.4576411454889016
13000, 2.3664319132398464
14000, 2.630589287593181
15000, 2.6907248094147422
16000, 2.6832815729997477
17000, 2.6532998322843198
18000, 2.814249455894058
19000, 2.6
20000, 2.4248711305964283
21000, 2.7422618401604177
22000, 2.584569596664017
23000, 2.3579652245103193
24000, 2.3065125189341593
25000, 2.181742422927143
26000, 2.1447610589527217
27000, 2.06881608655772
28000, 2.078460969082653
29000, 2.1260291625469296
30000, 2.0199009876724157
31000, 2.04939015319192
32000, 2.262741699796952
33000, 2.1071307505705477
34000, 2.340939982143925
35000, 2.244994432064365
36000, 2.3748684174075834
37000, 2.32379000772445
38000, 2.029778313018444
39000, 2.009975124224178
40000, 2.1260291625469296
41000, 2.23606797749979
42000, 2.2978250586152114
43000, 2.349468024894146
44000, 2.1447610589527217
45000, 2.1540659228538015
46000, 2.172556098240043
47000, 2.1354156504062622
48000, 2.06881608655772
49000, 2.1071307505705477
50000, 2.0
51000, 2.04939015319192
52000, 2.1260291625469296
53000, 1.9390719429665315
54000, 1.9078784028338913
55000, 1.8973665961010275
56000, 1.9078784028338913
57000, 1.9595917942265424
58000, 2.1260291625469296
59000, 2.039607805437114
60000, 2.08806130178211
61000, 1.7320508075688772
62000, 1.7549928774784245
63000, 1.8867962264113207
64000, 1.9493588689617927
65000, 1.7435595774162693
66000, 1.9287301521985911
67000, 1.5874507866387544
68000, 1.6370705543744901
69000, 1.5748015748023623
70000, 1.8439088914585775
71000, 1.8110770276274832
72000, 1.7663521732655694
73000, 1.865475810617763
74000, 1.7204650534085253
75000, 1.5362291495737217
76000, 1.5231546211727816
77000, 1.5874507866387544
78000, 1.4560219778561037
79000, 1.4966629547095767
80000, 1.5362291495737217
81000, 1.5620499351813308
82000, 1.3856406460551018
83000, 1.5748015748023623
84000, 1.5620499351813308
85000, 1.5874507866387544
86000, 1.2806248474865698
87000, 1.2806248474865698
88000, 1.3711309200802089
89000, 1.4142135623730951
90000, 1.3856406460551018
91000, 1.4
92000, 1.3114877048604001
93000, 1.3416407864998738
94000, 1.3711309200802089
95000, 1.3564659966250536
96000, 1.296148139681572
97000, 1.3114877048604001
98000, 1.2489995996796797
99000, 1.2328828005937953
100000, 1.2649110640673518
