1, 10.765686229869418
2, 9.848857801796104
3, 9.843779761859771
4, 9.843779761859771
5, 9.843779761859771
6, 9.843779761859771
7, 9.843779761859771
8, 9.843779761859771
9, 9.843779761859771
10, 9.843779761859771
15, 9.843779761859771
20, 9.843779761859771
25, 9.843779761859771
30, 9.843779761859771
35, 9.843779761859771
40, 9.843779761859771
45, 9.843779761859771
50, 9.843779761859771
55, 9.843779761859771
60, 9.843779761859771
65, 9.843779761859771
70, 9.843779761859771
75, 9.843779761859771
80, 9.843779761859771
85, 9.843779761859771
90, 9.843779761859771
95, 9.843779761859771
100, 9.843779761859771
150, 9.126883367283709
200, 9.126883367283709
250, 9.126883367283709
300, 9.033271832508971
350, 9.033271832508971
400, 9.033271832508971
450, 9.033271832508971
500, 9.033271832508971
550, 9.033271832508971
600, 9.033271832508971
650, 9.033271832508971
700, 9.033271832508971
750, 9.033271832508971
800, 9.033271832508971
850, 9.033271832508971
900, 9.033271832508971
950, 9.033271832508971
1000, 9.033271832508971
1250, 9.033271832508971
1500, 9.033271832508971
1750, 9.033271832508971
2000, 9.033271832508971
2250, 9.033271832508971
2500, 9.033271832508971
2750, 9.033271832508971
3000, 9.033271832508971
3250, 9.033271832508971
3500, 9.033271832508971
3750, 9.033271832508971
4000, 9.033271832508971
4250, 9.033271832508971
4500, 9.033271832508971
4750, 9.033271832508971
5000, 9.033271832508971
5250, 9.033271832508971
5500, 9.033271832508971
5750, 9.033271832508971
6000, 9.033271832508971
6250, 9.033271832508971
6500, 9.033271832508971
6750, 9.033271832508971
7000, 9.033271832508971
7250, 9.033271832508971
7500, 9.033271832508971
7750, 9.033271832508971
8000, 9.033271832508971
8250, 9.033271832508971
8500, 9.033271832508971
8750, 9.033271832508971
9000, 9.033271832508971
9250, 9.033271832508971
9500, 9.033271832508971
9750, 9.033271832508971
10000, 9.033271832508971
11000, 9.033271832508971
12000, 9.033271832508971
13000, 9.033271832508971
14000, 9.033271832508971
15000, 9.033271832508971
16000, 9.033271832508971
17000, 9.033271832508971
18000, 9.033271832508971
19000, 9.033271832508971
20000, 9.033271832508971
21000, 9.033271832508971
22000, 9.033271832508971
23000, 9.033271832508971
24000, 9.033271832508971
25000, 9.033271832508971
26000, 9.033271832508971
27000, 9.033271832508971
28000, 9.033271832508971
29000, 9.033271832508971
30000, 9.033271832508971
31000, 9.033271832508971
32000, 9.033271832508971
33000, 9.033271832508971
34000, 9.033271832508971
35000, 9.033271832508971
36000, 9.033271832508971
37000, 9.033271832508971
38000, 9.033271832508971
39000, 9.033271832508971
40000, 9.033271832508971
41000, 9.033271832508971
42000, 9.033271832508971
43000, 9.033271832508971
44000, 9.033271832508971
45000, 9.033271832508971
46000, 9.033271832508971
47000, 9.033271832508971
48000, 9.033271832508971
49000, 9.033271832508971
50000, 9.033271832508971
51000, 9.033271832508971
52000, 9.033271832508971
53000, 9.033271832508971
54000, 9.033271832508971
55000, 9.033271832508971
56000, 9.033271832508971
57000, 9.033271832508971
58000, 9.033271832508971
59000, 9.033271832508971
60000, 9.033271832508971
61000, 9.033271832508971
62000, 9.033271832508971
63000, 9.033271832508971
64000, 9.033271832508971
65000, 9.033271832508971
66000, 9.033271832508971
67000, 9.033271832508971
68000, 9.033271832508971
69000, 9.033271832508971
70000, 9.033271832508971
71000, 9.033271832508971
72000, 9.033271832508971
73000, 9.033271832508971
74000, 9.033271832508971
75000, 9.033271832508971
76000, 9.033271832508971
77000, 9.033271832508971
78000, 9.033271832508971
79000, 9.033271832508971
80000, 9.033271832508971
81000, 9.033271832508971
82000, 9.033271832508971
83000, 9.033271832508971
84000, 9.033271832508971
85000, 9.033271832508971
86000, 9.033271832508971
87000, 9.033271832508971
88000, 9.033271832508971
89000, 9.033271832508971
90000, 9.033271832508971
91000, 9.033271832508971
92000, 9.033271832508971
93000, 9.033271832508971
94000, 9.033271832508971
95000, 9.033271832508971
96000, 9.033271832508971
97000, 9.033271832508971
98000, 9.033271832508971
99000, 9.033271832508971
100000, 9.033271832508971
