3.3466401061363023
3.0
3.1622776601683795
3.6606010435446255
3.0
3.0
3.63318042491699
2.6076809620810595
3.0659419433511785
2.6832815729997477
2.898275349237888
2.6076809620810595
2.6076809620810595
2.4899799195977463
2.4899799195977463
2.4899799195977463
2.6832815729997477
2.4899799195977463
2.569046515733026
2.569046515733026
2.7202941017470885
2.8635642126552705
2.5298221281347035
2.4083189157584592
2.6076809620810595
2.6076809620810595
2.5298221281347035
2.6457513110645907
2.898275349237888
2.7202941017470885
2.7202941017470885
2.756809750418044
2.756809750418044
2.756809750418044
2.756809750418044
2.6076809620810595
2.6076809620810595
2.6076809620810595
2.6076809620810595
2.449489742783178
2.6457513110645907
2.6076809620810595
2.569046515733026
2.569046515733026
2.6457513110645907
2.569046515733026
2.6832815729997477
2.569046515733026
2.449489742783178
2.569046515733026
2.569046515733026
2.449489742783178
2.449489742783178
2.449489742783178
2.449489742783178
2.1447610589527217
2.449489742783178
2.1447610589527217
2.1447610589527217
2.1447610589527217
1.9493588689617927
2.449489742783178
2.5298221281347035
2.449489742783178
2.449489742783178
2.449489742783178
2.32379000772445
2.280350850198276
2.449489742783178
2.449489742783178
2.32379000772445
2.32379000772445
2.0
2.0
2.0
2.0
2.32379000772445
2.280350850198276
2.280350850198276
1.9493588689617927
2.280350850198276
1.7320508075688772
1.7320508075688772
1.7320508075688772
1.9493588689617927
1.9493588689617927
1.61245154965971
2.0
1.8439088914585775
1.61245154965971
1.9493588689617927
2.0
2.0
1.9493588689617927
1.9493588689617927
1.9493588689617927
2.280350850198276
2.280350850198276
2.280350850198276
1.7320508075688772
1.8973665961010275
1.7320508075688772
1.7320508075688772
2.0
1.9493588689617927
1.5491933384829668
1.5491933384829668
1.7320508075688772
2.0
2.0
2.0
2.0
2.0
2.0
1.9493588689617927
1.9493588689617927
1.9493588689617927
2.0
2.0
2.0
2.0
1.9493588689617927
2.0
2.32379000772445
2.32379000772445
2.4899799195977463
2.32379000772445
2.32379000772445
2.32379000772445
2.280350850198276
2.32379000772445
2.32379000772445
2.32379000772445
2.280350850198276
2.280350850198276
2.32379000772445
2.32379000772445
2.280350850198276
2.280350850198276
2.280350850198276
2.280350850198276
2.280350850198276
2.32379000772445
2.280350850198276
2.280350850198276
2.280350850198276
2.280350850198276
2.280350850198276
1.9493588689617927
1.9493588689617927
1.9493588689617927
1.9493588689617927
1.9493588689617927
1.9493588689617927
1.9493588689617927
1.9493588689617927
1.7320508075688772
1.7320508075688772
1.7320508075688772
1.7320508075688772
1.7320508075688772
1.7320508075688772
1.8973665961010275
1.7320508075688772
1.9493588689617927
1.7320508075688772
1.8973665961010275
1.7320508075688772
1.8973665961010275
1.8973665961010275
1.8973665961010275
1.8973665961010275
1.8439088914585775
2.0
2.1908902300206643
2.1908902300206643
2.1908902300206643
2.1908902300206643
2.04939015319192
2.04939015319192
2.04939015319192
1.8439088914585775
2.1908902300206643
1.8439088914585775
1.8439088914585775
2.0
2.0
2.0
2.0
2.0
1.8439088914585775
1.8439088914585775
1.8439088914585775
1.5491933384829668
1.5491933384829668
1.8439088914585775
1.8439088914585775
1.8439088914585775
1.8439088914585775
1.5491933384829668
1.8439088914585775
1.8439088914585775
1.8439088914585775
1.8439088914585775
1.8439088914585775
1.8439088914585775
1.8439088914585775
1.8439088914585775
2.04939015319192
1.8439088914585775
1.8439088914585775
2.04939015319192
1.8439088914585775
1.8439088914585775
2.0
2.0
2.0
2.0
2.0
2.0
2.0
2.0
1.8439088914585775
1.8439088914585775
1.8439088914585775
1.8439088914585775
2.0
2.1908902300206643
1.8439088914585775
2.04939015319192
2.04939015319192
2.04939015319192
2.04939015319192
2.04939015319192
2.04939015319192
2.04939015319192
2.04939015319192
2.04939015319192
2.04939015319192
2.04939015319192
2.04939015319192
2.04939015319192
2.04939015319192
2.04939015319192
2.04939015319192
2.1908902300206643
2.1908902300206643
2.1908902300206643
2.1908902300206643
2.1908902300206643
2.1908902300206643
2.1908902300206643
2.1908902300206643
2.1908902300206643
2.1908902300206643
2.1908902300206643
2.1908902300206643
2.1908902300206643
2.1908902300206643
2.1908902300206643
2.1908902300206643
2.1908902300206643
2.1908902300206643
2.1908902300206643
2.1908902300206643
2.1908902300206643
2.1908902300206643
2.1908902300206643
2.1908902300206643
2.4899799195977463
2.4899799195977463
2.4899799195977463
2.4899799195977463
2.4899799195977463
2.449489742783178
2.1447610589527217
2.449489742783178
2.449489742783178
2.1447610589527217
2.449489742783178
2.449489742783178
2.449489742783178
2.449489742783178
2.1447610589527217
2.1447610589527217
2.0
2.1447610589527217
2.0
2.0
2.0
2.0
2.1447610589527217
2.0
2.0
2.1447610589527217
2.0
2.1447610589527217
2.1447610589527217
2.1447610589527217
2.1447610589527217
2.1447610589527217
2.1447610589527217
2.1447610589527217
2.1447610589527217
2.1447610589527217
2.1447610589527217
2.1447610589527217
2.1447610589527217
2.1447610589527217
2.1447610589527217
2.1447610589527217
2.1447610589527217
2.1447610589527217
2.1447610589527217
2.1447610589527217
2.1447610589527217
2.449489742783178
2.449489742783178
2.1447610589527217
2.1447610589527217
2.1447610589527217
2.1447610589527217
2.449489742783178
2.449489742783178
2.449489742783178
2.449489742783178
2.449489742783178
2.449489742783178
2.449489742783178
2.449489742783178
2.449489742783178
2.449489742783178
2.449489742783178
2.449489742783178
2.449489742783178
2.449489742783178
2.449489742783178
2.449489742783178
2.449489742783178
2.449489742783178
2.449489742783178
2.449489742783178
2.449489742783178
2.449489742783178
2.449489742783178
2.449489742783178
2.1447610589527217
2.1447610589527217
2.1447610589527217
2.1447610589527217
2.1447610589527217
2.1447610589527217
2.1447610589527217
2.1447610589527217
2.1447610589527217
2.1447610589527217
2.1447610589527217
2.1447610589527217
2.1447610589527217
2.1447610589527217
2.1447610589527217
2.1447610589527217
2.1447610589527217
2.1447610589527217
2.1447610589527217
2.0
2.0
2.0
2.0
2.0
2.0
2.0
2.0
2.0
2.0
2.0
2.0
2.0
2.0
2.0
2.1447610589527217
2.0
2.0
2.0
2.0
2.0
2.0
2.0
2.0
2.1447610589527217
2.1447610589527217
2.1447610589527217
2.1447610589527217
2.1447610589527217
2.1447610589527217
2.1447610589527217
2.1447610589527217
2.1447610589527217
2.1447610589527217
2.0
