1, 68.90803049475922
2, 68.32129975344439
3, 67.99473018795894
4, 67.63849988480426
5, 67.35540067433345
6, 66.83387364702622
7, 66.87326321732276
8, 66.20599167245615
9, 66.19566954617702
10, 66.2038518516861
15, 63.265314351546536
20, 62.152768777156396
25, 60.492974798731794
30, 59.20515180286256
35, 58.4040523708187
40, 57.21479995012945
45, 56.00967178383867
50, 54.85070646764725
55, 54.00308633155455
60, 53.91598402452962
65, 52.67035852039235
70, 52.12676855512914
75, 52.30009560220708
80, 52.00865312618661
85, 51.943559113073235
90, 51.39682221045707
95, 50.95651741108949
100, 50.05946463956641
150, 45.78027231606791
200, 42.1843177812166
250, 40.37367128876606
300, 37.64239631054325
350, 35.643606252267276
400, 34.04066195987773
450, 31.7214438511238
500, 28.99568933479596
550, 28.37663357999559
600, 26.57097413845918
650, 25.30052700373387
700, 24.25111681277105
750, 23.054283766797006
800, 22.0820439875177
850, 21.80061161221553
900, 21.53369452741447
950, 20.55642640797925
1000, 20.34862812738654
1250, 19.16811588724011
1500, 17.85637141190785
1750, 15.27743433957417
2000, 14.670832741645354
2250, 13.952896951290558
2500, 13.533908033774527
2750, 13.123769783615275
3000, 12.14701609449827
3250, 11.673331429659088
3500, 11.096546009156784
3750, 10.855873986004074
4000, 10.479344763231461
4250, 10.040750303969652
4500, 10.100330027611308
4750, 10.106103766206507
5000, 10.321498599202217
5250, 10.060649415751781
5500, 9.596874491208062
5750, 9.252026804976301
6000, 9.017575431714818
6250, 9.330952077181978
6500, 9.252026804976301
6750, 9.027735042633894
7000, 9.004628439493398
7250, 8.427138699859322
7500, 8.446892919884801
7750, 8.390470785361213
8000, 8.078778785600374
8250, 7.805980613179444
8500, 7.457658256226727
8750, 7.514430561703706
9000, 7.502221893101625
9250, 7.771743691090179
9500, 7.546522377890362
9750, 7.773887916180251
10000, 7.966596931354483
11000, 7.54983443527075
12000, 7.782458908768274
13000, 6.912548975112823
14000, 6.248999919987197
15000, 6.680818313150967
16000, 6.407027391856539
17000, 6.0553007081949835
18000, 6.027713773341708
19000, 6.041522986797286
20000, 5.693563617512908
21000, 5.513619500836088
22000, 5.643580423808985
23000, 5.32603667530244
24000, 5.285199460127624
25000, 5.244044240850758
26000, 5.215361924162119
27000, 5.422176684690384
28000, 5.560275772537426
29000, 5.585696017507576
30000, 5.386712046013474
31000, 5.267826876426369
32000, 4.96319789383149
33000, 4.783652718721681
34000, 4.676180777800049
35000, 4.43846820423443
36000, 4.440345331915826
37000, 4.281744192888376
38000, 4.427188724235731
39000, 4.279797502997854
40000, 4.49629477088265
41000, 4.453463071962462
42000, 4.5423929082955095
43000, 4.39317652729776
44000, 4.165333119931706
45000, 3.757215280851853
46000, 4.092676385936225
47000, 4.129164564412516
48000, 3.8751344062711772
49000, 3.9770173078158293
50000, 3.9221592692461296
51000, 3.966526608171604
52000, 4.102844541697057
53000, 4.275901464408801
54000, 4.252450274057691
55000, 4.333974311568232
56000, 4.234776656841932
57000, 4.203173404306164
58000, 3.99791612384919
59000, 4.09878030638384
60000, 4.084523636035582
61000, 4.2895221179054435
62000, 4.281744192888376
63000, 3.9517928420739197
64000, 3.9179076048319463
65000, 4.104875150354759
66000, 4.228869037146142
67000, 4.115013163202924
68000, 3.960218849171512
69000, 4.090639721771319
70000, 4.167333280008532
71000, 4.341658669218482
