1, 23.05645245912736
2, 22.572106680591425
3, 22.111083193728884
4, 21.830025194671673
5, 21.79449471770337
6, 21.259115691862633
7, 20.997618912629118
8, 20.24228247999716
9, 20.200247523235948
10, 20.200247523235948
15, 19.523063284228733
20, 18.322117781522966
25, 17.84936973677222
30, 15.833508770957875
35, 15.07812985751217
40, 14.84082207965583
45, 14.567086187704115
50, 14.27235089254745
55, 14.067693485429658
60, 14.2828568570857
65, 14.165097952361643
70, 13.255187663703596
75, 12.922847983320086
80, 11.901680553602503
85, 11.794066304714418
90, 11.599568957508723
95, 12.30447073221762
100, 11.995832609702422
150, 10.079682534683322
200, 8.792041856133306
250, 8.273451516749223
300, 7.221495689952325
350, 6.640783086353597
400, 5.916079783099616
450, 5.123475382979799
500, 5.549774770204643
550, 5.674504383644443
600, 4.701063709417263
650, 4.914264950122246
700, 4.669047011971501
750, 5.13322510708424
800, 4.883646178829912
850, 4.370354676682432
900, 4.092676385936225
950, 4.421538193886829
1000, 4.8166378315169185
1250, 4.0
1500, 3.7349698793966195
1750, 3.3090784215548594
2000, 3.383784863137726
2250, 3.521363372331802
2500, 3.40587727318528
2750, 3.4641016151377544
3000, 3.420526275297414
3250, 3.6124783736376886
3500, 3.278719262151
3750, 3.2093613071762426
4000, 3.057776970284131
4250, 3.146426544510455
4500, 2.9154759474226504
4750, 2.8460498941515415
5000, 2.7294688127912363
5250, 2.6457513110645907
5500, 2.8372521918222215
5750, 2.7477263328068173
6000, 2.7477263328068173
6250, 2.539685019840059
6500, 2.202271554554524
6750, 2.179449471770337
7000, 2.3345235059857505
7250, 1.9748417658131499
7500, 2.1330729007701543
7750, 2.1447610589527217
8000, 2.258317958127243
8250, 2.1447610589527217
8500, 2.3769728648009427
8750, 2.1095023109728985
9000, 2.1095023109728985
9250, 2.224859546128699
9500, 2.0976176963403033
9750, 2.280350850198276
10000, 1.857417562100671
11000, 1.7320508075688772
12000, 1.9493588689617927
13000, 1.466287829861518
14000, 1.2649110640673518
15000, 1.6583123951777
16000, 1.3601470508735443
17000, 1.4142135623730951
18000, 1.2649110640673518
19000, 1.3601470508735443
20000, 1.224744871391589
21000, 1.140175425099138
22000, 1.140175425099138
23000, 1.466287829861518
24000, 1.396424004376894
25000, 1.3038404810405297
26000, 1.2649110640673518
27000, 1.2041594578792296
28000, 1.3601470508735443
29000, 1.161895003862225
30000, 1.378404875209022
31000, 1.61245154965971
32000, 1.5
33000, 1.4142135623730951
34000, 1.2649110640673518
35000, 1.2649110640673518
36000, 1.4317821063276353
37000, 1.466287829861518
38000, 1.4142135623730951
39000, 1.396424004376894
40000, 1.3601470508735443
41000, 1.3228756555322954
42000, 1.2449899597988732
43000, 1.284523257866513
44000, 1.3228756555322954
45000, 1.3038404810405297
46000, 1.3228756555322954
47000, 1.224744871391589
48000, 1.02469507659596
49000, 1.1832159566199232
50000, 1.3228756555322954
51000, 1.449137674618944
52000, 1.3228756555322954
53000, 1.0723805294763609
54000, 1.224744871391589
55000, 1.2041594578792296
56000, 1.224744871391589
57000, 1.161895003862225
58000, 1.3038404810405297
59000, 1.4832396974191326
60000, 1.3416407864998738
61000, 1.284523257866513
62000, 1.284523257866513
63000, 1.224744871391589
64000, 1.2449899597988732
65000, 1.2449899597988732
66000, 1.140175425099138
67000, 1.2449899597988732
68000, 1.02469507659596
69000, 1.140175425099138
70000, 0.9746794344808963
71000, 0.9746794344808963
72000, 1.0954451150103321
73000, 1.0954451150103321
74000, 1.2041594578792296
75000, 1.0488088481701516
76000, 1.224744871391589
77000, 1.140175425099138
78000, 1.161895003862225
79000, 1.224744871391589
80000, 1.224744871391589
81000, 1.02469507659596
82000, 1.0723805294763609
83000, 1.0954451150103321
84000, 1.0723805294763609
85000, 1.118033988749895
86000, 1.118033988749895
87000, 1.0954451150103321
88000, 1.118033988749895
89000, 1.140175425099138
90000, 1.118033988749895
91000, 1.1832159566199232
92000, 1.1832159566199232
93000, 1.0954451150103321
94000, 1.118033988749895
95000, 1.161895003862225
96000, 1.0954451150103321
97000, 1.0488088481701516
98000, 1.02469507659596
99000, 1.0
100000, 1.0954451150103321
