14.453373308677806
12.20860352374505
9.31933474020544
8.00312438988674
8.558621384311845
7.317786550590281
8.579044235810887
8.408329203831164
7.797435475847171
6.819090848492928
7.003570517957251
7.102816342831906
6.252999280345393
5.399073994677235
6.256996084384263
5.843800133474792
6.111464636239009
6.268971207462991
5.683308895353129
5.674504383644443
6.012487006222965
5.68770604022395
4.759201613716317
4.301162633521313
4.533210782657255
5.044799302251775
4.516635916254486
4.706378650300037
4.370354676682432
4.663689526544408
4.631414470763764
4.376071297408213
4.604345773288535
4.6475800154489
4.358898943540674
4.05585995813465
3.8794329482541645
3.556683848755748
3.4351128074635335
3.449637662132068
3.943348830626071
3.8794329482541645
3.7013511046643495
3.1937438845342623
3.794733192202055
3.5425979167836705
3.6124783736376886
3.5496478698597698
3.4856850115866753
3.687817782917155
3.5142566781611158
3.5777087639996634
4.230839160261236
3.987480407475377
3.7080992435478315
3.7616485747608057
3.5142566781611158
3.8078865529319543
3.714835124201342
3.605551275463989
3.721558813185679
3.63318042491699
3.478505426185217
3.8340579025361627
3.8794329482541645
3.8078865529319543
3.721558813185679
3.570714214271425
3.640054944640259
3.5496478698597698
3.4713109915419564
3.5425979167836705
3.8600518131237567
3.605551275463989
3.8535697735995385
3.7549966711037173
3.847076812334269
3.8275318418009276
3.9115214431215892
3.8535697735995385
3.63318042491699
3.52845575287547
3.1859064644147983
3.3466401061363023
3.3015148038438356
3.3541019662496847
3.082207001484488
3.24037034920393
3.2093613071762426
3.391164991562634
3.40587727318528
3.082207001484488
3.024896692450835
2.958039891549808
3.0413812651491097
3.248076353782343
3.3466401061363023
3.1622776601683795
3.361547262794322
3.248076353782343
3.0903074280724887
3.1304951684997055
3.1543620591175006
3.082207001484488
3.0495901363953815
2.8372521918222215
2.9154759474226504
2.898275349237888
3.138470965295043
2.8722813232690143
2.7658633371878665
2.9664793948382653
2.8284271247461903
2.924038303442689
2.8809720581775866
2.792848008753788
2.8372521918222215
2.8460498941515415
2.6362852652928135
2.7477263328068173
2.6551836094703507
2.4083189157584592
2.4596747752497685
2.3874672772626644
2.4083189157584592
2.6739483914241875
2.1447610589527217
2.1563858652847827
2.1908902300206643
2.1563858652847827
2.0124611797498106
1.8303005217723127
2.6172504656604803
2.5199206336708304
2.355843797877949
2.32379000772445
2.202271554554524
2.29128784747792
1.816590212458495
2.3021728866442674
2.3874672772626644
2.355843797877949
2.247220505424423
2.3874672772626644
2.3979157616563596
2.4899799195977463
2.3345235059857505
2.202271554554524
2.3345235059857505
2.224859546128699
2.1563858652847827
2.23606797749979
2.085665361461421
2.04939015319192
2.0371548787463363
2.449489742783178
2.4289915602982237
2.4289915602982237
2.3769728648009427
2.5199206336708304
2.4392621835300936
2.355843797877949
2.355843797877949
2.0371548787463363
2.2693611435820435
2.2135943621178655
2.0124611797498106
2.16794833886788
2.0248456731316584
1.9235384061671346
1.9748417658131499
2.1563858652847827
2.1330729007701543
1.8841443681416772
1.8303005217723127
2.073644135332772
2.179449471770337
1.8439088914585775
1.8439088914585775
2.0371548787463363
2.1095023109728985
2.2135943621178655
2.1563858652847827
2.1213203435596424
2.0371548787463363
2.1095023109728985
2.073644135332772
1.9874606914351791
1.9364916731037085
1.8841443681416772
1.9621416870348585
1.8303005217723127
1.7748239349298849
1.9748417658131499
1.9748417658131499
2.0124611797498106
1.857417562100671
1.8303005217723127
1.7320508075688772
1.61245154965971
1.2449899597988732
1.4832396974191326
1.70293863659264
1.449137674618944
1.4142135623730951
1.6431676725154984
1.61245154965971
1.61245154965971
1.6431676725154984
1.466287829861518
1.396424004376894
1.3228756555322954
1.378404875209022
1.449137674618944
1.5491933384829668
1.4832396974191326
1.466287829861518
1.5652475842498528
1.5491933384829668
1.61245154965971
1.4832396974191326
1.5811388300841898
1.4832396974191326
1.466287829861518
1.5811388300841898
1.5329709716755893
1.6278820596099706
1.816590212458495
1.8841443681416772
1.9621416870348585
2.0976176963403033
2.0615528128088303
2.2135943621178655
2.179449471770337
1.9874606914351791
1.9364916731037085
2.202271554554524
2.179449471770337
2.179449471770337
2.1908902300206643
1.9493588689617927
2.0976176963403033
2.16794833886788
2.224859546128699
2.16794833886788
2.0
1.8303005217723127
2.29128784747792
2.202271554554524
2.2135943621178655
2.179449471770337
2.0615528128088303
1.8841443681416772
1.9235384061671346
2.0248456731316584
2.3130067012440754
2.0615528128088303
2.3021728866442674
2.085665361461421
2.0124611797498106
1.9364916731037085
1.9364916731037085
1.8708286933869707
1.6278820596099706
1.8708286933869707
1.857417562100671
1.9235384061671346
1.9748417658131499
1.8973665961010275
1.9364916731037085
1.91049731745428
1.7888543819998317
1.816590212458495
1.91049731745428
1.8973665961010275
1.8439088914585775
1.9364916731037085
1.816590212458495
1.9621416870348585
1.9874606914351791
2.0371548787463363
1.8973665961010275
1.9493588689617927
1.9235384061671346
1.9493588689617927
1.9493588689617927
1.760681686165901
1.7320508075688772
1.8027756377319946
1.7748239349298849
1.8708286933869707
1.8439088914585775
1.746424919657298
1.6881943016134133
1.7175564037317668
1.7175564037317668
1.70293863659264
1.6583123951777
1.6431676725154984
1.857417562100671
1.91049731745428
1.7888543819998317
1.61245154965971
1.857417562100671
1.7320508075688772
1.760681686165901
1.8027756377319946
1.7888543819998317
1.4832396974191326
1.466287829861518
1.8708286933869707
1.8708286933869707
1.396424004376894
1.378404875209022
1.5652475842498528
1.61245154965971
1.8439088914585775
1.9493588689617927
1.857417562100671
1.9364916731037085
2.0371548787463363
1.9364916731037085
1.9493588689617927
2.04939015319192
1.91049731745428
1.9748417658131499
1.8841443681416772
2.0371548787463363
1.91049731745428
1.9621416870348585
1.8439088914585775
1.9748417658131499
1.91049731745428
1.7320508075688772
1.8841443681416772
1.7888543819998317
1.9874606914351791
1.8439088914585775
1.8027756377319946
1.8439088914585775
1.6881943016134133
1.7175564037317668
1.7175564037317668
1.70293863659264
1.760681686165901
1.746424919657298
1.7888543819998317
1.8303005217723127
1.857417562100671
1.7748239349298849
1.8027756377319946
1.7320508075688772
1.760681686165901
1.91049731745428
1.9364916731037085
1.8708286933869707
2.179449471770337
2.04939015319192
2.0124611797498106
2.073644135332772
2.0371548787463363
2.073644135332772
1.6733200530681511
1.8841443681416772
1.91049731745428
1.9748417658131499
1.9621416870348585
1.9621416870348585
2.0615528128088303
1.9493588689617927
1.9364916731037085
2.0248456731316584
2.0248456731316584
1.9235384061671346
1.9621416870348585
2.0248456731316584
1.9621416870348585
1.9621416870348585
1.9364916731037085
1.9748417658131499
1.8303005217723127
1.9364916731037085
1.8027756377319946
1.9493588689617927
1.816590212458495
1.760681686165901
1.8027756377319946
1.7888543819998317
1.8303005217723127
1.857417562100671
1.8027756377319946
1.8027756377319946
1.9364916731037085
1.8027756377319946
1.6583123951777
1.5652475842498528
1.5652475842498528
1.7320508075688772
1.6881943016134133
1.746424919657298
