1, 51.13315949557586
2, 51.14619568778633
3, 50.52436156064826
4, 49.91192242340501
5, 49.66845634359453
6, 48.94804501827536
7, 48.375384006514906
8, 47.8641596372252
9, 47.429479815359095
10, 47.43697573272001
15, 46.631653531813676
20, 44.978760419656844
25, 44.4414721228319
30, 42.46436414480055
35, 41.659466044479146
40, 40.8207463593371
45, 39.270571396120246
50, 38.952107345645196
55, 38.76883055009813
60, 38.61174260075122
65, 38.68735078951661
70, 37.530728151150434
75, 37.33035702421765
80, 37.09087938204395
85, 36.01296062993618
90, 34.755974706196604
95, 34.53436291901477
100, 33.61415045945846
150, 27.839220934182446
200, 25.259541651511505
250, 23.68872211740337
300, 21.789905919943756
350, 21.191193139289414
400, 20.462431700829477
450, 18.466185312619388
500, 18.114450953129474
550, 17.61691106736807
600, 17.11854095547995
650, 15.522027358993197
700, 14.72186582377836
750, 14.570899461293084
800, 14.258720528543614
850, 13.849989971917749
900, 12.780193008453876
950, 12.886685635440427
1000, 12.604232093494101
1250, 11.092540035737732
1500, 9.539392014169456
1750, 8.517954892787092
2000, 8.921883209278185
2250, 8.761024800533072
2500, 8.615231988880057
2750, 7.927448797970532
3000, 8.35463942968217
3250, 8.37323779138698
3500, 8.416914187779536
3750, 7.952637577838214
4000, 7.574812062208394
4250, 7.469939758793239
4500, 7.435649863252633
4750, 7.731609003162134
5000, 7.6274358586472415
5250, 7.377141873532203
5500, 7.255649140114511
5750, 7.14764918619324
6000, 7.110243002567181
6250, 7.033254343948231
6500, 6.928203230275509
6750, 7.093032575077539
7000, 6.957010852370434
7250, 6.487595000374861
7500, 6.518350166176169
7750, 6.186005711819758
8000, 5.819507424745385
8250, 5.713531696284221
8500, 5.561774297230456
8750, 5.170428737864331
9000, 5.053051883103254
9250, 4.862555341016125
9500, 5.318730007143518
9750, 5.2936020082947515
10000, 5.170428737864331
11000, 4.926120853842978
12000, 5.503534218017445
13000, 5.013315602805526
14000, 4.772607021092118
15000, 4.74692883171144
16000, 4.47213595499958
17000, 4.366539438350084
18000, 4.671426144361294
19000, 4.157990967870047
20000, 3.9129414908877838
21000, 4.216370213557839
22000, 4.216370213557839
23000, 4.144608277965214
24000, 4.0
25000, 4.022160834399561
26000, 3.5496478698597698
27000, 3.7682887362833544
28000, 3.696845502136472
29000, 3.5777087639996634
30000, 3.5839146815241634
31000, 3.5023801430836525
32000, 3.4480268109295333
33000, 3.3565855667130946
34000, 3.5652645218989165
35000, 3.496029493900505
36000, 3.4351128074635335
37000, 3.6086316273931622
38000, 3.7446257786622983
39000, 3.596294389136314
40000, 3.5308167138307627
41000, 3.690829476177709
42000, 3.4864818306647685
43000, 3.4896672875473067
44000, 3.4512477614786095
45000, 3.7208123366335535
46000, 3.4641016151377544
47000, 3.402613374713292
48000, 3.412395704551927
49000, 3.508719297850871
50000, 3.313272970610447
51000, 3.5465162875387697
52000, 3.3763886032268267
53000, 3.5465162875387697
54000, 3.4189017079888226
55000, 3.3796778281697537
56000, 3.3466401061363023
57000, 3.343318378165289
58000, 3.496029493900505
59000, 3.496029493900505
60000, 3.415650255319866
61000, 3.444802848737017
62000, 3.34995854037363
63000, 3.339993346633426
64000, 3.409138046812159
65000, 3.5023801430836525
66000, 3.353273690655811
67000, 3.2930904093942583
68000, 3.158762064128569
69000, 3.32665998663324
70000, 3.2420843775434207
71000, 3.296462750686964
72000, 3.158762064128569
73000, 3.1269438398822866
74000, 3.0983866769659336
75000, 3.165789352155671
76000, 3.262582480864575
77000, 3.3099177566150426
78000, 3.296462750686964
79000, 3.238655413730965
80000, 3.186778240724565
81000, 3.2317865716108862
82000, 3.2829526005987018
83000, 3.2897146110600874
84000, 3.303197104489999
85000, 3.303197104489999
86000, 3.40587727318528
87000, 3.34995854037363
88000, 3.265986323710904
89000, 3.0441200151549
90000, 3.018461712712472
91000, 3.105550586360564
92000, 2.943920288775949
93000, 3.2006943691087475
94000, 3.0767948691238205
95000, 3.011090610836324
96000, 2.9249881291307074
97000, 3.0659419433511785
98000, 2.9173808649388087
99000, 2.9211869733608857
100000, 2.913569784454954
