1, 45.34286051849839
2, 44.71353262715886
3, 44.71045738974273
4, 43.82179822873543
5, 43.004650911267724
6, 42.126891648921834
7, 42.126891648921834
8, 42.126891648921834
9, 41.34579785177691
10, 41.34579785177691
15, 41.336122217740744
20, 39.69067900653754
25, 38.82911278924617
30, 36.35381685600564
35, 35.47287696254703
40, 35.469352968443054
45, 35.47358171935842
50, 35.463713849511024
55, 35.46336137480484
60, 35.45842636102172
65, 34.858643117597104
70, 34.85613288934962
75, 34.85362248031042
80, 34.85362248031042
85, 34.85254653536811
90, 34.85147055720892
95, 34.08005281686048
100, 34.07858565140285
150, 32.080757472354044
200, 32.017182886693824
250, 31.997656164163025
300, 31.998437461851164
350, 30.64025130445245
400, 29.805620275377596
450, 29.186041184100322
500, 28.363268499945487
550, 27.424897447392578
600, 26.894702080521363
650, 26.873313900596628
700, 26.872383593570557
750, 26.83793956323771
800, 26.831418151115308
850, 26.831418151115308
900, 26.831418151115308
950, 26.841665373072512
1000, 26.842596744726468
1250, 26.004807247891687
1500, 25.123196452680936
1750, 24.283224662305457
2000, 23.495744295510196
2250, 21.983516552180635
2500, 21.50639439794593
2750, 20.703864373589777
3000, 20.54507240191672
3250, 20.445048300260872
3500, 20.479257799051215
3750, 20.097885460913545
4000, 19.622690946962397
4250, 18.98354550656963
4500, 18.684886941054796
4750, 18.20164827701052
5000, 18.24828759089466
5250, 18.24828759089466
5500, 17.82133552795637
5750, 17.439180026595288
6000, 17.49714262386862
6250, 17.49714262386862
6500, 17.34358671094304
6750, 17.585505395068974
7000, 17.904608345339476
7250, 17.886447383424134
7500, 17.886447383424134
7750, 17.426273267684056
8000, 17.52212886609387
8250, 17.871066000661518
8500, 17.88225377294484
8750, 17.924145725807968
9000, 17.484993565912458
9250, 17.3197863728165
9500, 17.361595548796775
9750, 17.24528921183985
10000, 17.26122822976395
11000, 16.76007159889241
12000, 16.330952207388275
13000, 16.547658444625934
14000, 16.393596310755
15000, 16.105899540230592
16000, 16.077935190813527
17000, 15.889461916628894
18000, 16.48104972384951
19000, 16.515901428623263
20000, 16.986023666532436
21000, 16.743655514850992
22000, 17.046260587002653
23000, 17.071174534870178
24000, 17.199563947961007
25000, 17.311123591494574
26000, 17.210461934532727
27000, 16.73320053068151
28000, 16.356191488240775
29000, 16.209565077447326
30000, 16.37757613323779
31000, 16.29723902997069
32000, 16.224980739587952
33000, 16.134590171429828
34000, 16.600451801080595
35000, 17.0945897874152
36000, 17.19447585708852
37000, 16.983079814921673
38000, 16.884904500766357
39000, 16.686821147240718
40000, 16.35389861776084
41000, 16.165549789598867
42000, 16.21033620872806
43000, 16.28649747490233
44000, 16.433958744015392
45000, 16.949926253526886
46000, 16.788388844674763
47000, 16.47346350953557
48000, 16.44308365240535
49000, 16.283427157696256
50000, 16.18409713267935
51000, 16.42254547870092
52000, 16.0
53000, 15.954623154433953
54000, 15.999218730925582
55000, 15.84376849111347
56000, 15.752777532867022
57000, 16.327124670314735
58000, 16.35466294363782
59000, 16.51211676315305
60000, 16.1245154965971
61000, 16.024200448072282
62000, 16.278820596099706
63000, 16.2596125415091
64000, 15.964805041089603
65000, 15.763089798640367
66000, 15.751190431202335
67000, 15.8082257068907
68000, 15.832719286338655
69000, 15.677212762477902
70000, 15.654871446294282
71000, 15.922468401601556
72000, 15.776564898608315
73000, 15.654871446294282
74000, 15.819292019556375
75000, 15.712256362470669
76000, 16.050700919274522
77000, 15.936593111452648
78000, 15.940514420808382
79000, 16.13071604114337
80000, 16.291101865742537
81000, 16.12063894515351
82000, 15.996093273046391
83000, 16.12839111628931
84000, 16.224980739587952
85000, 16.15936261119231
86000, 16.225751138237023
87000, 16.083376511168293
88000, 16.069380821923414
89000, 16.126065856246527
90000, 16.035117710824576
91000, 16.2596125415091
92000, 16.143109985377663
93000, 16.20262324440089
94000, 15.980456814496888
95000, 15.838244852255567
96000, 16.119863522995473
97000, 16.192590898309017
98000, 16.07093650040345
99000, 16.109779638468055
100000, 16.109779638468055
