1, 16.621271511730583
2, 15.84718692176417
3, 15.154757228892407
4, 15.14815720365572
5, 14.753530650887152
6, 14.247806848775006
7, 13.319159132617944
8, 13.299122778088286
9, 12.625371281669304
10, 11.8490505948789
15, 11.744502259922868
20, 9.865765724632494
25, 9.818350166906862
30, 8.453795991545258
35, 8.48528137423857
40, 7.874007874011811
45, 7.848566748139434
50, 7.085195833567341
55, 7.0285133563222315
60, 7.042726744663604
65, 7.0379921379135775
70, 7.066352194260722
75, 7.0898989179442236
80, 7.0992957397195395
85, 7.075780286771677
90, 7.052186422190875
95, 6.990469702864512
100, 6.957010852370434
150, 6.23431364840322
200, 4.781910357447813
250, 4.501851470969102
300, 3.855731664245668
350, 3.1622776601683795
400, 3.0876096471758427
450, 2.9552213679068666
500, 2.6832815729997477
550, 3.1728010758108782
600, 2.932575659723036
650, 2.932575659723036
700, 2.9211869733608857
750, 3.0876096471758427
800, 2.9211869733608857
850, 2.756809750418044
900, 2.516611478423583
950, 2.449489742783178
1000, 2.4765567494675613
1250, 2.3380903889000244
1500, 2.23606797749979
1750, 2.4083189157584592
2000, 2.3944379994757297
2250, 2.206052281036573
2500, 2.265686062395524
2750, 2.3380903889000244
3000, 2.32379000772445
3250, 2.1291625896895083
3500, 1.9321835661585918
3750, 1.9321835661585918
4000, 1.8973665961010275
4250, 1.9148542155126762
4500, 2.016597794967223
4750, 1.9493588689617927
5000, 1.96638416050035
5250, 2.0
5500, 1.96638416050035
5750, 1.9493588689617927
6000, 1.8973665961010275
6250, 1.7320508075688772
6500, 1.505545305418162
6750, 1.61245154965971
7000, 1.7126976771553504
7250, 1.6931233465600393
7500, 1.6931233465600393
7750, 1.6931233465600393
8000, 1.6931233465600393
8250, 1.6733200530681511
8500, 1.6733200530681511
8750, 1.505545305418162
9000, 1.4375905768565218
9250, 1.2382783747337807
9500, 1.2382783747337807
9750, 1.2110601416389966
10000, 1.1832159566199232
11000, 0.8944271909999159
12000, 0.8944271909999159
13000, 0.7745966692414834
14000, 0.816496580927726
15000, 0.5773502691896257
16000, 0.5773502691896257
17000, 0.5163977794943222
18000, 0.5773502691896257
19000, 0.5163977794943222
20000, 0.6324555320336759
21000, 0.5773502691896257
22000, 0.5163977794943222
23000, 0.5163977794943222
24000, 0.4472135954999579
25000, 0.5163977794943222
26000, 0.5163977794943222
27000, 0.7745966692414834
28000, 0.5163977794943222
29000, 0.3651483716701107
30000, 0.4472135954999579
31000, 0.4472135954999579
32000, 0.4472135954999579
33000, 0.4472135954999579
34000, 0.4472135954999579
35000, 0.4472135954999579
36000, 0.4472135954999579
37000, 0.3651483716701107
38000, 0.3651483716701107
39000, 0.4472135954999579
40000, 0.4472135954999579
41000, 0.4472135954999579
42000, 0.4472135954999579
43000, 0.4472135954999579
44000, 0.4472135954999579
45000, 0.4472135954999579
46000, 0.6324555320336759
47000, 0.6324555320336759
48000, 0.5163977794943222
49000, 0.5773502691896257
50000, 0.5163977794943222
51000, 0.6324555320336759
52000, 0.6324555320336759
53000, 0.5163977794943222
54000, 0.5163977794943222
55000, 0.5163977794943222
56000, 0.5163977794943222
57000, 0.5163977794943222
58000, 0.5163977794943222
59000, 0.5163977794943222
60000, 0.5773502691896257
61000, 0.5773502691896257
62000, 0.5773502691896257
63000, 0.5773502691896257
64000, 0.5773502691896257
65000, 0.3651483716701107
66000, 0.5773502691896257
67000, 0.5773502691896257
68000, 0.5773502691896257
69000, 0.5773502691896257
70000, 0.5773502691896257
71000, 0.5773502691896257
72000, 0.3651483716701107
73000, 0.3651483716701107
74000, 0.5773502691896257
75000, 0.2581988897471611
76000, 0.0
77000, 0.2581988897471611
78000, 0.2581988897471611
79000, 0.0
80000, 0.0
81000, 0.0
82000, 0.0
83000, 0.0
84000, 0.0
85000, 0.2581988897471611
86000, 0.0
87000, 0.0
88000, 0.0
89000, 0.0
90000, 0.0
91000, 0.0
92000, 0.2581988897471611
93000, 0.5163977794943222
94000, 0.5163977794943222
95000, 0.2581988897471611
96000, 0.0
97000, 0.0
98000, 0.0
99000, 0.0
100000, 0.0
