1, 17.281975195754296
2, 16.470175064845748
3, 16.38495244627419
4, 16.34625339336204
5, 16.219330031375115
6, 16.252179341040183
7, 15.631165450257807
8, 14.933184523068078
9, 14.875035013964393
10, 14.76030713320921
15, 14.064138793399332
20, 13.45362404707371
25, 13.206059215375342
30, 12.285492799775406
35, 12.072006185109968
40, 12.17374223482656
45, 11.613210868087545
50, 11.425118526008093
55, 10.862780491200215
60, 10.813571719526038
65, 10.714476188783099
70, 11.090536506409418
75, 10.99090533122727
80, 11.108555261599053
85, 10.535653752852738
90, 10.009995004993758
95, 9.409215341001254
100, 9.66781602362533
150, 9.750213672872336
200, 7.567474259399015
250, 8.350648677398262
300, 8.831760866327848
350, 7.58946638440411
400, 6.708203932499369
450, 6.48074069840786
500, 5.9833101206606365
550, 6.382267099811268
600, 6.855654600401044
650, 7.745966692414834
700, 7.979139469057215
750, 7.37563556583431
800, 7.624521842931092
850, 7.452069063913279
900, 6.821534529219458
950, 6.918574034197124
1000, 6.879922480183431
1250, 6.587867636800241
1500, 7.061633427661525
1750, 7.197221686178632
2000, 6.552353266829661
2250, 7.132087118555596
2500, 7.047458170621991
2750, 7.183313998427188
3000, 6.26631204670392
3250, 6.356099432828281
3500, 6.366579406033772
3750, 6.3613415775814675
4000, 5.89915248150105
4250, 5.609515724790034
4500, 5.253570214625479
4750, 4.91256891385081
5000, 5.278888771954441
5250, 4.76794854558366
5500, 4.47213595499958
5750, 4.374166587286466
6000, 4.464676173400859
6250, 4.654746681256314
6500, 4.501851470969102
6750, 4.131182235954578
7000, 3.696845502136472
7250, 2.8284271247461903
7500, 2.7688746209726918
7750, 3.245509718570156
8000, 2.9211869733608857
8250, 3.2041639575194445
8500, 3.1937438845342623
8750, 3.0767948691238205
9000, 3.1091263510296048
9250, 2.8751811537130436
9500, 2.840187787218772
9750, 2.780887148615228
10000, 2.8635642126552705
11000, 2.2949219304078006
12000, 3.1622776601683795
13000, 2.463060426921489
14000, 2.6708300832013507
15000, 2.206052281036573
16000, 2.898275349237888
17000, 2.1291625896895083
18000, 2.463060426921489
19000, 2.898275349237888
20000, 2.74469184669852
21000, 2.581988897471611
22000, 2.9211869733608857
23000, 2.3523038352503134
24000, 1.9148542155126762
25000, 2.23606797749979
26000, 2.3380903889000244
27000, 2.422120283277993
28000, 2.4358434541926814
29000, 2.1134489978863145
30000, 2.1756225162774294
31000, 2.1134489978863145
32000, 2.1447610589527217
33000, 2.04939015319192
34000, 2.3804761428476167
35000, 2.309401076758503
36000, 2.250925735484551
37000, 2.065591117977289
38000, 1.983263304085802
39000, 2.23606797749979
40000, 2.0330600909302543
41000, 2.0976176963403033
42000, 1.6733200530681511
43000, 1.6733200530681511
44000, 2.1756225162774294
45000, 1.6532795690182993
46000, 1.6733200530681511
47000, 1.8073922282301278
48000, 1.8073922282301278
49000, 1.632993161855452
50000, 1.6931233465600393
51000, 1.632993161855452
52000, 1.7320508075688772
53000, 1.7126976771553504
54000, 1.8073922282301278
55000, 1.8073922282301278
56000, 1.9493588689617927
57000, 1.8439088914585775
58000, 1.8973665961010275
59000, 2.0976176963403033
60000, 2.04939015319192
61000, 2.1756225162774294
62000, 2.016597794967223
63000, 1.983263304085802
64000, 2.1756225162774294
65000, 2.065591117977289
66000, 2.581988897471611
67000, 2.5298221281347035
68000, 2.6204325342711394
69000, 2.581988897471611
70000, 2.503331114069145
71000, 2.6832815729997477
72000, 2.569046515733026
73000, 2.4765567494675613
74000, 2.3944379994757297
75000, 2.3664319132398464
76000, 2.016597794967223
77000, 2.160246899469287
78000, 2.3664319132398464
79000, 2.265686062395524
80000, 2.1291625896895083
81000, 2.449489742783178
82000, 2.3804761428476167
83000, 2.0816659994661326
84000, 2.0816659994661326
85000, 2.2949219304078006
86000, 2.1756225162774294
87000, 2.0976176963403033
88000, 1.96638416050035
89000, 2.065591117977289
90000, 2.0
91000, 1.879716290649558
92000, 2.0330600909302543
93000, 1.9321835661585918
94000, 2.206052281036573
95000, 2.2949219304078006
96000, 1.8618986725025255
97000, 2.280350850198276
98000, 2.1756225162774294
99000, 2.0976176963403033
100000, 2.1908902300206643
