1, 114.72924648928885
2, 113.86803765763244
3, 113.04361989957683
4, 112.19590010334602
5, 111.3766582368137
6, 111.37508698088635
7, 111.37463804654989
8, 110.55749635370728
9, 109.68222280752703
10, 108.87910727040335
15, 106.36992056027869
20, 104.71284543932516
25, 103.0643003178113
30, 103.06269936305763
35, 101.43470806385751
40, 101.43377149647941
45, 101.43076456381466
50, 101.42913782538034
55, 100.60442336199736
60, 98.90121333937213
65, 98.09092720532313
70, 98.09097817842373
75, 98.09102915149785
80, 98.09036649946823
85, 97.14756816307859
90, 97.14252415909317
95, 96.30072689237605
100, 96.30083073369617
150, 96.29771544538323
200, 94.59143724460476
250, 93.77110429124743
300, 92.57445652014383
350, 91.71946358325478
400, 90.89614953340983
450, 90.14998613421967
500, 88.9388554007752
550, 88.93924892869289
600, 88.42516610105972
650, 88.42527919096439
700, 88.2767239990248
750, 88.27706383880243
800, 87.63954586828939
850, 87.63903239995294
900, 87.63395460664776
950, 86.80967687994236
1000, 86.80990726869831
1250, 82.97300765911767
1500, 81.44329315542196
1750, 80.85221085412569
2000, 80.02780766708531
2250, 78.47394472052491
2500, 77.21832684020032
2750, 76.40124344537855
3000, 74.82005078854198
3250, 74.69270379361026
3500, 73.78339921689702
3750, 73.8286529743026
4000, 73.82953338603733
4250, 73.8588518730152
4500, 72.17748956565336
4750, 71.73632273820564
5000, 71.04153714553198
5250, 70.15297570310186
5500, 70.03213548079196
5750, 70.00814238358278
6000, 68.94164198798865
6250, 67.53702688155587
6500, 67.35955759949735
6750, 67.4146126592744
7000, 66.80306879178531
7250, 66.7722247644932
7500, 66.76316349604772
7750, 66.05285762175623
8000, 65.98257345693634
8250, 64.57662115657648
8500, 64.04365698490366
8750, 64.13501383799648
9000, 64.06496702566857
9250, 63.7157751267298
9500, 63.71993408659491
9750, 63.621458644077
10000, 63.77374067749202
11000, 62.47495498197657
12000, 61.50886115024404
13000, 61.23708027004553
14000, 58.80748251710831
15000, 58.034472514187634
16000, 57.65405449749393
17000, 57.95066867603859
18000, 58.09509445727755
19000, 57.95938232935199
20000, 57.733612393474914
21000, 57.44771535927256
22000, 56.34438747559512
23000, 56.469814945685805
24000, 56.33968406017201
25000, 54.94378945795421
26000, 55.23531479044905
27000, 54.664522315666495
28000, 54.025271864193336
29000, 53.35147608079836
30000, 53.19201067829641
31000, 53.15505620352592
32000, 52.99594324096893
33000, 52.93571573144166
34000, 52.61530195675019
35000, 52.6698205806703
36000, 52.34902100326232
37000, 51.42207697088868
38000, 51.820748740248824
39000, 51.85662927726792
40000, 51.3958169504095
41000, 51.03116694726861
42000, 51.37752426888629
43000, 51.45396000309403
44000, 51.55191558031573
45000, 51.49495120883211
46000, 51.549199799802906
47000, 51.040376174162354
48000, 51.3047756061753
49000, 51.3388741598411
50000, 50.88437874239991
51000, 50.411506622992334
52000, 50.283496298487435
53000, 50.00839929451852
54000, 49.88256208335735
55000, 49.924342759820085
56000, 49.86551914900716
57000, 49.37570252664766
58000, 48.87555626281915
59000, 49.02132189160142
60000, 49.24449207779485
61000, 49.48211798215594
62000, 49.487776268488766
63000, 49.14743126553004
64000, 48.91339284899382
65000, 49.17214658727032
66000, 49.294015863997124
67000, 48.90071574118318
68000, 49.3051721424842
69000, 49.208434236419265
70000, 48.73068848272103
71000, 48.80522513010261
72000, 48.29120002650586
73000, 48.25349728258046
74000, 48.47772684439732
75000, 48.095010136187724
76000, 48.17208735357022
77000, 47.354408453701545
78000, 46.96913880411264
79000, 46.76761700151078
80000, 46.592488665019815
81000, 46.14498889370329
82000, 46.33627089009214
83000, 46.82542044659076
84000, 46.42197755374064
85000, 46.80448696439263
86000, 46.84655803791779
87000, 46.82830340723439
88000, 46.633142720601626
89000, 46.84047395148772
90000, 46.982869218471535
91000, 46.99755312779592
92000, 47.234732983261374
93000, 47.25399454014443
94000, 47.59758397229843
95000, 47.64420216563606
96000, 47.91909848901584
97000, 47.89968684657552
98000, 47.92014190296185
99000, 48.13138269362309
100000, 48.231939625107344
