1, 22.22611077089287
2, 21.467417171145673
3, 21.463923220138483
4, 21.463923220138483
5, 20.5851888502389
6, 20.5851888502389
7, 20.5851888502389
8, 20.58275977608445
9, 20.58275977608445
10, 20.58275977608445
15, 20.58275977608445
20, 19.710403344427025
25, 19.710403344427025
30, 19.710403344427025
35, 19.710403344427025
40, 19.710403344427025
45, 19.710403344427025
50, 19.710403344427025
55, 19.710403344427025
60, 19.710403344427025
65, 19.710403344427025
70, 19.710403344427025
75, 18.894443627691185
80, 18.894443627691185
85, 18.894443627691185
90, 18.894443627691185
95, 18.894443627691185
100, 18.894443627691185
150, 18.01110768387108
200, 18.01110768387108
250, 17.16682847820179
300, 17.165372119473552
350, 16.519685227025363
400, 16.23884232326923
450, 16.23884232326923
500, 16.23884232326923
550, 16.240381768911714
600, 16.240381768911714
650, 16.23884232326923
700, 16.23730273167314
750, 16.23730273167314
800, 15.639693091617879
850, 15.058220346375597
900, 14.830711378757258
950, 14.830711378757258
1000, 14.830711378757258
1250, 14.078352176302452
1500, 13.95886814895821
1750, 13.023056476879765
2000, 13.145341380123988
2250, 11.800423721205947
2500, 12.14084016862095
2750, 12.14084016862095
3000, 12.340988615179905
3250, 12.330855606972293
3500, 12.5
3750, 12.37739875741264
4000, 12.37739875741264
4250, 11.905880899790658
4500, 11.966620241321273
4750, 11.787705459503133
5000, 11.787705459503133
5250, 12.074767078498866
5500, 11.89327541092024
5750, 11.825819210524063
6000, 11.71110584018435
6250, 11.670475568716126
6500, 11.73243367763057
6750, 11.610340218959994
7000, 11.922667486766542
7250, 12.045746137122432
7500, 12.292273996295396
7750, 12.31665539016173
8000, 12.179901477434043
8250, 12.179901477434043
8500, 12.179901477434043
8750, 12.105783741666626
9000, 11.821590417536889
9250, 11.863810517704673
9500, 11.44333867365639
9750, 11.681181447096865
10000, 11.859595271340417
11000, 11.800423721205947
12000, 12.17374223482656
13000, 12.00833044182246
14000, 12.177848742696717
15000, 11.836384583140243
16000, 11.64474130240771
17000, 11.903780911962384
18000, 12.573782247199924
19000, 11.939430472179149
20000, 12.20245876862528
21000, 12.336936410632909
22000, 12.24540730233176
23000, 12.407658925034971
24000, 12.513992168768526
25000, 12.653062870309308
26000, 12.735776379946374
27000, 12.776932339180638
28000, 12.599603168354152
29000, 12.343014218577244
30000, 12.637246535539298
31000, 12.294307625889308
32000, 12.216791722870616
33000, 12.20860352374505
34000, 12.022894826122368
35000, 12.039518262787759
36000, 12.016655108639842
37000, 12.043670536842164
38000, 11.878552100319297
39000, 12.062338081814818
40000, 12.294307625889308
41000, 11.922667486766542
42000, 11.901680553602503
43000, 11.926860441876563
44000, 12.126417442921879
45000, 12.459935794377111
46000, 12.14084016862095
47000, 11.94361754243663
48000, 11.974973903938164
49000, 11.655470818461174
50000, 11.728171212938529
51000, 11.997916485790356
52000, 12.016655108639842
53000, 11.876447280226525
54000, 12.014574482685601
55000, 12.072696467649637
56000, 12.014574482685601
57000, 11.878552100319297
58000, 12.070625501605125
59000, 11.304866208850063
60000, 11.661903789690601
61000, 11.749468073066117
62000, 11.757976016304847
63000, 11.730302638892145
64000, 11.324751652906125
65000, 11.539064086831306
66000, 11.517378173872732
67000, 11.493476410555685
68000, 11.445523142259598
69000, 11.571516754514077
70000, 11.749468073066117
71000, 11.830046491878212
72000, 11.97288603470358
73000, 12.049896265113654
74000, 11.836384583140243
75000, 11.58015543937127
76000, 11.719641632746285
77000, 11.634001891008957
78000, 11.593101396951552
79000, 11.78558441486887
80000, 11.634001891008957
81000, 11.571516754514077
82000, 11.599568957508723
83000, 11.571516754514077
84000, 11.489125293076057
85000, 11.193748255164577
86000, 11.07925990308017
87000, 11.173629669896886
88000, 11.621101496846158
89000, 11.515207336387824
90000, 11.313708498984761
91000, 11.269427669584644
92000, 11.315917991926241
93000, 11.242775458044157
94000, 11.326958991715296
95000, 11.384199576606166
96000, 11.249444430726346
97000, 11.476062042355817
98000, 11.46298390472568
99000, 11.43241006962224
100000, 11.211601134539169
