1, 28.135386970859315
2, 27.7906459082908
3, 27.369325895973397
4, 27.36713357295572
5, 27.299816849202486
6, 27.124158973136844
7, 27.046626407003146
8, 26.72826219566098
9, 26.720778431774775
10, 25.96844238686641
15, 24.87167063146342
20, 24.71274974582958
25, 21.99545407578575
30, 20.653329029480936
35, 19.5202459000905
40, 17.611359970201054
45, 16.910351859142374
50, 16.85704600456438
55, 15.978735869899095
60, 16.157970169547905
65, 15.47384890710776
70, 15.678010077812809
75, 15.567915724335098
80, 15.73276835143771
85, 13.979985693841035
90, 14.219704638282751
95, 13.98570698963767
100, 13.752090750136867
150, 11.586198686368192
200, 11.568923891183656
250, 12.52038338071163
300, 11.35957745693034
350, 10.547037498748168
400, 9.863062404750362
450, 9.863062404750362
500, 9.414881836751857
550, 9.480506315593065
600, 9.697422337920527
650, 9.325234581499814
700, 9.167333309092673
750, 8.724677644474895
800, 8.255906976220118
850, 9.02219485491197
900, 8.459314393022641
950, 8.548684109265004
1000, 8.246211251235321
1250, 7.649836599562111
1500, 8.109253973085318
1750, 7.578918128598566
2000, 7.14142842854285
2250, 6.881860213634101
2500, 5.642694391866354
2750, 5.922837157984339
3000, 5.462600113499065
3250, 5.110772935672255
3500, 4.68187996428785
3750, 4.613025037868319
4000, 4.791659420284375
4250, 4.829078587059854
4500, 4.6173585522460785
4750, 4.595650117230423
5000, 4.634652090502587
5250, 4.298837052040936
5500, 4.494441010848846
5750, 4.2047592083257275
6000, 4.595650117230423
6250, 4.503332099679081
6500, 4.454211490264018
6750, 4.512205669071391
7000, 4.280186911806539
7250, 3.984971769034255
7500, 3.919183588453085
7750, 4.014971979976947
8000, 4.127953488110059
8250, 3.725587202039432
8500, 3.7841775856849003
8750, 3.725587202039432
9000, 3.616628264005025
9250, 3.5383612025908264
9500, 3.5496478698597698
9750, 3.566510900025402
10000, 3.757658845611187
11000, 3.4525353003264136
12000, 3.7841775856849003
13000, 3.5552777669262356
14000, 3.059411708155671
15000, 3.0789608636681307
16000, 2.842534080710379
17000, 3.0397368307141326
18000, 3.0199337741082997
19000, 2.8284271247461903
20000, 2.8844410203711917
21000, 2.95296461204668
22000, 2.898275349237888
23000, 2.630589287593181
24000, 2.615339366124404
25000, 2.6381811916545836
26000, 2.569046515733026
27000, 2.615339366124404
28000, 2.90516780926679
29000, 2.340939982143925
30000, 2.3664319132398464
31000, 2.2978250586152114
32000, 2.5377155080899043
33000, 2.4576411454889016
34000, 2.3065125189341593
35000, 2.3916521486202797
36000, 2.244994432064365
37000, 2.513961017995307
38000, 2.3323807579381204
39000, 2.1540659228538015
40000, 2.1540659228538015
41000, 2.3151673805580453
42000, 2.3323807579381204
43000, 2.1166010488516727
44000, 2.039607805437114
45000, 2.06881608655772
46000, 2.078460969082653
47000, 2.172556098240043
48000, 2.1540659228538015
49000, 2.2
50000, 2.23606797749979
51000, 2.1447610589527217
52000, 2.181742422927143
53000, 2.078460969082653
54000, 2.1071307505705477
55000, 2.1633307652783933
56000, 2.1447610589527217
57000, 1.8973665961010275
58000, 1.969771560359221
59000, 2.262741699796952
60000, 2.0199009876724157
61000, 2.1354156504062622
62000, 2.1354156504062622
63000, 2.0199009876724157
64000, 1.98997487421324
65000, 2.172556098240043
66000, 2.1354156504062622
67000, 2.0591260281974
68000, 2.0591260281974
69000, 2.0199009876724157
70000, 2.1071307505705477
71000, 2.1447610589527217
72000, 2.08806130178211
73000, 2.04939015319192
74000, 2.1166010488516727
75000, 2.181742422927143
76000, 2.1260291625469296
77000, 2.0199009876724157
78000, 2.078460969082653
79000, 2.078460969082653
80000, 2.1260291625469296
81000, 2.1540659228538015
82000, 2.1166010488516727
83000, 2.23606797749979
84000, 2.2978250586152114
85000, 2.0199009876724157
86000, 2.029778313018444
87000, 2.039607805437114
88000, 2.039607805437114
89000, 2.08806130178211
90000, 1.8867962264113207
91000, 1.7204650534085253
92000, 1.8
93000, 1.865475810617763
94000, 1.7776388834631178
95000, 1.7776388834631178
96000, 1.865475810617763
97000, 1.8110770276274832
98000, 1.9595917942265424
99000, 1.8110770276274832
100000, 1.8110770276274832
