1, 13.766626311482419
2, 13.145341380123988
3, 12.361229712289955
4, 11.750744657254705
5, 10.73312629199899
6, 10.396153134693622
7, 9.793875637356235
8, 8.704022058795578
9, 8.62554346113913
10, 8.119113252073776
15, 7.647221717722064
20, 6.681317235396026
25, 6.196773353931867
30, 6.125357132445422
35, 6.196773353931867
40, 6.151422599691879
45, 5.469917732470938
50, 5.592852581643825
55, 4.715930449020639
60, 4.664761515876241
65, 4.029888335921977
70, 3.9899874686520005
75, 4.009987531152684
80, 3.9293765408777
85, 3.8052595180880897
90, 3.509985754956849
95, 3.046309242345563
100, 3.03315017762062
150, 3.0983866769659336
200, 2.979932885150268
250, 2.727636339397171
300, 2.4819347291981715
350, 2.244994432064365
400, 1.7663521732655694
450, 1.697056274847714
500, 1.697056274847714
550, 1.6733200530681511
600, 1.6733200530681511
650, 1.6733200530681511
700, 1.6733200530681511
750, 1.6733200530681511
800, 1.4422205101855958
850, 1.3564659966250536
900, 1.3564659966250536
950, 1.3564659966250536
1000, 1.3564659966250536
1250, 1.3266499161421599
1500, 1.2649110640673518
1750, 1.2649110640673518
2000, 1.2649110640673518
2250, 1.2649110640673518
2500, 1.2649110640673518
2750, 1.2649110640673518
3000, 0.848528137423857
3250, 0.848528137423857
3500, 0.7483314773547883
3750, 0.7483314773547883
4000, 0.7483314773547883
4250, 0.848528137423857
4500, 0.848528137423857
4750, 0.848528137423857
5000, 0.848528137423857
5250, 0.848528137423857
5500, 0.848528137423857
5750, 0.848528137423857
6000, 0.848528137423857
6250, 0.848528137423857
6500, 0.848528137423857
6750, 0.848528137423857
7000, 0.848528137423857
7250, 0.848528137423857
7500, 0.7483314773547883
7750, 0.7483314773547883
8000, 0.7483314773547883
8250, 0.7483314773547883
8500, 0.7483314773547883
8750, 0.7483314773547883
9000, 0.7483314773547883
9250, 0.7483314773547883
9500, 0.7483314773547883
9750, 0.7483314773547883
10000, 0.7483314773547883
11000, 0.7483314773547883
12000, 0.7483314773547883
13000, 0.7483314773547883
14000, 0.7483314773547883
15000, 0.7483314773547883
16000, 0.7483314773547883
17000, 0.6324555320336759
18000, 0.7483314773547883
19000, 0.7483314773547883
20000, 0.7483314773547883
21000, 0.6324555320336759
22000, 0.6324555320336759
23000, 0.6324555320336759
24000, 0.7483314773547883
25000, 0.8944271909999159
26000, 0.8944271909999159
27000, 0.7483314773547883
28000, 0.4898979485566356
29000, 0.4898979485566356
30000, 0.4898979485566356
31000, 0.4898979485566356
32000, 0.4898979485566356
33000, 0.4898979485566356
34000, 0.7483314773547883
35000, 0.7483314773547883
36000, 0.7483314773547883
37000, 0.7483314773547883
38000, 0.7483314773547883
39000, 0.7483314773547883
40000, 0.7483314773547883
41000, 0.6928203230275509
42000, 0.4898979485566356
43000, 0.4898979485566356
44000, 0.7483314773547883
45000, 0.7483314773547883
46000, 0.7483314773547883
47000, 0.7483314773547883
48000, 0.4898979485566356
49000, 0.7483314773547883
50000, 0.7483314773547883
51000, 0.6324555320336759
52000, 0.6324555320336759
53000, 0.6324555320336759
54000, 0.6324555320336759
55000, 0.6324555320336759
56000, 0.6324555320336759
57000, 0.6324555320336759
58000, 0.6324555320336759
59000, 0.7483314773547883
60000, 0.7483314773547883
61000, 0.7483314773547883
62000, 0.7483314773547883
63000, 0.7483314773547883
64000, 0.7483314773547883
65000, 0.7483314773547883
66000, 0.7483314773547883
67000, 0.7483314773547883
68000, 0.7483314773547883
69000, 0.7483314773547883
70000, 0.4
71000, 0.4
72000, 0.4
73000, 0.4
74000, 0.4
75000, 0.4
76000, 0.4
77000, 0.4
78000, 0.282842712474619
79000, 0.282842712474619
80000, 0.4898979485566356
81000, 0.4898979485566356
82000, 0.4898979485566356
83000, 0.282842712474619
84000, 0.282842712474619
85000, 0.282842712474619
86000, 0.282842712474619
87000, 0.282842712474619
88000, 0.282842712474619
89000, 0.282842712474619
90000, 0.282842712474619
91000, 0.282842712474619
92000, 0.282842712474619
93000, 0.282842712474619
94000, 0.4898979485566356
95000, 0.4898979485566356
96000, 0.4898979485566356
97000, 0.4898979485566356
98000, 0.4898979485566356
99000, 0.4898979485566356
100000, 0.4898979485566356
