1, 33.83144493908983
2, 33.093302444250966
3, 32.756169902274394
4, 31.858018352266253
5, 31.025258526991628
6, 31.013975344458288
7, 30.99838705481303
8, 30.079893616833154
9, 30.068255686022095
10, 30.06548408612995
15, 26.901053263146903
20, 25.257342166849885
25, 24.53432968991273
30, 23.735346356576866
35, 23.188359148503803
40, 23.170383394900195
45, 23.10771876812306
50, 21.631766764028622
55, 21.609411529855844
60, 21.608640247209756
65, 21.593980642762464
70, 20.807851082383944
75, 20.77097333620486
80, 20.782203925474313
85, 20.782203925474313
90, 20.783005878200903
95, 20.250102880397094
100, 20.244340772999582
150, 18.643139935822685
200, 16.640312497065672
250, 16.027060449959833
300, 15.846135175493108
350, 14.396758894510482
400, 13.668699035875116
450, 12.96919426949878
500, 12.838743448380505
550, 12.782800945019837
600, 12.780193008453876
650, 12.777584539601634
700, 12.765839833973583
750, 12.708265027138834
800, 12.699081331602954
850, 12.699081331602954
900, 12.691204303243513
950, 12.692517480783708
1000, 12.684636376341263
1250, 12.685950233755978
1500, 12.59761882261882
1750, 11.885565475258915
2000, 11.269427669584644
2250, 11.058933040759403
2500, 10.805862606320083
2750, 10.237187113655782
3000, 9.75875675141733
3250, 9.85393322486001
3500, 9.361267720417644
3750, 9.348796714016196
4000, 7.833687935236294
4250, 7.206478566771245
4500, 7.19027120489902
4750, 6.945022198188666
5000, 5.8109092805400655
5250, 5.668627111861683
5500, 5.3416601664027015
5750, 5.186520991955976
6000, 5.208966628164681
6250, 5.237683966538391
6500, 5.3416601664027015
6750, 4.868264577855234
7000, 5.369667897862337
7250, 5.2883519802171515
7500, 5.461989869391313
7750, 5.237683966538391
8000, 5.167204273105526
8250, 5.266244708835067
8500, 5.259911279353167
8750, 5.228129047119374
9000, 5.196152422706632
9250, 5.144576432192126
9500, 5.141335753803026
9750, 4.993328882953068
10000, 5.0099900199501395
11000, 5.105552532945545
12000, 5.313504806936128
13000, 5.221749387577564
14000, 5.095749863039459
15000, 4.926120853842978
16000, 4.708148963941845
17000, 4.946379147079878
18000, 4.953113498935123
19000, 5.082650227325635
20000, 4.864839839775475
21000, 4.820096817838137
22000, 4.672615256292062
23000, 4.404543109109048
24000, 4.293405796489931
25000, 4.285634919900045
26000, 4.8270073544588685
27000, 4.6833036772489285
28000, 4.750438576243952
29000, 4.636809247747852
30000, 4.806245936279167
31000, 4.9023803741991845
32000, 5.183306537980044
33000, 5.253570214625479
34000, 5.272570530585627
35000, 4.929503017546495
36000, 4.915960401250875
37000, 4.868264577855234
38000, 4.936260392915538
39000, 5.138093031466052
40000, 5.344779384283945
41000, 5.796550698475776
42000, 5.787918451395113
43000, 5.680375574437544
44000, 5.461989869391313
45000, 5.495452665613635
46000, 5.388258840602717
47000, 5.504543577809154
48000, 5.369667897862337
49000, 5.388258840602717
50000, 5.291502622129181
51000, 5.029910535983717
52000, 5.228129047119374
53000, 5.11207720338155
54000, 5.272570530585627
55000, 5.221749387577564
56000, 5.313504806936128
57000, 5.627314338711377
58000, 5.403702434442518
59000, 5.212165257037297
60000, 5.173651192984184
61000, 5.266244708835067
62000, 5.49241901776136
63000, 5.056349144063003
64000, 5.046450898073483
65000, 5.180090089306685
66000, 5.1478150704935
67000, 5.1478150704935
68000, 5.199358934843154
69000, 5.013315602805526
70000, 5.141335753803026
71000, 5.141335753803026
72000, 5.144576432192126
73000, 5.06951674225463
74000, 5.180090089306685
75000, 5.240865068542279
76000, 5.141335753803026
77000, 5.092478113191389
78000, 5.1510516725551625
79000, 5.1510516725551625
80000, 5.0099900199501395
81000, 5.08592829940284
82000, 4.9966655548141965
83000, 5.003332222962347
84000, 5.076087732365021
85000, 5.056349144063003
86000, 5.056349144063003
87000, 5.138093031466052
88000, 5.458937625582473
89000, 5.354126134736337
90000, 5.244044240850758
91000, 5.37277085558901
92000, 5.440588203494177
93000, 5.375872022286245
94000, 5.391351098441528
95000, 5.437523946307424
96000, 5.546770832355224
97000, 5.256741703121177
98000, 5.033222956847166
99000, 4.9396356140913875
100000, 4.96655480858378
