1, 16.941074346097416
2, 16.141044988888833
3, 15.36012152729702
4, 15.246857599737288
5, 14.69467023561037
6, 14.69467023561037
7, 14.749011266296238
8, 14.099645385611653
9, 13.354150416006753
10, 12.225656083281038
15, 11.80960061418957
20, 10.804320123604878
25, 9.838699100999074
30, 8.23407554009556
35, 8.01664934163062
40, 7.99583224769838
45, 7.987490219086343
50, 7.563068160475615
55, 6.723094525588644
60, 6.60807586719967
65, 6.582805886043833
70, 5.882176467941097
75, 5.927337794772062
80, 5.972157622389639
85, 5.208966628164681
90, 5.131601439446884
95, 5.125101625008686
100, 5.1510516725551625
150, 5.046450898073483
200, 4.932882862316247
250, 3.8297084310253524
300, 3.678767909685705
350, 2.9552213679068666
400, 2.516611478423583
450, 2.4083189157584592
500, 2.3380903889000244
550, 2.3664319132398464
600, 2.3944379994757297
650, 2.160246899469287
700, 1.96638416050035
750, 1.9321835661585918
800, 1.591644851508443
850, 1.570562531918633
900, 1.7888543819998317
950, 1.7320508075688772
1000, 1.7320508075688772
1250, 1.7888543819998317
1500, 1.879716290649558
1750, 1.8439088914585775
2000, 1.7320508075688772
2250, 1.7126976771553504
2500, 1.7888543819998317
2750, 1.5275252316519468
3000, 1.4832396974191326
3250, 1.5491933384829668
3500, 1.390443574307614
3750, 1.2649110640673518
4000, 1.1547005383792515
4250, 1.0954451150103321
4500, 1.2649110640673518
4750, 1.2909944487358056
5000, 1.0954451150103321
5250, 1.0327955589886444
5500, 1.1254628677422756
5750, 1.0
6000, 1.0
6250, 0.9660917830792959
6500, 1.1832159566199232
6750, 1.2110601416389966
7000, 1.2649110640673518
7250, 1.2382783747337807
7500, 1.1832159566199232
7750, 1.0
8000, 1.0954451150103321
8250, 1.1832159566199232
8500, 1.1832159566199232
8750, 1.0645812948447542
9000, 1.0645812948447542
9250, 1.0645812948447542
9500, 0.8944271909999159
9750, 0.9309493362512627
10000, 0.7745966692414834
11000, 0.6831300510639732
12000, 1.0
13000, 0.8563488385776752
14000, 0.6831300510639732
15000, 0.6324555320336759
16000, 0.7302967433402214
17000, 0.6831300510639732
18000, 0.7302967433402214
19000, 0.6831300510639732
20000, 0.6324555320336759
21000, 0.7302967433402214
22000, 0.6324555320336759
23000, 0.5773502691896257
24000, 0.5773502691896257
25000, 0.6831300510639732
26000, 0.6324555320336759
27000, 0.5163977794943222
28000, 0.6324555320336759
29000, 0.6324555320336759
30000, 0.6324555320336759
31000, 0.6324555320336759
32000, 0.5773502691896257
33000, 0.5773502691896257
34000, 0.4472135954999579
35000, 0.4472135954999579
36000, 0.4472135954999579
37000, 0.4472135954999579
38000, 0.4472135954999579
39000, 0.4472135954999579
40000, 0.4472135954999579
41000, 0.4472135954999579
42000, 0.4472135954999579
43000, 0.4472135954999579
44000, 0.4472135954999579
45000, 0.3651483716701107
46000, 0.3651483716701107
47000, 0.3651483716701107
48000, 0.3651483716701107
49000, 0.3651483716701107
50000, 0.2581988897471611
51000, 0.3651483716701107
52000, 0.3651483716701107
53000, 0.3651483716701107
54000, 0.3651483716701107
55000, 0.3651483716701107
56000, 0.3651483716701107
57000, 0.3651483716701107
58000, 0.3651483716701107
59000, 0.3651483716701107
60000, 0.3651483716701107
61000, 0.3651483716701107
62000, 0.3651483716701107
63000, 0.3651483716701107
64000, 0.3651483716701107
65000, 0.2581988897471611
66000, 0.3651483716701107
67000, 0.2581988897471611
68000, 0.3651483716701107
69000, 0.2581988897471611
70000, 0.2581988897471611
71000, 0.2581988897471611
72000, 0.2581988897471611
73000, 0.2581988897471611
74000, 0.2581988897471611
75000, 0.2581988897471611
76000, 0.2581988897471611
77000, 0.2581988897471611
78000, 0.2581988897471611
79000, 0.2581988897471611
80000, 0.4472135954999579
81000, 0.2581988897471611
82000, 0.2581988897471611
83000, 0.2581988897471611
84000, 0.2581988897471611
85000, 0.2581988897471611
86000, 0.2581988897471611
87000, 0.2581988897471611
88000, 0.2581988897471611
89000, 0.2581988897471611
90000, 0.2581988897471611
91000, 0.2581988897471611
92000, 0.3651483716701107
93000, 0.3651483716701107
94000, 0.3651483716701107
95000, 0.2581988897471611
96000, 0.3651483716701107
97000, 0.3651483716701107
98000, 0.3651483716701107
99000, 0.3651483716701107
100000, 0.3651483716701107
