1, 51.782665482229135
2, 51.158794182644904
3, 50.698674100567516
4, 50.52282212580326
5, 49.94218880087478
6, 49.20523910678166
7, 49.19417309668562
8, 48.37377618319891
9, 48.04789277377313
10, 47.996527652181946
15, 45.81266200517058
20, 43.0658410653579
25, 42.22453210055869
30, 41.14932158209497
35, 40.69152245861538
40, 38.89787197835435
45, 37.7988829934901
50, 35.52995606214252
55, 34.00392134249617
60, 31.872314701703804
65, 31.055863643870325
70, 30.09245014211298
75, 29.396144871961244
80, 29.190180997497546
85, 29.325377709038595
90, 28.39013913315678
95, 26.144470416004477
100, 25.482019804821856
150, 23.90676333871512
200, 22.287515189749918
250, 20.523157651784484
300, 18.91795149821695
350, 18.275058899433887
400, 16.937138680032902
450, 16.46342748167721
500, 15.611961226358888
550, 14.461442989319334
600, 14.591473918391902
650, 13.770338493378521
700, 12.371113306588233
750, 12.458821060687171
800, 12.880648706921212
850, 12.36662174295524
900, 11.974046007001048
950, 12.019428716318703
1000, 12.25198396632607
1250, 10.614455552060438
1500, 9.978866557769864
1750, 9.202656621263714
2000, 8.950481054731702
2250, 8.287876017948681
2500, 7.4266786355379315
2750, 7.356025496904637
3000, 7.57334507041344
3250, 7.5351030369715435
3500, 7.47142705393168
3750, 6.969776020632067
4000, 7.241853660800143
4250, 7.26636084983398
4500, 7.211102550927978
4750, 7.083627444874397
5000, 6.535373831014651
5250, 6.709860074712603
5500, 6.6932802122726045
5750, 6.473879139365448
6000, 6.296383441662718
6250, 6.1895970071654185
6500, 5.92358750158119
6750, 5.934831271588285
7000, 6.020335907941055
7250, 5.581716183715861
7500, 5.880287218986652
7750, 5.744562646538029
8000, 5.796550698475776
8250, 5.955389715767279
8500, 5.748429737279951
8750, 5.529717694220726
9000, 5.569759619788113
9250, 5.5236863697272955
9500, 5.376905347047789
9750, 5.200427332868371
10000, 5.066228051190222
11000, 4.673804065688296
12000, 4.454710365943497
13000, 4.310194633398564
14000, 4.0
15000, 3.8901585229053754
16000, 3.699849846803095
17000, 3.693838713918685
18000, 3.611709352155077
19000, 3.654525352977532
20000, 3.963724398985266
21000, 3.4641016151377544
22000, 3.6453928305312844
23000, 3.5055511533693084
24000, 3.438345855527367
25000, 3.4641016151377544
26000, 3.2420843775434207
27000, 3.286335345030997
28000, 3.3730961708462712
29000, 3.438345855527367
30000, 3.2489314482696545
31000, 3.4608926273113094
32000, 3.496029493900505
33000, 3.3796778281697537
34000, 3.2489314482696545
35000, 3.39934634239519
36000, 3.235222815613581
37000, 3.2006943691087475
38000, 3.0586852658545234
39000, 3.0876096471758427
40000, 3.2110918876779455
41000, 3.1269438398822866
42000, 2.9059326290271157
43000, 3.025814858109391
44000, 2.9097537123726926
45000, 2.9097537123726926
46000, 2.748737083745107
47000, 2.8635642126552705
48000, 2.6583202716502514
49000, 2.840187787218772
50000, 2.9776948578836393
51000, 2.7768887466211374
52000, 2.8284271247461903
53000, 2.7527763762750106
54000, 2.796823595120404
55000, 2.5298221281347035
56000, 2.4312776705080625
57000, 2.389793110524656
58000, 2.449489742783178
59000, 2.521022720158538
60000, 2.4083189157584592
61000, 2.1807236311728166
62000, 2.1447610589527217
63000, 2.280350850198276
64000, 2.280350850198276
65000, 2.038517980189421
66000, 2.155097316699282
67000, 2.04939015319192
68000, 2.1395742047841617
69000, 2.0763215336529917
70000, 2.043961295567452
71000, 1.9776529298921768
72000, 2.2949219304078006
73000, 2.1499353995462798
74000, 2.1343747458109497
75000, 2.0976176963403033
76000, 2.1186998109427604
77000, 2.0602049520483257
78000, 2.065591117977289
79000, 1.994436706886879
80000, 2.00554786086551
81000, 2.123937642943199
82000, 2.1705094128132942
83000, 2.0110804171997807
84000, 2.1807236311728166
85000, 2.2010098692292237
86000, 2.250925735484551
87000, 2.1807236311728166
88000, 1.9776529298921768
89000, 2.092313976863362
90000, 2.1134489978863145
91000, 2.160246899469287
92000, 2.00554786086551
93000, 2.160246899469287
94000, 1.960725489313699
95000, 2.0602049520483257
96000, 2.0548046676563256
97000, 2.1908902300206643
98000, 1.994436706886879
99000, 1.9776529298921768
100000, 2.0548046676563256
