1, 28.135386970859315
2, 27.54995462791182
3, 27.565920989511667
4, 26.96145396672813
5, 26.928052287530935
6, 26.77685567799177
7, 26.53073689138694
8, 25.83640841912823
9, 25.424397731313125
10, 25.316397848035173
15, 24.455674188212438
20, 23.89895395200384
25, 22.947766775876037
30, 22.575207640241096
35, 21.673947494630507
40, 20.641705355905067
45, 19.59285584084158
50, 18.005554698481244
55, 17.825823964125753
60, 18.8435665413955
65, 18.62256695517565
70, 18.287700784953806
75, 18.39565166010707
80, 18.08203528367313
85, 17.530544771911682
90, 17.154591222177228
95, 17.24528921183985
100, 16.830923919975397
150, 14.909057649630308
200, 11.968291440301744
250, 10.233279044372825
300, 9.58331884056875
350, 8.287339742040265
400, 7.410802925459562
450, 6.925315877272314
500, 7.155417527999327
550, 7.216647421067486
600, 7.23325652801005
650, 7.258098924649622
700, 7.031358332498778
750, 6.523802572120037
800, 6.276941930590086
850, 6.151422599691879
900, 5.8753723286273525
950, 5.44426303552648
1000, 5.535341001239219
1250, 5.6
1500, 5.295280917949491
1750, 4.715930449020639
2000, 4.521061822182927
2250, 4.58257569495584
2500, 3.919183588453085
2750, 4.2708313008125245
3000, 4.156921938165306
3250, 4.294182110716778
3500, 3.7682887362833544
3750, 3.939543120718442
4000, 3.627671429443411
4250, 3.671511950137164
4500, 3.655133376499413
4750, 3.5552777669262356
5000, 3.54400902933387
5250, 3.6
5500, 3.394112549695428
5750, 3.5383612025908264
6000, 3.1559467676119
6250, 3.1685959035509716
6500, 3.370459909270543
6750, 3.280243893371345
7000, 3.0066592756745814
7250, 2.870540018881465
7500, 2.6832815729997477
7750, 2.5377155080899043
8000, 2.7422618401604177
8250, 2.6758176320519302
8500, 2.778488797889961
8750, 2.946183972531247
9000, 3.2062439083762793
9250, 3.046309242345563
9500, 2.946183972531247
9750, 2.8635642126552705
10000, 2.95296461204668
11000, 2.615339366124404
12000, 2.727636339397171
13000, 2.5612496949731396
14000, 2.749545416973504
15000, 2.4
16000, 2.4166091947189146
17000, 2.280350850198276
18000, 2.3664319132398464
19000, 2.1908902300206643
20000, 1.9287301521985911
21000, 1.9078784028338913
22000, 2.181742422927143
23000, 2.1166010488516727
24000, 2.0199009876724157
25000, 2.08806130178211
26000, 2.1540659228538015
27000, 1.8867962264113207
28000, 2.1260291625469296
29000, 2.0
30000, 1.9287301521985911
31000, 1.8439088914585775
32000, 1.8220867158288598
33000, 1.876166303929372
34000, 1.8867962264113207
35000, 1.6
36000, 1.7435595774162693
37000, 1.7888543819998317
38000, 1.8439088914585775
39000, 1.6733200530681511
40000, 1.61245154965971
41000, 1.6733200530681511
42000, 1.697056274847714
43000, 1.4422205101855958
44000, 1.469693845669907
45000, 1.7663521732655694
46000, 1.5874507866387544
47000, 1.4966629547095767
48000, 1.61245154965971
49000, 1.6492422502470643
50000, 1.5874507866387544
51000, 1.7320508075688772
52000, 1.42828568570857
53000, 1.4560219778561037
54000, 1.6613247725836149
55000, 1.6613247725836149
56000, 1.697056274847714
57000, 1.5362291495737217
58000, 1.6370705543744901
59000, 1.5362291495737217
60000, 1.4966629547095767
61000, 1.5231546211727816
62000, 1.7320508075688772
63000, 1.624807680927192
64000, 1.7088007490635062
65000, 1.8
66000, 1.6
67000, 1.6852299546352716
68000, 1.8
69000, 1.7088007490635062
70000, 1.7320508075688772
71000, 1.61245154965971
72000, 1.5099668870541498
73000, 1.5620499351813308
74000, 1.6
75000, 1.5620499351813308
76000, 1.5748015748023623
77000, 1.5491933384829668
78000, 1.5362291495737217
79000, 1.469693845669907
80000, 1.5491933384829668
81000, 1.4832396974191326
82000, 1.4
83000, 1.3856406460551018
84000, 1.469693845669907
85000, 1.5748015748023623
86000, 1.4966629547095767
87000, 1.4142135623730951
88000, 1.4142135623730951
89000, 1.4422205101855958
90000, 1.3856406460551018
91000, 1.3856406460551018
92000, 1.3266499161421599
93000, 1.4
94000, 1.2649110640673518
95000, 1.2328828005937953
96000, 1.1832159566199232
97000, 1.1489125293076057
98000, 1.2165525060596438
99000, 1.2328828005937953
100000, 1.2489995996796797
