1, 5.079370039680118
2, 5.2345009313209605
3, 5.0990195135927845
4, 4.449719092257398
5, 4.538722287164087
6, 4.312771730569565
7, 4.312771730569565
8, 3.8987177379235853
9, 3.687817782917155
10, 3.687817782917155
15, 4.024922359499621
20, 3.714835124201342
25, 3.521363372331802
30, 3.1937438845342623
35, 3.4351128074635335
40, 3.9496835316262997
45, 3.8987177379235853
50, 3.924283374069717
55, 3.924283374069717
60, 3.924283374069717
65, 3.8987177379235853
70, 3.9496835316262997
75, 3.9496835316262997
80, 3.872983346207417
85, 3.872983346207417
90, 3.82099463490856
95, 3.63318042491699
100, 3.63318042491699
150, 3.1304951684997055
200, 3.794733192202055
250, 3.492849839314596
300, 3.5777087639996634
350, 3.3166247903554
400, 2.898275349237888
450, 1.8973665961010275
500, 2.0976176963403033
550, 2.7202941017470885
600, 1.8973665961010275
650, 1.7888543819998317
700, 2.4899799195977463
750, 2.0976176963403033
800, 2.0976176963403033
850, 2.449489742783178
900, 2.23606797749979
950, 2.1447610589527217
1000, 2.0
1250, 1.6733200530681511
1500, 1.3416407864998738
1750, 1.4832396974191326
2000, 1.5491933384829668
2250, 1.4142135623730951
2500, 1.0954451150103321
2750, 1.1832159566199232
3000, 1.2649110640673518
3250, 1.2649110640673518
3500, 1.4142135623730951
3750, 0.8944271909999159
4000, 0.6324555320336759
4250, 0.6324555320336759
4500, 0.8944271909999159
4750, 0.8944271909999159
5000, 0.8944271909999159
5250, 1.0
5500, 1.0954451150103321
5750, 1.0954451150103321
6000, 0.8944271909999159
6250, 1.0
6500, 0.7745966692414834
6750, 1.0
7000, 0.4472135954999579
7250, 0.4472135954999579
7500, 0.6324555320336759
7750, 0.4472135954999579
8000, 1.1832159566199232
8250, 1.0954451150103321
8500, 0.4472135954999579
8750, 0.6324555320336759
9000, 0.4472135954999579
9250, 0.4472135954999579
9500, 0.4472135954999579
9750, 0.0
10000, 0.0
11000, 0.6324555320336759
12000, 0.6324555320336759
13000, 0.8944271909999159
14000, 1.0
15000, 0.6324555320336759
16000, 1.0
17000, 1.0
18000, 1.0
19000, 1.0
20000, 0.8944271909999159
21000, 0.8944271909999159
22000, 0.8944271909999159
23000, 0.4472135954999579
24000, 0.4472135954999579
25000, 0.8944271909999159
26000, 0.8944271909999159
27000, 0.8944271909999159
28000, 0.8944271909999159
29000, 0.4472135954999579
30000, 0.4472135954999579
31000, 0.8944271909999159
32000, 0.4472135954999579
33000, 0.4472135954999579
34000, 0.4472135954999579
35000, 0.4472135954999579
36000, 0.4472135954999579
37000, 0.4472135954999579
38000, 0.4472135954999579
39000, 0.4472135954999579
40000, 0.4472135954999579
41000, 0.4472135954999579
42000, 0.4472135954999579
43000, 0.4472135954999579
44000, 0.0
45000, 0.0
46000, 0.0
47000, 0.0
48000, 0.0
49000, 0.0
50000, 0.0
51000, 0.0
52000, 0.0
53000, 0.0
54000, 0.0
55000, 0.0
56000, 0.0
57000, 0.0
58000, 0.0
59000, 0.0
60000, 0.0
61000, 0.0
62000, 0.0
63000, 0.0
64000, 0.0
65000, 0.0
66000, 0.0
67000, 0.0
68000, 0.0
69000, 0.0
70000, 0.0
71000, 0.0
72000, 0.0
73000, 0.0
74000, 0.0
75000, 0.0
76000, 0.0
77000, 0.0
78000, 0.0
79000, 0.0
80000, 0.0
81000, 0.0
82000, 0.0
83000, 0.0
84000, 0.0
85000, 0.0
86000, 0.0
87000, 0.0
88000, 0.0
89000, 0.0
90000, 0.0
91000, 0.0
92000, 0.0
93000, 0.0
94000, 0.0
95000, 0.0
96000, 0.0
97000, 0.0
98000, 0.0
99000, 0.0
100000, 0.0
