3.255764119219941
3.4641016151377544
3.8987177379235853
4.0743097574926725
3.714835124201342
4.312771730569565
4.049691346263317
3.40587727318528
3.794733192202055
3.7416573867739413
3.286335345030997
3.4641016151377544
3.605551275463989
3.4641016151377544
3.4351128074635335
3.492849839314596
3.492849839314596
3.0983866769659336
3.0
3.0
3.286335345030997
3.0
3.0
3.286335345030997
3.286335345030997
3.1622776601683795
3.286335345030997
2.8635642126552705
2.8635642126552705
2.8635642126552705
2.8635642126552705
3.03315017762062
2.8635642126552705
2.8635642126552705
2.7202941017470885
2.7202941017470885
2.7202941017470885
2.898275349237888
2.7202941017470885
2.7202941017470885
2.7202941017470885
2.7202941017470885
2.7202941017470885
2.792848008753788
2.9664793948382653
2.898275349237888
2.898275349237888
2.7202941017470885
2.7202941017470885
2.792848008753788
2.8635642126552705
2.7202941017470885
2.7202941017470885
2.5298221281347035
2.6832815729997477
2.6832815729997477
3.1622776601683795
3.0
3.0
3.0
3.0
3.0
2.6832815729997477
3.0
3.0
2.8635642126552705
3.0
3.1622776601683795
3.0
3.0
3.0
3.0
2.932575659723036
2.6832815729997477
2.6076809620810595
2.6076809620810595
2.6832815729997477
2.6832815729997477
3.0
3.0
3.0
3.0
3.0
3.0
3.0
3.0
3.1622776601683795
3.0983866769659336
3.0983866769659336
3.0983866769659336
2.932575659723036
3.1622776601683795
3.1622776601683795
3.1622776601683795
3.1622776601683795
3.0983866769659336
3.3466401061363023
3.3466401061363023
3.3466401061363023
3.3466401061363023
3.4351128074635335
3.4351128074635335
3.3466401061363023
3.5777087639996634
3.5777087639996634
3.5777087639996634
3.5777087639996634
3.63318042491699
3.5496478698597698
3.5496478698597698
3.5496478698597698
3.40587727318528
3.40587727318528
3.40587727318528
3.40587727318528
3.40587727318528
3.40587727318528
3.5496478698597698
3.5496478698597698
3.3466401061363023
3.3466401061363023
3.1622776601683795
3.1622776601683795
3.3166247903554
3.40587727318528
3.40587727318528
3.1622776601683795
3.0983866769659336
3.0983866769659336
3.0983866769659336
3.0983866769659336
3.1622776601683795
3.1937438845342623
3.1937438845342623
3.1937438845342623
3.1937438845342623
3.1937438845342623
3.3466401061363023
3.3466401061363023
3.40587727318528
3.40587727318528
3.3466401061363023
3.3466401061363023
3.40587727318528
3.3466401061363023
3.3466401061363023
3.40587727318528
3.40587727318528
3.3466401061363023
3.3466401061363023
3.3466401061363023
3.3466401061363023
3.3466401061363023
3.3466401061363023
3.3466401061363023
3.22490309931942
3.0659419433511785
3.0659419433511785
3.1937438845342623
3.0659419433511785
3.0659419433511785
3.1937438845342623
3.3466401061363023
3.22490309931942
3.1937438845342623
3.1937438845342623
3.0659419433511785
3.1937438845342623
3.1937438845342623
3.1937438845342623
3.1937438845342623
3.1937438845342623
3.1937438845342623
3.1937438845342623
3.1937438845342623
3.3466401061363023
3.1937438845342623
3.1937438845342623
3.3466401061363023
3.1937438845342623
3.1937438845342623
3.1937438845342623
3.1937438845342623
3.1937438845342623
3.40587727318528
3.255764119219941
3.255764119219941
3.1937438845342623
3.1937438845342623
3.1937438845342623
3.1937438845342623
3.1937438845342623
3.1937438845342623
3.1937438845342623
3.255764119219941
3.255764119219941
3.1937438845342623
3.40587727318528
3.40587727318528
3.40587727318528
3.40587727318528
3.40587727318528
3.40587727318528
3.40587727318528
3.40587727318528
3.40587727318528
3.40587727318528
3.40587727318528
3.40587727318528
3.40587727318528
3.3466401061363023
3.3466401061363023
3.3466401061363023
3.3466401061363023
3.3466401061363023
3.3466401061363023
3.1937438845342623
3.1937438845342623
3.1937438845342623
3.1937438845342623
3.1937438845342623
3.1937438845342623
3.1937438845342623
3.3466401061363023
3.3466401061363023
3.3466401061363023
3.3466401061363023
3.3466401061363023
3.3466401061363023
3.3466401061363023
3.40587727318528
3.3466401061363023
3.3466401061363023
3.40587727318528
3.40587727318528
3.40587727318528
3.40587727318528
3.3466401061363023
3.3466401061363023
3.3466401061363023
3.3466401061363023
3.3466401061363023
3.3466401061363023
3.3466401061363023
3.3466401061363023
3.3466401061363023
3.3466401061363023
3.0983866769659336
3.0983866769659336
3.0983866769659336
3.0983866769659336
3.1937438845342623
3.1937438845342623
3.3466401061363023
3.1937438845342623
3.1937438845342623
3.1937438845342623
3.1937438845342623
3.1937438845342623
3.1937438845342623
3.1937438845342623
3.1937438845342623
3.3466401061363023
3.3466401061363023
3.3466401061363023
3.3466401061363023
3.40587727318528
3.40587727318528
3.40587727318528
3.40587727318528
3.3466401061363023
3.3466401061363023
3.40587727318528
3.40587727318528
3.40587727318528
3.40587727318528
3.40587727318528
3.40587727318528
3.40587727318528
3.40587727318528
3.40587727318528
3.40587727318528
3.40587727318528
3.286335345030997
3.286335345030997
3.286335345030997
3.286335345030997
3.286335345030997
3.286335345030997
3.286335345030997
3.22490309931942
3.22490309931942
3.22490309931942
3.22490309931942
3.22490309931942
3.22490309931942
3.22490309931942
3.22490309931942
3.22490309931942
3.22490309931942
3.3466401061363023
3.22490309931942
3.22490309931942
3.22490309931942
3.22490309931942
3.3466401061363023
3.3466401061363023
3.40587727318528
3.3466401061363023
3.3466401061363023
3.40587727318528
3.40587727318528
3.3466401061363023
3.22490309931942
3.22490309931942
3.286335345030997
3.286335345030997
3.286335345030997
3.286335345030997
3.286335345030997
3.286335345030997
3.286335345030997
3.286335345030997
3.286335345030997
3.22490309931942
3.286335345030997
3.286335345030997
3.286335345030997
3.286335345030997
3.286335345030997
3.286335345030997
3.286335345030997
3.22490309931942
3.22490309931942
3.286335345030997
3.286335345030997
3.286335345030997
3.40587727318528
3.3466401061363023
3.286335345030997
3.286335345030997
3.40587727318528
3.286335345030997
3.286335345030997
3.286335345030997
3.286335345030997
3.286335345030997
3.40587727318528
3.40587727318528
3.40587727318528
3.40587727318528
3.40587727318528
3.40587727318528
3.40587727318528
3.40587727318528
3.40587727318528
3.286335345030997
3.286335345030997
3.286335345030997
3.286335345030997
3.286335345030997
3.286335345030997
3.286335345030997
3.286335345030997
3.286335345030997
3.40587727318528
3.286335345030997
3.286335345030997
3.286335345030997
3.286335345030997
3.286335345030997
3.286335345030997
3.286335345030997
3.286335345030997
3.286335345030997
3.286335345030997
3.286335345030997
3.286335345030997
3.40587727318528
3.40587727318528
3.40587727318528
3.40587727318528
3.40587727318528
3.40587727318528
3.40587727318528
3.286335345030997
3.286335345030997
3.286335345030997
3.286335345030997
3.286335345030997
3.286335345030997
3.22490309931942
3.22490309931942
3.22490309931942
3.22490309931942
3.22490309931942
3.22490309931942
3.22490309931942
3.22490309931942
3.22490309931942
