1, 34.365195571488705
2, 33.69965380633259
3, 33.21596001924376
4, 32.89376840679705
5, 32.42478475898748
6, 31.604324598594626
7, 31.171033562160453
8, 30.867458593152758
9, 30.670289641062514
10, 30.812876096420037
15, 29.1026917426321
20, 27.617627221275423
25, 25.390943267236057
30, 24.689403935021733
35, 24.25970596139478
40, 23.0918456025787
45, 22.800584787822146
50, 22.85898802076184
55, 21.863973411375465
60, 21.54220663410939
65, 19.764446193438694
70, 19.198090182793358
75, 17.90065175722195
80, 17.7313282074412
85, 17.652195330892983
90, 17.084105673598096
95, 16.282915381875977
100, 16.620268750334134
150, 13.618614711734327
200, 12.073386710723163
250, 11.151980392139626
300, 10.795060598872677
350, 10.04987562112089
400, 9.521904571390467
450, 9.621157241551906
500, 8.767363723871998
550, 8.078778785600374
600, 8.17720408615724
650, 8.302610031389728
700, 7.591662092936786
750, 7.371114795831994
800, 6.774953874381729
850, 6.858085252702341
900, 6.97614984548545
950, 6.845923361144695
1000, 7.033254343948231
1250, 6.279596590015423
1500, 6.115553940568262
1750, 6.052547672950072
2000, 6.295501039101918
2250, 5.78215646046813
2500, 4.6833036772489285
2750, 4.892170615721955
3000, 4.806245936279167
3250, 4.729341039369721
3500, 4.597100535482483
3750, 4.905778905196061
4000, 4.7993055053135905
4250, 4.9023803741991845
4500, 4.881939505292269
4750, 5.1510516725551625
5000, 4.7993055053135905
5250, 4.851116709927038
5500, 4.475861183429769
5750, 4.520324472129555
6000, 4.483302354291979
6250, 4.187282332651255
6500, 4.2972859651955515
6750, 4.339738855430512
7000, 4.230839160261236
7250, 4.460941604639093
7500, 3.96232255123179
7750, 3.683295625749672
8000, 3.7327380477785117
8250, 3.7013511046643495
8500, 3.737200378179723
8750, 3.750555514409388
9000, 3.5496478698597698
9250, 3.696845502136472
9500, 3.7282703764614498
9750, 3.6514837167011076
10000, 3.5166271719741156
11000, 3.7727090178455764
12000, 3.6606010435446255
13000, 3.3960761671866746
14000, 3.1937438845342623
15000, 3.1037611591959413
16000, 3.2041639575194445
17000, 3.1885210782848317
18000, 3.22490309931942
19000, 3.093002855909879
20000, 2.972092416687835
21000, 2.786873995477131
22000, 2.8106938645110393
23000, 2.562550812504343
24000, 2.594866727470475
25000, 2.5099800796022267
26000, 2.695675549220764
27000, 2.6583202716502514
28000, 2.756809750418044
29000, 2.7386127875258306
30000, 2.8225284173355396
31000, 2.4899799195977463
32000, 2.562550812504343
33000, 2.7202941017470885
34000, 2.3874672772626644
35000, 2.273030282830976
36000, 2.160246899469287
37000, 2.258317958127243
38000, 2.1291625896895083
39000, 2.1291625896895083
40000, 2.041241452319315
41000, 2.1134489978863145
42000, 2.0330600909302543
43000, 2.008316044185609
44000, 1.9321835661585918
45000, 2.008316044185609
46000, 1.8708286933869707
47000, 1.9578900207451218
48000, 1.8073922282301278
49000, 1.7126976771553504
50000, 1.888562063228706
51000, 1.816590212458495
52000, 1.8257418583505538
53000, 1.798147194568157
54000, 1.8073922282301278
55000, 1.834847859269718
56000, 1.798147194568157
57000, 1.906130460732773
58000, 1.6931233465600393
59000, 1.798147194568157
60000, 1.9578900207451218
61000, 1.8529256146249728
62000, 1.9148542155126762
63000, 1.798147194568157
64000, 1.834847859269718
65000, 1.8439088914585775
66000, 1.906130460732773
67000, 1.7701224063135672
68000, 1.7224014243685084
69000, 1.7701224063135672
70000, 1.7416467303484175
71000, 1.7126976771553504
72000, 1.570562531918633
73000, 1.4605934866804429
74000, 1.378404875209022
75000, 1.4023789311975086
76000, 1.4832396974191326
77000, 1.559914527573012
78000, 1.622754859285078
79000, 1.6733200530681511
80000, 1.7511900715418263
81000, 1.760681686165901
82000, 1.559914527573012
83000, 1.390443574307614
84000, 1.632993161855452
85000, 1.66332999331662
86000, 1.4719601443879744
87000, 1.4944341180973264
88000, 1.4719601443879744
89000, 1.449137674618944
90000, 1.51657508881031
91000, 1.5491933384829668
92000, 1.66332999331662
93000, 1.6020819787597222
94000, 1.4832396974191326
95000, 1.449137674618944
96000, 1.559914527573012
97000, 1.51657508881031
98000, 1.5491933384829668
99000, 1.4259499757471625
100000, 1.4605934866804429
