1, 16.621271511730583
2, 15.790292376436016
3, 15.786069808536892
4, 15.786069808536892
5, 15.786069808536892
6, 15.786069808536892
7, 15.301416056474425
8, 14.350377463095992
9, 14.350377463095992
10, 14.324803663575986
15, 13.431306712304652
20, 11.227941336980109
25, 11.204165891905266
30, 11.204165891905266
35, 10.401922899156675
40, 10.398717869686308
45, 10.398717869686308
50, 9.486832980505138
55, 9.451631252505216
60, 9.465727652959385
65, 9.472767986883946
70, 9.465727652959385
75, 8.910667763978186
80, 8.910667763978186
85, 8.87693640846886
90, 8.873180564675405
95, 8.880690663831652
100, 8.144527815247077
150, 7.928850273946827
200, 7.912016177940993
250, 7.302967433402215
300, 7.302967433402215
350, 7.2571803523590805
400, 7.2571803523590805
450, 6.767569726275452
500, 6.767569726275452
550, 6.777413469261952
600, 6.392704174812617
650, 6.392704174812617
700, 4.718756898449704
750, 4.795831523312719
800, 4.795831523312719
850, 4.795831523312719
900, 4.823553323709262
950, 4.823553323709262
1000, 4.823553323709262
1250, 4.753945729601885
1500, 4.753945729601885
1750, 4.753945729601885
2000, 4.732863826479693
2250, 4.509249752822894
2500, 4.509249752822894
2750, 4.501851470969102
3000, 4.219004621945797
3250, 3.1091263510296048
3500, 2.9552213679068666
3750, 2.9097537123726926
4000, 2.886751345948129
4250, 2.886751345948129
4500, 2.886751345948129
4750, 2.886751345948129
5000, 2.851899951494325
5250, 2.840187787218772
5500, 2.556038601690775
5750, 2.886751345948129
6000, 2.9552213679068666
6250, 2.851899951494325
6500, 2.851899951494325
6750, 3.0983866769659336
7000, 3.0441200151549
7250, 3.0441200151549
7500, 2.816617356570348
7750, 2.816617356570348
8000, 2.886751345948129
8250, 2.886751345948129
8500, 2.7325202042558927
8750, 2.792848008753788
9000, 2.943920288775949
9250, 2.943920288775949
9500, 2.886751345948129
9750, 2.886751345948129
10000, 2.886751345948129
11000, 2.988868236194653
12000, 3.296462750686964
13000, 3.1304951684997055
14000, 3.119829055146024
15000, 3.5118845842842465
16000, 3.5023801430836525
17000, 3.4641016151377544
18000, 2.988868236194653
19000, 3.1091263510296048
20000, 3.3166247903554
21000, 3.3366650016645862
22000, 3.1091263510296048
23000, 3.1304951684997055
24000, 3.141125063837266
25000, 3.141125063837266
26000, 3.1304951684997055
27000, 3.1304951684997055
28000, 3.03315017762062
29000, 3.03315017762062
30000, 3.1622776601683795
31000, 3.1937438845342623
32000, 3.1091263510296048
33000, 3.1091263510296048
34000, 2.8635642126552705
35000, 2.8635642126552705
36000, 2.943920288775949
37000, 2.9097537123726926
38000, 2.9097537123726926
39000, 2.851899951494325
40000, 2.851899951494325
41000, 3.0659419433511785
42000, 2.840187787218772
43000, 2.780887148615228
44000, 2.594866727470475
45000, 2.7325202042558927
46000, 2.6457513110645907
47000, 2.6457513110645907
48000, 2.581988897471611
49000, 2.503331114069145
50000, 2.3380903889000244
51000, 2.4765567494675613
52000, 2.4765567494675613
53000, 2.6204325342711394
54000, 2.74469184669852
55000, 3.0
56000, 2.898275349237888
57000, 2.898275349237888
58000, 2.9664793948382653
59000, 2.9664793948382653
60000, 2.9664793948382653
61000, 2.9552213679068666
62000, 3.0659419433511785
63000, 3.0441200151549
64000, 2.9776948578836393
65000, 2.581988897471611
66000, 2.4765567494675613
67000, 2.5298221281347035
68000, 2.594866727470475
69000, 2.594866727470475
70000, 2.6708300832013507
71000, 2.6583202716502514
72000, 2.943920288775949
73000, 2.6708300832013507
74000, 2.7202941017470885
75000, 2.8284271247461903
76000, 2.8284271247461903
77000, 3.0983866769659336
78000, 3.0659419433511785
79000, 3.0659419433511785
80000, 2.816617356570348
81000, 2.816617356570348
82000, 2.943920288775949
83000, 2.840187787218772
84000, 2.8284271247461903
85000, 2.9776948578836393
86000, 2.943920288775949
87000, 2.943920288775949
88000, 3.1091263510296048
89000, 3.0659419433511785
90000, 3.1937438845342623
91000, 3.03315017762062
92000, 2.898275349237888
93000, 2.8751811537130436
94000, 2.8751811537130436
95000, 3.0
96000, 3.0
97000, 2.8635642126552705
98000, 2.8635642126552705
99000, 2.695675549220764
100000, 2.695675549220764
