18.97743020387263
17.966635745180564
17.1380945765358
15.715324640981127
15.06841540631074
15.114798803065254
14.93796696819407
15.025692282601444
15.208080558890865
14.840100115180201
15.002856870800118
15.224041137997117
15.353919927590384
14.71248255248389
14.620924340527468
14.229747513069734
14.218699960665482
15.187400793326779
14.823726155823884
15.002856870800118
14.988567071509632
14.873754449652967
14.862224405711087
14.700826021495722
15.189281935440059
14.897746713609315
14.786093852961013
14.900623189268677
14.814085960907033
14.69499428862962
14.574929551410237
14.648256844124102
14.499261064915393
14.690132742763083
14.65215732531269
14.416260660399125
14.514032618715683
14.784161409137434
14.889113952338274
14.547459277433
14.228743544570014
14.093564894254804
14.18751966644326
13.972421816870954
13.71443452300219
13.865682199485999
13.801656215313955
13.967308770329176
13.98774974244045
13.937616110983358
14.328792193143347
14.31582540906591
13.896556613574663
14.18852655191108
14.442002235542985
14.181476852369281
14.328792193143347
14.317821063276353
14.229747513069734
14.623855266554811
14.179462008734424
14.454855832655584
14.53468757342733
14.620924340527468
14.545495129813512
14.74836552687401
15.193043520920073
15.308261075081557
15.16104029600683
15.076945503459436
15.19398377178095
15.01903554065402
15.215593505160609
15.210898348599551
15.051340709148045
15.019986684414869
15.185519418182572
14.998095117142615
15.005713197693357
14.872793954062566
14.943703882046302
14.94848296173036
15.204322693610148
15.22122578131322
15.377163030193277
15.353919927590384
15.251229458637097
15.41520585099568
15.417985786550904
15.680743422609602
15.712597311893227
15.627814032313394
15.563694016157328
15.714415583878935
15.834862081586222
15.748922865662001
15.542568274626577
15.531534741569212
15.467939192314626
15.47347961605829
15.53337420799854
15.868207208125309
15.815905195177958
15.776112141009719
15.98481422207608
15.757991170015476
15.851994016076157
16.02141424112473
15.982132881082281
15.983920491722746
15.96066593669754
15.982132881082281
16.12805895680834
16.20317429218291
16.191708636565462
16.38466181699039
16.31563667161046
16.261259835220994
16.388149028228554
16.285839598515377
16.412538760698435
16.47508942095828
16.571921174944425
16.469885939409018
16.451660793279896
16.553808366311706
16.5693348431027
16.472487885649123
16.457738084473906
16.44210622587195
16.478557495814286
16.46468081335664
16.38378989820644
16.470753300493403
16.424720045450655
16.318263212907013
16.26740825788089
16.110333861930272
16.34974879667225
16.169636447896497
16.0017856146476
16.068602926203635
16.15814699418576
16.183766116522005
16.125401434648733
16.20493751916372
16.07215871357316
16.153725797563148
16.189943968843306
16.235762994081924
16.18729660655452
16.291101865742537
16.329640010029088
16.295485790330314
16.27530995974314
16.261259835220994
16.1970014861658
16.381173863397493
16.389892355612695
16.241921068642096
16.312133958673655
16.389020715100706
16.533083715473563
16.449055552566797
16.374195727249802
16.253351302775332
16.15903108835074
16.12185739033458
16.148418763811787
16.306002400518476
16.228722333302414
16.14399490301491
16.106786502234748
16.068602926203635
16.207581999968852
16.125401434648733
16.181117743486432
16.106786502234748
16.06237840420901
16.003571030063437
16.02319746938348
16.08459777906447
16.056151469141042
16.154610133687182
16.14753408861109
16.171403331630984
16.129830394998844
16.234883078464982
16.20493751916372
16.12628732402914
16.17051991389622
16.138684669363325
16.377685166975567
16.35761072319025
16.244559528830393
16.23048278482718
16.210226049362436
16.241921068642096
16.34974879667225
16.437761404765553
16.398606212550067
16.385533689377173
16.387277294988852
16.30863049343594
16.33926034346196
16.322639842518473
16.358484037342826
16.431676725154983
16.489823701734526
16.462945405624456
16.333138968717204
16.285839598515377
16.20317429218291
16.092589243854718
16.11742623905655
16.094364586045995
16.151072498665307
