1, 230.22308746083655
2, 230.02155333794266
3, 229.68214993769107
4, 229.04942698029174
5, 228.23289640189907
6, 227.9668835598715
7, 227.1228852405675
8, 226.97921711028965
9, 226.63780576064534
10, 226.03898999951315
15, 224.64380694779902
20, 221.69538786361795
25, 219.85829527220483
30, 217.76199163306714
35, 216.21416466087507
40, 213.67348923064836
45, 213.07983245722716
50, 210.38305540133217
55, 208.6407079167438
60, 206.37216382060834
65, 204.12513319040357
70, 203.30967758569685
75, 202.04925142152842
80, 199.92614886502466
85, 199.5649768872284
90, 197.65333288361214
95, 196.55216864741024
100, 195.51565154738893
150, 184.5860233062081
200, 174.72193623011393
250, 166.80494596983627
300, 162.18022382522474
350, 157.3259832322684
400, 151.03565804140425
450, 143.02080268268668
500, 139.22361509456647
550, 134.711339537546
600, 131.13515928232215
650, 130.75368063653121
700, 127.0889255600188
750, 125.61220084052344
800, 123.22842610372008
850, 122.6506013030511
900, 121.65231193857353
950, 119.85833304363949
1000, 116.9606130284892
1250, 103.9777620455451
1500, 97.1088307004054
1750, 92.8385964995163
2000, 89.9428429615164
2250, 84.60567356862067
2500, 81.42094325172117
2750, 77.80591237174717
3000, 75.81744522205955
3250, 74.17954569825835
3500, 73.39465239375413
3750, 72.03665733499855
4000, 70.15176405479765
4250, 69.20498536955267
4500, 68.26217840063413
4750, 66.47728935508727
5000, 65.01576731839747
5250, 64.26877157687083
5500, 63.781345235107736
5750, 61.554163141090626
6000, 59.611492180619
6250, 58.6214551167062
6500, 56.874774724828576
6750, 56.01187374119884
7000, 55.24151518559208
7250, 54.407214595125154
7500, 52.825893272144484
7750, 52.007307178895545
8000, 51.07088211495862
8250, 50.24594511002853
8500, 49.09786146055651
8750, 47.66361295579679
9000, 47.194385259265744
9250, 46.928083276434805
9500, 45.708478425780044
9750, 45.35212233181596
10000, 45.18074811244276
11000, 44.7951448261974
12000, 42.610620741782206
13000, 41.12043287709895
14000, 38.71834190664678
15000, 37.59647589867965
16000, 37.410225874752484
17000, 35.81403356227835
18000, 35.88690568995884
19000, 35.450881512312215
20000, 35.03912099354092
21000, 33.81234981482358
22000, 32.33658918315288
23000, 31.720576917830485
24000, 30.74475565035442
25000, 29.189724219320745
26000, 28.297879779234343
27000, 27.833343313371465
28000, 27.92660022272672
29000, 28.122855473795685
30000, 28.244822534404424
31000, 27.58958136688558
32000, 27.28076245268816
33000, 27.033405260898967
34000, 26.861031253472007
35000, 26.472155182379844
36000, 25.885420606974883
37000, 25.565015157437323
38000, 25.470767558124354
39000, 25.283294880216857
40000, 25.15561567523244
41000, 25.094720560309096
42000, 24.53874487417806
43000, 24.77569373398049
44000, 24.394671549336344
45000, 24.326117651610584
46000, 24.146014163832504
47000, 23.764784871738268
48000, 23.352944139872385
49000, 23.16754194989188
50000, 22.942427944749003
51000, 22.478100453552564
52000, 22.385709727413158
53000, 22.774108105478028
54000, 22.647737193812542
55000, 22.599225650450947
56000, 22.33349502429031
57000, 22.088458524759034
