17.31968326995123
13.716517675520166
13.885243966167826
12.263767773404714
12.83299319277129
13.576239748703825
13.857437404822416
13.549907748763458
13.2664991614216
13.36306209562122
13.516127932426294
14.032615070409568
13.702971523411577
13.97957694025722
14.53272169966796
14.336765923417218
14.137083958764016
14.657031467134518
14.324803663575986
14.27285135192985
14.286857097146514
14.52387197488525
13.864651868278965
14.306841520255764
14.714424409887249
14.700826021495722
14.432107063270916
14.180469466336941
14.292855358035156
14.391465725015147
14.863185584331701
14.826616992037374
14.979032965162624
14.93414113461405
15.307327843692567
15.641519838466555
15.567365131673926
15.350197765129003
15.544406435389273
14.930314320679445
14.536653181330486
14.64337978161365
14.943703882046302
15.22122578131322
15.32504952217587
14.964720416461416
