1, 69.27962663486768
2, 68.47262226612911
3, 68.37153403768755
4, 68.0594103216692
5, 68.07863100856244
6, 67.38001682002363
7, 66.56475543909605
8, 66.52555899802721
9, 65.98004748912103
10, 65.30237361689083
15, 63.90970192388633
20, 61.897630541618206
25, 60.84940426988583
30, 58.582989567507276
35, 56.15721977923527
40, 54.33583838805962
45, 53.981169556306085
50, 53.72274502790539
55, 52.2541864351556
60, 51.514075746343345
65, 49.4994949469184
70, 48.87279406786561
75, 47.9617903474561
80, 46.91339538625047
85, 45.3453415468447
90, 44.086279044618855
95, 43.688862043622365
100, 43.74071330008234
150, 37.765725201563384
200, 34.986664126016166
250, 32.41655955423606
300, 29.987775287051
350, 26.061146047964453
400, 23.46983880075305
450, 22.108444842035663
500, 22.157767637256843
550, 22.086194783167155
600, 20.363775026584175
650, 19.898073608601745
700, 18.909873963972718
750, 17.854037825283854
800, 17.82040029479323
850, 17.222562720648362
900, 17.23223723142181
950, 16.925818542491037
1000, 17.34743016510899
1250, 14.533295106983367
1500, 13.873235623554683
1750, 13.563431227630664
2000, 13.549907748763458
2250, 12.603570922560003
2500, 12.184689846962321
2750, 11.82300018325862
3000, 11.616080807799735
3250, 10.014156646135177
3500, 10.041580220928045
3750, 9.947361459201128
4000, 9.558591249063152
4250, 9.669539802906858
4500, 9.372833082905082
4750, 9.215928240461366
5000, 8.523496934944014
5250, 8.081872720271377
5500, 7.7276559619762235
5750, 8.048809435769574
6000, 7.52772652709081
6250, 7.54873057760928
6500, 7.764234239983575
6750, 7.861297602813418
7000, 7.555351304428758
7250, 7.406078584514209
7500, 6.990469702864512
7750, 6.8129778119898985
8000, 6.923390306297438
8250, 6.776183783418707
8500, 6.6783231428256
8750, 6.7638746292343415
9000, 6.988085097745543
9250, 6.847140522388403
9500, 7.022582620850158
9750, 7.265213922062676
10000, 7.213413431471492
11000, 6.015258376273901
12000, 5.818075283115543
13000, 5.661271941887264
14000, 5.2105661880452105
15000, 5.343220002957018
16000, 5.448241306452324
17000, 5.165591285935554
18000, 5.125101625008686
19000, 4.919349550499537
20000, 4.904079934095692
21000, 4.83045891539648
22000, 4.7993055053135905
23000, 4.757450297515817
24000, 4.638606112472438
25000, 4.635011686428992
26000, 4.5843938167075775
27000, 4.551556510323327
28000, 4.377975178854566
29000, 3.9496835316262997
30000, 4.108933357129723
31000, 4.254409477236529
32000, 4.131182235954578
33000, 3.8578923434089414
34000, 3.9327683210007
35000, 4.16132991562393
36000, 4.10690475500305
37000, 3.8858718455450894
38000, 3.8837267325770144
39000, 3.7260345319566395
40000, 3.559026084010437
41000, 3.774917217635375
42000, 3.840572873934304
43000, 3.6606010435446255
44000, 3.7438839013338363
45000, 3.774917217635375
46000, 3.5260932110954375
47000, 3.5777087639996634
48000, 3.5047586697707636
49000, 3.5893360574531514
50000, 3.459287017098562
51000, 3.3763886032268267
52000, 3.6101708177499487
53000, 3.468909530866052
54000, 3.296462750686964
55000, 3.3541019662496847
56000, 3.4009802508492557
57000, 3.331666249791536
58000, 3.3590673308722665
59000, 3.449637662132068
60000, 3.253203549323856
61000, 3.255764119219941
62000, 3.1622776601683795
63000, 3.157002798013753
64000, 3.1144823004794873
65000, 3.159641329855864
66000, 3.1278320500521337
67000, 3.265986323710904
68000, 3.191133549905634
69000, 3.101075082397501
70000, 3.13315602335196
71000, 3.101075082397501
72000, 3.1754264805429417
73000, 3.159641329855864
74000, 3.286335345030997
75000, 3.093002855909879
76000, 3.286335345030997
77000, 3.03315017762062
78000, 3.0659419433511785
79000, 3.141125063837266
80000, 2.9944392908634274
81000, 3.1963520874063085
82000, 3.1859064644147983
83000, 3.1118054780678905
84000, 3.1622776601683795
85000, 3.159641329855864
86000, 3.082207001484488
87000, 3.0441200151549
88000, 3.0304015135511886
89000, 2.935415927371565
90000, 2.8664728616658257
91000, 2.857738033247041
92000, 3.019381835188565
93000, 3.095695936834452
94000, 3.159641329855864
95000, 3.019381835188565
96000, 3.157002798013753
97000, 3.0441200151549
98000, 3.0983866769659336
99000, 3.125166662222459
100000, 3.1304951684997055
