1, 57.0498028042166
2, 56.66480389095157
3, 56.34696087634186
4, 55.54457669295896
5, 55.16774419894292
6, 55.110797490147064
7, 55.1782565871739
8, 54.56555690176725
9, 54.239284656049804
10, 54.30672149927668
15, 52.525612799852226
20, 51.993268795104626
25, 49.69909455915671
30, 48.47349791380853
35, 47.77279560586757
40, 46.8316132542965
45, 45.83121207212395
50, 45.06306691737703
55, 44.328320518603
60, 42.92342018059605
65, 42.192416380198
70, 41.093065108361046
75, 40.14897258959437
80, 39.307760048112634
85, 39.66560222661443
90, 40.210197711525865
95, 39.78944583680451
100, 38.64531019412317
150, 33.05903809852912
200, 30.103155980727337
250, 25.973447980582016
300, 24.664144015148793
350, 22.894104044491456
400, 22.407588000496617
450, 21.12628694304799
500, 20.547019248543084
550, 20.02048950450513
600, 17.993332098307974
650, 17.499714283381888
700, 16.49363513601535
750, 16.265915283192644
800, 14.877499789951267
850, 13.802898246382895
900, 13.396268137059664
950, 13.710579856446627
1000, 13.881642554107204
1250, 12.864680330268607
1500, 11.469088891450793
1750, 10.765686229869418
2000, 9.050966799187808
2250, 9.10823802938856
2500, 8.88031530971733
2750, 8.534635317340747
3000, 8.916277250063503
3250, 8.280096617793781
3500, 8.562709851443058
3750, 8.55219270129012
4000, 8.531119504496465
4250, 7.938513714795737
4500, 7.810249675906654
4750, 7.938513714795737
5000, 7.598684096605148
5250, 7.459222479588607
5500, 7.23325652801005
5750, 7.329392880723478
6000, 7.131619731870173
6250, 6.9180922225711905
6500, 6.4031242374328485
6750, 6.58027355054484
7000, 6.370243323453194
7250, 6.154673021371647
7500, 6.059702963017247
7750, 6.110646446980876
8000, 5.966573556070519
8250, 5.67626637852735
8500, 5.632051136131489
8750, 5.344155686354955
9000, 5.589275444992848
9250, 5.89576118919347
9500, 5.9531504264548865
9750, 5.7775427302617155
10000, 5.5874860178795975
11000, 5.447935388750494
12000, 5.727128425310541
13000, 5.416641025580336
14000, 5.0931326312987375
15000, 5.325410782277739
16000, 5.304714883949938
17000, 4.985980344927164
18000, 4.686149805543993
19000, 4.884669896727925
20000, 4.545327270945404
21000, 4.567274898667694
22000, 4.698936049788292
23000, 4.268489194082608
24000, 4.197618372363071
25000, 4.319722213291035
26000, 4.268489194082608
27000, 4.135214625627067
28000, 4.226109321823087
29000, 4.084115571332427
30000, 4.142463035441596
31000, 4.152107898405339
32000, 4.209513035969837
33000, 4.156921938165306
34000, 4.115823125451335
35000, 4.294182110716778
36000, 3.847076812334269
37000, 3.9293765408777
38000, 4.1182520563948
39000, 4.256759330758553
40000, 4.166533331199932
41000, 3.844476557348217
42000, 3.7336309405188937
43000, 3.5693136595149495
44000, 3.6
45000, 3.4351128074635335
46000, 3.5355339059327378
47000, 3.655133376499413
48000, 3.3555923471125033
49000, 3.5552777669262356
50000, 3.4176014981270124
51000, 3.4957116585897072
52000, 3.5242020373412193
53000, 3.616628264005025
54000, 3.2619012860600183
55000, 3.591656999213594
56000, 3.3555923471125033
57000, 3.3075670817082456
58000, 3.370459909270543
59000, 3.3436506994600976
60000, 3.423448553724738
61000, 3.3376638536557275
62000, 3.249615361854384
63000, 3.295451410656816
64000, 3.295451410656816
65000, 3.0886890422961
66000, 3.0066592756745814
67000, 2.946183972531247
68000, 2.929163703175362
69000, 2.839013913315678
70000, 2.7640549922170505
71000, 2.8
72000, 2.9017236257093817
73000, 2.95296461204668
74000, 3.152776554086889
75000, 3.0397368307141326
76000, 2.753179979587241
77000, 2.778488797889961
78000, 2.9120439557122073
79000, 2.8600699292150185
80000, 2.727636339397171
81000, 2.6683328128252666
82000, 2.8844410203711917
83000, 2.842534080710379
84000, 2.7129319932501073
85000, 2.716615541441225
86000, 2.615339366124404
87000, 2.90516780926679
88000, 3.0099833886584824
89000, 3.1144823004794873
90000, 3.111269837220809
91000, 3.0724582991474434
92000, 3.0495901363953815
93000, 2.7092434368288134
94000, 2.874021572639983
95000, 3.0789608636681307
96000, 3.0364452901377956
97000, 2.9966648127543394
98000, 2.925747767665559
99000, 2.7964262908219126
100000, 2.8879058156387303
