1, 33.94063444702628
2, 33.65659915479677
3, 32.92364904846768
4, 32.98737132095655
5, 32.703210851535665
6, 32.14135446222929
7, 31.333687941255814
8, 31.153918961611662
9, 30.679526289258988
10, 30.56250426039507
15, 29.828398102032455
20, 28.16794868877273
25, 27.140989910711316
30, 26.408332018512642
35, 24.796505130091752
40, 23.43146033292277
45, 23.50531854708632
50, 22.65244651982062
55, 22.6642155537461
60, 21.511237373366818
65, 21.675639167815405
70, 21.42506320488538
75, 20.601779858384404
80, 20.55723716845238
85, 20.024984394500787
90, 19.203298327804696
95, 19.595917942265423
100, 19.289029697386717
150, 15.623699945915499
200, 13.70766209096212
250, 13.066496597532689
300, 12.016655108639842
350, 11.998611030726293
400, 10.841279137322005
450, 10.907184176801392
500, 10.983320687903698
550, 11.013627921806693
600, 10.306955580254208
650, 10.673955842766699
700, 9.643650760992955
750, 9.366607354497857
800, 9.03696114115064
850, 8.430104783848577
900, 8.126089670520091
950, 7.810249675906654
1000, 7.602631123499285
1250, 6.892024376045111
1500, 6.534523701081817
1750, 6.303438215238834
2000, 5.344779384283945
2250, 5.2345009313209605
2500, 4.88535225614967
2750, 4.949747468305833
3000, 4.419653078391259
3250, 4.460941604639093
3500, 4.381780460041329
3750, 4.347413023856832
4000, 4.2387104957364885
4250, 4.203173404306164
4500, 3.924283374069717
4750, 3.970726214015097
5000, 3.9115214431215892
5250, 4.266145801540309
5500, 3.737200378179723
5750, 3.987480407475377
6000, 4.119061381755152
6250, 4.090639721771319
6500, 4.262237284181474
6750, 4.102844541697057
7000, 4.02077936060494
7250, 4.02077936060494
7500, 4.159326868617084
7750, 3.8427420765212266
8000, 3.7013511046643495
8250, 3.4351128074635335
8500, 3.521363372331802
8750, 3.478505426185217
9000, 3.5777087639996634
9250, 3.286335345030997
9500, 3.3763886032268267
9750, 3.420526275297414
10000, 3.093002855909879
11000, 3.591656999213594
12000, 3.410767264609729
13000, 3.183289703016886
14000, 3.0713731999438516
15000, 2.9040202019499337
16000, 2.9211869733608857
17000, 2.70801280154532
18000, 2.7688746209726918
19000, 2.8635642126552705
20000, 2.7748873851023217
21000, 2.581988897471611
22000, 2.23606797749979
23000, 2.3021728866442674
24000, 2.2135943621178655
25000, 2.37346441585572
26000, 2.6012817353502227
27000, 2.463060426921489
28000, 2.0330600909302543
29000, 2.0330600909302543
30000, 2.0976176963403033
31000, 1.9578900207451218
32000, 2.2949219304078006
33000, 2.2949219304078006
34000, 2.1525179054617256
35000, 2.3021728866442674
36000, 2.3874672772626644
37000, 2.345207879911715
38000, 2.273030282830976
39000, 2.1525179054617256
40000, 2.2876479915697985
41000, 2.32379000772445
42000, 2.280350850198276
43000, 2.442676128074835
44000, 2.4289915602982237
45000, 2.330951164939612
46000, 2.442676128074835
47000, 2.2211108331943574
48000, 2.16794833886788
49000, 2.160246899469287
50000, 2.258317958127243
51000, 2.4358434541926814
52000, 2.614064523559687
53000, 2.265686062395524
54000, 2.48327740429189
55000, 2.4698178070456938
56000, 2.16794833886788
57000, 2.1525179054617256
58000, 2.3166067138525404
59000, 2.330951164939612
60000, 1.9916492328386208
61000, 2.0330600909302543
62000, 2.16794833886788
63000, 1.906130460732773
64000, 1.96638416050035
65000, 2.183269719175042
66000, 2.105548226313834
67000, 1.96638416050035
68000, 1.906130460732773
69000, 1.9916492328386208
70000, 1.9148542155126762
71000, 2.0248456731316584
72000, 2.0330600909302543
73000, 2.0976176963403033
74000, 2.250925735484551
75000, 2.1213203435596424
76000, 2.136976056643281
77000, 2.057506581601462
78000, 1.9748417658131499
79000, 1.888562063228706
80000, 2.0330600909302543
81000, 1.96638416050035
82000, 2.008316044185609
83000, 1.9321835661585918
84000, 1.9321835661585918
85000, 1.7701224063135672
86000, 1.7416467303484175
87000, 1.7888543819998317
88000, 1.9148542155126762
89000, 1.9235384061671346
90000, 2.0
91000, 1.798147194568157
92000, 1.834847859269718
93000, 1.7888543819998317
94000, 1.7224014243685084
95000, 1.7511900715418263
96000, 1.8073922282301278
97000, 1.760681686165901
98000, 1.8257418583505538
99000, 1.816590212458495
100000, 1.7795130420052185
