1, 45.765707685995636
2, 44.965264371512376
3, 44.085711971113724
4, 43.36329092677354
5, 43.35579546035339
6, 42.72206689756477
7, 42.70802032405623
8, 42.406367446410684
9, 42.406367446410684
10, 41.511143082309836
15, 39.63584236521283
20, 37.35404931195546
25, 35.59634812730092
30, 32.95603131446504
35, 29.967899492623772
40, 29.168904676041574
45, 28.313424377845926
50, 28.27675723982508
55, 27.87741020970205
60, 27.873822845099667
65, 27.806474066303338
70, 26.998611075386822
75, 27.022213084793776
80, 25.960546989614837
85, 25.922480591177997
90, 25.92296279363144
95, 25.92055169165965
100, 25.904150246630365
150, 23.038554642164513
200, 22.181073012818835
250, 21.145921592590852
300, 20.81886164034912
350, 20.812856603551566
400, 20.751505969447134
450, 20.723175432351095
500, 20.746686482424128
550, 19.29248558377069
600, 18.510807653908568
650, 18.5020269159895
700, 18.47362985447094
750, 18.54521501627846
800, 18.531729546914935
850, 17.78060741369653
900, 17.774279169631605
950, 17.755280904564703
1000, 17.751056306597643
1250, 16.86564555538862
1500, 15.932670836994028
1750, 15.08973160795115
2000, 15.111254084290952
2250, 14.509479659863754
2500, 13.529597185430172
2750, 12.307518027612229
3000, 11.552056094046634
3250, 11.486949116279744
3500, 10.56290679690018
3750, 10.37665649426635
4000, 10.334408546211051
4250, 9.96368405761644
4500, 9.984988733093292
4750, 9.924716620639604
5000, 10.028708790268068
5250, 10.220078277586722
5500, 10.381473883798966
5750, 10.373041983911952
6000, 10.44868412767847
6250, 10.220078277586722
6500, 10.070997964452182
6750, 10.105691465703869
7000, 10.00624804809475
7250, 9.956153875869939
7500, 9.972462083156797
7750, 9.460443964212251
8000, 9.048480535426929
8250, 9.177417937524693
8500, 9.1706052144883
8750, 9.096702699330127
9000, 8.435045939412541
9250, 8.44393273303382
9500, 8.336666000266533
9750, 8.23862852664204
10000, 8.182297965730655
11000, 7.919911615668448
12000, 7.687652437513028
13000, 7.34336435157619
14000, 7.319494518066121
15000, 6.917369442208505
16000, 6.88839603971781
17000, 6.668957939588463
18000, 6.60870637870983
19000, 6.691412406958638
20000, 6.278933030380241
21000, 6.00416522091123
22000, 6.365924913160694
23000, 6.773108592072033
24000, 6.453681120105021
25000, 6.713791775144654
26000, 6.882949948968102
27000, 7.1693793315739685
28000, 6.687675231349083
29000, 6.682065548915245
30000, 6.488451279003334
31000, 6.711929677819934
32000, 6.638900511379878
33000, 6.405076111959951
34000, 6.306742423787418
35000, 6.238990302925626
36000, 6.284902544988268
37000, 6.182636977859852
38000, 5.953990258641679
39000, 6.2088646305101545
40000, 6.274950199005566
41000, 6.164414002968976
42000, 6.242996075603444
43000, 6.328506932918696
44000, 6.182636977859852
45000, 6.312685640834652
46000, 6.58027355054484
47000, 6.385530518288985
48000, 6.312685640834652
49000, 6.2809234989768825
50000, 6.190718859712497
51000, 6.278933030380241
52000, 6.935416353759881
53000, 7.250862017718997
54000, 7.443117626371358
55000, 7.338255923582933
56000, 7.235329985563893
57000, 7.176350047203662
58000, 7.280109889280518
59000, 7.278392679706145
60000, 7.3126602546542525
61000, 7.304108432930059
62000, 7.304108432930059
63000, 7.198958257970385
64000, 7.231873892705818
65000, 7.231873892705818
66000, 7.0622234459127675
67000, 7.090486584149215
68000, 7.05691150575094
69000, 6.88113362753551
70000, 6.80808343074613
71000, 6.492303135251773
72000, 6.54217089351845
73000, 6.350196847342608
74000, 6.296824596572466
75000, 6.182636977859852
76000, 6.18869937870632
77000, 6.154266812545585
78000, 6.15223536610881
79000, 6.10122938431264
80000, 6.129845022510765
81000, 6.125765258316711
82000, 6.109418957642371
83000, 5.901271049528229
84000, 5.930851540883484
85000, 5.845938761225608
86000, 5.985398900658168
87000, 5.880051020186815
88000, 6.160357132504576
89000, 6.440108694734896
90000, 6.286891123599962
91000, 6.078651166171653
92000, 6.2088646305101545
93000, 6.154266812545585
94000, 6.180614856144977
95000, 6.310705190388789
96000, 6.381614215854794
97000, 6.312685640834652
98000, 6.290866395020641
99000, 6.408978077665736
100000, 6.723094525588644
