1, 28.28780656042458
2, 27.76040345528141
3, 27.013330042777028
4, 26.31121433913684
5, 25.38661064419589
6, 24.501428529781688
7, 24.05909391477576
8, 23.32209253047419
9, 23.55164537776501
10, 23.767204294994393
15, 22.228810134597847
20, 22.209907699042784
25, 21.6462467878383
30, 20.731618364228105
35, 20.41470058560742
40, 20.077848490313897
45, 19.86756150110023
50, 19.797979694908264
55, 18.939904962802743
60, 19.505896544378576
65, 20.12560558095085
70, 19.87863174365882
75, 20.06688814938679
80, 21.29225211197726
85, 21.2179169571379
90, 20.85665361461421
95, 20.367621363330574
100, 19.042058712229622
150, 17.89525076661403
200, 17.825823964125753
250, 16.483931569865245
300, 15.226293048539425
350, 14.374978260853126
400, 13.784048752090222
450, 14.857994481086605
500, 14.524462124292246
550, 14.328991590478376
600, 13.909708839512062
650, 13.133164127505603
700, 14.065560778013793
750, 14.11523999087511
800, 14.822955170950225
850, 14.465130486794788
900, 14.00142849854971
950, 13.577923257994943
1000, 13.752090750136867
1250, 12.647529403009901
1500, 12.944496900227525
1750, 12.859237924542807
2000, 11.779643458101777
2250, 11.653325705565772
2500, 12.021647141718976
2750, 11.86086000254619
3000, 11.687600266949584
3250, 11.194641575325223
3500, 11.070682002478438
3750, 12.232742946698421
4000, 11.835539700410793
4250, 11.593101396951552
4500, 10.54134716248355
4750, 11.46647286657933
5000, 11.33313725320575
5250, 11.366617790706258
5500, 11.35077089893017
5750, 10.647065323364933
6000, 10.320852677952534
6250, 9.795917517006766
6500, 8.77040477971228
6750, 8.62554346113913
7000, 9.14549069213894
7250, 9.015542135667715
7500, 8.492349498224858
7750, 8.37376856618333
8000, 8.843076387773658
8250, 8.506468127254696
8500, 7.934733769950949
8750, 7.997499609252882
9000, 8.258329128825032
9250, 8.258329128825032
9500, 8.18535277187245
9750, 7.934733769950949
10000, 7.917070165155795
11000, 7.992496481075234
12000, 6.65432190384565
13000, 5.817215828899595
14000, 5.635601121442148
15000, 5.628498911788116
16000, 5.063595560468865
17000, 5.287721626560915
18000, 4.91121166312347
19000, 4.749736834815167
20000, 4.770744176750625
21000, 4.732863826479693
22000, 4.534313619501853
23000, 4.28485705712571
24000, 4.669047011971501
25000, 4.833218389437829
26000, 4.6173585522460785
27000, 4.604345773288535
28000, 4.4136152981427825
29000, 4.039801975344831
30000, 4.064480286580315
31000, 4.079215610874228
32000, 4.166533331199932
33000, 3.82099463490856
34000, 3.8574603043971822
35000, 3.566510900025402
36000, 3.867815921162743
37000, 4.2047592083257275
38000, 4.340506882842141
39000, 4.1036569057366385
40000, 4.054626986542659
41000, 4.152107898405339
42000, 3.736308338453881
43000, 3.8522720568516444
44000, 3.6932370625238775
45000, 3.6386810797320503
46000, 3.794733192202055
47000, 3.964845520319802
48000, 3.560898762952971
49000, 3.588871688985272
50000, 3.22490309931942
51000, 3.352610922848042
52000, 3.5832945734337835
53000, 3.411744421846396
54000, 3.352610922848042
55000, 3.2741411087489802
56000, 3.2
57000, 3.2310988842807022
58000, 3.2619012860600183
59000, 3.181194744117373
60000, 3.0528675044947495
61000, 3.1368774282716245
62000, 3.1874754901018454
63000, 3.1749015732775088
64000, 3.1749015732775088
65000, 3.304542328371661
66000, 3.3286633954186478
67000, 3.111269837220809
68000, 3.046309242345563
69000, 3.2924155266308657
70000, 3.5383612025908264
71000, 3.481379037105842
72000, 3.237282811247729
73000, 3.243454948045371
74000, 2.7712812921102037
75000, 2.734958866235469
76000, 2.7129319932501073
77000, 2.8495613697550013
78000, 2.6981475126464085
79000, 2.80713376952364
80000, 2.946183972531247
81000, 2.939387691339814
82000, 2.946183972531247
83000, 3.3105890714493698
84000, 3.4409301068170506
85000, 3.2619012860600183
86000, 3.1685959035509716
87000, 2.8635642126552705
88000, 2.835489375751565
89000, 2.9189039038652846
90000, 3.1749015732775088
91000, 3.2680269276736382
92000, 3.0724582991474434
93000, 3.3286633954186478
94000, 3.0854497241083023
95000, 3.059411708155671
96000, 2.90516780926679
97000, 3.1496031496047245
98000, 3.1749015732775088
99000, 3.1496031496047245
100000, 3.0133038346638727
