1, 16.621271511730583
2, 15.7310732840028
3, 14.85260919838666
4, 14.85260919838666
5, 14.843629385474879
6, 14.841383583300672
7, 14.092551223962253
8, 14.111461063027221
9, 13.50061726983869
10, 13.488266505868474
15, 11.755849607748475
20, 11.093541664710449
25, 9.865765724632494
30, 8.504900548115382
35, 8.350648677398262
40, 8.37456466530251
45, 7.505553499465135
50, 6.787242935586339
55, 6.728050733062784
60, 6.5777402401331315
65, 6.603029607687671
70, 5.727128425310541
75, 5.674504383644443
80, 5.767726299562651
85, 5.732945723331651
90, 5.360348247393385
95, 4.74692883171144
100, 4.74692883171144
150, 4.358898943540674
200, 3.8384024454626084
250, 3.40587727318528
300, 3.812260921465546
350, 3.3565855667130946
400, 2.6457513110645907
450, 2.594866727470475
500, 2.5298221281347035
550, 2.516611478423583
600, 2.503331114069145
650, 2.463060426921489
700, 2.503331114069145
750, 2.4358434541926814
800, 2.1134489978863145
850, 2.0976176963403033
900, 2.0816659994661326
950, 2.0816659994661326
1000, 1.8257418583505538
1250, 1.5491933384829668
1500, 1.4142135623730951
1750, 1.4142135623730951
2000, 1.2110601416389966
2250, 1.1547005383792515
2500, 1.1254628677422756
2750, 1.1254628677422756
3000, 1.0954451150103321
3250, 1.0954451150103321
3500, 1.0954451150103321
3750, 1.1254628677422756
4000, 1.1547005383792515
4250, 1.1547005383792515
4500, 1.0645812948447542
4750, 1.1832159566199232
5000, 1.1832159566199232
5250, 1.1832159566199232
5500, 1.1254628677422756
5750, 1.0
6000, 1.0
6250, 0.7745966692414834
6500, 0.7745966692414834
6750, 0.7745966692414834
7000, 0.7745966692414834
7250, 0.7745966692414834
7500, 0.7745966692414834
7750, 0.7745966692414834
8000, 0.7745966692414834
8250, 0.7745966692414834
8500, 0.7745966692414834
8750, 0.7745966692414834
9000, 0.7745966692414834
9250, 0.7745966692414834
9500, 0.7745966692414834
9750, 0.7745966692414834
10000, 0.816496580927726
11000, 0.816496580927726
12000, 0.7302967433402214
13000, 0.7302967433402214
14000, 0.7302967433402214
15000, 0.7745966692414834
16000, 0.7745966692414834
17000, 0.5163977794943222
18000, 0.5163977794943222
19000, 0.5163977794943222
20000, 0.4472135954999579
21000, 0.4472135954999579
22000, 0.4472135954999579
23000, 0.4472135954999579
24000, 0.4472135954999579
25000, 0.4472135954999579
26000, 0.4472135954999579
27000, 0.4472135954999579
28000, 0.4472135954999579
29000, 0.4472135954999579
30000, 0.4472135954999579
31000, 0.4472135954999579
32000, 0.5163977794943222
33000, 0.5163977794943222
34000, 0.5773502691896257
35000, 0.5773502691896257
36000, 0.5773502691896257
37000, 0.5773502691896257
38000, 0.5773502691896257
39000, 0.5773502691896257
40000, 0.5773502691896257
41000, 0.5773502691896257
42000, 0.5773502691896257
43000, 0.5773502691896257
44000, 0.5773502691896257
45000, 0.5773502691896257
46000, 0.5773502691896257
47000, 0.5773502691896257
48000, 0.5773502691896257
49000, 0.5773502691896257
50000, 0.5773502691896257
51000, 0.5773502691896257
52000, 0.5163977794943222
53000, 0.5163977794943222
54000, 0.5163977794943222
55000, 0.5163977794943222
56000, 0.5163977794943222
57000, 0.5163977794943222
58000, 0.5163977794943222
59000, 0.5163977794943222
60000, 0.5163977794943222
61000, 0.5163977794943222
62000, 0.5163977794943222
63000, 0.5163977794943222
64000, 0.5163977794943222
65000, 0.5163977794943222
66000, 0.5163977794943222
67000, 0.5163977794943222
68000, 0.5163977794943222
69000, 0.5163977794943222
70000, 0.5163977794943222
71000, 0.5163977794943222
72000, 0.5163977794943222
73000, 0.5163977794943222
74000, 0.5163977794943222
75000, 0.5163977794943222
76000, 0.5163977794943222
77000, 0.5163977794943222
78000, 0.5163977794943222
79000, 0.5163977794943222
80000, 0.5163977794943222
81000, 0.5163977794943222
82000, 0.5163977794943222
83000, 0.5163977794943222
84000, 0.5163977794943222
85000, 0.5163977794943222
86000, 0.5163977794943222
87000, 0.5163977794943222
88000, 0.5163977794943222
89000, 0.5163977794943222
90000, 0.5163977794943222
91000, 0.5163977794943222
92000, 0.6831300510639732
93000, 0.5163977794943222
94000, 0.5163977794943222
95000, 0.5163977794943222
96000, 0.5163977794943222
97000, 0.6831300510639732
98000, 0.6831300510639732
99000, 0.5163977794943222
100000, 0.5163977794943222
