1, 2.569046515733026
2, 3.0
3, 2.8460498941515415
4, 2.7386127875258306
5, 2.7386127875258306
6, 2.588435821108957
7, 3.0659419433511785
8, 3.5777087639996634
9, 3.8078865529319543
10, 4.61519230368573
15, 3.0659419433511785
20, 3.361547262794322
25, 3.449637662132068
30, 3.7682887362833544
35, 3.03315017762062
40, 2.569046515733026
45, 2.6457513110645907
50, 2.792848008753788
55, 2.4289915602982237
60, 2.449489742783178
65, 2.4698178070456938
70, 2.7202941017470885
75, 2.569046515733026
80, 2.1447610589527217
85, 1.9748417658131499
90, 2.0248456731316584
95, 2.0248456731316584
100, 1.8973665961010275
150, 1.6733200530681511
200, 1.9235384061671346
250, 1.51657508881031
300, 1.6431676725154984
350, 1.6431676725154984
400, 1.140175425099138
450, 1.3038404810405297
500, 1.378404875209022
550, 0.7745966692414834
600, 0.7745966692414834
650, 0.7071067811865476
700, 0.7745966692414834
750, 0.7745966692414834
800, 0.7745966692414834
850, 0.8366600265340756
900, 0.7745966692414834
950, 0.7071067811865476
1000, 0.9486832980505138
1250, 1.1832159566199232
1500, 1.224744871391589
1750, 1.140175425099138
2000, 0.8366600265340756
2250, 0.8366600265340756
2500, 0.8366600265340756
2750, 0.6324555320336759
3000, 0.31622776601683794
3250, 0.5477225575051661
3500, 0.5477225575051661
3750, 0.4472135954999579
4000, 0.5477225575051661
4250, 0.4472135954999579
4500, 0.4472135954999579
4750, 0.0
5000, 0.0
5250, 0.0
5500, 0.0
5750, 0.0
6000, 0.0
6250, 0.0
6500, 0.0
6750, 0.0
7000, 0.31622776601683794
7250, 0.0
7500, 0.0
7750, 0.0
8000, 0.0
8250, 0.0
8500, 0.31622776601683794
8750, 0.31622776601683794
9000, 0.31622776601683794
9250, 0.0
9500, 0.0
9750, 0.31622776601683794
10000, 0.31622776601683794
11000, 0.31622776601683794
12000, 0.0
13000, 0.0
14000, 0.31622776601683794
15000, 0.31622776601683794
16000, 0.31622776601683794
17000, 0.31622776601683794
18000, 0.0
19000, 0.31622776601683794
20000, 0.4472135954999579
21000, 0.31622776601683794
22000, 0.0
23000, 0.0
24000, 0.0
25000, 0.0
26000, 0.0
27000, 0.4472135954999579
28000, 0.31622776601683794
29000, 0.4472135954999579
30000, 0.0
31000, 0.0
32000, 0.0
33000, 0.31622776601683794
34000, 0.31622776601683794
35000, 0.31622776601683794
36000, 0.31622776601683794
37000, 0.31622776601683794
38000, 0.31622776601683794
39000, 0.31622776601683794
40000, 0.31622776601683794
41000, 0.31622776601683794
42000, 0.31622776601683794
43000, 0.31622776601683794
44000, 0.31622776601683794
45000, 0.0
46000, 0.31622776601683794
47000, 0.0
48000, 0.31622776601683794
49000, 0.0
50000, 0.0
51000, 0.31622776601683794
52000, 0.0
53000, 0.0
54000, 0.0
55000, 0.0
56000, 0.0
57000, 0.0
58000, 0.0
59000, 0.0
60000, 0.0
61000, 0.0
62000, 0.0
63000, 0.0
64000, 0.0
65000, 0.0
66000, 0.0
67000, 0.0
68000, 0.0
69000, 0.0
70000, 0.0
71000, 0.0
72000, 0.0
73000, 0.0
74000, 0.0
75000, 0.0
76000, 0.0
77000, 0.0
78000, 0.0
79000, 0.0
80000, 0.0
81000, 0.0
82000, 0.0
83000, 0.0
84000, 0.0
85000, 0.0
86000, 0.0
87000, 0.31622776601683794
88000, 0.31622776601683794
89000, 0.31622776601683794
90000, 0.31622776601683794
91000, 0.0
92000, 0.0
93000, 0.0
94000, 0.0
95000, 0.31622776601683794
96000, 0.31622776601683794
97000, 0.0
98000, 0.31622776601683794
99000, 0.31622776601683794
100000, 0.31622776601683794
