1, 28.0
2, 27.820855486487112
3, 27.1189970316013
4, 26.84920855444346
5, 26.38029567688732
6, 25.69124364447934
7, 24.916661092530035
8, 24.51693292400173
9, 23.98749674309514
10, 23.607625886564705
15, 22.37766743876582
20, 22.261176967986216
25, 21.10071088849852
30, 19.8886902535084
35, 18.880677953929514
40, 18.506215172206335
45, 17.94993036198191
50, 17.537388631150307
55, 16.6337007307454
60, 15.231546211727817
65, 14.994665718181249
70, 14.656056768449009
75, 14.922466284096608
80, 14.420818284688286
85, 14.340153416194681
90, 13.632314550361578
95, 13.458083073008577
100, 13.514436725220921
150, 10.774042880924505
200, 9.734474818910366
250, 9.204346799203082
300, 8.912911982062877
350, 8.238931969618392
400, 8.292164976651152
450, 8.180464534487024
500, 7.853661566428745
550, 6.928203230275509
600, 6.896375859826668
650, 6.8934751758456345
700, 6.648308055437865
750, 6.187083319303208
800, 5.909314681077663
850, 5.727128425310541
900, 5.6
950, 5.517245689653489
1000, 5.5677643628300215
1250, 5.596427431853289
1500, 4.959838707054898
1750, 3.964845520319802
2000, 3.63318042491699
2250, 3.746998799039039
2500, 3.566510900025402
2750, 3.627671429443411
3000, 3.5327043465311387
3250, 3.671511950137164
3500, 3.2619012860600183
3750, 3.286335345030997
4000, 3.1874754901018454
4250, 3.2
4500, 2.9120439557122073
4750, 2.95296461204668
5000, 3.0133038346638727
5250, 2.891366458960192
5500, 2.8
5750, 2.615339366124404
6000, 2.6608269391300143
6250, 2.6229754097208002
6500, 2.6
6750, 2.3748684174075834
7000, 2.6
7250, 2.8
7500, 2.4248711305964283
7750, 2.340939982143925
8000, 2.4899799195977463
8250, 2.4331050121192876
8500, 2.4331050121192876
8750, 2.3065125189341593
9000, 2.181742422927143
9250, 2.3579652245103193
9500, 2.2715633383201093
9750, 2.2715633383201093
10000, 2.172556098240043
11000, 2.0976176963403033
12000, 1.6370705543744901
13000, 1.7663521732655694
14000, 2.0
15000, 2.0591260281974
16000, 1.833030277982336
17000, 2.009975124224178
18000, 1.8867962264113207
19000, 1.9078784028338913
20000, 1.865475810617763
21000, 1.8110770276274832
22000, 1.8439088914585775
23000, 1.9798989873223332
24000, 1.9595917942265424
25000, 1.9390719429665315
26000, 1.8220867158288598
27000, 1.8110770276274832
28000, 1.6613247725836149
29000, 1.8220867158288598
30000, 2.0
31000, 1.7549928774784245
32000, 1.7888543819998317
33000, 1.6733200530681511
34000, 1.7204650534085253
35000, 1.7204650534085253
36000, 1.624807680927192
37000, 1.469693845669907
38000, 1.5874507866387544
39000, 1.5099668870541498
40000, 1.4560219778561037
41000, 1.4142135623730951
42000, 1.4422205101855958
43000, 1.5099668870541498
44000, 1.3856406460551018
45000, 1.5362291495737217
46000, 1.4422205101855958
47000, 1.4142135623730951
48000, 1.2
49000, 1.2649110640673518
50000, 1.131370849898476
51000, 1.2
52000, 1.2328828005937953
53000, 1.2328828005937953
54000, 1.131370849898476
55000, 1.131370849898476
56000, 1.2165525060596438
57000, 1.2328828005937953
58000, 1.2165525060596438
59000, 1.1135528725660044
60000, 1.2328828005937953
61000, 1.3416407864998738
62000, 1.1661903789690602
63000, 1.1661903789690602
64000, 1.1832159566199232
65000, 1.1489125293076057
66000, 1.1832159566199232
67000, 1.2328828005937953
68000, 1.131370849898476
69000, 1.1832159566199232
70000, 1.1489125293076057
71000, 1.2489995996796797
72000, 1.1832159566199232
73000, 1.1661903789690602
74000, 1.1135528725660044
75000, 0.938083151964686
76000, 1.0583005244258363
77000, 1.0770329614269007
78000, 1.0770329614269007
79000, 1.1489125293076057
80000, 1.0770329614269007
81000, 1.0954451150103321
82000, 1.131370849898476
83000, 1.2
84000, 1.2
85000, 1.0770329614269007
86000, 1.0954451150103321
87000, 1.2
88000, 1.2
89000, 1.2489995996796797
90000, 1.1661903789690602
91000, 1.131370849898476
92000, 1.2165525060596438
93000, 1.2649110640673518
94000, 1.2
95000, 1.1135528725660044
96000, 1.131370849898476
97000, 1.1832159566199232
98000, 1.2
99000, 1.0954451150103321
100000, 1.1661903789690602
