10.353743284435827
7.628892449104261
6.960603422117942
6.160357132504576
5.229722745997153
5.044799302251775
4.358898943540674
4.183300132670378
3.5071355833500366
3.5355339059327378
3.170173496829472
3.4856850115866753
3.2093613071762426
3.0166206257996713
2.8106938645110393
3.024896692450835
2.8284271247461903
3.0166206257996713
2.9410882339705484
2.5787593916455256
2.5
2.6267851073127395
2.4596747752497685
2.5
2.6172504656604803
2.588435821108957
2.5592967784139455
2.539685019840059
2.5
2.5495097567963922
2.5592967784139455
2.5592967784139455
2.539685019840059
2.4392621835300936
2.355843797877949
2.4083189157584592
2.4186773244895647
2.29128784747792
2.23606797749979
2.3345235059857505
2.16794833886788
2.1908902300206643
2.224859546128699
2.5
2.4083189157584592
2.5298221281347035
2.355843797877949
2.3769728648009427
2.3130067012440754
2.5
2.3979157616563596
2.7202941017470885
2.3664319132398464
2.2135943621178655
2.449489742783178
2.3345235059857505
2.4289915602982237
2.3979157616563596
2.355843797877949
2.32379000772445
2.3769728648009427
2.29128784747792
2.4698178070456938
2.3021728866442674
2.258317958127243
2.0124611797498106
1.9621416870348585
1.9493588689617927
1.7748239349298849
1.7748239349298849
1.91049731745428
2.04939015319192
1.816590212458495
1.9874606914351791
2.0124611797498106
1.816590212458495
1.9235384061671346
2.0
2.0
2.0
2.0248456731316584
1.9874606914351791
1.9235384061671346
2.0
2.0371548787463363
2.16794833886788
2.1095023109728985
2.0371548787463363
2.1095023109728985
1.9621416870348585
1.9874606914351791
1.9493588689617927
1.7888543819998317
2.04939015319192
1.8973665961010275
1.8973665961010275
2.0248456731316584
2.0
1.9748417658131499
1.9748417658131499
2.0976176963403033
2.04939015319192
1.9748417658131499
1.8841443681416772
1.8841443681416772
1.70293863659264
1.9364916731037085
1.6583123951777
1.5968719422671311
1.61245154965971
1.816590212458495
1.5
1.5
1.4832396974191326
1.5
1.5
1.5329709716755893
