1, 56.90289975036422
2, 56.34802569744569
3, 55.911716124619176
4, 55.148526725561766
5, 54.8096706795434
6, 54.312429516640115
7, 53.694878712964794
8, 52.99282970364953
9, 52.59733833569908
10, 52.09932821064011
15, 49.752185881627355
20, 47.71163380141158
25, 43.37049688440288
30, 41.4760171665506
35, 39.76003018107506
40, 38.41145662429375
45, 37.172032497564615
50, 36.46093800219627
55, 36.149688795340964
60, 34.931361267491425
65, 34.700144091919846
70, 34.34443186311283
75, 32.951176003293114
80, 31.73042703778189
85, 30.75158532498772
90, 30.53326055304281
95, 30.15194852741693
100, 29.41836161311503
150, 25.074688432760237
200, 22.865257488163127
250, 20.577171817331944
300, 19.47408534437497
350, 19.07354188398159
400, 17.252825855493935
450, 15.418171097766427
500, 15.234172114033635
550, 14.390274493559879
600, 13.409697983176205
650, 13.31014650557987
700, 13.45362404707371
750, 13.061393493804557
800, 12.44266852407473
850, 12.315031465652046
900, 11.444649404852907
950, 11.371015785759864
1000, 10.62449998823474
1250, 9.589577675789482
1500, 9.10494371207203
1750, 8.995554457619608
2000, 8.029943959953894
2250, 7.374279625834649
2500, 6.706713054842886
2750, 6.511528238439882
3000, 6.479197481170025
3250, 6.297618597533515
3500, 6.014981296729027
3750, 5.674504383644443
4000, 5.427706698044765
4250, 5.383307533477908
4500, 5.280151512977634
4750, 5.057667446560717
5000, 5.138093031466052
5250, 5.075431016179809
5500, 4.971921157862421
5750, 4.971921157862421
6000, 4.8166378315169185
6250, 4.91121166312347
6500, 4.882622246293481
6750, 4.872371086031933
7000, 4.812483766206386
7250, 4.483302354291979
7500, 4.5563142999578075
7750, 4.57602447545902
8000, 4.545327270945404
8250, 4.503332099679081
8500, 4.481071300481616
8750, 4.340506882842141
9000, 4.326661530556787
9250, 4.178516483155236
9500, 4.123105625617661
9750, 4.173727350941841
10000, 4.18568990729127
11000, 3.7629775444453557
12000, 3.6304269721342695
13000, 3.1400636936215163
14000, 3.2310988842807022
15000, 3.37934904974316
16000, 3.4985711369071804
17000, 3.3734255586866
18000, 3.2
19000, 2.946183972531247
20000, 2.821347195933177
21000, 2.874021572639983
22000, 2.8530685235374214
23000, 2.753179979587241
24000, 2.778488797889961
25000, 2.734958866235469
26000, 2.760434748368452
27000, 2.6795522013948525
28000, 2.328089345364563
29000, 2.253885533916929
30000, 2.2891046284519194
31000, 2.4041630560342617
32000, 2.227105745132009
33000, 2.04939015319192
34000, 2.1587033144922905
35000, 2.1166010488516727
36000, 1.9595917942265424
37000, 2.0199009876724157
38000, 2.0445048300260873
39000, 2.004993765576342
40000, 2.029778313018444
41000, 1.9390719429665315
42000, 1.9390719429665315
43000, 1.9287301521985911
44000, 1.865475810617763
45000, 1.7492855684535902
46000, 1.8547236990991407
47000, 1.9026297590440449
48000, 1.833030277982336
49000, 1.7492855684535902
50000, 1.772004514666935
51000, 1.7888543819998317
52000, 1.760681686165901
53000, 1.7492855684535902
54000, 1.7435595774162693
55000, 1.7204650534085253
56000, 1.6852299546352716
57000, 1.6613247725836149
58000, 1.51657508881031
59000, 1.51657508881031
60000, 1.5556349186104046
61000, 1.42828568570857
62000, 1.489966442575134
63000, 1.489966442575134
64000, 1.4352700094407325
65000, 1.4142135623730951
66000, 1.4
67000, 1.3928388277184118
68000, 1.3928388277184118
69000, 1.296148139681572
70000, 1.3711309200802089
71000, 1.4628738838327795
72000, 1.51657508881031
73000, 1.5491933384829668
74000, 1.5491933384829668
75000, 1.5231546211727816
76000, 1.5620499351813308
77000, 1.4352700094407325
78000, 1.4966629547095767
79000, 1.469693845669907
80000, 1.4212670403551895
81000, 1.42828568570857
82000, 1.4352700094407325
83000, 1.4352700094407325
84000, 1.4
85000, 1.3638181696985856
86000, 1.3341664064126333
87000, 1.2806248474865698
88000, 1.2884098726725126
89000, 1.3114877048604001
90000, 1.3490737563232043
91000, 1.3341664064126333
92000, 1.3341664064126333
93000, 1.3490737563232043
94000, 1.3490737563232043
95000, 1.2806248474865698
96000, 1.2569805089976536
97000, 1.2328828005937953
98000, 1.2569805089976536
99000, 1.2409673645990857
