1, 13.564659966250536
2, 12.727922061357855
3, 12.724778976469493
4, 11.906300852909773
5, 11.906300852909773
6, 11.902940813093208
7, 11.906300852909773
8, 11.902940813093208
9, 11.902940813093208
10, 11.902940813093208
15, 11.902940813093208
20, 11.902940813093208
25, 11.902940813093208
30, 11.902940813093208
35, 11.902940813093208
40, 11.902940813093208
45, 11.099549540409287
50, 11.099549540409287
55, 11.099549540409287
60, 11.099549540409287
65, 11.099549540409287
70, 11.099549540409287
75, 11.099549540409287
80, 11.099549540409287
85, 11.099549540409287
90, 10.315037566582102
95, 10.315037566582102
100, 10.315037566582102
150, 10.315037566582102
200, 10.315037566582102
250, 9.818350166906862
300, 9.649870465451855
350, 9.649870465451855
400, 9.744742172063866
450, 9.674709297958259
500, 9.674709297958259
550, 8.94427190999916
600, 8.94427190999916
650, 8.94427190999916
700, 8.94427190999916
750, 8.94427190999916
800, 8.94427190999916
850, 8.708616422830897
900, 8.948742928478838
950, 9.024411338142782
1000, 9.024411338142782
1250, 8.790904390334365
1500, 8.104319835741924
1750, 7.6
2000, 7.5683551713698005
2250, 7.525955088890711
2500, 7.477967638335967
2750, 7.536577472566709
3000, 7.536577472566709
3250, 7.49933330370107
3500, 7.019971509913698
3750, 7.1442284397967
4000, 6.764613810115105
4250, 6.609084656743322
4500, 6.609084656743322
4750, 6.6332495807108
5000, 6.474565622495458
5250, 6.305553108173778
5500, 6.105735008989499
5750, 6.105735008989499
6000, 5.706137047074843
6250, 6.039867548216599
6500, 6.144916598294887
6750, 6.273754856543249
7000, 6.157921727336261
7250, 6.144916598294887
7500, 6.190315016216864
7750, 6.260990336999411
8000, 5.979966555090421
8250, 5.817215828899595
8500, 5.817215828899595
8750, 5.81033561853358
9000, 5.939696961966999
9250, 5.939696961966999
9500, 6.118823416311342
9750, 6.019966777316965
10000, 6.019966777316965
11000, 5.993329625508679
12000, 6.072890580275591
13000, 6.273754856543249
14000, 6.099180272790763
15000, 6.368673331236264
16000, 5.865151319446072
17000, 6.053098380168622
18000, 5.824087911424415
19000, 5.67097875150313
20000, 5.90592922409336
21000, 5.803447251418763
22000, 5.919459434779497
23000, 6.43117407632541
24000, 6.2289646009589745
25000, 6.54217089351845
26000, 6.782329983125268
27000, 6.782329983125268
28000, 6.846897107449476
29000, 6.846897107449476
30000, 6.627216610312357
31000, 6.858571279792899
32000, 6.6573267908372955
33000, 6.663332499583072
34000, 6.681317235396026
35000, 6.723094525588644
36000, 6.675327707311455
37000, 6.603029607687671
38000, 6.615134163416491
39000, 6.687301398920195
40000, 6.711184694225007
41000, 6.54217089351845
42000, 6.590902821313632
43000, 6.615134163416491
44000, 6.603029607687671
45000, 6.681317235396026
46000, 6.887670143089026
47000, 6.887670143089026
48000, 6.887670143089026
49000, 6.899275324264136
50000, 6.6211781428987395
51000, 6.729041536504289
52000, 6.681317235396026
53000, 6.717142249498666
54000, 6.794115100585211
55000, 6.705221845696084
56000, 6.54217089351845
57000, 6.734983296193095
58000, 6.566582063752802
59000, 6.596969000988257
60000, 6.8
61000, 6.776429738438966
62000, 6.75869809948632
63000, 6.752777206453653
64000, 6.7468511173732
65000, 6.8
66000, 6.6573267908372955
67000, 6.764613810115105
68000, 6.916646586316233
69000, 6.846897107449476
70000, 6.752777206453653
71000, 6.566582063752802
72000, 6.627216610312357
73000, 6.6452990903344595
74000, 6.734983296193095
75000, 6.584831053261731
76000, 6.717142249498666
77000, 6.876045375068434
78000, 6.887670143089026
79000, 6.699253689777691
80000, 6.711184694225007
81000, 6.740919818541086
82000, 6.8
83000, 6.841052550594828
84000, 6.81175454637056
85000, 6.9397406291589885
86000, 6.75869809948632
87000, 6.669332800213226
88000, 6.627216610312357
89000, 6.6932802122726045
90000, 6.6932802122726045
91000, 6.6332495807108
92000, 6.584831053261731
93000, 6.443601477434805
94000, 6.81175454637056
95000, 6.905070600652827
96000, 6.752777206453653
97000, 6.705221845696084
98000, 6.554387843269576
99000, 6.723094525588644
100000, 6.8527366796047255
