1, 5.366563145999495
2, 4.69041575982343
3, 4.449719092257398
4, 3.521363372331802
5, 3.3763886032268267
6, 3.3763886032268267
7, 3.3466401061363023
8, 2.569046515733026
9, 2.32379000772445
10, 2.5298221281347035
15, 2.04939015319192
20, 2.0976176963403033
25, 1.8439088914585775
30, 1.4142135623730951
35, 1.3416407864998738
40, 1.5491933384829668
45, 0.7745966692414834
50, 1.0
55, 0.8944271909999159
60, 0.7745966692414834
65, 0.7745966692414834
70, 0.6324555320336759
75, 0.6324555320336759
80, 1.0
85, 1.0
90, 1.0
95, 1.0
100, 1.3416407864998738
150, 0.7745966692414834
200, 0.6324555320336759
250, 0.4472135954999579
300, 0.4472135954999579
350, 0.4472135954999579
400, 0.4472135954999579
450, 0.4472135954999579
500, 0.4472135954999579
550, 0.0
600, 0.0
650, 0.0
700, 0.0
750, 0.0
800, 0.0
850, 0.4472135954999579
900, 0.4472135954999579
950, 0.4472135954999579
1000, 0.4472135954999579
1250, 0.4472135954999579
1500, 0.4472135954999579
1750, 0.0
2000, 0.4472135954999579
2250, 0.4472135954999579
2500, 0.4472135954999579
2750, 0.0
3000, 0.4472135954999579
3250, 0.4472135954999579
3500, 0.4472135954999579
3750, 0.0
4000, 0.4472135954999579
4250, 0.4472135954999579
4500, 0.4472135954999579
4750, 0.4472135954999579
5000, 0.4472135954999579
5250, 0.4472135954999579
5500, 0.4472135954999579
5750, 0.4472135954999579
6000, 0.4472135954999579
6250, 0.4472135954999579
6500, 0.4472135954999579
6750, 0.4472135954999579
7000, 0.4472135954999579
7250, 0.4472135954999579
7500, 0.4472135954999579
7750, 0.4472135954999579
8000, 0.4472135954999579
8250, 0.4472135954999579
8500, 0.4472135954999579
8750, 0.4472135954999579
9000, 0.4472135954999579
9250, 0.4472135954999579
9500, 0.4472135954999579
9750, 0.4472135954999579
10000, 0.4472135954999579
11000, 0.4472135954999579
12000, 0.4472135954999579
13000, 0.4472135954999579
14000, 0.4472135954999579
15000, 0.4472135954999579
16000, 0.4472135954999579
17000, 0.4472135954999579
18000, 0.4472135954999579
19000, 0.4472135954999579
20000, 0.4472135954999579
21000, 0.4472135954999579
22000, 0.4472135954999579
23000, 0.4472135954999579
24000, 0.4472135954999579
25000, 0.4472135954999579
26000, 0.4472135954999579
27000, 0.4472135954999579
28000, 0.4472135954999579
29000, 0.4472135954999579
30000, 0.4472135954999579
31000, 0.4472135954999579
32000, 0.4472135954999579
33000, 0.4472135954999579
34000, 0.4472135954999579
35000, 0.0
36000, 0.4472135954999579
37000, 0.4472135954999579
38000, 0.4472135954999579
39000, 0.0
40000, 0.0
41000, 0.0
42000, 0.4472135954999579
43000, 0.4472135954999579
44000, 0.0
45000, 0.0
46000, 0.0
47000, 0.0
48000, 0.0
49000, 0.0
50000, 0.0
51000, 0.0
52000, 0.0
53000, 0.0
54000, 0.0
55000, 0.0
56000, 0.0
57000, 0.0
58000, 0.0
59000, 0.0
60000, 0.0
61000, 0.0
62000, 0.0
63000, 0.0
64000, 0.0
65000, 0.0
66000, 0.0
67000, 0.0
68000, 0.0
69000, 0.0
70000, 0.0
71000, 0.0
72000, 0.0
73000, 0.0
74000, 0.0
75000, 0.0
76000, 0.0
77000, 0.0
78000, 0.0
79000, 0.0
80000, 0.0
81000, 0.0
82000, 0.0
83000, 0.0
84000, 0.0
85000, 0.0
86000, 0.0
87000, 0.0
88000, 0.0
89000, 0.0
90000, 0.0
91000, 0.0
92000, 0.0
93000, 0.0
94000, 0.0
95000, 0.0
96000, 0.0
97000, 0.0
98000, 0.0
99000, 0.0
100000, 0.0
