1, 16.451950239004088
2, 16.482313753434823
3, 15.752248516746215
4, 15.695009822658072
5, 15.695009822658072
6, 15.246857599737288
7, 14.406017261315958
8, 14.331782861877304
9, 14.331782861877304
10, 13.621062122071587
15, 11.854675589544124
20, 11.036303729057115
25, 10.220893633467998
30, 9.622889378975527
35, 9.602083107326242
40, 9.602083107326242
45, 9.574271077563381
50, 9.574271077563381
55, 9.57078889120432
60, 9.539392014169456
65, 9.539392014169456
70, 9.539392014169456
75, 9.542885657214313
80, 9.542885657214313
85, 9.542885657214313
90, 9.532400886800065
95, 9.532400886800065
100, 8.778762251403478
150, 8.782558473095031
200, 8.771164878927618
250, 8.767363723871998
300, 8.759756465412343
350, 8.342661445845684
400, 8.342661445845684
450, 8.342661445845684
500, 8.342661445845684
550, 8.342661445845684
600, 7.861297602813418
650, 6.742897497861485
700, 6.742897497861485
750, 6.728050733062784
800, 6.728050733062784
850, 6.663332499583072
900, 6.663332499583072
950, 6.663332499583072
1000, 6.957010852370434
1250, 6.816646291738091
1500, 6.816646291738091
1750, 6.816646291738091
2000, 6.908931417616861
2250, 6.995236474439826
2500, 6.995236474439826
2750, 6.207522318391883
3000, 6.207522318391883
3250, 6.060803027102377
3500, 6.005552985917839
3750, 6.005552985917839
4000, 6.005552985917839
4250, 6.005552985917839
4500, 6.0882400303098
4750, 6.0882400303098
5000, 5.033222956847166
5250, 5.18973345494095
5500, 4.73990154609425
5750, 4.509249752822894
6000, 4.73990154609425
6250, 5.196152422706632
6500, 5.259911279353167
6750, 5.131601439446884
7000, 5.131601439446884
7250, 5.549774770204643
7500, 5.549774770204643
7750, 5.131601439446884
8000, 4.892170615721955
8250, 4.892170615721955
8500, 4.892170615721955
8750, 4.654746681256314
9000, 4.654746681256314
9250, 4.654746681256314
9500, 5.118593556827891
9750, 5.079370039680118
10000, 5.221749387577564
11000, 5.170428737864331
12000, 5.266244708835067
13000, 5.072803301265814
14000, 5.240865068542279
15000, 5.272570530585627
16000, 5.354126134736337
17000, 5.2977982848223535
18000, 5.465040408511785
19000, 5.428320796219275
20000, 5.3975302994363386
21000, 5.347896782848375
22000, 5.170428737864331
23000, 5.00666222813829
24000, 4.69041575982343
25000, 4.788875998951459
26000, 4.753945729601885
27000, 4.73990154609425
28000, 4.219004621945797
29000, 4.187282332651255
30000, 4.123105625617661
31000, 4.2972859651955515
32000, 4.575295983139597
33000, 4.753945729601885
34000, 4.753945729601885
35000, 4.91256891385081
36000, 5.059644256269407
37000, 5.1510516725551625
38000, 5.072803301265814
39000, 4.88535225614967
40000, 4.760952285695233
41000, 5.046450898073483
42000, 4.892170615721955
43000, 5.072803301265814
44000, 4.844240566555986
45000, 4.661902329879224
46000, 4.851116709927038
47000, 4.88535225614967
48000, 5.013315602805526
49000, 5.033222956847166
50000, 5.046450898073483
51000, 5.059644256269407
52000, 4.857983120596447
53000, 4.932882862316247
54000, 5.079370039680118
55000, 4.919349550499537
56000, 4.718756898449704
57000, 4.516635916254486
58000, 4.419653078391259
59000, 4.320493798938574
60000, 4.219004621945797
61000, 4.139243087006769
62000, 4.1952353926806065
63000, 4.242640687119285
64000, 4.123105625617661
65000, 4.090639721771319
66000, 4.016632088371218
67000, 4.226897995772629
68000, 4.131182235954578
69000, 4.066120181860509
70000, 4.066120181860509
71000, 4.219004621945797
72000, 4.10690475500305
73000, 4.258325179379017
74000, 4.320493798938574
75000, 4.464676173400859
76000, 4.374166587286466
77000, 4.43471156521669
78000, 4.774934554525329
79000, 4.640402281411961
80000, 4.389381125701739
81000, 4.419653078391259
82000, 4.43471156521669
83000, 4.0
84000, 4.123105625617661
85000, 4.203173404306164
86000, 4.163331998932265
87000, 3.9496835316262997
88000, 4.066120181860509
89000, 3.9749213828703582
90000, 3.8643671323171835
91000, 3.803507153492243
92000, 3.492849839314596
93000, 3.7859388972001824
94000, 4.147288270665544
95000, 3.9749213828703582
96000, 3.9749213828703582
97000, 3.7682887362833544
98000, 3.8297084310253524
99000, 3.9496835316262997
100000, 4.024922359499621
