1, 28.55871145552614
2, 28.014282071829005
3, 27.487451682540524
4, 26.866335812685733
5, 26.010767001378486
6, 25.997692205270837
7, 25.25074256333861
8, 25.375578811132563
9, 24.770143318115863
10, 24.313782099870846
15, 21.29225211197726
20, 20.533874451744367
25, 19.114392483152585
30, 19.122761306882435
35, 18.237324365158393
40, 17.359723500102184
45, 16.19382598399773
50, 15.684387141358123
55, 15.42595215861893
60, 14.913081505845799
65, 14.236572621245607
70, 14.2828568570857
75, 14.081193131265547
80, 13.860735911198944
85, 13.798550648528272
90, 13.227244611029162
95, 12.403225386970924
100, 11.563736420379012
150, 8.328265125462805
200, 7.66550715869472
250, 8.480566018845677
300, 8.426149773176359
350, 7.293833011524188
400, 6.687301398920195
450, 6.260990336999411
500, 5.74108003776293
550, 5.922837157984339
600, 6.092618484691126
650, 5.2573757712379665
700, 4.886716689148247
750, 5.095095681142799
800, 5.317894320123332
850, 4.870318264754368
900, 4.903060268852505
950, 4.812483766206386
1000, 4.686149805543993
1250, 3.862641583165593
1500, 4.1182520563948
1750, 4.161730409336962
2000, 3.7682887362833544
2250, 3.4756294393965534
2500, 3.304542328371661
2750, 3.2680269276736382
3000, 2.814249455894058
3250, 2.6683328128252666
3500, 2.870540018881465
3750, 3.255764119219941
4000, 3.0789608636681307
4250, 2.821347195933177
4500, 2.8635642126552705
4750, 2.6076809620810595
5000, 2.8
5250, 2.7422618401604177
5500, 2.705549851693737
5750, 2.5219040425836985
6000, 2.592296279363144
6250, 2.5298221281347035
6500, 2.6981475126464085
6750, 2.584569596664017
7000, 2.615339366124404
7250, 2.6981475126464085
7500, 2.749545416973504
7750, 2.4
8000, 2.615339366124404
8250, 2.569046515733026
8500, 2.592296279363144
8750, 2.6
9000, 2.630589287593181
9250, 2.6076809620810595
9500, 2.734958866235469
9750, 2.4166091947189146
10000, 2.06881608655772
11000, 2.1166010488516727
12000, 2.181742422927143
13000, 2.340939982143925
14000, 2.4083189157584592
15000, 2.1166010488516727
16000, 2.32379000772445
17000, 2.3151673805580453
18000, 2.1166010488516727
19000, 2.209072203437452
20000, 2.2
21000, 1.7888543819998317
22000, 2.0591260281974
23000, 2.0976176963403033
24000, 1.9493588689617927
25000, 2.078460969082653
26000, 1.969771560359221
27000, 1.9183326093250879
28000, 1.9287301521985911
29000, 1.8220867158288598
30000, 1.5874507866387544
31000, 1.7549928774784245
32000, 1.6613247725836149
33000, 1.697056274847714
34000, 1.8110770276274832
35000, 1.6733200530681511
36000, 1.4832396974191326
37000, 1.6613247725836149
38000, 1.61245154965971
39000, 1.6492422502470643
40000, 1.7435595774162693
41000, 1.7204650534085253
42000, 1.5748015748023623
43000, 1.5362291495737217
44000, 1.6492422502470643
45000, 1.5099668870541498
46000, 1.6370705543744901
47000, 1.7435595774162693
48000, 1.5620499351813308
49000, 1.7663521732655694
50000, 1.624807680927192
51000, 1.8
52000, 1.8867962264113207
53000, 1.9493588689617927
54000, 1.6733200530681511
55000, 1.624807680927192
56000, 1.5874507866387544
57000, 1.7204650534085253
58000, 1.5874507866387544
59000, 1.7663521732655694
60000, 1.6370705543744901
61000, 1.5874507866387544
62000, 1.5748015748023623
63000, 1.5231546211727816
64000, 1.5874507866387544
65000, 1.3564659966250536
66000, 1.42828568570857
67000, 1.6
68000, 1.5620499351813308
69000, 1.5231546211727816
70000, 1.61245154965971
71000, 1.4142135623730951
72000, 1.6492422502470643
73000, 1.5362291495737217
74000, 1.4142135623730951
75000, 1.4832396974191326
76000, 1.624807680927192
77000, 1.4560219778561037
78000, 1.3416407864998738
79000, 1.4
80000, 1.4
81000, 1.4
82000, 1.5491933384829668
83000, 1.4832396974191326
84000, 1.3856406460551018
85000, 1.5362291495737217
86000, 1.5362291495737217
87000, 1.469693845669907
88000, 1.4142135623730951
89000, 1.4966629547095767
90000, 1.5099668870541498
91000, 1.4142135623730951
92000, 1.4142135623730951
93000, 1.5099668870541498
94000, 1.469693845669907
95000, 1.469693845669907
96000, 1.42828568570857
97000, 1.469693845669907
98000, 1.4560219778561037
99000, 1.3711309200802089
100000, 1.4
