2.5298221281347035
2.280350850198276
2.04939015319192
1.8973665961010275
1.7320508075688772
2.280350850198276
1.8439088914585775
2.4083189157584592
2.5298221281347035
2.569046515733026
2.569046515733026
2.756809750418044
2.5298221281347035
2.23606797749979
2.4899799195977463
2.4899799195977463
2.4899799195977463
2.0976176963403033
2.0
2.0
2.0
2.0
2.04939015319192
2.04939015319192
2.0
1.8439088914585775
1.7320508075688772
1.7320508075688772
1.5491933384829668
1.5491933384829668
1.7320508075688772
1.7320508075688772
1.5491933384829668
1.5491933384829668
1.6733200530681511
1.6733200530681511
1.6733200530681511
1.5491933384829668
1.5491933384829668
1.8973665961010275
1.8973665961010275
2.23606797749979
2.32379000772445
2.23606797749979
2.23606797749979
2.0976176963403033
2.4083189157584592
2.4083189157584592
2.4083189157584592
2.4083189157584592
2.4899799195977463
2.569046515733026
2.4899799195977463
2.4899799195977463
2.32379000772445
2.32379000772445
2.32379000772445
2.4083189157584592
2.4083189157584592
2.569046515733026
2.569046515733026
2.569046515733026
2.569046515733026
2.569046515733026
2.569046515733026
2.569046515733026
2.569046515733026
2.569046515733026
2.569046515733026
2.756809750418044
2.569046515733026
2.569046515733026
2.756809750418044
2.756809750418044
2.756809750418044
2.756809750418044
2.569046515733026
2.569046515733026
2.569046515733026
2.569046515733026
2.569046515733026
2.569046515733026
2.569046515733026
2.569046515733026
2.569046515733026
2.898275349237888
2.569046515733026
2.898275349237888
2.898275349237888
2.898275349237888
2.569046515733026
2.898275349237888
2.898275349237888
2.569046515733026
2.569046515733026
2.569046515733026
2.569046515733026
2.569046515733026
2.569046515733026
2.569046515733026
2.569046515733026
2.569046515733026
2.569046515733026
2.569046515733026
2.569046515733026
2.569046515733026
2.569046515733026
2.569046515733026
2.569046515733026
2.280350850198276
2.280350850198276
2.280350850198276
2.569046515733026
2.569046515733026
2.569046515733026
2.280350850198276
2.1908902300206643
2.898275349237888
2.280350850198276
2.280350850198276
2.280350850198276
2.280350850198276
2.280350850198276
2.280350850198276
2.280350850198276
2.280350850198276
2.280350850198276
2.569046515733026
2.898275349237888
2.9664793948382653
2.3664319132398464
2.3664319132398464
2.280350850198276
2.280350850198276
2.280350850198276
2.569046515733026
2.280350850198276
2.1908902300206643
2.1908902300206643
2.1908902300206643
2.4083189157584592
2.4083189157584592
2.4899799195977463
2.4899799195977463
2.1908902300206643
2.280350850198276
2.1908902300206643
2.4083189157584592
2.280350850198276
2.280350850198276
2.280350850198276
2.280350850198276
2.4899799195977463
2.4899799195977463
2.4899799195977463
2.4899799195977463
2.4899799195977463
2.4899799195977463
2.4899799195977463
2.756809750418044
2.756809750418044
2.756809750418044
2.756809750418044
2.756809750418044
2.756809750418044
2.756809750418044
3.0
2.756809750418044
2.756809750418044
2.756809750418044
2.756809750418044
2.756809750418044
2.756809750418044
2.756809750418044
2.756809750418044
2.756809750418044
2.756809750418044
2.756809750418044
2.756809750418044
2.756809750418044
2.756809750418044
2.3664319132398464
2.280350850198276
2.280350850198276
2.280350850198276
2.4899799195977463
2.0976176963403033
2.32379000772445
2.4899799195977463
2.32379000772445
2.756809750418044
2.4899799195977463
2.6457513110645907
2.280350850198276
2.280350850198276
2.3664319132398464
2.3664319132398464
2.3664319132398464
2.3664319132398464
2.3664319132398464
2.6457513110645907
2.6457513110645907
2.6457513110645907
2.569046515733026
2.8284271247461903
2.8635642126552705
2.932575659723036
2.8635642126552705
2.7202941017470885
2.7202941017470885
2.7202941017470885
2.7202941017470885
2.6457513110645907
2.7202941017470885
2.7202941017470885
2.7202941017470885
2.8635642126552705
2.8635642126552705
2.7202941017470885
2.7202941017470885
2.7202941017470885
2.7202941017470885
2.7202941017470885
2.7202941017470885
2.7202941017470885
2.7202941017470885
2.7202941017470885
2.7202941017470885
2.7202941017470885
2.7202941017470885
2.7202941017470885
2.7202941017470885
2.7202941017470885
2.7202941017470885
2.6457513110645907
2.7202941017470885
2.7202941017470885
2.7202941017470885
2.7202941017470885
2.8635642126552705
2.8635642126552705
2.8635642126552705
2.932575659723036
2.8635642126552705
2.932575659723036
2.932575659723036
2.8635642126552705
2.7202941017470885
2.932575659723036
2.7202941017470885
2.7202941017470885
2.7202941017470885
2.6457513110645907
2.6457513110645907
2.6457513110645907
2.6457513110645907
2.6457513110645907
2.6457513110645907
2.6457513110645907
2.6457513110645907
2.569046515733026
2.569046515733026
2.569046515733026
2.569046515733026
2.569046515733026
2.6457513110645907
2.569046515733026
2.569046515733026
2.569046515733026
2.280350850198276
2.280350850198276
2.280350850198276
2.280350850198276
2.280350850198276
2.3664319132398464
2.3664319132398464
2.3664319132398464
2.3664319132398464
2.3664319132398464
2.449489742783178
2.3664319132398464
2.3664319132398464
2.449489742783178
2.449489742783178
2.449489742783178
2.3664319132398464
2.3664319132398464
2.3664319132398464
2.3664319132398464
2.3664319132398464
2.3664319132398464
2.3664319132398464
2.3664319132398464
2.3664319132398464
2.3664319132398464
2.3664319132398464
2.280350850198276
2.280350850198276
2.449489742783178
2.449489742783178
2.3664319132398464
2.3664319132398464
2.3664319132398464
2.3664319132398464
2.3664319132398464
2.3664319132398464
2.449489742783178
2.449489742783178
2.449489742783178
2.3664319132398464
2.280350850198276
2.280350850198276
2.280350850198276
2.6457513110645907
2.6457513110645907
2.6457513110645907
2.569046515733026
2.569046515733026
2.6457513110645907
2.6457513110645907
2.7202941017470885
2.7202941017470885
2.6457513110645907
2.6457513110645907
2.6457513110645907
2.3664319132398464
2.3664319132398464
2.3664319132398464
2.3664319132398464
2.3664319132398464
2.3664319132398464
2.3664319132398464
2.3664319132398464
2.3664319132398464
2.3664319132398464
2.3664319132398464
2.3664319132398464
2.3664319132398464
2.3664319132398464
2.3664319132398464
2.3664319132398464
2.3664319132398464
2.3664319132398464
2.3664319132398464
2.3664319132398464
2.3664319132398464
2.3664319132398464
2.3664319132398464
2.3664319132398464
2.1447610589527217
2.1447610589527217
2.1447610589527217
2.1447610589527217
2.3664319132398464
2.3664319132398464
2.3664319132398464
2.3664319132398464
2.1447610589527217
2.3664319132398464
2.3664319132398464
2.3664319132398464
2.3664319132398464
2.3664319132398464
2.3664319132398464
2.3664319132398464
2.3664319132398464
2.3664319132398464
2.3664319132398464
2.3664319132398464
2.3664319132398464
2.3664319132398464
2.3664319132398464
2.3664319132398464
2.3664319132398464
2.3664319132398464
2.3664319132398464
2.3664319132398464
2.3664319132398464
2.3664319132398464
2.3664319132398464
2.3664319132398464
2.3664319132398464
2.3664319132398464
2.3664319132398464
2.3664319132398464
2.3664319132398464
2.3664319132398464
2.3664319132398464
2.3664319132398464
2.1447610589527217
2.3664319132398464
2.3664319132398464
2.3664319132398464
2.3664319132398464
2.3664319132398464
2.3664319132398464
2.1447610589527217
2.3664319132398464
2.3664319132398464
2.3664319132398464
