1, 69.22367128856044
2, 68.65724045333214
3, 68.49148365551248
4, 67.7228420352641
5, 67.64071752034174
6, 67.52555071970906
7, 67.33349834963278
8, 66.72967855459818
9, 66.1804351753598
10, 65.6505902486794
15, 63.599135214246424
20, 62.7063261029805
25, 59.69854827939007
30, 59.48207012761633
35, 59.28912210515517
40, 56.93314793100179
45, 55.54697711547107
50, 54.36389733392312
55, 53.895887288982145
60, 52.539667553827044
65, 51.45046161114592
70, 49.93896274453445
75, 49.67209142633987
80, 49.26019353054418
85, 49.2072149181398
90, 48.14786253476541
95, 47.21052142619623
100, 45.799927219738386
150, 40.88275920238261
200, 38.327318368669275
250, 35.78011552058862
300, 33.0368481143909
350, 31.585070312833984
400, 29.476827056746345
450, 28.928359787585606
500, 28.178301344592555
550, 28.17061116364594
600, 27.064121390997837
650, 26.461292485439937
700, 24.241493353339436
750, 22.134814207487715
800, 22.525911006364797
850, 22.696181764047157
900, 21.91042369893076
950, 21.879975624605557
1000, 21.160891600623387
1250, 18.766104195241663
1500, 16.27421273057471
1750, 15.826665262566632
2000, 14.13742079258684
2250, 13.349157276772193
2500, 13.63451502621197
2750, 12.709576441932805
3000, 12.463279397226612
3250, 12.326800071389167
3500, 12.551228359540485
3750, 12.523977004130916
4000, 11.974973903938164
4250, 11.409060726749887
4500, 11.07925990308017
4750, 10.684100336481308
5000, 10.555409355712674
5250, 10.392304845413264
5500, 10.122582015803411
5750, 9.762171889492624
6000, 9.563820714895625
6250, 9.776672917374976
6500, 9.719396414730015
6750, 9.764732459212592
7000, 9.80221063502174
7250, 9.72111104761179
7500, 9.635870484808313
7750, 9.46924847422786
8000, 9.259229629582222
8250, 8.587782018658833
8500, 8.473488065725943
8750, 8.309632964216892
9000, 7.801709214439273
9250, 7.742738533619742
9500, 7.7695988742448385
9750, 7.890923055426828
10000, 7.60920495189872
11000, 7.650708028237212
12000, 7.389181280764467
13000, 7.160074487508259
14000, 6.8568700342551825
15000, 7.216878364870322
16000, 6.899275324264136
17000, 6.72061505121865
18000, 6.1278054799414114
19000, 6.0882400303098
20000, 5.856620185738529
21000, 5.974947698515862
22000, 5.89349924351682
23000, 5.951190357119041
24000, 5.769170939860712
25000, 5.197755926038338
26000, 5.484827557301444
27000, 5.417564028232615
28000, 5.41140770348468
29000, 5.3213406831988
30000, 5.240865068542279
31000, 5.126727351179633
32000, 5.136470902607483
33000, 5.277309920783504
34000, 5.1510516725551625
35000, 4.936260392915538
36000, 5.134848261308864
37000, 4.983305462575351
38000, 4.898979485566356
39000, 4.852834223420372
40000, 4.929503017546495
41000, 4.883646178829912
42000, 4.8425200051213
43000, 4.669047011971501
44000, 4.427188724235731
45000, 4.305035810923451
46000, 4.310839052125854
47000, 4.453463071962462
48000, 4.236744032862972
49000, 4.301162633521313
50000, 4.400757510550504
51000, 4.356986726320535
52000, 4.681523968396046
53000, 4.4328320518603
54000, 4.410215414239989
55000, 4.320493798938574
56000, 4.341658669218482
57000, 4.2465672411176225
58000, 4.2641919906745915
59000, 4.244604418160385
60000, 3.9136513215495663
61000, 3.8837267325770144
62000, 3.8686776379877745
63000, 3.83188378390229
64000, 3.8901585229053754
65000, 4.0743097574926725
66000, 3.9937451095431715
67000, 3.9221592692461296
68000, 4.209117088733297
69000, 4.043513323831146
70000, 4.133198922545748
71000, 4.244604418160385
72000, 4.333974311568232
73000, 4.10690475500305
