1, 33.83144493908983
2, 33.251566379144705
3, 32.53101084606297
4, 31.822423959633664
5, 30.983866769659336
6, 30.776072957196256
7, 30.547231189312942
8, 30.627329843349603
9, 30.348530991356622
10, 29.5606720717465
15, 27.234169713798877
20, 26.727015047201462
25, 25.58580335524631
30, 25.487905628617927
35, 24.892435263214672
40, 24.035390573069538
45, 23.16246964380094
50, 22.677448416139473
55, 20.866240677227893
60, 19.946595365291458
65, 19.061304607327727
70, 17.97590980544054
75, 18.27657881917
80, 17.710637105046974
85, 17.14934401077779
90, 17.1503158377137
95, 16.035377555060354
100, 16.141044988888833
150, 13.549907748763458
200, 11.689026192687452
250, 10.068101443006356
300, 9.695359714832659
350, 9.219544457292887
400, 8.35463942968217
450, 8.203657720797473
500, 7.259476565152615
550, 7.6681158050723255
600, 6.816646291738091
650, 7.199537022151725
700, 6.531972647421808
750, 6.186005711819758
800, 6.329823588905671
850, 6.300793600809346
900, 5.69795284875776
950, 5.66274374015518
1000, 5.440588203494177
1250, 6.134601318205881
1500, 5.173651192984184
1750, 5.043147165543886
2000, 4.881939505292269
2250, 4.183300132670378
2500, 3.987480407475377
2750, 3.8944404818493075
3000, 3.8166302763912916
3250, 3.7058512292499457
3500, 4.312771730569565
3750, 4.049691346263317
4000, 3.794733192202055
4250, 3.4641016151377544
4500, 3.5543400700176866
4750, 3.521363372331802
5000, 3.286335345030997
5250, 3.2093613071762426
5500, 3.40587727318528
5750, 3.13581462037113
6000, 3.0441200151549
6250, 2.9552213679068666
6500, 3.005550421026627
6750, 3.0386400466875525
7000, 3.245509718570156
7250, 3.022140521771503
7500, 2.7202941017470885
7750, 2.886751345948129
8000, 2.7628487713469467
8250, 3.3516165253998453
8500, 3.0495901363953815
8750, 3.235222815613581
9000, 3.03315017762062
9250, 2.9268868558020253
9500, 2.943920288775949
9750, 2.898275349237888
10000, 2.804757862395017
11000, 2.857738033247041
12000, 2.496664441476534
13000, 2.5755258362775812
14000, 2.9040202019499337
15000, 2.588435821108957
16000, 2.594866727470475
17000, 2.4698178070456938
18000, 2.422120283277993
19000, 2.442676128074835
20000, 2.6770630673681683
21000, 2.2876479915697985
22000, 2.228601953392904
23000, 2.228601953392904
24000, 2.3021728866442674
25000, 2.2949219304078006
26000, 2.1525179054617256
27000, 2.250925735484551
28000, 2.3804761428476167
29000, 2.3523038352503134
30000, 2.23606797749979
31000, 2.3944379994757297
32000, 2.065591117977289
33000, 2.057506581601462
34000, 1.9916492328386208
35000, 1.9235384061671346
36000, 1.8618986725025255
37000, 1.9235384061671346
38000, 1.8708286933869707
39000, 2.073644135332772
40000, 1.906130460732773
41000, 1.8618986725025255
42000, 2.073644135332772
43000, 1.7416467303484175
44000, 1.8073922282301278
45000, 1.834847859269718
46000, 1.879716290649558
47000, 1.7701224063135672
48000, 1.7224014243685084
49000, 1.6431676725154984
50000, 1.632993161855452
51000, 1.6020819787597222
52000, 1.6733200530681511
53000, 1.7224014243685084
54000, 1.760681686165901
55000, 1.834847859269718
56000, 1.7701224063135672
57000, 1.6020819787597222
58000, 1.5811388300841898
59000, 1.834847859269718
60000, 1.7511900715418263
61000, 1.7795130420052185
62000, 1.7511900715418263
63000, 1.798147194568157
64000, 1.760681686165901
65000, 1.760681686165901
66000, 1.8073922282301278
67000, 1.7416467303484175
68000, 1.8073922282301278
69000, 1.7126976771553504
70000, 1.7795130420052185
71000, 1.7511900715418263
72000, 1.66332999331662
73000, 1.7416467303484175
74000, 1.6020819787597222
75000, 1.70293863659264
76000, 1.6832508230603465
77000, 1.7224014243685084
78000, 1.7888543819998317
79000, 1.8073922282301278
80000, 1.7511900715418263
81000, 1.7888543819998317
82000, 1.5491933384829668
83000, 1.5275252316519468
84000, 1.632993161855452
85000, 1.559914527573012
86000, 1.559914527573012
87000, 1.61245154965971
88000, 1.591644851508443
89000, 1.4944341180973264
90000, 1.4944341180973264
91000, 1.5275252316519468
92000, 1.4142135623730951
93000, 1.591644851508443
94000, 1.51657508881031
95000, 1.4832396974191326
96000, 1.4944341180973264
97000, 1.5491933384829668
98000, 1.4719601443879744
99000, 1.559914527573012
100000, 1.4944341180973264
