1, 288.59292437618774
2, 288.5837001634015
3, 288.0119303084509
4, 287.47520240883387
5, 286.88145286860214
6, 286.0923137730198
7, 285.6581593443464
8, 285.66749902640305
9, 285.5583723164145
10, 285.205287468518
15, 282.609200133329
20, 280.0881361286122
25, 276.986129616629
30, 274.2491786678676
35, 271.5422766347811
40, 269.1524252166419
45, 267.0773745565131
50, 265.75704694325606
55, 264.13551824773583
60, 262.50286093679057
65, 261.33791917745117
70, 259.87947975936845
75, 257.8800729021147
80, 255.9767411309082
85, 253.84963265681517
90, 251.899273520191
95, 249.71362798213477
100, 248.23087640339992
150, 233.71295214429173
200, 222.16667616904206
250, 213.155304883552
300, 204.5114471123805
350, 196.4081464705576
400, 188.8886232677871
450, 181.23338544539746
500, 175.33947644498087
550, 171.5301955924962
600, 169.3899052482172
650, 165.8151259686522
700, 162.100832817108
750, 157.9022482423857
800, 155.52674368095026
850, 151.12414764027622
900, 148.64896905125175
950, 145.85538042869726
1000, 144.96678240203858
1250, 138.51931273291822
1500, 129.1460258776862
1750, 123.01843764249325
2000, 113.56293409383187
2250, 106.81507384259957
2500, 101.27185196292206
2750, 97.51779324820676
3000, 94.16479172174704
3250, 90.9384187238815
3500, 89.62633541543468
3750, 87.39565206576354
4000, 84.5647917279999
4250, 82.11952264839343
4500, 80.06579794144314
4750, 77.84006680367123
5000, 75.10613823117255
5250, 74.31304057835341
5500, 71.97396751604013
5750, 69.95584321555991
6000, 68.42189707980917
6250, 66.95604528345443
6500, 66.57660249667296
6750, 65.58777325081253
