1, 33.77375707064091
2, 32.97827567758306
3, 32.30789377226562
4, 32.18695387886216
5, 32.051001024409
6, 31.469032396945412
7, 31.002688055500393
8, 30.26163688016011
9, 30.021103688350077
10, 29.984440409430135
15, 28.527180021866865
20, 26.906009242050988
25, 25.240179608447058
30, 23.351659469939175
35, 22.435091560618453
40, 22.176564206386885
45, 20.600970850908944
50, 19.818341672972203
55, 19.57549488518745
60, 17.90716802475106
65, 17.54897907761778
70, 17.10847743079436
75, 17.055790805471318
80, 17.045038378758004
85, 16.964669168598604
90, 16.717256553234645
95, 14.882876066137216
100, 14.168039149202452
150, 12.854311857634904
200, 12.381437719424994
250, 11.417822325937056
300, 10.019980039900279
350, 8.981462390204987
400, 8.540101482613268
450, 8.612007121842542
500, 8.843076387773658
550, 7.801709214439273
600, 7.6681158050723255
650, 7.842193570679061
700, 7.334848328356899
750, 7.185633815700139
800, 6.137317546507322
850, 5.938574464184706
900, 5.94418483337567
950, 5.913261931173578
1000, 5.534738777334783
1250, 4.33589667773576
1500, 4.066120181860509
1750, 3.945461527713414
2000, 3.8643671323171835
2250, 4.2972859651955515
2500, 3.8901585229053754
2750, 3.683295625749672
3000, 3.683295625749672
3250, 4.0743097574926725
3500, 3.953901027255656
3750, 3.582364210034113
4000, 3.8643671323171835
4250, 3.6239941133138354
4500, 3.4399612400917157
4750, 3.5543400700176866
5000, 3.5308167138307627
5250, 3.4737107920301407
5500, 3.3516165253998453
5750, 3.230067078766838
6000, 3.478505426185217
6250, 3.265986323710904
6500, 3.0659419433511785
6750, 3.1675437381878933
7000, 2.938253449471868
7250, 3.1037611591959413
7500, 3.0276503540974917
7750, 2.804757862395017
8000, 2.7264140062238043
8250, 2.6645825188948455
8500, 2.804757862395017
8750, 2.701851217221259
9000, 2.588435821108957
9250, 2.562550812504343
9500, 2.6204325342711394
9750, 2.6204325342711394
10000, 2.6204325342711394
11000, 2.7264140062238043
12000, 2.4289915602982237
13000, 2.4765567494675613
14000, 2.3804761428476167
15000, 2.4083189157584592
16000, 2.3523038352503134
17000, 2.160246899469287
18000, 2.1291625896895083
19000, 2.1213203435596424
20000, 2.2949219304078006
21000, 2.04939015319192
22000, 2.057506581601462
23000, 2.057506581601462
24000, 2.1291625896895083
25000, 2.0330600909302543
26000, 1.96638416050035
27000, 1.9748417658131499
28000, 1.983263304085802
29000, 1.9407902170679516
30000, 2.04939015319192
31000, 2.008316044185609
32000, 2.016597794967223
33000, 1.9493588689617927
34000, 1.879716290649558
35000, 1.8439088914585775
36000, 1.8708286933869707
37000, 1.7888543819998317
38000, 1.632993161855452
39000, 1.6431676725154984
40000, 1.622754859285078
41000, 1.6931233465600393
42000, 1.6431676725154984
43000, 1.622754859285078
44000, 1.570562531918633
45000, 1.7126976771553504
46000, 1.622754859285078
47000, 1.622754859285078
48000, 1.6532795690182993
49000, 1.888562063228706
50000, 1.6931233465600393
51000, 1.70293863659264
52000, 1.70293863659264
53000, 1.61245154965971
54000, 1.5811388300841898
55000, 1.5491933384829668
56000, 1.4832396974191326
57000, 1.4605934866804429
58000, 1.4259499757471625
59000, 1.378404875209022
60000, 1.4259499757471625
61000, 1.4259499757471625
62000, 1.35400640077266
63000, 1.378404875209022
64000, 1.3038404810405297
65000, 1.4023789311975086
66000, 1.2780193008453875
67000, 1.2516655570345725
68000, 1.390443574307614
69000, 1.4375905768565218
70000, 1.4023789311975086
71000, 1.505545305418162
72000, 1.2909944487358056
73000, 1.449137674618944
74000, 1.0954451150103321
75000, 0.983192080250175
76000, 1.1105554165971787
77000, 1.1105554165971787
78000, 1.1972189997378648
79000, 1.1832159566199232
80000, 1.1972189997378648
81000, 1.1690451944500122
82000, 1.3038404810405297
83000, 1.2909944487358056
84000, 1.3291601358251257
85000, 1.2516655570345725
86000, 1.2909944487358056
87000, 1.3165611772087666
88000, 1.3416407864998738
89000, 1.35400640077266
90000, 1.35400640077266
91000, 1.3662601021279464
92000, 1.3291601358251257
93000, 1.3662601021279464
94000, 1.2909944487358056
95000, 1.2649110640673518
96000, 1.2382783747337807
97000, 1.2382783747337807
98000, 1.2780193008453875
99000, 1.2649110640673518
100000, 1.2382783747337807
