4.024922359499621
4.538722287164087
4.774934554525329
4.219004621945797
4.147288270665544
4.147288270665544
4.09878030638384
3.794733192202055
3.6606010435446255
3.1937438845342623
2.6457513110645907
3.0659419433511785
2.932575659723036
2.1908902300206643
2.1908902300206643
1.61245154965971
1.8973665961010275
1.8973665961010275
1.8973665961010275
2.569046515733026
3.3166247903554
2.6832815729997477
3.1622776601683795
2.569046515733026
3.1622776601683795
2.5298221281347035
2.792848008753788
2.569046515733026
2.3664319132398464
2.4899799195977463
2.4899799195977463
1.5491933384829668
1.3416407864998738
2.0976176963403033
1.2649110640673518
1.61245154965971
1.7888543819998317
1.4832396974191326
1.61245154965971
1.0954451150103321
2.1447610589527217
1.8439088914585775
1.4832396974191326
1.0954451150103321
0.8944271909999159
1.0954451150103321
1.0954451150103321
0.8944271909999159
0.8944271909999159
0.8944271909999159
0.8944271909999159
0.8944271909999159
1.3416407864998738
0.8944271909999159
0.8944271909999159
0.8944271909999159
1.3416407864998738
1.0954451150103321
1.3416407864998738
1.2649110640673518
0.8944271909999159
0.8944271909999159
0.8944271909999159
0.6324555320336759
0.6324555320336759
0.6324555320336759
0.6324555320336759
0.6324555320336759
1.0
0.4472135954999579
0.4472135954999579
0.7745966692414834
0.6324555320336759
0.6324555320336759
0.6324555320336759
0.4472135954999579
0.4472135954999579
0.4472135954999579
0.6324555320336759
1.0
1.0954451150103321
1.0954451150103321
0.7745966692414834
1.3416407864998738
1.3416407864998738
1.3416407864998738
1.3416407864998738
0.7745966692414834
0.7745966692414834
1.0
1.8973665961010275
1.8973665961010275
1.8973665961010275
1.0954451150103321
1.0954451150103321
0.6324555320336759
1.4142135623730951
1.4142135623730951
0.8944271909999159
0.8944271909999159
0.8944271909999159
0.8944271909999159
1.4142135623730951
1.4142135623730951
1.4142135623730951
1.4142135623730951
1.4142135623730951
1.4142135623730951
1.4142135623730951
1.2649110640673518
1.2649110640673518
1.0954451150103321
1.4832396974191326
1.4832396974191326
1.2649110640673518
1.2649110640673518
1.2649110640673518
1.4832396974191326
1.4832396974191326
1.3416407864998738
1.3416407864998738
1.4832396974191326
1.4142135623730951
1.4832396974191326
0.6324555320336759
1.0954451150103321
1.5491933384829668
1.5491933384829668
0.8944271909999159
1.0954451150103321
1.5491933384829668
1.5491933384829668
1.2649110640673518
1.2649110640673518
0.8944271909999159
1.0954451150103321
1.2649110640673518
1.0954451150103321
0.8944271909999159
1.0954451150103321
1.2649110640673518
0.6324555320336759
0.4472135954999579
0.4472135954999579
0.4472135954999579
1.0954451150103321
1.0954451150103321
1.0954451150103321
1.0954451150103321
1.0954451150103321
1.0954451150103321
0.6324555320336759
0.6324555320336759
0.6324555320336759
0.6324555320336759
0.8944271909999159
0.6324555320336759
0.8944271909999159
1.0954451150103321
1.0954451150103321
1.0954451150103321
0.8944271909999159
1.0954451150103321
1.0954451150103321
1.0954451150103321
1.0954451150103321
1.0954451150103321
1.0954451150103321
1.0954451150103321
1.0954451150103321
1.0954451150103321
1.0954451150103321
1.0954451150103321
1.0954451150103321
1.0954451150103321
1.0954451150103321
1.0954451150103321
1.0954451150103321
1.0954451150103321
1.0954451150103321
1.0954451150103321
0.8944271909999159
0.8944271909999159
0.8944271909999159
0.8944271909999159
0.8944271909999159
0.8944271909999159
0.8944271909999159
0.8944271909999159
0.8944271909999159
0.8944271909999159
0.8944271909999159
0.8944271909999159
0.8944271909999159
0.8944271909999159
0.8944271909999159
0.8944271909999159
0.6324555320336759
0.6324555320336759
0.6324555320336759
0.6324555320336759
0.6324555320336759
0.6324555320336759
0.6324555320336759
0.6324555320336759
0.6324555320336759
0.6324555320336759
0.6324555320336759
0.6324555320336759
0.6324555320336759
0.6324555320336759
0.6324555320336759
0.6324555320336759
0.6324555320336759
0.6324555320336759
0.6324555320336759
0.6324555320336759
0.6324555320336759
0.6324555320336759
0.6324555320336759
0.6324555320336759
0.6324555320336759
0.6324555320336759
0.6324555320336759
0.6324555320336759
0.6324555320336759
0.6324555320336759
0.6324555320336759
0.6324555320336759
0.6324555320336759
0.4472135954999579
0.4472135954999579
0.4472135954999579
0.4472135954999579
0.4472135954999579
0.4472135954999579
0.4472135954999579
0.4472135954999579
0.4472135954999579
0.4472135954999579
0.4472135954999579
0.4472135954999579
0.4472135954999579
0.4472135954999579
0.4472135954999579
0.4472135954999579
0.4472135954999579
0.4472135954999579
0.4472135954999579
0.4472135954999579
0.4472135954999579
0.4472135954999579
0.4472135954999579
0.4472135954999579
0.4472135954999579
0.4472135954999579
0.4472135954999579
0.4472135954999579
0.4472135954999579
0.4472135954999579
0.4472135954999579
0.4472135954999579
0.4472135954999579
0.4472135954999579
0.4472135954999579
0.4472135954999579
0.4472135954999579
0.6324555320336759
0.4472135954999579
0.4472135954999579
0.4472135954999579
0.4472135954999579
0.4472135954999579
0.4472135954999579
0.4472135954999579
0.4472135954999579
0.4472135954999579
0.4472135954999579
0.6324555320336759
0.6324555320336759
0.6324555320336759
0.6324555320336759
0.6324555320336759
0.4472135954999579
0.4472135954999579
0.4472135954999579
0.4472135954999579
0.8944271909999159
0.8944271909999159
0.6324555320336759
0.4472135954999579
0.4472135954999579
0.4472135954999579
0.4472135954999579
0.4472135954999579
0.4472135954999579
0.6324555320336759
0.6324555320336759
0.6324555320336759
0.6324555320336759
0.6324555320336759
0.6324555320336759
0.6324555320336759
0.4472135954999579
0.4472135954999579
0.4472135954999579
0.4472135954999579
0.4472135954999579
0.4472135954999579
0.4472135954999579
0.4472135954999579
0.4472135954999579
0.4472135954999579
0.8944271909999159
0.4472135954999579
0.4472135954999579
0.8944271909999159
0.8944271909999159
0.4472135954999579
0.8944271909999159
0.8944271909999159
0.8944271909999159
0.4472135954999579
0.4472135954999579
0.4472135954999579
0.4472135954999579
0.8944271909999159
0.8944271909999159
0.4472135954999579
0.4472135954999579
0.4472135954999579
0.4472135954999579
0.4472135954999579
0.4472135954999579
0.4472135954999579
0.4472135954999579
0.4472135954999579
0.4472135954999579
0.4472135954999579
0.4472135954999579
0.4472135954999579
0.4472135954999579
0.4472135954999579
0.4472135954999579
0.4472135954999579
0.4472135954999579
0.4472135954999579
0.4472135954999579
0.4472135954999579
0.4472135954999579
0.4472135954999579
0.4472135954999579
0.8944271909999159
0.8944271909999159
0.8944271909999159
0.8944271909999159
0.6324555320336759
0.6324555320336759
0.6324555320336759
0.6324555320336759
0.6324555320336759
0.6324555320336759
0.6324555320336759
0.6324555320336759
0.6324555320336759
0.6324555320336759
0.6324555320336759
0.6324555320336759
0.6324555320336759
0.6324555320336759
0.8944271909999159
0.8944271909999159
0.8944271909999159
0.8944271909999159
0.8944271909999159
0.8944271909999159
0.8944271909999159
0.8944271909999159
0.8944271909999159
0.8944271909999159
0.8944271909999159
0.8944271909999159
0.8944271909999159
0.8944271909999159
0.8944271909999159
0.8944271909999159
0.8944271909999159
0.8944271909999159
0.8944271909999159
0.8944271909999159
0.8944271909999159
0.8944271909999159
0.8944271909999159
0.8944271909999159
0.8944271909999159
0.8944271909999159
0.8944271909999159
0.8944271909999159
0.8944271909999159
0.8944271909999159
