1, 576.6425998831512
2, 575.8554766605941
3, 574.9893999022938
4, 574.3635399291985
5, 573.6096617038454
6, 572.7475080696554
7, 572.0062132529681
8, 571.2064670502252
9, 570.4420513952316
10, 569.5719322438563
15, 567.300299665001
20, 563.1819155477207
25, 559.2915375723112
30, 556.013332573959
35, 553.7643975554947
40, 550.5342096545863
45, 548.8400276947738
50, 546.3327246284996
55, 543.7009527304509
60, 541.4082304509232
65, 538.9048710115729
70, 536.5954435140127
75, 534.8963095778471
80, 533.2642290647292
85, 529.1996730913578
90, 526.8205576854419
95, 524.3005187866974
100, 523.4125141797815
150, 509.38149161507624
200, 498.52867319744007
250, 492.7052749869845
300, 484.88806130899945
350, 479.39026481563013
400, 474.8976416029037
450, 466.8763133850335
500, 464.45244535904857
550, 463.13275850451345
600, 461.62049131293986
650, 459.3487237382945
700, 456.07864014882347
750, 454.42641428508534
800, 453.8012340221212
850, 451.4754877066971
900, 446.3295934620513
950, 444.38434040816514
1000, 442.4912835299697
1250, 432.8660347035789
1500, 427.8076951154572
1750, 420.3641540379008
2000, 416.02179269841145
2250, 410.442324815558
2500, 410.3887132950905
2750, 408.6891606098698
3000, 406.92793465182507
3250, 403.8419666156552
3500, 400.68486120640995
3750, 399.15322872300555
4000, 398.9414769110878
4250, 396.49966204273113
4500, 394.0137104213507
4750, 390.8399800429838
5000, 388.10879917878697
5250, 385.85747887011337
5500, 384.0727847687206
5750, 381.7084122730334
6000, 380.6586791339454
6250, 379.95616326097405
6500, 377.5054357224542
6750, 376.7683373108733
7000, 375.76504094979356
7250, 373.57980941159013
7500, 373.6061295000391
7750, 370.2265090454761
8000, 369.4498179726172
8250, 369.08813852520376
8500, 367.62630754612763
8750, 367.2176466347988
9000, 365.48797244232264
9250, 363.843502071976
9500, 361.9635948545102
9750, 362.0338906787595
10000, 361.26085035608276
11000, 358.1676506888918
12000, 355.0761467629162
13000, 351.3242747092777
14000, 348.74655267113394
15000, 346.9495755870008
16000, 344.1136905152133
17000, 338.1025820664492
18000, 337.3099079481657
19000, 335.08386412956384
20000, 330.77789829430867
21000, 328.26991028725126
22000, 325.9491862238653
23000, 325.1104243176463
24000, 323.6047743776349
25000, 319.86444628936175
26000, 316.4942558720458
27000, 314.8102063148525
28000, 313.04562606751114
29000, 311.82366170642024
30000, 310.88389794262423
31000, 310.7475760162901
32000, 309.9747570367626
33000, 307.22110279080766
34000, 305.69832515079304
35000, 303.95886563809916
36000, 300.8249391257314
37000, 299.5584316957211
38000, 298.79628511746927
39000, 298.232479787162
40000, 298.24327653779557
41000, 296.8521517523496
42000, 296.43463023068006
43000, 295.5745963373713
44000, 294.88366519697223
45000, 293.0338342239681
46000, 291.72860675634814
47000, 290.6403894850129
48000, 289.3071309179917
49000, 288.24323409232
50000, 287.7809792185717
51000, 286.9907280732254
52000, 285.34132192866844
53000, 284.8902806344927
54000, 282.9995512363933
55000, 283.41144648725816
56000, 281.73140045085495
57000, 281.8556580947063
58000, 280.44497499509595
59000, 279.5133342078692
60000, 278.4722966472608
61000, 276.15785703108287
62000, 275.9723645584826
63000, 275.6593005867932
64000, 275.0689695330973
65000, 274.2083441472925
66000, 272.72878102613225
67000, 271.6974493807404
68000, 271.2221266784847
69000, 270.5023105261765
70000, 269.2938989282899
71000, 268.7428510677075
72000, 267.915949506557
73000, 267.591528266498
74000, 267.24662018442814
75000, 266.96563074673116
76000, 266.88875959845143
77000, 266.7529343793616
78000, 265.5673473904501
79000, 265.60800063251105
80000, 265.9584704422854
81000, 266.2191503254415
82000, 264.80158987438125
83000, 264.29673096729744
84000, 263.5464589024106
85000, 262.5176946417136
86000, 262.3982393233613
87000, 262.14574953639817
88000, 261.7088840677748
89000, 260.81264156478306
90000, 260.0250641765136
91000, 259.6442874395661
92000, 258.07328804043243
93000, 258.1629020599203
94000, 257.5096580713042
95000, 256.8086875477541
96000, 256.51336417426677
97000, 256.63632634527795
98000, 255.92178883401078
99000, 255.0458233337688
100000, 255.16489962375312
101000, 255.08650689520996
102000, 253.72851633192514
103000, 253.57203315823295
104000, 253.28626492567653
105000, 252.77152925121928
106000, 252.00711894706467
107000, 251.2397938225551
108000, 251.1061010807981
109000, 251.59091398538223
110000, 251.31513683023553
111000, 250.85852586667252
112000, 251.56434564540342
113000, 251.56533544985882
114000, 250.45015871426395
115000, 249.34327743093456
116000, 249.22636297149626
117000, 248.14048440349268
118000, 247.40709367356465
119000, 246.5292153072329
120000, 246.55902741534328
121000, 247.13580477138476
122000, 246.27264159869645
123000, 245.9548901729746
124000, 244.93358283420426
125000, 244.64114944138078
126000, 244.69569673371862
127000, 244.81071871958548
128000, 244.33794629569923
129000, 244.3649893090252
130000, 244.12964998131628
131000, 244.4006219304689
132000, 244.7533942563412
133000, 245.53074756535077
134000, 245.36357512882796
135000, 245.47928629519845
136000, 246.1528996376033
137000, 246.01728394566103
138000, 245.66048115234165
139000, 245.433547014258
140000, 245.051549678838
141000, 245.35516705380388
142000, 245.63254263228234
143000, 245.37299362399278
144000, 245.68332869773644
145000, 245.95211322531873
146000, 246.63302293083137
147000, 246.05804193319915
148000, 246.63207820557324
149000, 246.4055762356039
150000, 245.8425553072535
151000, 245.95177982685956
152000, 245.94039115200252
153000, 245.82204132257954
154000, 245.3937448265542
155000, 245.22489270055763
156000, 245.07782029388136
157000, 244.51583179827026
158000, 244.13939051287895
159000, 243.36640688476297
160000, 243.5076466971828
161000, 243.5274358260276
162000, 243.33889947971738
163000, 243.0162669452397
164000, 243.12121668007504
165000, 243.90145961022864
166000, 243.92758761566924
167000, 244.12265359855485
168000, 243.60075533544637
169000, 242.5785233692381
170000, 241.944749891375
171000, 241.7134708699538
172000, 242.41944641468018
