1, 5.079370039680118
2, 5.079370039680118
3, 4.123105625617661
4, 4.33589667773576
5, 3.687817782917155
6, 3.4351128074635335
7, 3.687817782917155
8, 3.714835124201342
9, 3.8987177379235853
10, 3.7682887362833544
15, 3.3763886032268267
20, 2.898275349237888
25, 2.6832815729997477
30, 2.569046515733026
35, 1.7320508075688772
40, 2.32379000772445
45, 2.4899799195977463
50, 2.9664793948382653
55, 2.6076809620810595
60, 3.0659419433511785
65, 2.898275349237888
70, 2.9664793948382653
75, 2.3664319132398464
80, 2.4083189157584592
85, 2.4083189157584592
90, 2.32379000772445
95, 3.1304951684997055
100, 2.792848008753788
150, 2.04939015319192
200, 2.0
250, 2.23606797749979
300, 2.5298221281347035
350, 2.5298221281347035
400, 2.6076809620810595
450, 2.0
500, 2.280350850198276
550, 2.23606797749979
600, 2.0976176963403033
650, 1.5491933384829668
700, 1.8973665961010275
750, 1.61245154965971
800, 1.6733200530681511
850, 1.3416407864998738
900, 1.7888543819998317
950, 1.5491933384829668
1000, 0.8944271909999159
1250, 0.7745966692414834
1500, 1.3416407864998738
1750, 1.2649110640673518
2000, 0.8944271909999159
2250, 1.0954451150103321
2500, 1.2649110640673518
2750, 1.0954451150103321
3000, 1.0954451150103321
3250, 1.4142135623730951
3500, 1.1832159566199232
3750, 0.7745966692414834
4000, 1.0954451150103321
4250, 0.8944271909999159
4500, 1.1832159566199232
4750, 1.0
5000, 1.4142135623730951
5250, 1.4832396974191326
5500, 1.61245154965971
5750, 1.61245154965971
6000, 1.61245154965971
6250, 1.4142135623730951
6500, 1.1832159566199232
6750, 1.0
7000, 1.0
7250, 1.1832159566199232
7500, 1.2649110640673518
7750, 0.8944271909999159
8000, 1.0
8250, 1.0
8500, 1.0
8750, 1.0
9000, 1.0
9250, 1.0
9500, 0.8944271909999159
9750, 0.8944271909999159
10000, 0.8944271909999159
11000, 0.8944271909999159
12000, 0.8944271909999159
13000, 1.0
14000, 0.8944271909999159
15000, 0.7745966692414834
16000, 0.6324555320336759
17000, 0.7745966692414834
18000, 0.7745966692414834
19000, 0.4472135954999579
20000, 0.0
21000, 0.0
22000, 0.8944271909999159
23000, 0.8944271909999159
24000, 1.0954451150103321
25000, 0.7745966692414834
26000, 1.0
27000, 0.6324555320336759
28000, 0.4472135954999579
29000, 0.6324555320336759
30000, 0.6324555320336759
31000, 0.6324555320336759
32000, 0.6324555320336759
33000, 0.6324555320336759
34000, 0.4472135954999579
35000, 0.4472135954999579
36000, 0.4472135954999579
37000, 0.0
38000, 0.0
39000, 0.0
40000, 0.0
41000, 0.0
42000, 0.4472135954999579
43000, 0.4472135954999579
44000, 0.4472135954999579
45000, 0.4472135954999579
46000, 0.4472135954999579
47000, 0.4472135954999579
48000, 0.4472135954999579
49000, 0.4472135954999579
50000, 0.4472135954999579
51000, 0.4472135954999579
52000, 0.4472135954999579
53000, 0.4472135954999579
54000, 0.4472135954999579
55000, 0.4472135954999579
56000, 0.4472135954999579
57000, 0.4472135954999579
58000, 0.4472135954999579
59000, 0.4472135954999579
60000, 0.4472135954999579
61000, 0.4472135954999579
62000, 0.4472135954999579
63000, 0.4472135954999579
64000, 0.4472135954999579
65000, 0.4472135954999579
66000, 0.4472135954999579
67000, 0.4472135954999579
68000, 0.4472135954999579
69000, 0.4472135954999579
70000, 0.4472135954999579
71000, 0.4472135954999579
72000, 0.4472135954999579
73000, 0.4472135954999579
74000, 0.4472135954999579
75000, 0.4472135954999579
76000, 0.0
77000, 0.0
78000, 0.0
79000, 0.4472135954999579
80000, 0.4472135954999579
81000, 0.4472135954999579
82000, 0.0
83000, 0.0
84000, 0.0
85000, 0.0
86000, 0.0
87000, 0.0
88000, 0.0
89000, 0.0
90000, 0.0
91000, 0.4472135954999579
92000, 0.4472135954999579
93000, 0.0
94000, 0.0
95000, 0.0
96000, 0.4472135954999579
97000, 0.0
98000, 0.0
99000, 0.4472135954999579
100000, 0.4472135954999579
