17.451156326812765
16.88363535667431
15.201503685021239
15.734402707806503
15.077892994144015
14.960901424331738
14.031596996982
13.408952233489387
13.646558959260442
13.22551646304543
13.107249902248755
13.419601867630584
13.4451265732766
13.307355645871732
12.96919426949878
13.097437044813658
13.379088160259652
13.402558391164407
12.797321148249292
13.009886350662056
13.36199300788835
13.992855319769443
14.009180663305862
14.85260919838666
15.366940396281139
15.021888791265326
15.022839754377808
15.127080730549812
15.506680587964107
15.273693537769908
15.53337420799854
15.57011790027845
16.012495120998476
16.162566981410208
16.139569829636546
16.06326776931056
16.00624877977348
16.13071604114337
16.44210622587195
16.050812173487405
16.28671676112601
16.100576742109936
16.100576742109936
16.120085075989607
15.961560969135462
16.138684669363325
