1, 28.421822601655933
2, 27.84241368847177
3, 27.540515608826208
4, 27.540515608826208
5, 26.801492495754786
6, 26.1686835740738
7, 25.25549445170298
8, 24.342555330120952
9, 24.345841534027944
10, 24.317072192186295
15, 23.281752511355325
20, 21.68594014563353
25, 20.04594722132132
30, 19.319420281157505
35, 18.74673304872078
40, 15.758172482873768
45, 15.596153371905523
50, 15.18025032731674
55, 14.51482001266292
60, 14.449913494550755
65, 14.438836518224036
70, 14.116656828017035
75, 13.954210834009926
80, 13.560235986147143
85, 13.352153384379616
90, 13.359640713731787
95, 13.29962405483704
100, 13.610290224679266
150, 10.455620498086185
200, 8.809086218218097
250, 8.069696400732806
300, 8.330666239863412
350, 8.38570211729465
400, 7.8434686204510315
450, 6.855654600401044
500, 6.627216610312357
550, 6.128621378417825
600, 5.2497618993626745
650, 5.362835071116769
700, 5.192301994298868
750, 5.035871324805669
800, 5.067543783727971
850, 5.388877434122992
900, 5.059644256269407
950, 5.407402333838309
1000, 5.502726596879042
1250, 4.656178690729126
1500, 4.48998886412873
1750, 4.27551166528639
2000, 3.903844259188627
2250, 3.616628264005025
2500, 3.423448553724738
2750, 3.7682887362833544
3000, 3.7202150475476548
3250, 3.671511950137164
3500, 3.504283093587046
3750, 3.566510900025402
4000, 3.8832975677895196
4250, 3.698648401781386
4500, 3.54400902933387
4750, 3.40587727318528
5000, 3.2186953878862163
5250, 3.286335345030997
5500, 2.9933259094191533
5750, 3.3763886032268267
6000, 3.059411708155671
6250, 3.0983866769659336
6500, 3.1749015732775088
6750, 2.8495613697550013
7000, 2.870540018881465
7250, 2.7640549922170505
7500, 2.8844410203711917
7750, 2.986636904613616
8000, 2.778488797889961
8250, 2.6981475126464085
8500, 2.756809750418044
8750, 2.734958866235469
9000, 2.630589287593181
9250, 2.1166010488516727
9500, 2.1071307505705477
9750, 2.0
10000, 1.9493588689617927
11000, 1.9183326093250879
12000, 1.9595917942265424
13000, 2.1447610589527217
14000, 2.244994432064365
15000, 2.1166010488516727
16000, 1.9595917942265424
17000, 1.7663521732655694
18000, 1.865475810617763
19000, 1.8973665961010275
20000, 1.9078784028338913
21000, 1.7776388834631178
22000, 1.8220867158288598
23000, 1.5874507866387544
24000, 1.7088007490635062
25000, 1.5099668870541498
26000, 1.5231546211727816
27000, 1.5231546211727816
28000, 1.5491933384829668
29000, 1.4
30000, 1.2489995996796797
31000, 1.3266499161421599
32000, 1.2489995996796797
33000, 1.2649110640673518
34000, 1.2328828005937953
35000, 1.296148139681572
36000, 1.3416407864998738
37000, 1.2
38000, 1.2328828005937953
39000, 1.2328828005937953
40000, 1.2806248474865698
41000, 1.2
42000, 1.3856406460551018
43000, 1.4422205101855958
44000, 1.296148139681572
45000, 1.2806248474865698
46000, 1.42828568570857
47000, 1.42828568570857
48000, 1.3266499161421599
49000, 1.3856406460551018
50000, 1.2
51000, 1.4422205101855958
52000, 1.2489995996796797
53000, 1.1832159566199232
54000, 1.2
55000, 1.2649110640673518
56000, 1.1489125293076057
57000, 1.2328828005937953
58000, 1.3114877048604001
59000, 1.2328828005937953
60000, 1.2489995996796797
61000, 1.2
62000, 1.2806248474865698
63000, 1.296148139681572
64000, 1.0770329614269007
65000, 1.0954451150103321
66000, 1.1832159566199232
67000, 1.131370849898476
68000, 1.1489125293076057
69000, 1.2165525060596438
70000, 1.2
71000, 1.2328828005937953
72000, 1.1661903789690602
73000, 1.2489995996796797
74000, 1.2
75000, 1.0954451150103321
76000, 1.0954451150103321
77000, 1.0954451150103321
78000, 1.1135528725660044
79000, 1.131370849898476
80000, 1.131370849898476
81000, 1.1832159566199232
82000, 1.2489995996796797
83000, 1.1832159566199232
84000, 1.2328828005937953
85000, 1.1832159566199232
86000, 1.1661903789690602
87000, 1.1135528725660044
88000, 1.131370849898476
89000, 1.1661903789690602
90000, 1.0770329614269007
91000, 1.2489995996796797
92000, 1.2328828005937953
93000, 1.2165525060596438
94000, 1.2165525060596438
95000, 1.1832159566199232
96000, 1.1489125293076057
97000, 1.0392304845413265
98000, 0.9797958971132712
99000, 1.0392304845413265
100000, 0.938083151964686
