1, 80.0474859068041
2, 79.27231547015641
3, 78.77408928611706
4, 77.90378681424929
5, 77.1826220263159
6, 76.70621133352147
7, 76.02302282861423
8, 75.64919034596471
9, 75.4935191163548
10, 75.48008251944918
15, 72.00456334745141
20, 69.5289251216458
25, 68.57488086547643
30, 66.34164819865636
35, 65.3157167697244
40, 64.23227937949669
45, 61.35633626611028
50, 59.52850457673918
55, 57.26829090218376
60, 57.408934098149864
65, 55.98137445360096
70, 54.548929542986585
75, 54.064115376361904
80, 53.17155523129153
85, 51.87636400960598
90, 52.075631811543374
95, 51.337538479584865
100, 50.569895053423686
150, 41.67030460308979
200, 36.9779857289635
250, 33.88214869219483
300, 30.72388554296385
350, 28.428607322303257
400, 25.877734500089897
450, 24.57437689952687
500, 24.70772001969078
550, 23.96872962841377
600, 22.955858262574903
650, 21.769900583800823
700, 20.229398691720213
750, 19.65487943779574
800, 19.245778757951054
850, 19.017660964782934
900, 18.36067225660013
950, 17.773977768476186
1000, 16.936014036029004
1250, 15.009520788010331
1500, 14.167871097259864
1750, 12.646286863288031
2000, 12.371626524315339
2250, 11.924165139988387
2500, 11.070552960766813
2750, 10.470366346435613
3000, 10.26645021416848
3250, 9.258200997725515
3500, 9.074296509529383
3750, 8.412575620547406
4000, 8.275609602060399
4250, 7.9498427657407165
4500, 7.704358692139331
4750, 7.60450994006658
5000, 7.2948122466781635
5250, 7.197221686178632
5500, 7.0325772556825035
5750, 7.029529551419904
6000, 7.001020333800332
6250, 6.6879422417191545
6500, 6.597618617999333
6750, 6.497252166438187
7000, 6.44648298354559
7250, 6.464187055285009
7500, 6.407584791256598
7750, 6.437612689721023
8000, 6.443158054423756
8250, 5.862715119415967
8500, 5.8918830363717944
8750, 5.837073630804101
9000, 5.878532372722196
9250, 5.740831199150769
9500, 5.710891849289891
9750, 5.717142143214063
10000, 5.615030848407819
11000, 5.29015257678966
12000, 5.052580670169594
13000, 5.063877678504601
14000, 4.965595921653599
15000, 4.566962103755937
16000, 4.552864090720415
17000, 4.340835995848858
18000, 4.314427623020893
19000, 4.247688447009402
20000, 4.340835995848858
21000, 4.375255094603872
22000, 4.169618002373153
23000, 4.1196393739535715
24000, 4.051454765178271
25000, 3.878512233171006
26000, 3.927922024247863
27000, 3.841502682173066
28000, 3.9023802260378764
29000, 3.913347124174613
30000, 3.8913824205360674
31000, 3.82099463490856
32000, 3.792850416996996
33000, 3.9821028185046727
34000, 3.521363372331802
35000, 3.3123146848433
36000, 3.31877774403254
37000, 3.4121631178560534
38000, 3.418437404094784
39000, 3.378503472587488
40000, 3.4142558277233497
41000, 3.3636714634883287
42000, 3.286335345030997
43000, 3.2138094885309285
44000, 3.202677451312083
45000, 3.198213787189879
46000, 3.198213787189879
47000, 3.155494074965576
48000, 3.072923224367498
49000, 3.0495901363953815
50000, 3.007134373927634
51000, 2.949576240750525
52000, 2.900738822142682
53000, 2.944728947021877
54000, 2.8585710716070314
55000, 2.800510157606493
56000, 2.5773740789526736
57000, 2.593949002692888
58000, 2.5718253662108777
59000, 2.5718253662108777
60000, 2.5156652059786153
61000, 2.4784787961282104
62000, 2.5634797778466227
63000, 2.58291087175469
64000, 2.5213375135318272
65000, 2.5099800796022267
66000, 2.4813590746086827
67000, 2.4784787961282104
68000, 2.4436506647695313
69000, 2.434865792722759
70000, 2.4260491103261463
71000, 2.3512914384591777
72000, 2.3391084992852664
73000, 2.3391084992852664
74000, 2.2897286177311806
75000, 2.3603873774083293
76000, 2.3573592974221933
77000, 2.3603873774083293
78000, 2.3603873774083293
79000, 2.3421601750764798
80000, 2.3482516292522218
81000, 2.3964259101539405
82000, 2.3814761328698157
83000, 2.4023797725231892
84000, 2.3664319132398464
85000, 2.3145502494313788
86000, 2.2866069685390684
87000, 2.277216345829769
88000, 2.2677868380553634
89000, 2.277216345829769
90000, 2.2897286177311806
91000, 2.280350850198276
92000, 2.277216345829769
93000, 2.270934357735348
94000, 2.2834810518779687
95000, 2.345207879911715
96000, 2.32992949004287
97000, 2.1580414400893364
98000, 2.1514114968019085
99000, 2.1514114968019085
100000, 2.1580414400893364
