3.1304951684997055
2.6457513110645907
2.898275349237888
1.4832396974191326
1.4142135623730951
1.4832396974191326
1.5491933384829668
1.4142135623730951
1.4142135623730951
1.61245154965971
1.6733200530681511
2.1908902300206643
1.8973665961010275
1.6733200530681511
1.7888543819998317
1.4142135623730951
1.0954451150103321
1.1832159566199232
1.4142135623730951
1.2649110640673518
1.2649110640673518
1.2649110640673518
1.2649110640673518
1.2649110640673518
1.1832159566199232
1.4142135623730951
1.61245154965971
1.5491933384829668
1.5491933384829668
1.1832159566199232
1.2649110640673518
1.9493588689617927
1.6733200530681511
1.4142135623730951
1.6733200530681511
1.7320508075688772
1.7320508075688772
1.7320508075688772
1.7320508075688772
1.4832396974191326
1.4832396974191326
1.4832396974191326
1.61245154965971
1.61245154965971
1.5491933384829668
1.7888543819998317
1.7888543819998317
1.7888543819998317
1.5491933384829668
2.04939015319192
1.5491933384829668
2.04939015319192
2.04939015319192
2.0976176963403033
2.0976176963403033
1.4832396974191326
1.61245154965971
1.5491933384829668
1.61245154965971
1.4832396974191326
1.61245154965971
1.4832396974191326
1.3416407864998738
1.3416407864998738
1.0954451150103321
1.0954451150103321
1.3416407864998738
1.4142135623730951
1.61245154965971
2.04939015319192
1.4832396974191326
1.8973665961010275
1.8973665961010275
2.04939015319192
1.61245154965971
1.8973665961010275
1.8973665961010275
1.8973665961010275
2.0976176963403033
2.04939015319192
2.04939015319192
1.6733200530681511
1.8973665961010275
1.8973665961010275
2.04939015319192
1.8973665961010275
1.7888543819998317
1.8973665961010275
1.7888543819998317
1.7888543819998317
1.8439088914585775
1.8439088914585775
1.8439088914585775
1.8439088914585775
1.8439088914585775
1.8439088914585775
1.8439088914585775
1.8439088914585775
1.8439088914585775
1.8439088914585775
1.7888543819998317
2.04939015319192
1.7888543819998317
2.0
1.7888543819998317
1.7888543819998317
2.0
2.0
2.04939015319192
2.04939015319192
2.04939015319192
2.0
2.04939015319192
2.0
2.0
2.04939015319192
1.8439088914585775
1.7320508075688772
1.7320508075688772
2.0
2.0976176963403033
2.04939015319192
2.0
2.0
2.1908902300206643
2.1908902300206643
2.0
2.0976176963403033
2.0976176963403033
2.0976176963403033
2.0976176963403033
2.0976176963403033
2.0976176963403033
2.0976176963403033
2.0976176963403033
2.0976176963403033
2.0976176963403033
2.0976176963403033
2.0976176963403033
2.0976176963403033
2.0976176963403033
2.0976176963403033
2.0976176963403033
2.0976176963403033
2.0976176963403033
2.0976176963403033
2.0976176963403033
2.0976176963403033
2.0976176963403033
2.0976176963403033
2.0976176963403033
2.1908902300206643
1.8439088914585775
2.1908902300206643
1.9493588689617927
1.9493588689617927
1.9493588689617927
1.9493588689617927
1.9493588689617927
1.9493588689617927
1.9493588689617927
1.9493588689617927
1.9493588689617927
2.1908902300206643
2.1908902300206643
2.1908902300206643
1.9493588689617927
2.1908902300206643
2.1908902300206643
2.1908902300206643
2.0976176963403033
2.1908902300206643
2.1908902300206643
2.1908902300206643
2.0976176963403033
1.8439088914585775
2.0976176963403033
1.8439088914585775
1.8439088914585775
1.8439088914585775
1.8439088914585775
2.0976176963403033
1.8439088914585775
1.8439088914585775
1.8439088914585775
1.8439088914585775
1.8439088914585775
1.8439088914585775
1.8439088914585775
1.8439088914585775
1.8439088914585775
1.8439088914585775
1.8439088914585775
1.8439088914585775
1.8439088914585775
1.8439088914585775
1.8439088914585775
1.8439088914585775
1.8439088914585775
1.8439088914585775
1.8439088914585775
1.8439088914585775
1.8439088914585775
1.8439088914585775
1.7320508075688772
1.8439088914585775
1.8439088914585775
1.8439088914585775
1.8439088914585775
1.8439088914585775
1.8439088914585775
1.8439088914585775
1.8439088914585775
1.8439088914585775
1.8439088914585775
1.8439088914585775
1.9493588689617927
1.8439088914585775
1.9493588689617927
1.9493588689617927
1.8439088914585775
1.9493588689617927
1.4832396974191326
1.4832396974191326
1.4832396974191326
1.61245154965971
1.61245154965971
1.4832396974191326
1.4832396974191326
1.4832396974191326
1.4832396974191326
1.61245154965971
1.61245154965971
1.4832396974191326
1.4832396974191326
1.4832396974191326
1.4832396974191326
1.4832396974191326
1.4832396974191326
1.4832396974191326
1.4832396974191326
1.4832396974191326
1.4832396974191326
1.4832396974191326
1.4832396974191326
1.4832396974191326
1.6733200530681511
1.61245154965971
1.61245154965971
1.8973665961010275
1.61245154965971
1.61245154965971
1.61245154965971
1.61245154965971
1.61245154965971
1.61245154965971
1.4832396974191326
1.4832396974191326
1.4832396974191326
1.4832396974191326
1.4832396974191326
1.9493588689617927
1.6733200530681511
1.9493588689617927
1.9493588689617927
1.4832396974191326
1.4832396974191326
1.4832396974191326
1.61245154965971
1.61245154965971
1.4832396974191326
1.4832396974191326
1.4832396974191326
1.4832396974191326
1.4832396974191326
1.4832396974191326
1.4832396974191326
1.4832396974191326
1.4832396974191326
1.4832396974191326
1.4832396974191326
1.4832396974191326
1.4832396974191326
1.4832396974191326
1.4832396974191326
1.61245154965971
1.4832396974191326
1.4832396974191326
1.4832396974191326
1.4832396974191326
1.4832396974191326
1.4832396974191326
1.4832396974191326
1.4832396974191326
1.61245154965971
1.4832396974191326
1.61245154965971
1.4832396974191326
1.4832396974191326
1.4832396974191326
1.4832396974191326
1.61245154965971
1.4832396974191326
1.4832396974191326
1.61245154965971
1.61245154965971
1.4832396974191326
1.61245154965971
1.4832396974191326
1.4832396974191326
1.61245154965971
1.61245154965971
1.61245154965971
1.61245154965971
1.61245154965971
1.61245154965971
1.7320508075688772
1.7320508075688772
1.7320508075688772
1.7320508075688772
1.7320508075688772
1.7320508075688772
1.7320508075688772
1.7320508075688772
1.9493588689617927
1.9493588689617927
1.9493588689617927
2.04939015319192
2.04939015319192
2.04939015319192
2.04939015319192
2.04939015319192
2.04939015319192
2.04939015319192
2.04939015319192
1.9493588689617927
1.7320508075688772
1.61245154965971
1.61245154965971
1.9493588689617927
1.61245154965971
1.9493588689617927
1.7320508075688772
1.4832396974191326
1.4832396974191326
1.7320508075688772
1.9493588689617927
1.8439088914585775
1.8439088914585775
1.8439088914585775
1.9493588689617927
1.9493588689617927
1.9493588689617927
1.9493588689617927
1.8439088914585775
1.8439088914585775
1.9493588689617927
1.9493588689617927
1.9493588689617927
1.9493588689617927
1.8439088914585775
1.8439088914585775
1.9493588689617927
1.9493588689617927
1.9493588689617927
1.8439088914585775
1.8439088914585775
1.9493588689617927
1.9493588689617927
1.8439088914585775
1.8439088914585775
1.8439088914585775
1.8439088914585775
1.8439088914585775
1.8439088914585775
1.8439088914585775
1.8439088914585775
1.61245154965971
1.8439088914585775
1.8439088914585775
1.8439088914585775
1.61245154965971
1.61245154965971
1.61245154965971
1.61245154965971
1.61245154965971
1.61245154965971
1.4832396974191326
1.4832396974191326
1.61245154965971
1.61245154965971
1.61245154965971
1.61245154965971
1.61245154965971
1.4832396974191326
1.61245154965971
1.61245154965971
1.61245154965971
1.61245154965971
1.61245154965971
