1, 51.26077122582791
2, 50.51820353980225
3, 49.70960112940401
4, 48.96302459793285
5, 48.07170569980733
6, 47.24263611047405
7, 46.41886589643387
8, 46.41742967655337
9, 46.41695092671785
10, 46.417669049619455
15, 44.19527375435322
20, 43.26096521243038
25, 42.25820104495168
30, 40.531743389869405
35, 36.852860585486894
40, 36.839592228410396
45, 36.43380603535983
50, 36.41641876345827
55, 36.3828408884066
60, 36.33730865102698
65, 36.14108158007696
70, 34.60699993418159
75, 33.76717669901086
80, 31.7353640806803
85, 31.634720728268736
90, 31.60098451349613
95, 31.599578056254696
100, 31.57882553582736
150, 28.23866537608005
200, 26.427679092614664
250, 23.690129214975215
300, 23.702789334215968
350, 21.737320697618443
400, 21.10818693198342
450, 20.623611064344026
500, 20.61876168282987
550, 20.5301945652955
600, 20.496070084015834
650, 20.503658210182884
700, 19.701663776330047
750, 19.33448272445431
800, 18.88385553852814
850, 18.22391591044886
900, 17.53789547744477
950, 17.529657409341716
1000, 17.489679496459875
1250, 17.48459639543078
1500, 16.404606399152375
1750, 15.466091943344964
2000, 15.098933001301045
2250, 14.44145268162298
2500, 13.626771036782298
2750, 12.734903917100347
3000, 11.634240652296803
3250, 11.38517554639463
3500, 11.390054140930733
3750, 11.23882160687281
4000, 10.377325709877708
4250, 10.272941805214966
4500, 10.210016867980407
4750, 10.105004260816079
5000, 9.304718038596214
5250, 9.316651759081692
5500, 9.303523824635242
5750, 9.2951600308978
6000, 9.490345971916232
6250, 9.713678785895462
6500, 9.610179787889276
6750, 9.45515732285825
7000, 9.4715949613099
7250, 9.561496860963885
7500, 9.538227182122355
7750, 9.52073759981045
8000, 8.909420731886994
8250, 8.826727089420581
8500, 8.88444333277743
8750, 8.86942313043338
9000, 8.86942313043338
9250, 8.755950357709132
9500, 8.880690663831652
9750, 8.740709353364863
10000, 8.81413006988715
11000, 8.754681287428141
12000, 8.978987817244336
13000, 8.91814629468105
14000, 8.640987597877148
15000, 8.791409948858538
16000, 8.754681287428141
17000, 8.890694261104947
18000, 8.951722366859538
19000, 8.798989841011423
20000, 8.830502691114349
21000, 8.32666399786453
22000, 8.020806277010642
23000, 7.906396847560279
24000, 7.893738728328365
25000, 7.5806771905065755
26000, 7.567474259399015
27000, 7.395193634306602
28000, 7.563068160475615
29000, 7.571877794400365
30000, 7.684038290146948
31000, 7.281635957820346
32000, 7.174027227901123
33000, 6.990469702864512
34000, 6.941021378570864
35000, 7.007932013876213
36000, 6.929806795446914
37000, 6.844300142778986
38000, 6.897664661157266
39000, 7.06005980459404
40000, 6.815016100086957
41000, 6.718134661744533
42000, 6.3526022664381845
43000, 6.387487769068525
44000, 6.390965845976995
45000, 6.3526022664381845
46000, 6.436009805945157
47000, 6.259215428292733
48000, 6.268084945889685
49000, 6.196773353931867
50000, 6.133695641472784
51000, 6.1553951042064625
52000, 6.142746399887703
53000, 6.166216199763209
54000, 6.0295568291173405
55000, 6.05896947600094
56000, 6.115553940568262
57000, 6.162611279139532
58000, 6.3122455944334455
59000, 6.262764742685312
60000, 6.187801620033475
61000, 6.216465591028752
62000, 6.220039299625758
63000, 5.988878581726855
64000, 6.146362971528592
65000, 6.126445407684078
66000, 6.060803027102377
67000, 6.024025970137321
68000, 6.0553007081949835
69000, 5.959119994689746
70000, 5.942315298863829
71000, 5.754225500544023
72000, 5.707694611467732
73000, 5.868938953886336
74000, 5.9497899122574065
75000, 5.87272414547873
76000, 6.202150164795002
77000, 6.042442478924488
78000, 5.9907335852038095
79000, 5.988878581726855
80000, 6.07179270616732
81000, 6.009252125773315
82000, 6.108282173501083
83000, 6.1137368096588665
84000, 6.0461190490723515
85000, 5.92921205182911
86000, 5.942315298863829
87000, 6.186005711819758
88000, 6.001851566160415
89000, 6.0791081217194645
90000, 6.342099196813483
91000, 6.200358412579424
92000, 6.4152595859836845
93000, 6.253887679764573
94000, 6.209312003399052
95000, 6.296383441662718
96000, 6.306962642808167
97000, 6.436009805945157
98000, 6.5438690560113
99000, 6.52516496172915
100000, 6.594610594181349
