1, 4.898979485566356
2, 4.898979485566356
3, 4.898979485566356
4, 4.898979485566356
5, 4.449719092257398
6, 4.449719092257398
7, 3.605551275463989
8, 3.605551275463989
9, 3.605551275463989
10, 3.605551275463989
15, 2.792848008753788
20, 2.280350850198276
25, 2.3664319132398464
30, 1.7320508075688772
35, 1.5491933384829668
40, 1.2649110640673518
45, 1.1832159566199232
50, 1.0
55, 1.0
60, 1.0
65, 1.0
70, 1.0
75, 1.0
80, 1.0
85, 1.0
90, 1.0
95, 1.0
100, 1.0
150, 0.8944271909999159
200, 0.8944271909999159
250, 0.8944271909999159
300, 0.8944271909999159
350, 0.8944271909999159
400, 0.8944271909999159
450, 0.8944271909999159
500, 0.8944271909999159
550, 0.8944271909999159
600, 0.8944271909999159
650, 0.8944271909999159
700, 0.8944271909999159
750, 0.8944271909999159
800, 0.8944271909999159
850, 0.8944271909999159
900, 0.8944271909999159
950, 0.7745966692414834
1000, 0.7745966692414834
1250, 0.7745966692414834
1500, 0.7745966692414834
1750, 0.7745966692414834
2000, 0.7745966692414834
2250, 0.4472135954999579
2500, 0.4472135954999579
2750, 0.4472135954999579
3000, 0.4472135954999579
3250, 0.4472135954999579
3500, 0.4472135954999579
3750, 0.4472135954999579
4000, 0.4472135954999579
4250, 0.4472135954999579
4500, 0.4472135954999579
4750, 0.4472135954999579
5000, 0.4472135954999579
5250, 0.4472135954999579
5500, 0.4472135954999579
5750, 0.4472135954999579
6000, 0.4472135954999579
6250, 0.4472135954999579
6500, 0.4472135954999579
6750, 0.4472135954999579
7000, 0.4472135954999579
7250, 0.4472135954999579
7500, 0.4472135954999579
7750, 0.7745966692414834
8000, 0.7745966692414834
8250, 0.7745966692414834
8500, 0.7745966692414834
8750, 0.7745966692414834
9000, 0.7745966692414834
9250, 0.8944271909999159
9500, 0.8944271909999159
9750, 0.8944271909999159
10000, 0.8944271909999159
11000, 0.8944271909999159
12000, 0.8944271909999159
13000, 0.8944271909999159
14000, 0.8944271909999159
15000, 0.8944271909999159
16000, 0.8944271909999159
17000, 0.7745966692414834
18000, 0.7745966692414834
19000, 0.4472135954999579
20000, 0.4472135954999579
21000, 0.7745966692414834
22000, 0.4472135954999579
23000, 0.4472135954999579
24000, 0.4472135954999579
25000, 0.4472135954999579
26000, 0.7745966692414834
27000, 0.7745966692414834
28000, 0.7745966692414834
29000, 0.7745966692414834
30000, 0.7745966692414834
31000, 0.7745966692414834
32000, 0.7745966692414834
33000, 0.7745966692414834
34000, 0.7745966692414834
35000, 0.7745966692414834
36000, 0.7745966692414834
37000, 0.7745966692414834
38000, 0.7745966692414834
39000, 0.7745966692414834
40000, 0.7745966692414834
41000, 0.7745966692414834
42000, 0.7745966692414834
43000, 0.7745966692414834
44000, 0.7745966692414834
45000, 0.7745966692414834
46000, 0.7745966692414834
47000, 0.7745966692414834
48000, 0.7745966692414834
49000, 0.7745966692414834
50000, 0.7745966692414834
51000, 0.7745966692414834
52000, 0.7745966692414834
53000, 0.7745966692414834
54000, 0.7745966692414834
55000, 0.8944271909999159
56000, 0.8944271909999159
57000, 0.8944271909999159
58000, 0.8944271909999159
59000, 0.8944271909999159
60000, 0.8944271909999159
61000, 0.7745966692414834
62000, 0.7745966692414834
63000, 0.7745966692414834
64000, 0.8944271909999159
65000, 0.8944271909999159
66000, 0.7745966692414834
67000, 0.7745966692414834
68000, 0.4472135954999579
69000, 0.4472135954999579
70000, 0.0
71000, 0.0
72000, 0.8944271909999159
73000, 0.8944271909999159
74000, 0.8944271909999159
75000, 0.8944271909999159
76000, 0.8944271909999159
77000, 0.7745966692414834
78000, 0.7745966692414834
79000, 0.7745966692414834
80000, 0.7745966692414834
81000, 0.7745966692414834
82000, 0.0
83000, 0.0
84000, 0.0
85000, 0.0
86000, 0.4472135954999579
87000, 0.4472135954999579
88000, 0.7745966692414834
89000, 0.7745966692414834
90000, 0.7745966692414834
91000, 0.7745966692414834
92000, 0.4472135954999579
93000, 0.4472135954999579
94000, 0.4472135954999579
95000, 0.4472135954999579
96000, 0.4472135954999579
97000, 0.4472135954999579
98000, 0.4472135954999579
99000, 0.4472135954999579
100000, 0.4472135954999579
