1, 62.68884198237282
2, 62.08103209076461
3, 61.19997029113955
4, 60.32231608767868
5, 59.884130543150505
6, 59.197051523626655
7, 58.378078077305695
8, 58.36655331141753
9, 58.36655331141753
10, 57.73560426634504
15, 56.10947092312249
20, 53.42913743710193
25, 52.57358479485509
30, 51.65990180541824
35, 50.794416300147866
40, 50.77257670686554
45, 50.763444255953246
50, 50.763444255953246
55, 49.9286764021712
60, 49.02262928299727
65, 49.01984755734614
70, 49.02003301063389
75, 49.02596714543686
80, 49.022072950494824
85, 48.36057748358113
90, 47.632303782583975
95, 47.6239053799283
100, 47.63077691042745
150, 45.047046114438665
200, 44.343083912929316
250, 41.82343840479881
300, 41.79256132158188
350, 41.785382394064335
400, 41.811264249981946
450, 41.80865504131455
500, 41.772109007196306
550, 41.10872501948063
600, 40.302718157825176
650, 40.30181588509832
700, 40.302492591537174
750, 40.28557152042494
800, 40.28354051425515
850, 40.28354051425515
900, 40.276544042407615
950, 40.272932484599266
1000, 40.272932484599266
1250, 39.618636569629246
1500, 39.61840710854213
1750, 38.75259522101244
2000, 38.03156583681508
2250, 37.23585759599329
2500, 35.733864763121986
2750, 34.46974958370943
3000, 33.991175325369376
3250, 33.01680013128303
3500, 32.856160346688
3750, 31.725240883102984
4000, 31.527188843340227
4250, 31.795082524303545
4500, 30.84683570039677
4750, 30.84388844723464
5000, 30.56141357987225
5250, 30.668313526267703
5500, 29.94601202770807
5750, 29.979386857700014
6000, 29.89314302645341
6250, 29.52625949896126
6500, 28.707616980990824
6750, 28.08720187364539
7000, 28.042176027613056
7250, 27.62179640001056
7500, 27.544014363791042
7750, 27.04844139351068
8000, 26.458887491214124
8250, 26.517232818747065
8500, 26.237377917772193
8750, 26.71499408742044
9000, 26.605535992619007
9250, 26.39490308925019
9500, 26.04087695772308
9750, 26.077506852388392
10000, 26.077855461186708
11000, 25.543545706748063
12000, 25.39756609670233
13000, 25.045413298101657
14000, 24.511221919765646
15000, 24.22320450236996
16000, 24.226581944782733
17000, 23.209324145108734
18000, 23.09466683811733
19000, 22.859253149336585
20000, 22.30491181128253
21000, 22.763207954144697
22000, 22.983788753261404
23000, 22.533611258820375
24000, 22.373279517398345
25000, 22.335051946537877
26000, 22.295943373382766
27000, 22.204422163982642
28000, 22.419553154252732
29000, 22.429688118449373
30000, 22.143334724636052
31000, 22.581971892318318
32000, 22.578751072634642
33000, 22.75362109043905
34000, 22.772391578001162
35000, 22.81865265722122
36000, 22.738433623193213
37000, 22.80470445882922
38000, 22.79034883453959
39000, 22.937464391847517
40000, 22.83816582350295
41000, 22.718434645179073
42000, 22.88667734731278
43000, 22.918829099077623
44000, 22.91763909782554
45000, 22.943804867941623
46000, 23.14185503682569
47000, 23.42454035641022
48000, 23.358082113050294
49000, 23.20893244969586
50000, 22.99604709114551
51000, 23.396192386408053
52000, 23.61778990506944
53000, 23.671617066551548
54000, 23.426092678503135
55000, 23.290263279670402
56000, 22.862832084173014
57000, 22.912084941437268
58000, 22.54450144612973
59000, 22.805103097173827
60000, 22.766801987263666
61000, 23.097815717272724
62000, 22.963211685413057
63000, 22.793539754620266
64000, 22.627015229186068
65000, 22.685998885976908
66000, 22.560625394297432
67000, 22.4669454168482
68000, 22.384247708032216
69000, 22.591229191074053
70000, 22.669162072977226
71000, 22.502929102270624
72000, 22.45034925826727
73000, 22.411036242319216
74000, 22.3996753223223
75000, 22.514237919390233
76000, 22.269016388450815
77000, 22.08331332188916
78000, 22.00041321925981
79000, 21.75984625614136
80000, 21.74229226018436
81000, 21.499682872925444
82000, 21.526727572949866
83000, 21.70127771688696
84000, 21.668578004273208
85000, 21.64717071582335
86000, 21.775716249570717
87000, 21.434890843075117
88000, 21.52208168370337
89000, 21.797414358755322
90000, 21.785733446872563
91000, 21.99256072568011
92000, 21.840745908008312
93000, 21.918443873098788
94000, 21.77404626864495
95000, 21.99256072568011
96000, 22.106765727014228
97000, 22.20687854124155
98000, 22.218747203042913
99000, 22.478272337364526
100000, 22.141281887830335
