1, 16.7710067278821
2, 15.895492023421818
3, 15.154757228892407
4, 14.498275759551547
5, 13.625955623979797
6, 13.586758259423032
7, 13.572030061858838
8, 13.559744343705994
9, 12.553883861180172
10, 12.553883861180172
15, 11.64474130240771
20, 11.633285577743433
25, 10.8842393701474
30, 10.298867251628533
35, 10.327955589886445
40, 9.190574882272962
45, 8.32666399786453
50, 8.32666399786453
55, 8.314645713037528
60, 8.266397845091497
65, 8.266397845091497
70, 8.266397845091497
75, 8.266397845091497
80, 7.676804890925217
85, 7.620148729957092
90, 7.620148729957092
95, 7.689820110596433
100, 6.928203230275509
150, 6.831300510639732
200, 6.841052550594828
250, 6.801960501698511
300, 6.8068592855540455
350, 6.340346993658944
400, 5.645056834671079
450, 5.215361924162119
500, 5.215361924162119
550, 5.215361924162119
600, 5.196152422706632
650, 5.183306537980044
700, 4.654746681256314
750, 4.640402281411961
800, 4.640402281411961
850, 4.640402281411961
900, 4.640402281411961
950, 4.139243087006769
1000, 4.123105625617661
1250, 2.6457513110645907
1500, 2.3664319132398464
1750, 2.449489742783178
2000, 1.7888543819998317
2250, 2.016597794967223
2500, 2.0976176963403033
2750, 2.0976176963403033
3000, 1.7126976771553504
3250, 1.8257418583505538
3500, 1.8257418583505538
3750, 1.9148542155126762
4000, 1.8439088914585775
4250, 1.8439088914585775
4500, 1.8257418583505538
4750, 1.8257418583505538
5000, 1.8439088914585775
5250, 1.8073922282301278
5500, 1.8073922282301278
5750, 1.96638416050035
6000, 1.96638416050035
6250, 1.96638416050035
6500, 1.9321835661585918
6750, 2.1908902300206643
7000, 2.1447610589527217
7250, 1.879716290649558
7500, 1.879716290649558
7750, 1.7511900715418263
8000, 1.5275252316519468
8250, 1.5275252316519468
8500, 1.8073922282301278
8750, 1.8073922282301278
9000, 1.8618986725025255
9250, 1.879716290649558
9500, 1.9493588689617927
9750, 1.9493588689617927
10000, 1.8257418583505538
11000, 1.7888543819998317
12000, 1.8618986725025255
13000, 1.7511900715418263
14000, 1.7701224063135672
15000, 1.6532795690182993
16000, 1.8439088914585775
17000, 1.9493588689617927
18000, 1.9493588689617927
19000, 1.9493588689617927
20000, 1.9493588689617927
21000, 1.7701224063135672
22000, 1.8439088914585775
23000, 1.6532795690182993
24000, 1.4375905768565218
25000, 1.4142135623730951
26000, 1.61245154965971
27000, 1.6532795690182993
28000, 1.61245154965971
29000, 1.5491933384829668
30000, 1.570562531918633
31000, 1.5491933384829668
32000, 1.7126976771553504
33000, 1.6733200530681511
34000, 1.570562531918633
35000, 1.570562531918633
36000, 1.6733200530681511
37000, 1.7701224063135672
38000, 1.7320508075688772
39000, 1.6733200530681511
40000, 1.7888543819998317
41000, 1.9321835661585918
42000, 1.96638416050035
43000, 1.96638416050035
44000, 1.7701224063135672
45000, 1.7701224063135672
46000, 1.7320508075688772
47000, 1.7320508075688772
48000, 1.7701224063135672
49000, 1.7701224063135672
50000, 1.7701224063135672
51000, 1.7701224063135672
52000, 1.7701224063135672
53000, 1.8257418583505538
54000, 1.8257418583505538
55000, 1.8257418583505538
56000, 1.8257418583505538
57000, 1.8257418583505538
58000, 1.8257418583505538
59000, 1.8257418583505538
60000, 1.7701224063135672
61000, 1.7701224063135672
62000, 1.8073922282301278
63000, 1.8257418583505538
64000, 1.8257418583505538
65000, 1.7320508075688772
66000, 1.7320508075688772
67000, 1.61245154965971
68000, 1.61245154965971
69000, 1.61245154965971
70000, 1.6532795690182993
71000, 1.6532795690182993
72000, 1.6532795690182993
73000, 1.61245154965971
74000, 1.61245154965971
75000, 1.61245154965971
76000, 1.61245154965971
77000, 1.6532795690182993
78000, 1.6532795690182993
79000, 1.6532795690182993
80000, 1.570562531918633
81000, 1.570562531918633
82000, 1.570562531918633
83000, 1.5491933384829668
84000, 1.570562531918633
85000, 1.5491933384829668
86000, 1.6733200530681511
87000, 1.6733200530681511
88000, 1.6733200530681511
89000, 1.6733200530681511
90000, 1.6733200530681511
91000, 1.505545305418162
92000, 1.505545305418162
93000, 1.505545305418162
94000, 1.505545305418162
95000, 1.505545305418162
96000, 1.505545305418162
97000, 1.505545305418162
98000, 1.505545305418162
99000, 1.505545305418162
100000, 1.4142135623730951
