1, 13.635248439247448
2, 13.635248439247448
3, 12.87167432776327
4, 11.913018089468343
5, 11.124747188138704
6, 10.54134716248355
7, 10.522357150372724
8, 10.480458005259122
9, 10.476640682967036
10, 10.476640682967036
15, 9.736529155710468
20, 8.822698000045111
25, 8.827230596285565
30, 8.840814442120138
35, 8.840814442120138
40, 8.827230596285565
45, 8.827230596285565
50, 8.827230596285565
55, 8.822698000045111
60, 8.822698000045111
65, 8.104319835741924
70, 7.424284477308234
75, 7.397296803562772
80, 7.381056834898374
85, 6.717142249498666
90, 6.717142249498666
95, 6.723094525588644
100, 6.723094525588644
150, 6.734983296193095
200, 6.6932802122726045
250, 6.0332412515993425
300, 6.039867548216599
350, 5.993329625508679
400, 5.993329625508679
450, 5.993329625508679
500, 5.3516352641038605
550, 5.344155686354955
600, 4.732863826479693
650, 4.68187996428785
700, 4.68187996428785
750, 4.68187996428785
800, 4.724404724407087
850, 4.724404724407087
900, 4.724404724407087
950, 4.724404724407087
1000, 4.698936049788292
1250, 4.049691346263317
1500, 4.1085277168348275
1750, 4.147288270665544
2000, 3.9899874686520005
2250, 3.9899874686520005
2500, 3.9899874686520005
2750, 4.0
3000, 3.9089640571384128
3250, 3.9089640571384128
3500, 3.867815921162743
3750, 3.8574603043971822
4000, 3.8574603043971822
4250, 3.6
4500, 3.7735924528226414
4750, 3.7735924528226414
5000, 3.6221540552549665
5250, 3.7416573867739413
5500, 4.069397989875161
5750, 3.9496835316262997
6000, 3.9496835316262997
6250, 3.9089640571384128
6500, 4.079215610874228
6750, 4.059556626036888
7000, 4.059556626036888
7250, 3.847076812334269
7500, 3.509985754956849
7750, 3.54400902933387
8000, 3.54400902933387
8250, 3.521363372331802
8500, 3.8262252939417984
8750, 3.676955262170047
9000, 3.687817782917155
9250, 3.794733192202055
9500, 3.752332607858744
9750, 3.666060555964672
10000, 3.666060555964672
11000, 3.521363372331802
12000, 3.6
13000, 3.3466401061363023
14000, 3.394112549695428
15000, 3.4292856398964493
16000, 3.358571124749333
17000, 3.4176014981270124
18000, 3.4756294393965534
19000, 3.4756294393965534
20000, 3.3823069050575527
21000, 3.334666400106613
22000, 3.394112549695428
23000, 3.334666400106613
24000, 3.2984845004941286
25000, 3.212475680841802
26000, 3.1496031496047245
27000, 3.3105890714493698
28000, 3.3105890714493698
29000, 3.1368774282716245
30000, 3.2619012860600183
31000, 3.370459909270543
32000, 3.370459909270543
33000, 3.2984845004941286
34000, 3.286335345030997
35000, 3.22490309931942
36000, 3.249615361854384
37000, 3.2741411087489802
38000, 3.2
39000, 3.1496031496047245
40000, 3.249615361854384
41000, 3.40587727318528
42000, 3.286335345030997
43000, 3.3823069050575527
44000, 3.286335345030997
45000, 3.22490309931942
46000, 3.4756294393965534
47000, 3.4641016151377544
48000, 3.394112549695428
49000, 3.4641016151377544
50000, 3.588871688985272
51000, 3.676955262170047
52000, 3.7094473981982814
53000, 3.7094473981982814
54000, 3.698648401781386
55000, 3.698648401781386
56000, 3.6110940170535577
57000, 3.588871688985272
58000, 3.588871688985272
59000, 3.5552777669262356
60000, 3.666060555964672
61000, 3.666060555964672
62000, 3.566510900025402
63000, 3.7841775856849003
64000, 3.7841775856849003
65000, 3.730951621235526
66000, 3.730951621235526
67000, 3.730951621235526
68000, 3.7735924528226414
69000, 3.6221540552549665
70000, 3.6221540552549665
71000, 3.6221540552549665
72000, 3.5777087639996634
73000, 3.5777087639996634
74000, 3.6221540552549665
75000, 3.6221540552549665
76000, 3.6221540552549665
77000, 3.6221540552549665
78000, 3.6221540552549665
79000, 3.588871688985272
80000, 3.588871688985272
81000, 3.588871688985272
82000, 3.588871688985272
83000, 3.6221540552549665
84000, 3.6221540552549665
85000, 3.6221540552549665
86000, 3.6221540552549665
87000, 3.6441734316577197
88000, 3.6441734316577197
89000, 3.6441734316577197
90000, 3.5777087639996634
91000, 3.5777087639996634
92000, 3.54400902933387
93000, 3.5552777669262356
94000, 3.4871191548325386
95000, 3.4871191548325386
96000, 3.4871191548325386
97000, 3.4871191548325386
98000, 3.4871191548325386
99000, 3.4871191548325386
100000, 3.7094473981982814
