12.041594578792296
10.547511554864494
9.404786015641186
8.267405880927825
8.794884877018005
8.64291617453276
8.35463942968217
7.826237921249264
7.896201618499872
8.246211251235321
8.34565755348253
8.17312669668102
8.012490249604053
7.880355321938218
7.7781745930520225
8.191458966508957
8.0156097709407
8.231038816577165
8.429116205154607
7.952986860293433
7.996874389409903
8.031189202104505
8.163945124754331
8.200609733428363
8.117881497040962
8.194510357550353
7.861297602813418
7.971825386948713
7.968688725254614
7.877182237323192
7.76530746332687
7.8198465458089395
7.877182237323192
8.024961059095553
7.990619500389191
7.965550828411052
8.0
8.194510357550353
8.312640976248161
8.17312669668102
8.54400374531753
8.555699854482976
8.862843787408192
8.941476388158724
8.874119674649425
8.933084573650918
8.930285549745875
8.814760348415605
8.64002314811714
8.794884877018005
8.907861696277058
9.118662182579197
8.874119674649425
9.044335243676011
8.966604708583958
8.891006692158093
9.049861877399014
9.016651263079881
9.044335243676011
9.041570660012562
8.980534505250787
9.096702699330127
9.197825830053535
9.23038460737146
9.14603739331958
9.118662182579197
9.036038955205981
9.082951062292475
9.214119599831555
9.181503144910424
9.15969431804359
9.019423484901903
8.80056816347672
9.00555384193554
8.930285549745875
8.84024886527523
8.862843787408192
8.882567196480982
8.952653238007155
9.08019823572151
9.135097153287424
9.132360045464699
9.162423260251623
9.300537618869138
9.284395510748128
9.211405973031479
9.027735042633894
9.038805230781334
9.016651263079881
9.09945053286186
9.15969431804359
8.910667763978186
9.033271832508971
8.949860334105779
8.921883209278185
8.888194417315589
9.071934744033381
9.167878707749137
9.154233993076646
9.305912099305473
9.121403400793104
9.013878188659973
9.313968005098578
9.036038955205981
9.222255689363639
9.121403400793104
8.963816151617568
8.79772697916911
8.882567196480982
8.868483523128406
8.905054744357274
8.87693640846886
9.013878188659973
8.972179222463181
8.87693640846886
9.08845421400141
8.969392398596462
9.313968005098578
9.126883367283709
9.140568910084317
9.20869154657707
9.211405973031479
9.069178573608527
9.132360045464699
9.063663718386731
9.052623929005335
9.10768905925098
9.074690077352503
9.096702699330127
9.1104335791443
9.16515138991168
9.140568910084317
9.23038460737146
