4.306971093471606
4.123105625617661
3.7682887362833544
3.1780497164141406
3.3689761055846033
2.9154759474226504
2.9664793948382653
2.4289915602982237
2.6739483914241875
2.355843797877949
2.224859546128699
2.1563858652847827
2.1095023109728985
2.16794833886788
1.70293863659264
2.0248456731316584
2.073644135332772
1.91049731745428
1.9493588689617927
1.816590212458495
1.9621416870348585
1.8708286933869707
1.7888543819998317
1.4317821063276353
1.466287829861518
1.51657508881031
1.61245154965971
1.5
1.6278820596099706
1.6583123951777
1.7320508075688772
1.6278820596099706
1.7320508075688772
1.746424919657298
1.746424919657298
1.760681686165901
1.6881943016134133
1.5329709716755893
1.5491933384829668
1.4832396974191326
1.2041594578792296
1.3038404810405297
1.2649110640673518
1.3601470508735443
1.3038404810405297
1.51657508881031
1.449137674618944
1.4142135623730951
1.224744871391589
1.224744871391589
1.1832159566199232
1.02469507659596
1.0488088481701516
1.0488088481701516
1.02469507659596
0.8944271909999159
0.9486832980505138
1.3416407864998738
1.2449899597988732
1.2649110640673518
1.2449899597988732
1.2649110640673518
1.3601470508735443
1.378404875209022
1.2041594578792296
1.118033988749895
1.118033988749895
1.161895003862225
1.0954451150103321
1.1832159566199232
1.161895003862225
1.3601470508735443
1.2041594578792296
1.118033988749895
1.0954451150103321
1.118033988749895
1.0488088481701516
1.02469507659596
1.02469507659596
0.9746794344808963
1.0488088481701516
1.0488088481701516
1.0488088481701516
1.0723805294763609
0.9746794344808963
1.0954451150103321
1.0954451150103321
1.2041594578792296
1.2041594578792296
1.161895003862225
1.161895003862225
1.3228756555322954
1.0488088481701516
1.0488088481701516
1.0954451150103321
1.0954451150103321
1.0954451150103321
0.9746794344808963
1.0
0.9219544457292888
0.806225774829855
0.8366600265340756
0.7745966692414834
0.8944271909999159
0.8366600265340756
0.8660254037844386
1.02469507659596
1.0488088481701516
1.02469507659596
0.8944271909999159
0.8944271909999159
0.8660254037844386
0.8944271909999159
0.9746794344808963
1.0
0.9486832980505138
0.9486832980505138
1.0
1.0
1.0
0.8944271909999159
0.8944271909999159
0.8944271909999159
0.8944271909999159
0.8944271909999159
0.8944271909999159
0.9746794344808963
1.02469507659596
1.0
1.0488088481701516
1.0
0.8944271909999159
0.8944271909999159
0.9219544457292888
0.9219544457292888
0.8660254037844386
0.8366600265340756
0.8366600265340756
0.8366600265340756
0.8366600265340756
0.8366600265340756
0.7745966692414834
0.8366600265340756
0.806225774829855
0.8366600265340756
0.8366600265340756
0.8366600265340756
0.8660254037844386
0.8660254037844386
0.8660254037844386
0.8660254037844386
0.8660254037844386
0.9219544457292888
0.806225774829855
0.806225774829855
0.8944271909999159
0.8366600265340756
0.8366600265340756
0.8944271909999159
0.9746794344808963
0.9746794344808963
0.9746794344808963
0.9746794344808963
0.9746794344808963
1.0488088481701516
1.0723805294763609
1.0723805294763609
1.0954451150103321
1.0954451150103321
1.0723805294763609
1.0723805294763609
1.0954451150103321
1.0488088481701516
1.0488088481701516
1.0488088481701516
1.0488088481701516
1.0723805294763609
1.0723805294763609
1.0723805294763609
1.0723805294763609
1.0954451150103321
1.0488088481701516
1.0488088481701516
1.0723805294763609
1.0954451150103321
1.140175425099138
1.140175425099138
1.140175425099138
1.140175425099138
1.140175425099138
1.140175425099138
1.2041594578792296
1.1832159566199232
1.0723805294763609
1.118033988749895
1.118033988749895
1.118033988749895
1.0723805294763609
1.0
0.9746794344808963
0.9746794344808963
1.0488088481701516
1.0488088481701516
1.02469507659596
1.02469507659596
1.02469507659596
1.0
1.0
1.0
1.0723805294763609
1.0723805294763609
1.0954451150103321
1.0488088481701516
0.9486832980505138
0.9486832980505138
1.0723805294763609
1.02469507659596
1.02469507659596
1.02469507659596
1.02469507659596
1.02469507659596
1.0
1.0
1.0
1.0
1.0
1.0
1.0
0.9746794344808963
0.9746794344808963
0.9746794344808963
0.9746794344808963
0.9746794344808963
0.9746794344808963
0.9746794344808963
0.9746794344808963
0.9219544457292888
0.9219544457292888
0.9746794344808963
0.9746794344808963
0.8366600265340756
0.9486832980505138
0.9746794344808963
0.9746794344808963
0.9486832980505138
0.9486832980505138
0.8660254037844386
0.8944271909999159
0.8944271909999159
0.8944271909999159
0.8944271909999159
0.8660254037844386
0.9219544457292888
0.9219544457292888
0.9219544457292888
0.9219544457292888
0.9219544457292888
0.8944271909999159
0.8944271909999159
0.9219544457292888
0.9219544457292888
0.9219544457292888
0.8944271909999159
0.8944271909999159
0.9219544457292888
0.9486832980505138
0.9486832980505138
0.8944271909999159
0.8944271909999159
0.8944271909999159
0.8660254037844386
0.8660254037844386
0.8366600265340756
0.806225774829855
0.6708203932499369
0.6708203932499369
0.6708203932499369
0.6708203932499369
0.6708203932499369
0.6708203932499369
0.6708203932499369
0.7071067811865476
0.8366600265340756
0.8366600265340756
0.8366600265340756
0.9746794344808963
0.8366600265340756
0.8366600265340756
0.8366600265340756
0.8366600265340756
0.8366600265340756
0.8366600265340756
0.6708203932499369
0.6708203932499369
0.6708203932499369
0.6708203932499369
0.7071067811865476
0.7071067811865476
0.7071067811865476
0.7071067811865476
0.7071067811865476
0.7071067811865476
0.7071067811865476
0.7071067811865476
0.7745966692414834
0.8660254037844386
0.7745966692414834
0.7745966692414834
0.7745966692414834
0.7745966692414834
0.7416198487095663
0.7416198487095663
0.7416198487095663
0.7416198487095663
0.5477225575051661
0.5477225575051661
0.5477225575051661
0.5477225575051661
0.5477225575051661
0.5477225575051661
0.5
0.5
0.5
0.5
0.5
0.5
0.5
0.4472135954999579
0.4472135954999579
0.5
0.5
0.5
0.5
0.4472135954999579
0.4472135954999579
0.4472135954999579
0.4472135954999579
0.4472135954999579
0.4472135954999579
0.5477225575051661
0.6324555320336759
0.6324555320336759
0.5916079783099616
0.5916079783099616
0.6324555320336759
0.6324555320336759
0.6324555320336759
0.6324555320336759
0.5916079783099616
0.5916079783099616
0.6324555320336759
0.6324555320336759
0.5916079783099616
0.5916079783099616
0.5916079783099616
0.5916079783099616
0.5916079783099616
0.5916079783099616
0.5916079783099616
0.5916079783099616
0.5916079783099616
0.6324555320336759
0.6324555320336759
0.5916079783099616
0.5
0.5
0.5
0.5
0.7071067811865476
0.7071067811865476
0.7071067811865476
0.7071067811865476
0.7071067811865476
0.7071067811865476
0.5
0.5
0.5
0.5477225575051661
0.5477225575051661
0.5477225575051661
0.5477225575051661
0.5
0.4472135954999579
0.4472135954999579
0.4472135954999579
0.5477225575051661
0.5
0.5
0.5
0.5
0.5
0.5
0.5
0.5477225575051661
0.5
0.5
0.5477225575051661
0.5477225575051661
0.5477225575051661
0.5477225575051661
