12.937211004363675
10.249738672626872
8.74234358902528
8.789604249176572
8.945868958830742
8.157380531938983
7.2859943923746116
6.72521906175341
6.333583954940972
6.092149515096105
6.00476001661539
6.349353172905546
6.344851681256455
6.061588664934065
5.707138387268051
5.838297207723695
5.253570214625479
5.18238775634773
5.3745431699554045
5.31843156256751
4.925154094761184
5.11300861947808
4.795831523312719
4.58257569495584
4.665986344968079
4.497618417403974
4.302822993603817
4.702582876918355
4.878524367060187
4.191828786034631
4.178174584330202
4.296177703161597
4.702582876918355
4.2594432902501635
4.167904578013822
4.1196393739535715
4.235900983599256
4.222389303293981
3.6606010435446255
3.672290060127915
3.7263540204487127
3.5576878526850635
3.676178139628943
3.82099463490856
3.9351892312459746
3.909694909544003
4.33589667773576
4.1196393739535715
3.9315573068623655
3.8913824205360674
3.9821028185046727
3.676178139628943
3.7871964753438845
3.7301857479602427
3.5173041624841845
3.372154885444702
3.553670135025398
3.3295216301616493
3.488757453797637
3.5496478698597698
3.4599752269963684
3.589667712437223
3.4969374356101124
3.480558247506528
3.480558247506528
3.1121880222303866
3.1622776601683795
3.070597894314954
3.260148988707637
3.260148988707637
3.286335345030997
3.521363372331802
3.3763886032268267
3.2469766156929962
3.1441555759399513
3.2425739335111103
3.5294677866702306
3.281985461794213
3.3509060608395793
3.1532296368734616
3.3123146848433
3.286335345030997
3.1847852585154217
3.2204702407301595
3.238165265349236
3.0659419433511785
3.009508740167215
2.808151400069855
2.9760952365713798
3.0237157840738176
3.2337505867247796
3.2337505867247796
3.0237157840738176
3.0
3.0845235797908424
3.093772546815388
3.0659419433511785
3.04255531702266
2.8385106758902383
2.8385106758902383
2.591193878173865
2.613153540948451
2.7255405754769875
2.808151400069855
2.6779523094014523
2.6403462976338106
2.767154288640743
2.7619868624907378
2.8284271247461903
2.6619005025947695
2.6295029405356662
2.53546276418555
2.3543273227945902
2.4319304501333328
2.501428163498376
2.4553149347021512
2.4669240534954224
2.5579009251449016
2.6076809620810595
2.53546276418555
2.5801439605461662
2.6726124191242437
2.667261838343906
2.4201534780139164
2.569046515733026
2.5071326821120348
2.32992949004287
2.2614786566062732
2.274077520980446
2.280350850198276
2.242447642325552
2.197401062294143
2.0632844828435215
2.0976176963403033
1.9712215212183246
2.042407542932745
2.0
1.9784553859730358
2.007130147392398
1.889822365046136
1.8593393604027366
1.889822365046136
1.9566735620873066
1.9712215212183246
1.9639610121239315
2.02837021134844
1.9493588689617927
1.992844341996778
1.985662897587892
2.04939015319192
2.117950491799628
2.04939015319192
1.8973665961010275
1.9198214202665531
1.942016624910449
1.9712215212183246
1.9048809486609468
1.9346465162548798
1.9712215212183246
2.0213149892370277
2.056349053193895
1.867006771737662
2.0354009783964297
2.007130147392398
1.8283482006601322
1.927248223318863
1.9493588689617927
2.117950491799628
2.014235055087379
2.117950491799628
2.090796157311509
2.0632844828435215
2.04939015319192
2.083952289006911
2.0354009783964297
2.02837021134844
2.1514114968019085
2.02837021134844
1.9639610121239315
2.164651077128664
2.0770858707058104
2.0701966780270626
2.1111946516469904
2.1712405933672376
2.0701966780270626
2.1580414400893364
2.164651077128664
2.083952289006911
2.1514114968019085
2.0770858707058104
2.090796157311509
2.164651077128664
2.1908902300206643
2.2232537288526344
2.2296700588716196
2.242447642325552
2.104417123236605
2.0770858707058104
2.0632844828435215
2.1111946516469904
2.0
1.9198214202665531
1.9712215212183246
2.056349053193895
2.1712405933672376
2.117950491799628
2.177810171446801
2.177810171446801
2.1908902300206643
2.1447610589527217
2.0770858707058104
2.0632844828435215
1.985662897587892
1.867006771737662
1.8439088914585775
1.8746428231227714
1.820517979665599
1.9198214202665531
2.0770858707058104
1.9346465162548798
2.0213149892370277
2.0976176963403033
1.889822365046136
2.04939015319192
1.8516401995451028
1.7647338933351153
1.780850519113991
1.7237832147426693
1.7647338933351153
1.6903085094570331
1.6987390281365427
1.6300744943538186
1.6733200530681511
1.6647608150808246
1.7154757774032086
1.7888543819998317
1.7320508075688772
1.6903085094570331
1.7154757774032086
1.6647608150808246
1.6388149028228556
1.5856499343441837
1.5946338585572373
1.65615734242165
1.7484687178050562
1.7154757774032086
1.6388149028228556
1.5399443403670703
1.6035674514745464
1.6733200530681511
1.6818357317441643
1.65615734242165
1.7647338933351153
1.7154757774032086
1.6903085094570331
1.7237832147426693
1.7647338933351153
1.7484687178050562
1.7071279138616748
1.780850519113991
1.7728105208558367
1.8126539343499315
1.740279123753264
1.7968225924034427
1.8516401995451028
1.8516401995451028
1.985662897587892
1.8822478962286404
1.867006771737662
1.927248223318863
1.9346465162548798
1.8439088914585775
1.7647338933351153
1.7484687178050562
1.7888543819998317
1.820517979665599
1.820517979665599
1.8361450300639575
1.8746428231227714
1.8126539343499315
1.7647338933351153
1.8126539343499315
1.8516401995451028
1.8593393604027366
1.8593393604027366
1.8516401995451028
1.7484687178050562
1.7566201313073597
1.7237832147426693
1.7237832147426693
1.7071279138616748
1.6733200530681511
1.5946338585572373
1.5856499343441837
1.647508942095828
1.6987390281365427
1.6818357317441643
1.7647338933351153
1.7728105208558367
1.7071279138616748
1.804755622554715
1.740279123753264
1.7320508075688772
1.7484687178050562
1.7566201313073597
1.7484687178050562
1.6733200530681511
1.6035674514745464
1.6647608150808246
1.7647338933351153
1.7728105208558367
1.780850519113991
1.780850519113991
1.8283482006601322
1.867006771737662
1.7154757774032086
1.6987390281365427
1.5856499343441837
1.6300744943538186
1.5766148184367308
1.6300744943538186
1.5856499343441837
1.6035674514745464
1.6035674514745464
1.5946338585572373
1.5946338585572373
1.6300744943538186
1.6035674514745464
1.6300744943538186
1.5675276256394517
1.6647608150808246
1.5856499343441837
1.6035674514745464
1.5856499343441837
1.4540583599999397
1.5023790657297036
1.4928400545843579
1.5118578920369088
1.5306394555404428
1.5856499343441837
1.7237832147426693
1.6818357317441643
1.5946338585572373
1.5675276256394517
1.5856499343441837
1.6035674514745464
1.7071279138616748
1.7071279138616748
1.6035674514745464
1.6733200530681511
1.647508942095828
1.6300744943538186
1.6035674514745464
1.6987390281365427
1.8746428231227714
1.9346465162548798
1.7728105208558367
1.7968225924034427
1.7728105208558367
1.7728105208558367
1.7320508075688772
1.804755622554715
1.9123657749350298
1.9566735620873066
1.8822478962286404
1.8516401995451028
1.8516401995451028
1.9048809486609468
1.867006771737662
1.8822478962286404
1.867006771737662
1.6818357317441643
1.7154757774032086
1.6647608150808246
1.5946338585572373
1.6818357317441643
1.6818357317441643
1.7647338933351153
1.780850519113991
1.8126539343499315
1.7484687178050562
1.7071279138616748
1.7071279138616748
1.6388149028228556
1.6035674514745464
1.7484687178050562
1.7888543819998317
1.7484687178050562
1.820517979665599
1.7484687178050562
1.5856499343441837
1.740279123753264
1.7071279138616748
1.7154757774032086
1.7154757774032086
1.7071279138616748
1.7154757774032086
1.7888543819998317
1.7320508075688772
1.7566201313073597
