8.083934685535256
6.41482657598785
6.715653356152326
6.320601237224193
5.865151319446072
5.979130371550699
5.932958789676531
6.328506932918696
6.099180272790763
5.576737397439475
5.463515351859094
5.417564028232615
5.029910535983717
5.157518783291051
4.759201613716317
4.012480529547776
4.560701700396552
4.387482193696061
4.5
4.449719092257398
4.516635916254486
4.260281680828158
4.043513323831146
3.626292872893749
3.640054944640259
3.4641016151377544
3.3015148038438356
3.4351128074635335
3.626292872893749
3.4713109915419564
3.383784863137726
3.1543620591175006
3.170173496829472
3.1064449134018135
3.427827300200522
3.122498999199199
3.1144823004794873
2.792848008753788
2.8372521918222215
2.6832815729997477
2.8460498941515415
2.6832815729997477
2.2693611435820435
2.4186773244895647
2.3979157616563596
2.3345235059857505
2.4698178070456938
2.569046515733026
2.569046515733026
2.539685019840059
2.756809750418044
2.819574435974337
2.569046515733026
2.80178514522438
2.7202941017470885
2.6172504656604803
2.3979157616563596
2.7294688127912363
2.539685019840059
2.4899799195977463
2.6551836094703507
2.6832815729997477
2.6457513110645907
2.8284271247461903
2.6551836094703507
2.3769728648009427
2.5787593916455256
2.6362852652928135
2.4596747752497685
2.5592967784139455
2.7202941017470885
2.5
2.5099800796022267
2.4289915602982237
2.5787593916455256
2.5495097567963922
2.6457513110645907
2.449489742783178
2.4392621835300936
2.3130067012440754
2.1563858652847827
1.91049731745428
2.085665361461421
2.1330729007701543
1.9748417658131499
2.073644135332772
1.9364916731037085
1.6733200530681511
1.816590212458495
1.8973665961010275
1.91049731745428
1.9235384061671346
1.9493588689617927
1.8303005217723127
1.7888543819998317
1.7748239349298849
1.7320508075688772
1.7320508075688772
1.746424919657298
1.70293863659264
1.6733200530681511
1.6583123951777
1.6583123951777
1.61245154965971
1.7748239349298849
1.8973665961010275
1.7748239349298849
1.8439088914585775
1.7175564037317668
1.6733200530681511
1.5652475842498528
1.61245154965971
1.8439088914585775
1.6733200530681511
1.816590212458495
1.746424919657298
1.7888543819998317
1.8303005217723127
1.5811388300841898
1.6583123951777
1.6733200530681511
1.8973665961010275
1.8841443681416772
2.0615528128088303
2.0
1.7888543819998317
1.746424919657298
1.8841443681416772
1.746424919657298
1.8439088914585775
1.8027756377319946
1.6881943016134133
1.746424919657298
1.91049731745428
1.9621416870348585
1.9235384061671346
1.9748417658131499
2.0976176963403033
2.0371548787463363
1.7748239349298849
1.8708286933869707
1.91049731745428
1.816590212458495
1.5968719422671311
2.0
2.179449471770337
2.16794833886788
2.0
2.0615528128088303
2.04939015319192
1.857417562100671
1.9364916731037085
1.8708286933869707
1.8841443681416772
1.9493588689617927
1.8303005217723127
1.7320508075688772
1.857417562100671
1.8303005217723127
1.8841443681416772
1.8973665961010275
1.7888543819998317
1.7888543819998317
1.6881943016134133
1.5329709716755893
1.5652475842498528
1.746424919657298
1.7320508075688772
1.70293863659264
1.5652475842498528
1.6881943016134133
1.6431676725154984
1.5968719422671311
1.6278820596099706
1.6583123951777
1.6733200530681511
1.70293863659264
1.7320508075688772
1.7888543819998317
1.7320508075688772
1.6431676725154984
1.7320508075688772
1.7888543819998317
1.8027756377319946
1.8439088914585775
1.9235384061671346
1.9874606914351791
1.9748417658131499
1.9748417658131499
2.0371548787463363
1.9874606914351791
2.0615528128088303
1.9364916731037085
1.8841443681416772
1.746424919657298
1.760681686165901
1.857417562100671
1.8439088914585775
1.816590212458495
1.7748239349298849
1.7888543819998317
1.8973665961010275
1.6881943016134133
1.6583123951777
1.6881943016134133
1.6583123951777
1.6733200530681511
1.6583123951777
1.70293863659264
1.6733200530681511
1.6733200530681511
1.6278820596099706
1.6278820596099706
1.6881943016134133
1.61245154965971
1.6881943016134133
1.70293863659264
1.5811388300841898
1.5811388300841898
1.5811388300841898
1.5811388300841898
1.6733200530681511
1.6881943016134133
1.6278820596099706
1.61245154965971
1.61245154965971
1.5968719422671311
1.6733200530681511
1.6583123951777
1.70293863659264
1.8027756377319946
1.6733200530681511
1.70293863659264
1.9364916731037085
1.9364916731037085
1.9364916731037085
1.8973665961010275
1.8303005217723127
1.8973665961010275
1.760681686165901
1.6881943016134133
1.5968719422671311
1.51657508881031
1.466287829861518
1.51657508881031
1.466287829861518
1.61245154965971
1.6733200530681511
1.6733200530681511
1.6431676725154984
1.5
1.5
1.466287829861518
1.4832396974191326
1.6583123951777
1.5491933384829668
1.51657508881031
1.5491933384829668
1.5491933384829668
1.5491933384829668
1.6278820596099706
1.6278820596099706
1.5491933384829668
1.6278820596099706
1.5968719422671311
1.5491933384829668
1.51657508881031
1.4832396974191326
1.4832396974191326
1.5
1.3601470508735443
1.3601470508735443
1.449137674618944
1.4832396974191326
1.3416407864998738
1.5491933384829668
1.6733200530681511
1.6278820596099706
1.6733200530681511
1.4832396974191326
1.70293863659264
1.6278820596099706
1.5968719422671311
1.6431676725154984
1.61245154965971
1.5968719422671311
1.5491933384829668
1.5329709716755893
1.51657508881031
1.5491933384829668
1.5
1.449137674618944
1.449137674618944
1.396424004376894
1.3038404810405297
1.3228756555322954
1.1832159566199232
1.224744871391589
1.4317821063276353
1.466287829861518
1.5652475842498528
1.5968719422671311
1.449137674618944
1.466287829861518
1.5811388300841898
1.5811388300841898
1.51657508881031
1.5811388300841898
1.5329709716755893
1.5491933384829668
1.6583123951777
1.6583123951777
1.6881943016134133
1.6583123951777
1.6583123951777
1.6583123951777
1.6881943016134133
1.6733200530681511
1.6733200530681511
1.746424919657298
1.7175564037317668
1.70293863659264
1.8027756377319946
1.70293863659264
1.6881943016134133
1.6278820596099706
1.5329709716755893
1.6278820596099706
1.5811388300841898
1.5
1.6733200530681511
1.61245154965971
1.5329709716755893
1.5329709716755893
1.5329709716755893
1.5
1.51657508881031
1.5652475842498528
1.51657508881031
1.6278820596099706
1.5
1.5
1.51657508881031
1.51657508881031
1.5
1.4832396974191326
1.5
1.5
1.4142135623730951
1.396424004376894
1.4832396974191326
1.449137674618944
1.466287829861518
1.51657508881031
1.4317821063276353
1.4317821063276353
1.4142135623730951
1.4317821063276353
1.396424004376894
1.3601470508735443
1.396424004376894
1.396424004376894
1.378404875209022
1.3038404810405297
1.3228756555322954
1.284523257866513
1.1832159566199232
1.140175425099138
1.140175425099138
1.2041594578792296
1.2449899597988732
1.396424004376894
1.396424004376894
1.396424004376894
1.4317821063276353
1.396424004376894
1.3416407864998738
1.3228756555322954
1.378404875209022
1.378404875209022
1.378404875209022
1.3228756555322954
1.3416407864998738
1.3416407864998738
1.3416407864998738
1.284523257866513
1.2649110640673518
1.3038404810405297
1.3601470508735443
1.284523257866513
1.284523257866513
1.284523257866513
1.2041594578792296
1.2449899597988732
1.2449899597988732
1.2041594578792296
1.2041594578792296
1.224744871391589
1.224744871391589
1.224744871391589
