17.019316756472417
18.404192069044644
17.103049018063583
16.497618875808367
14.389480284469723
14.726070176973314
14.994284625435501
14.14011517431372
12.355449925322139
11.925962075596729
11.068617154562972
10.28730146484351
9.677662055328387
9.984273347906411
10.130576065978254
8.94906220146638
8.953849930137794
8.696468905743954
8.498739402321466
8.652002245558126
7.928249671720919
8.122279764415197
7.870378462491949
8.213229745790803
8.209750300709517
7.9318526029097205
8.2010452295511
8.08525995694811
8.024961059095553
8.067571771339521
7.771743691090179
7.714550260014236
7.489039610371566
7.317298486658662
7.317298486658662
7.338742593737898
7.3930469264805065
7.262427771954578
7.062981968383771
7.062981968383771
7.189277730461821
6.8452277432633934
6.322296147083635
6.502746672423452
6.890987903465967
7.022413097667049
6.674043537680673
6.973418919624105
6.826419266350405
6.618156843109719
6.342599737376735
6.1921609429065345
5.742075284374855
5.572893580281509
5.774327419090222
6.120224085533376
6.023762469230862
5.865151319446072
5.862715119415967
6.08511063404532
5.7916195613021015
5.828501400139539
5.838297207723695
5.840743592581831
5.585696017507576
5.774327419090222
5.874886017131372
5.732115042211108
5.7916195613021015
5.786684222049298
5.7817446699565895
5.707138387268051
5.6593790674040765
5.456320057642199
5.2888021868310195
5.393117306874966
5.0990195135927845
4.95119033306999
4.6965032585044435
4.83440053899432
4.887301329539063
4.948304182820038
5.0849919230164815
4.735881272643079
4.626013402488151
4.58257569495584
4.362175079999819
4.133486940310116
4.2560880764248425
4.459340117743239
4.875595201760352
5.185143612834103
4.9856938190329
4.6506527959600925
4.8814517746846
4.8225660033993165
4.7479318806041375
4.750939756661683
4.801785382245114
4.678216998570533
4.759951980550104
4.672105673951674
4.665986344968079
4.786886849956422
4.8225660033993165
4.675162334843877
4.391550328268399
4.433637655147617
4.316082880178673
4.391550328268399
4.035556254807296
3.8507884164897233
3.8913824205360674
4.1196393739535715
4.503966505838413
4.711687595755898
4.6475800154489
4.6843203501529596
4.678216998570533
4.59813626840888
4.622924244612772
4.475329197787737
4.5197977198732495
4.563832975533989
4.420730385678044
4.140393356054125
4.077814540727843
4.063777271736939
3.989271326230608
3.9351892312459746
3.764495792457281
3.492849839314596
3.5456210417116734
3.7186787208054732
3.8766701469910267
3.9496835316262997
3.865599195837192
3.783422486887463
4.049691346263317
4.11269810638779
3.985688683993556
4.167904578013822
4.0
3.971325795175784
3.7682887362833544
3.8950518060006045
3.861901826080735
3.9424430424366492
4.067291130821243
4.20883424647321
4.262795863213317
4.028470110174758
3.9496835316262997
3.8987177379235853
3.884033249820898
3.8877095717511763
3.8060102844992794
3.672290060127915
3.6683978597124463
3.672290060127915
3.7032803990902057
3.625307868699863
3.4723396805529925
3.418437404094784
3.4267852490135913
3.5335130232835263
3.4100691237233636
3.430951554806417
3.4558439118191004
3.3380918415851206
3.5294677866702306
3.621365172733304
3.5936451848068853
3.6015869518072963
3.63318042491699
3.7032803990902057
3.764495792457281
3.80225497003329
3.56971387408811
3.6292462814513664
3.6916895086899477
3.6488745818794204
3.439269025326665
3.389058023361991
3.5456210417116734
3.5173041624841845
3.553670135025398
3.5294677866702306
3.6292462814513664
3.6645015252516173
3.480558247506528
3.6449573777637356
3.5132402626147194
3.5936451848068853
3.5173041624841845
3.6606010435446255
3.5936451848068853
3.260148988707637
3.166791977470486
3.3423687066852112
3.1622776601683795
3.051931472737505
2.9423023055326687
2.922816645439317
2.903200204700225
2.808151400069855
2.656528346760647
2.878491668515698
2.961659766318301
2.9760952365713798
3.1622776601683795
3.2115861679683633
3.2115861679683633
3.277629805645711
3.286335345030997
3.175801361186541
3.367915845572324
3.418437404094784
3.4558439118191004
3.175801361186541
3.1350552512789034
2.9856801091687157
3.180296482135858
3.2160312720583337
3.4226138716316967
3.492849839314596
3.3338094898007764
3.3423687066852112
3.268901082277389
3.2293298729878046
3.148695875165735
3.255764119219941
3.251373336211726
3.1396087108337016
3.3252282413607124
3.1213550171131033
3.116774889895918
3.075246796135695
3.1075943842694236
3.0659419433511785
3.286335345030997
3.4267852490135913
3.299350585450762
3.198213787189879
3.286335345030997
3.320929301953209
3.492849839314596
3.303677604471374
3.3636714634883287
3.2425739335111103
3.251373336211726
3.2469766156929962
3.3380918415851206
3.3974780562730853
3.372154885444702
3.3806170189140663
3.439269025326665
3.4558439118191004
3.281985461794213
3.1396087108337016
2.9471535904520287
2.9423023055326687
3.0
3.1396087108337016
3.051931472737505
3.2204702407301595
3.1350552512789034
3.1075943842694236
3.202677451312083
2.937443008565686
2.903200204700225
2.932575659723036
3.1622776601683795
3.0189875313233268
2.9471535904520287
2.898275349237888
2.7979584393931636
2.8535691936340255
2.8385106758902383
2.84855853271189
3.0189875313233268
3.0845235797908424
3.051931472737505
2.9568322818274866
2.898275349237888
2.878491668515698
2.9471535904520287
3.0142518616920992
3.0472470011002204
2.9664793948382653
3.0378563870880115
3.056608765095256
2.8233718443429607
2.7619868624907378
2.843539042410757
2.8284271247461903
2.917924898671265
2.961659766318301
2.9952343099378003
2.9471535904520287
2.8284271247461903
2.7723120830300267
2.6939084723024385
2.8385106758902383
2.7723120830300267
2.5801439605461662
2.6832815729997477
2.704493615131253
2.7723120830300267
2.715037489875337
2.7097706808616007
2.7202941017470885
2.7255405754769875
2.5634797778466227
2.3724610489050035
2.3543273227945902
2.4842360136324753
2.461126339126632
2.4436506647695313
2.756809750418044
2.922816645439317
2.8535691936340255
2.808151400069855
2.7774602993176543
2.951996902824546
2.990461025135948
2.7202941017470885
2.699206232527312
2.7619868624907378
2.7619868624907378
2.8132340311971404
2.7619868624907378
2.7464262493023806
2.756809750418044
2.81830749615033
2.7464262493023806
2.7464262493023806
2.699206232527312
2.6939084723024385
2.6403462976338106
2.699206232527312
2.756809750418044
2.7307769694983985
2.7723120830300267
2.8030595529069404
2.8030595529069404
2.8233718443429607
2.8535691936340255
2.980891525318271
3.0798886807341406
3.0189875313233268
2.9952343099378003
2.8834503141697647
2.7877282097486784
2.8385106758902383
2.8834503141697647
3.0
3.0612789110808856
2.932575659723036
2.9423023055326687
2.937443008565686
2.8233718443429607
2.937443008565686
2.9760952365713798
2.980891525318271
2.9952343099378003
3.1075943842694236
3.255764119219941
2.980891525318271
2.9130249373656736
2.9277002188455996
2.8585710716070314
2.756809750418044
2.833473385894321
2.961659766318301
2.9760952365713798
2.9130249373656736
2.9277002188455996
3.0845235797908424
3.1213550171131033
3.075246796135695
3.0612789110808856
3.04255531702266
3.1075943842694236
3.0798886807341406
3.2645279685036943
3.1532296368734616
3.251373336211726
3.268901082277389
3.4475664294853385
3.175801361186541
3.3509060608395793
3.401680257083045
3.4267852490135913
3.3295216301616493
3.251373336211726
3.1937438845342623
3.307998963551401
3.367915845572324
3.3252282413607124
