3.6124783736376886
3.138470965295043
3.1543620591175006
2.756809750418044
2.247220505424423
2.1908902300206643
1.8708286933869707
2.073644135332772
2.3021728866442674
2.4392621835300936
2.0615528128088303
2.258317958127243
1.8439088914585775
1.7748239349298849
1.816590212458495
1.8841443681416772
1.7320508075688772
1.5491933384829668
1.5
1.4142135623730951
1.760681686165901
1.61245154965971
1.51657508881031
1.7175564037317668
2.0248456731316584
1.7748239349298849
1.857417562100671
2.0124611797498106
1.9493588689617927
1.816590212458495
1.7320508075688772
1.7888543819998317
1.7175564037317668
1.8439088914585775
1.8841443681416772
1.9364916731037085
1.8303005217723127
1.7748239349298849
1.760681686165901
1.7888543819998317
1.7320508075688772
1.5811388300841898
1.5652475842498528
1.5811388300841898
1.51657508881031
1.5329709716755893
1.5811388300841898
1.4317821063276353
1.466287829861518
1.3416407864998738
1.4317821063276353
1.3228756555322954
1.5329709716755893
1.5329709716755893
1.449137674618944
1.449137674618944
1.4142135623730951
1.5652475842498528
1.5329709716755893
1.5329709716755893
1.6431676725154984
1.4317821063276353
1.396424004376894
1.3416407864998738
1.3601470508735443
1.449137674618944
1.466287829861518
1.2649110640673518
1.224744871391589
1.3416407864998738
1.3416407864998738
1.3228756555322954
1.378404875209022
1.4142135623730951
1.4317821063276353
1.4317821063276353
1.4142135623730951
1.4317821063276353
1.466287829861518
1.4832396974191326
1.449137674618944
1.5
1.3416407864998738
1.3601470508735443
1.378404875209022
1.3228756555322954
1.3601470508735443
1.3416407864998738
1.284523257866513
1.1832159566199232
1.0954451150103321
1.140175425099138
0.9486832980505138
0.9486832980505138
1.0954451150103321
1.1832159566199232
1.2449899597988732
1.2649110640673518
1.284523257866513
1.3038404810405297
1.3038404810405297
1.3228756555322954
1.2449899597988732
1.2041594578792296
1.2041594578792296
1.224744871391589
1.161895003862225
1.161895003862225
1.284523257866513
1.3228756555322954
1.3038404810405297
1.2041594578792296
1.2041594578792296
1.2041594578792296
1.0488088481701516
1.02469507659596
1.0488088481701516
1.0954451150103321
1.0954451150103321
1.140175425099138
1.140175425099138
1.118033988749895
1.118033988749895
1.2041594578792296
1.1832159566199232
1.1832159566199232
1.2041594578792296
1.0488088481701516
1.02469507659596
1.1832159566199232
1.284523257866513
1.2041594578792296
1.378404875209022
1.3038404810405297
1.1832159566199232
1.140175425099138
1.140175425099138
1.1832159566199232
1.2041594578792296
1.224744871391589
1.2449899597988732
1.118033988749895
1.118033988749895
1.118033988749895
1.140175425099138
1.140175425099138
1.118033988749895
1.2649110640673518
1.3601470508735443
1.3228756555322954
1.3228756555322954
1.2449899597988732
1.1832159566199232
1.118033988749895
1.0723805294763609
1.0488088481701516
1.118033988749895
1.0723805294763609
1.0723805294763609
0.9486832980505138
0.9486832980505138
0.9486832980505138
1.0723805294763609
0.9486832980505138
1.0
1.0
0.9219544457292888
0.9486832980505138
1.0723805294763609
1.0488088481701516
1.0723805294763609
1.02469507659596
1.02469507659596
1.02469507659596
1.02469507659596
1.02469507659596
1.02469507659596
1.0954451150103321
1.0954451150103321
1.02469507659596
1.02469507659596
1.02469507659596
1.02469507659596
1.02469507659596
1.02469507659596
1.02469507659596
1.0488088481701516
1.0488088481701516
1.0
0.8944271909999159
0.8660254037844386
0.8660254037844386
0.5916079783099616
0.5477225575051661
0.806225774829855
0.806225774829855
0.806225774829855
0.6708203932499369
0.5916079783099616
0.5916079783099616
0.5916079783099616
0.5916079783099616
0.5916079783099616
0.5916079783099616
0.5916079783099616
0.5916079783099616
0.5916079783099616
0.5916079783099616
0.5916079783099616
0.5916079783099616
0.5916079783099616
0.5916079783099616
0.5916079783099616
0.5477225575051661
0.5477225575051661
0.5916079783099616
0.6324555320336759
0.5916079783099616
0.5916079783099616
0.6324555320336759
0.6324555320336759
0.5916079783099616
0.5916079783099616
0.5916079783099616
0.5916079783099616
0.5916079783099616
0.5916079783099616
0.5916079783099616
0.5916079783099616
0.5916079783099616
0.5916079783099616
0.5916079783099616
0.5916079783099616
0.5916079783099616
0.5916079783099616
0.5916079783099616
0.5916079783099616
0.5916079783099616
0.5916079783099616
0.5916079783099616
0.5916079783099616
0.5916079783099616
0.5916079783099616
0.5916079783099616
0.5916079783099616
0.5477225575051661
0.5477225575051661
0.5477225575051661
0.5477225575051661
0.5916079783099616
0.5916079783099616
0.5916079783099616
0.5916079783099616
0.5916079783099616
0.5916079783099616
0.5916079783099616
0.5916079783099616
0.5477225575051661
0.5916079783099616
0.5477225575051661
0.5477225575051661
0.5477225575051661
0.5916079783099616
0.5477225575051661
0.5477225575051661
0.5477225575051661
0.5477225575051661
0.5477225575051661
0.5916079783099616
0.5916079783099616
0.5916079783099616
0.5916079783099616
0.5
0.5
0.5916079783099616
0.6324555320336759
0.6324555320336759
0.6324555320336759
0.6324555320336759
0.6324555320336759
0.6324555320336759
0.6324555320336759
0.5477225575051661
0.5477225575051661
0.5477225575051661
0.5477225575051661
0.4472135954999579
0.5477225575051661
0.5477225575051661
0.5
0.5
0.5
0.5
0.5
0.5
0.5
0.5
0.5
0.3872983346207417
0.3872983346207417
0.3872983346207417
0.3872983346207417
0.3872983346207417
0.4472135954999579
0.4472135954999579
0.4472135954999579
0.5916079783099616
0.5916079783099616
0.5916079783099616
0.4472135954999579
0.4472135954999579
0.4472135954999579
0.4472135954999579
0.4472135954999579
0.4472135954999579
0.5
0.5
0.4472135954999579
0.4472135954999579
0.5
0.5
0.5477225575051661
0.6324555320336759
0.6324555320336759
0.7071067811865476
0.7071067811865476
0.7071067811865476
0.7071067811865476
0.7071067811865476
0.7071067811865476
0.7071067811865476
0.7071067811865476
0.7071067811865476
0.7071067811865476
0.7071067811865476
0.7071067811865476
0.7071067811865476
0.6708203932499369
0.6708203932499369
0.6708203932499369
0.6708203932499369
0.6708203932499369
0.6708203932499369
0.6708203932499369
0.6708203932499369
0.6708203932499369
0.7416198487095663
0.7416198487095663
0.6324555320336759
0.5477225575051661
0.5
0.5
0.4472135954999579
0.4472135954999579
0.4472135954999579
0.4472135954999579
0.5
0.5
0.5
0.4472135954999579
0.3872983346207417
0.3872983346207417
0.3872983346207417
0.3872983346207417
0.4472135954999579
0.3872983346207417
0.31622776601683794
0.31622776601683794
0.22360679774997896
0.22360679774997896
0.22360679774997896
0.22360679774997896
0.22360679774997896
0.22360679774997896
0.22360679774997896
0.22360679774997896
0.22360679774997896
0.22360679774997896
0.22360679774997896
0.22360679774997896
0.22360679774997896
0.22360679774997896
0.22360679774997896
0.22360679774997896
0.31622776601683794
0.31622776601683794
0.31622776601683794
0.31622776601683794
0.31622776601683794
0.31622776601683794
0.31622776601683794
0.31622776601683794
0.31622776601683794
0.31622776601683794
0.31622776601683794
0.31622776601683794
0.22360679774997896
0.22360679774997896
0.22360679774997896
0.22360679774997896
