8.729261137118078
6.959063976467771
6.857738069405351
5.882176467941097
5.692099788303083
5.366563145999495
4.8373546489791295
5.30498417932204
4.6843203501529596
4.3094580368566735
3.909694909544003
3.6371103129505746
3.484660262185848
3.537553634121427
3.6566964013202643
3.790966706715923
3.561701038227982
3.439269025326665
3.430951554806417
3.56971387408811
3.5936451848068853
3.401680257083045
3.4351128074635335
3.4599752269963684
3.281985461794213
3.5576878526850635
3.4475664294853385
3.6606010435446255
3.6488745818794204
3.589667712437223
3.6292462814513664
3.6566964013202643
3.714835124201342
3.6916895086899477
3.722518348798681
3.6683978597124463
3.561701038227982
3.1396087108337016
3.268901082277389
3.116774889895918
3.004758131459407
3.0189875313233268
3.1532296368734616
3.2425739335111103
3.202677451312083
3.3295216301616493
3.0798886807341406
3.03315017762062
3.0378563870880115
2.9760952365713798
3.0659419433511785
3.051931472737505
3.1259284335103663
2.922816645439317
3.028436654683167
3.004758131459407
2.9952343099378003
2.917924898671265
2.980891525318271
2.9423023055326687
3.093772546815388
3.0
3.03315017762062
2.8735244660769563
2.903200204700225
2.8685486624025445
2.81830749615033
2.501428163498376
2.495710605933995
2.449489742783178
2.5410908793553326
2.5523098781859765
2.5298221281347035
2.6619005025947695
2.808151400069855
2.715037489875337
2.5801439605461662
2.6021968740717085
2.591193878173865
2.524168887263404
2.3844735867092943
2.495710605933995
2.524168887263404
2.5185029566901727
2.3784749015162756
2.248809208701987
2.2614786566062732
2.2551528297909846
2.2296700588716196
2.210365192839022
2.2614786566062732
2.3603873774083293
2.3603873774083293
2.4201534780139164
2.4260491103261463
2.4083189157584592
2.390457218668787
2.4436506647695313
2.4083189157584592
2.3543273227945902
2.2866069685390684
2.305273457593635
2.18435999126256
2.18435999126256
2.210365192839022
2.23606797749979
2.177810171446801
2.1712405933672376
2.1908902300206643
2.2038926600773587
2.210365192839022
2.164651077128664
2.2296700588716196
2.117950491799628
2.1580414400893364
2.014235055087379
2.014235055087379
2.014235055087379
1.942016624910449
2.056349053193895
2.18435999126256
2.2038926600773587
2.0976176963403033
2.2614786566062732
2.2614786566062732
2.32992949004287
2.390457218668787
2.437797600880176
2.3176342617912282
2.4023797725231892
2.4669240534954224
2.3421601750764798
2.3543273227945902
2.3482516292522218
2.3176342617912282
2.32379000772445
2.4201534780139164
2.4319304501333328
2.274077520980446
2.197401062294143
2.1313979316066587
1.985662897587892
1.9566735620873066
2.1712405933672376
2.1313979316066587
2.1580414400893364
2.2038926600773587
2.2038926600773587
2.2296700588716196
2.274077520980446
2.29906813420444
2.197401062294143
2.042407542932745
2.007130147392398
1.9566735620873066
1.9198214202665531
1.9712215212183246
1.9784553859730358
2.02837021134844
2.0213149892370277
1.9198214202665531
1.8973665961010275
2.0213149892370277
1.9346465162548798
1.9198214202665531
1.9198214202665531
1.8361450300639575
1.820517979665599
1.7888543819998317
1.7888543819998317
1.8439088914585775
1.8516401995451028
2.0
2.1580414400893364
2.2677868380553634
2.2677868380553634
2.2232537288526344
2.2232537288526344
2.2232537288526344
2.280350850198276
2.23606797749979
2.2928460168844436
2.3482516292522218
2.32992949004287
2.2928460168844436
2.3844735867092943
2.23606797749979
2.2038926600773587
2.090796157311509
2.117950491799628
2.1246848505803664
2.1580414400893364
2.042407542932745
1.985662897587892
2.0770858707058104
2.1313979316066587
2.117950491799628
2.0976176963403033
2.0632844828435215
2.1111946516469904
2.1313979316066587
2.1313979316066587
2.1111946516469904
2.274077520980446
2.2928460168844436
2.242447642325552
2.18435999126256
2.18435999126256
2.18435999126256
2.2168188275738085
2.2168188275738085
2.2296700588716196
2.210365192839022
2.274077520980446
2.1712405933672376
1.992844341996778
2.0213149892370277
2.007130147392398
2.04939015319192
1.9123657749350298
1.889822365046136
1.889822365046136
1.9639610121239315
1.942016624910449
1.927248223318863
1.7888543819998317
1.7888543819998317
1.9784553859730358
1.867006771737662
1.8439088914585775
1.7566201313073597
1.7647338933351153
1.740279123753264
1.7320508075688772
1.6733200530681511
1.7968225924034427
1.7888543819998317
1.780850519113991
1.6647608150808246
1.6212869667555552
1.61245154965971
1.5766148184367308
1.5946338585572373
1.647508942095828
1.7071279138616748
1.647508942095828
1.5946338585572373
1.6035674514745464
1.6212869667555552
1.7154757774032086
1.7071279138616748
1.7071279138616748
1.6903085094570331
1.647508942095828
1.558387444947959
1.5118578920369088
1.4832396974191326
1.4832396974191326
1.4928400545843579
1.5306394555404428
1.5491933384829668
1.6300744943538186
1.6818357317441643
1.5675276256394517
1.5491933384829668
1.4540583599999397
1.4540583599999397
1.4638501094227998
1.3938641048743392
1.52127765851133
1.3732131246511903
1.3938641048743392
1.4928400545843579
1.4928400545843579
1.5118578920369088
1.5766148184367308
1.4832396974191326
1.52127765851133
1.5946338585572373
1.5946338585572373
1.6212869667555552
1.6300744943538186
1.558387444947959
1.6388149028228556
1.6818357317441643
1.6388149028228556
1.6388149028228556
1.6035674514745464
1.6035674514745464
1.4540583599999397
1.4540583599999397
1.4142135623730951
1.4638501094227998
1.4040757000349275
1.4342743312012722
1.424279266355945
1.3732131246511903
1.4540583599999397
1.4832396974191326
1.5023790657297036
1.52127765851133
1.4928400545843579
1.4540583599999397
1.5023790657297036
1.5766148184367308
1.5491933384829668
1.6388149028228556
1.6388149028228556
1.65615734242165
1.6647608150808246
1.65615734242165
1.647508942095828
1.6647608150808246
1.6647608150808246
1.6388149028228556
1.61245154965971
1.5856499343441837
1.6035674514745464
1.5856499343441837
1.5491933384829668
1.5399443403670703
1.4928400545843579
1.4735767952260144
1.4638501094227998
1.4540583599999397
1.4638501094227998
1.4638501094227998
1.4540583599999397
1.5946338585572373
1.5856499343441837
1.5766148184367308
1.5856499343441837
1.6647608150808246
1.65615734242165
1.65615734242165
1.6647608150808246
1.5856499343441837
1.6035674514745464
1.6388149028228556
1.7154757774032086
1.6212869667555552
1.5675276256394517
1.5491933384829668
1.5675276256394517
1.5946338585572373
1.558387444947959
1.6212869667555552
1.6300744943538186
1.6733200530681511
1.6647608150808246
1.65615734242165
1.5856499343441837
1.5766148184367308
1.6388149028228556
1.6388149028228556
1.7071279138616748
1.6733200530681511
1.7647338933351153
1.804755622554715
1.7728105208558367
1.7566201313073597
1.804755622554715
1.8283482006601322
1.8126539343499315
1.8126539343499315
1.7320508075688772
1.740279123753264
1.740279123753264
1.6818357317441643
1.6818357317441643
1.7154757774032086
1.7071279138616748
1.6733200530681511
1.6987390281365427
1.6987390281365427
1.6212869667555552
1.5856499343441837
1.5306394555404428
1.5306394555404428
1.5306394555404428
1.5491933384829668
1.558387444947959
1.558387444947959
1.5856499343441837
1.5946338585572373
1.5766148184367308
1.5766148184367308
1.5675276256394517
1.5946338585572373
1.6212869667555552
1.6212869667555552
1.6035674514745464
1.6035674514745464
1.61245154965971
1.6388149028228556
1.7154757774032086
1.6903085094570331
1.7320508075688772
1.647508942095828
1.5856499343441837
