21.737393719447734
17.16890877637331
17.35511451993331
16.6141076025338
16.20493751916372
14.603326431232812
12.929479052592512
11.829744593306195
11.198214143335536
11.494097864307825
11.230061696815637
10.453980786557544
9.606545387688245
8.45323268679757
8.407479663116307
8.4227582859095
8.039189724628436
8.838228652523407
7.9910664405411405
7.859480171832522
7.694153624668538
7.662524761087935
7.832168099757381
7.295791350399998
6.969320524371696
6.716716885077538
6.507138936802959
6.1574577314250165
6.0592314458424275
6.141195788629908
5.6137586084802145
5.531726674375733
6.096837587752241
6.10386294547501
6.143521558752532
6.286038952654184
5.96417878432803
5.932958789676531
5.737097324805089
5.498051602938211
5.393117306874966
5.286100371999868
5.536889276222061
5.572893580281509
5.8088602275194345
5.830951894845301
5.694608979427072
5.744562646538029
5.732115042211108
5.641681613541429
5.138093031466052
4.98282765391012
5.245406153415169
5.747048932153913
5.661902759421329
5.521386989309324
5.641681613541429
5.621387729022079
5.490251100164468
5.518799041199349
5.323801005189539
5.379856609878849
5.403702434442518
5.264435935053794
5.48243949872161
5.458937625582473
5.534308577281486
5.529143565818179
5.395765535518173
5.560061664611798
5.1796304335899706
5.11021386189323
4.878524367060187
4.928053803045811
4.954074801903696
4.807731867969107
5.034168962485977
5.104619756371953
4.948304182820038
5.11300861947808
5.0142653642240695
4.638349460129725
4.7086546455891805
4.69041575982343
4.753945729601885
4.971346468944376
4.994282445242474
4.8667971280621805
4.9106298694043025
4.930951806120773
4.6475800154489
5.037005913380345
5.0737419271044075
4.8373546489791295
4.901894677425396
4.622924244612772
4.316082880178673
4.47213595499958
4.516635916254486
4.420730385678044
4.484895284651104
4.538722287164087
4.69041575982343
4.6291004988627575
4.478520163753074
4.371988759624814
4.375255094603872
4.398051516621553
4.513471897711181
4.414262598182655
4.735881272643079
4.595028369257987
4.563832975533989
4.443293501768384
4.484895284651104
4.535573676110727
4.2594432902501635
4.133486940310116
4.202040320742158
4.088310863215481
4.0035698356056475
3.8692930325097596
3.9023802260378764
3.9388178066884123
3.8950518060006045
3.884033249820898
3.7416573867739413
3.8247315498700596
4.042629978474055
4.077814540727843
4.2560880764248425
4.164475614390981
4.024922359499621
3.924283374069717
3.8507884164897233
3.9677269491305904
4.028470110174758
3.8247315498700596
3.9424430424366492
3.790966706715923
3.672290060127915
3.6683978597124463
3.641035959331198
3.7263540204487127
3.861901826080735
3.790966706715923
3.861901826080735
3.9424430424366492
3.913347124174613
3.880353444873657
3.8172540616821107
3.8950518060006045
3.865599195837192
3.843361623816912
3.8766701469910267
3.8913824205360674
3.790966706715923
3.82099463490856
3.9023802260378764
3.6839419880650364
3.5777087639996634
3.5050983275386565
3.418437404094784
3.418437404094784
3.553670135025398
3.521363372331802
3.3423687066852112
3.5173041624841845
3.521363372331802
3.3509060608395793
3.521363372331802
3.687817782917155
3.5173041624841845
3.621365172733304
3.5777087639996634
3.5456210417116734
3.764495792457281
3.734013543475324
3.783422486887463
3.625307868699863
3.6292462814513664
3.680062111277083
3.7109875466550104
3.6134668750581977
3.6449573777637356
3.492849839314596
3.320929301953209
3.3636714634883287
3.4351128074635335
3.484660262185848
3.277629805645711
3.251373336211726
3.2469766156929962
3.175801361186541
3.148695875165735
3.2469766156929962
3.0
2.833473385894321
2.8535691936340255
2.7097706808616007
2.6832815729997477
2.585674822114004
2.6457513110645907
2.7097706808616007
2.585674822114004
2.5746012173871566
2.6886002731107927
2.6726124191242437
2.591193878173865
2.5467065566559266
2.569046515733026
2.7877282097486784
2.833473385894321
2.878491668515698
2.8030595529069404
2.7979584393931636
2.741219749360805
2.8030595529069404
2.715037489875337
2.6403462976338106
2.715037489875337
2.767154288640743
2.7877282097486784
2.7307769694983985
2.656528346760647
2.715037489875337
2.8284271247461903
2.6619005025947695
2.741219749360805
2.8535691936340255
2.8030595529069404
2.81830749615033
2.756809750418044
2.6619005025947695
2.6403462976338106
2.5523098781859765
2.6457513110645907
2.6726124191242437
2.8030595529069404
2.8735244660769563
2.8585710716070314
2.7774602993176543
2.6939084723024385
2.4201534780139164
2.2928460168844436
2.32992949004287
2.3543273227945902
2.5410908793553326
2.3482516292522218
2.2296700588716196
2.248809208701987
2.2551528297909846
2.32992949004287
2.3176342617912282
2.32379000772445
2.2296700588716196
2.4260491103261463
2.3603873774083293
2.2551528297909846
2.3482516292522218
2.449489742783178
2.4842360136324753
2.4784787961282104
2.4083189157584592
2.4083189157584592
2.3964259101539405
2.4083189157584592
2.4899799195977463
2.5467065566559266
2.6021968740717085
2.585674822114004
2.3784749015162756
2.4142434484888695
2.390457218668787
2.2677868380553634
2.3784749015162756
2.274077520980446
2.274077520980446
2.2866069685390684
2.3603873774083293
2.336052836975837
2.390457218668787
2.2614786566062732
2.2232537288526344
2.3543273227945902
2.336052836975837
2.3724610489050035
2.3176342617912282
2.3176342617912282
2.3176342617912282
2.3784749015162756
2.3724610489050035
2.2866069685390684
2.2232537288526344
2.3176342617912282
2.3543273227945902
2.1908902300206643
2.18435999126256
2.305273457593635
2.449489742783178
2.501428163498376
2.5071326821120348
2.4260491103261463
2.4083189157584592
2.3421601750764798
2.524168887263404
2.5746012173871566
2.613153540948451
2.5467065566559266
2.6295029405356662
2.5634797778466227
2.6619005025947695
2.613153540948451
2.6619005025947695
2.6403462976338106
2.667261838343906
2.7464262493023806
2.7255405754769875
2.7255405754769875
2.7979584393931636
2.81830749615033
2.6939084723024385
2.6886002731107927
2.699206232527312
2.6403462976338106
2.5467065566559266
2.5634797778466227
2.6886002731107927
2.591193878173865
2.667261838343906
2.7360033416855116
2.7202941017470885
2.699206232527312
2.6779523094014523
2.5746012173871566
2.6457513110645907
2.6295029405356662
2.4553149347021512
2.4899799195977463
2.4260491103261463
2.4260491103261463
2.4083189157584592
2.311462122306386
2.3603873774083293
2.248809208701987
2.32992949004287
2.3176342617912282
2.4784787961282104
2.4083189157584592
2.4727081741050063
2.4899799195977463
2.5071326821120348
2.495710605933995
2.53546276418555
2.6186146828319083
2.6457513110645907
2.699206232527312
2.6403462976338106
2.6076809620810595
2.613153540948451
2.6457513110645907
2.596701204000403
2.81830749615033
2.6240644591385873
2.6295029405356662
2.5579009251449016
2.591193878173865
2.613153540948451
2.6403462976338106
2.596701204000403
2.5071326821120348
2.390457218668787
2.501428163498376
2.5746012173871566
2.524168887263404
2.4553149347021512
2.5071326821120348
2.5523098781859765
2.311462122306386
2.4727081741050063
2.569046515733026
2.6295029405356662
2.6021968740717085
2.596701204000403
2.6295029405356662
2.6021968740717085
2.5801439605461662
2.6457513110645907
2.6457513110645907
2.5801439605461662
2.613153540948451
2.524168887263404
2.65114530506561
2.4899799195977463
2.667261838343906
2.6403462976338106
2.449489742783178
2.6021968740717085
2.5071326821120348
2.6403462976338106
