10.812690956199836
8.838228652523407
8.136338242723197
7.248645193610813
6.367327315511363
6.909620622209091
6.8222325629413385
6.620315055083967
6.600865744084526
6.2289646009589745
5.803939548764639
5.31843156256751
5.201648090475062
5.048337774526808
4.98282765391012
4.819602828923918
4.3490557267395085
4.427188724235731
4.242640687119285
4.249369701160733
4.296177703161597
3.8172540616821107
3.82099463490856
3.913347124174613
3.8060102844992794
3.672290060127915
3.7186787208054732
3.180296482135858
3.070597894314954
3.148695875165735
2.8385106758902383
2.9277002188455996
2.9664793948382653
2.9760952365713798
2.8233718443429607
2.8385106758902383
2.7877282097486784
2.7723120830300267
2.7516228977511745
2.8585710716070314
2.7516228977511745
2.53546276418555
2.6295029405356662
2.569046515733026
2.6886002731107927
2.6403462976338106
2.792848008753788
2.569046515733026
2.6295029405356662
2.6779523094014523
2.6779523094014523
2.699206232527312
2.613153540948451
2.7202941017470885
2.6619005025947695
2.7097706808616007
2.741219749360805
2.8284271247461903
2.715037489875337
2.7255405754769875
2.7619868624907378
2.7979584393931636
2.715037489875337
2.4784787961282104
2.53546276418555
2.699206232527312
2.704493615131253
2.5467065566559266
2.5071326821120348
2.7464262493023806
2.8535691936340255
2.888400447108597
2.833473385894321
2.792848008753788
2.808151400069855
2.7464262493023806
2.6240644591385873
2.7825989906663056
2.7979584393931636
2.756809750418044
2.6457513110645907
2.6021968740717085
2.741219749360805
2.6939084723024385
2.6832815729997477
2.585674822114004
2.656528346760647
2.5298221281347035
2.6076809620810595
2.5185029566901727
2.53546276418555
2.4784787961282104
2.4669240534954224
2.4553149347021512
2.4553149347021512
2.585674822114004
2.4727081741050063
2.3844735867092943
2.3543273227945902
2.3784749015162756
2.3844735867092943
2.390457218668787
2.4319304501333328
2.4553149347021512
2.437797600880176
2.569046515733026
2.6295029405356662
2.699206232527312
2.6779523094014523
2.6349301969610397
2.6021968740717085
2.5801439605461662
2.569046515733026
2.53546276418555
2.4899799195977463
2.5185029566901727
2.4436506647695313
2.449489742783178
2.3543273227945902
2.4142434484888695
2.4142434484888695
2.2614786566062732
2.3664319132398464
2.3482516292522218
2.2296700588716196
2.23606797749979
2.2928460168844436
2.390457218668787
2.3603873774083293
2.390457218668787
2.3603873774083293
2.336052836975837
2.274077520980446
2.32379000772445
2.3176342617912282
2.29906813420444
2.3543273227945902
2.336052836975837
2.1712405933672376
2.210365192839022
2.2038926600773587
2.2038926600773587
2.197401062294143
2.1908902300206643
2.1514114968019085
2.117950491799628
2.2038926600773587
2.2232537288526344
2.2296700588716196
2.2614786566062732
2.4260491103261463
2.3784749015162756
2.3603873774083293
2.336052836975837
2.274077520980446
2.23606797749979
2.242447642325552
2.197401062294143
2.2928460168844436
2.23606797749979
2.280350850198276
2.29906813420444
2.274077520980446
2.2677868380553634
2.305273457593635
2.2928460168844436
2.3421601750764798
2.014235055087379
2.3543273227945902
2.280350850198276
2.3603873774083293
2.3421601750764798
2.3176342617912282
2.4784787961282104
2.437797600880176
2.437797600880176
2.242447642325552
2.274077520980446
2.242447642325552
2.242447642325552
2.2614786566062732
2.4436506647695313
2.3482516292522218
2.390457218668787
2.1514114968019085
1.9784553859730358
1.8822478962286404
1.889822365046136
1.9048809486609468
1.8973665961010275
1.9639610121239315
1.985662897587892
1.992844341996778
1.927248223318863
1.9566735620873066
1.942016624910449
1.867006771737662
1.8361450300639575
1.8361450300639575
1.9784553859730358
1.9784553859730358
2.0
2.02837021134844
2.0354009783964297
2.04939015319192
2.090796157311509
2.0701966780270626
2.0354009783964297
2.0701966780270626
2.0701966780270626
2.007130147392398
2.007130147392398
2.0213149892370277
1.9712215212183246
2.0
2.042407542932745
2.0213149892370277
2.0213149892370277
2.042407542932745
2.042407542932745
2.02837021134844
2.117950491799628
2.104417123236605
2.0213149892370277
2.0354009783964297
2.014235055087379
2.0354009783964297
1.9639610121239315
1.8516401995451028
1.8746428231227714
1.9712215212183246
1.9712215212183246
2.014235055087379
1.889822365046136
1.820517979665599
1.8822478962286404
1.889822365046136
1.8822478962286404
1.740279123753264
1.7968225924034427
1.780850519113991
1.7888543819998317
1.7484687178050562
1.6388149028228556
1.7071279138616748
1.6388149028228556
1.7647338933351153
1.61245154965971
1.52127765851133
1.6388149028228556
1.6987390281365427
1.6212869667555552
1.65615734242165
1.61245154965971
1.5491933384829668
1.7647338933351153
1.7071279138616748
1.6903085094570331
1.6388149028228556
1.6818357317441643
1.6733200530681511
1.6035674514745464
1.6035674514745464
1.5766148184367308
1.5491933384829668
1.5399443403670703
1.4735767952260144
1.4928400545843579
1.4928400545843579
1.52127765851133
1.4928400545843579
1.4040757000349275
1.4638501094227998
1.4442002235542986
1.4442002235542986
1.424279266355945
1.3732131246511903
1.4928400545843579
1.4928400545843579
1.4735767952260144
1.3835771443203715
1.2983506020002016
1.2983506020002016
1.4142135623730951
1.3627702877384937
1.4342743312012722
1.4540583599999397
1.4342743312012722
1.3938641048743392
1.4638501094227998
1.3938641048743392
1.52127765851133
1.52127765851133
1.4735767952260144
1.4342743312012722
1.4040757000349275
1.424279266355945
1.424279266355945
1.4142135623730951
1.4142135623730951
1.4342743312012722
1.4342743312012722
1.1588171308956141
1.1710800875382399
1.1710800875382399
1.1710800875382399
1.1710800875382399
1.1588171308956141
1.1832159566199232
1.2421180068162376
1.2761549390929883
1.3093073414159542
1.3522468075656264
1.3522468075656264
1.3835771443203715
1.3835771443203715
1.3835771443203715
1.3732131246511903
1.3732131246511903
1.3732131246511903
1.3522468075656264
1.3627702877384937
1.3732131246511903
1.3201731488169053
1.3201731488169053
1.3309502512973848
1.4638501094227998
1.4832396974191326
1.5118578920369088
1.5023790657297036
1.5023790657297036
1.5023790657297036
1.4928400545843579
1.4928400545843579
1.4832396974191326
1.5023790657297036
1.52127765851133
1.5023790657297036
1.5023790657297036
1.4928400545843579
1.5399443403670703
1.4638501094227998
1.4638501094227998
1.5023790657297036
1.3093073414159542
1.4142135623730951
1.4142135623730951
1.4442002235542986
1.4638501094227998
1.4928400545843579
1.5023790657297036
1.4342743312012722
1.424279266355945
1.3732131246511903
1.3522468075656264
1.3627702877384937
1.4142135623730951
1.3938641048743392
1.3938641048743392
1.3416407864998738
1.3309502512973848
1.2535663410560174
1.2535663410560174
1.1464230084422218
1.1832159566199232
1.2873006086935783
1.2761549390929883
1.2761549390929883
1.2421180068162376
1.218898800440088
1.2421180068162376
1.2535663410560174
1.2873006086935783
1.2873006086935783
1.2761549390929883
1.5023790657297036
1.5118578920369088
1.52127765851133
1.4735767952260144
1.4638501094227998
1.4540583599999397
1.4142135623730951
1.3732131246511903
1.3522468075656264
1.3522468075656264
1.4040757000349275
1.424279266355945
1.424279266355945
1.4735767952260144
1.4735767952260144
1.4142135623730951
1.4540583599999397
1.4638501094227998
1.4638501094227998
1.4928400545843579
1.52127765851133
1.5023790657297036
1.5399443403670703
1.5306394555404428
1.52127765851133
