9.242757782641036
8.781474005785459
8.59401785296859
8.332380897952964
7.421975093310021
6.8868404532536855
6.06630035524124
5.48243949872161
5.848076606885378
5.7817446699565895
4.8550415622761225
4.449719092257398
4.8225660033993165
4.61054691518727
4.846206174495085
5.201648090475062
5.124172407047099
4.613644360558612
4.417497675640103
4.286190449738388
4.18500725379129
3.6527875852363962
3.6994208040873486
3.8507884164897233
3.828464817278965
3.6566964013202643
3.5132402626147194
3.553670135025398
3.476451392686842
3.3295216301616493
3.56971387408811
3.7109875466550104
3.5777087639996634
3.525417908358019
3.3166247903554
3.5816995167896803
3.3380918415851206
3.238165265349236
3.255764119219941
3.009508740167215
3.1304951684997055
3.102993945945017
3.1304951684997055
3.3466401061363023
3.3423687066852112
3.148695875165735
3.1892677171144745
3.180296482135858
3.1577568892219317
3.3166247903554
3.4599752269963684
3.492849839314596
3.5294677866702306
3.5132402626147194
3.320929301953209
3.3423687066852112
3.202677451312083
3.0983866769659336
3.202677451312083
3.1712998686883673
3.1350552512789034
3.009508740167215
2.9664793948382653
2.937443008565686
3.04255531702266
3.1213550171131033
3.3166247903554
3.2160312720583337
3.1712998686883673
3.028436654683167
3.028436654683167
2.833473385894321
2.9952343099378003
2.9568322818274866
3.056608765095256
3.03315017762062
3.0
2.9471535904520287
2.8735244660769563
2.833473385894321
2.6619005025947695
2.6779523094014523
2.704493615131253
2.6886002731107927
2.9277002188455996
2.715037489875337
2.7877282097486784
2.8030595529069404
2.9081167199998794
2.8535691936340255
2.8834503141697647
2.917924898671265
2.7877282097486784
2.7774602993176543
2.741219749360805
2.6726124191242437
2.667261838343906
2.7307769694983985
2.843539042410757
2.7255405754769875
2.7464262493023806
2.7307769694983985
2.7723120830300267
2.5579009251449016
2.4553149347021512
2.5071326821120348
2.4142434484888695
2.3724610489050035
2.461126339126632
2.449489742783178
2.2614786566062732
2.2168188275738085
2.311462122306386
2.336052836975837
2.248809208701987
2.2614786566062732
2.1908902300206643
2.197401062294143
2.1514114968019085
2.042407542932745
2.04939015319192
2.014235055087379
1.9198214202665531
1.8361450300639575
1.9346465162548798
2.1313979316066587
2.02837021134844
2.0
2.02837021134844
2.02837021134844
1.992844341996778
1.9346465162548798
1.867006771737662
1.8593393604027366
1.867006771737662
1.8361450300639575
1.8516401995451028
1.780850519113991
1.780850519113991
1.7728105208558367
1.804755622554715
1.8973665961010275
1.8516401995451028
1.942016624910449
1.9712215212183246
1.992844341996778
2.0770858707058104
2.042407542932745
2.1111946516469904
1.9712215212183246
2.0632844828435215
2.0
2.02837021134844
1.9566735620873066
1.9346465162548798
1.9123657749350298
1.8973665961010275
1.942016624910449
1.9346465162548798
2.0354009783964297
2.007130147392398
2.0213149892370277
2.0770858707058104
2.0354009783964297
2.056349053193895
2.0632844828435215
1.992844341996778
1.8283482006601322
1.8439088914585775
1.8361450300639575
1.7647338933351153
1.804755622554715
1.8361450300639575
1.7728105208558367
1.7484687178050562
1.740279123753264
1.8822478962286404
1.9566735620873066
1.9123657749350298
1.9198214202665531
1.9346465162548798
1.8283482006601322
1.780850519113991
1.740279123753264
1.647508942095828
1.889822365046136
1.8593393604027366
1.8283482006601322
1.8973665961010275
2.056349053193895
1.9493588689617927
1.8126539343499315
1.7968225924034427
1.8361450300639575
1.7888543819998317
1.7888543819998317
1.740279123753264
1.7237832147426693
1.7320508075688772
1.7647338933351153
1.6987390281365427
1.6987390281365427
1.6987390281365427
1.7154757774032086
1.9566735620873066
1.8973665961010275
1.804755622554715
1.804755622554715
1.820517979665599
1.8283482006601322
1.867006771737662
1.7566201313073597
1.7566201313073597
1.6733200530681511
1.8361450300639575
1.7728105208558367
1.7728105208558367
1.7566201313073597
1.7647338933351153
1.7484687178050562
1.804755622554715
1.780850519113991
1.7888543819998317
1.7320508075688772
1.780850519113991
1.820517979665599
1.8822478962286404
1.8593393604027366
1.8126539343499315
1.867006771737662
1.8746428231227714
1.9198214202665531
1.820517979665599
1.780850519113991
1.8126539343499315
1.65615734242165
1.6987390281365427
1.6987390281365427
1.6388149028228556
1.647508942095828
1.7728105208558367
1.7237832147426693
1.7154757774032086
1.8593393604027366
1.7320508075688772
1.7237832147426693
1.6647608150808246
1.6818357317441643
1.7154757774032086
1.7237832147426693
1.6212869667555552
1.7484687178050562
1.7888543819998317
1.7237832147426693
1.7237832147426693
1.6388149028228556
1.5491933384829668
1.52127765851133
1.61245154965971
1.6035674514745464
1.6300744943538186
1.5946338585572373
1.6035674514745464
1.647508942095828
1.6388149028228556
1.6300744943538186
1.61245154965971
1.5675276256394517
1.5306394555404428
1.52127765851133
1.5399443403670703
1.4638501094227998
1.4540583599999397
1.3522468075656264
1.3093073414159542
1.2983506020002016
1.3093073414159542
1.3416407864998738
1.3416407864998738
1.3416407864998738
1.3627702877384937
1.3093073414159542
1.2983506020002016
1.2649110640673518
1.3309502512973848
1.3938641048743392
1.4142135623730951
1.4040757000349275
1.3835771443203715
1.4442002235542986
1.4540583599999397
1.4832396974191326
1.4540583599999397
1.5023790657297036
1.5023790657297036
1.4442002235542986
1.5118578920369088
1.4342743312012722
1.3938641048743392
1.3938641048743392
1.4142135623730951
1.3093073414159542
1.2535663410560174
1.2071217242444348
1.2873006086935783
1.1832159566199232
1.1710800875382399
1.2649110640673518
1.218898800440088
1.1952286093343936
1.1710800875382399
1.1710800875382399
1.1832159566199232
1.1588171308956141
1.121223821162776
1.1084094137869043
1.1832159566199232
1.1588171308956141
1.1338934190276817
1.1832159566199232
1.1710800875382399
1.1952286093343936
1.2071217242444348
1.2761549390929883
1.2873006086935783
1.3732131246511903
1.3201731488169053
1.2649110640673518
1.1338934190276817
1.1084094137869043
1.121223821162776
1.1338934190276817
1.1338934190276817
1.1588171308956141
1.1952286093343936
1.1464230084422218
1.1464230084422218
1.1084094137869043
1.1588171308956141
1.1588171308956141
1.3093073414159542
1.3093073414159542
1.3201731488169053
1.3201731488169053
1.3093073414159542
1.230563169563316
1.230563169563316
1.230563169563316
1.230563169563316
1.230563169563316
1.2983506020002016
1.2983506020002016
1.3416407864998738
1.3309502512973848
1.3309502512973848
1.2983506020002016
1.2535663410560174
1.2535663410560174
1.2761549390929883
1.2421180068162376
1.2421180068162376
1.2535663410560174
1.218898800440088
1.3522468075656264
1.3522468075656264
1.3522468075656264
1.3416407864998738
1.3416407864998738
1.3416407864998738
1.3732131246511903
1.3627702877384937
1.2649110640673518
1.2649110640673518
1.2649110640673518
1.2761549390929883
1.3093073414159542
1.3093073414159542
1.3522468075656264
1.3732131246511903
1.3732131246511903
1.3732131246511903
1.3309502512973848
1.3309502512973848
1.3201731488169053
1.3309502512973848
1.3309502512973848
1.3416407864998738
1.4342743312012722
1.424279266355945
1.4832396974191326
1.52127765851133
1.5023790657297036
1.424279266355945
1.4342743312012722
1.424279266355945
1.3938641048743392
1.3938641048743392
1.3732131246511903
1.4040757000349275
1.3732131246511903
