8.18535277187245
7.85175139698144
5.774945887192364
5.9076221950967716
5.13322510708424
5.034878350069642
4.189272013130682
3.987480407475377
3.5846896657869842
3.3541019662496847
3.0413812651491097
3.0166206257996713
2.6832815729997477
2.9916550603303182
3.278719262151
2.8548204847240397
3.1543620591175006
3.082207001484488
2.5099800796022267
2.80178514522438
3.1937438845342623
3.138470965295043
3.0903074280724887
2.9832867780352594
2.7748873851023217
2.692582403567252
2.588435821108957
2.7202941017470885
2.8460498941515415
2.6832815729997477
2.898275349237888
2.8284271247461903
3.0495901363953815
3.138470965295043
3.0740852297878796
2.7838821814150108
2.6172504656604803
2.6551836094703507
2.6457513110645907
2.598076211353316
2.3769728648009427
2.345207879911715
2.3664319132398464
2.3130067012440754
2.224859546128699
2.0248456731316584
2.280350850198276
2.29128784747792
2.23606797749979
2.3874672772626644
2.280350850198276
2.1447610589527217
2.085665361461421
2.1330729007701543
2.355843797877949
2.202271554554524
2.085665361461421
2.5495097567963922
2.3874672772626644
2.449489742783178
2.756809750418044
2.7386127875258306
2.6267851073127395
2.7658633371878665
2.701851217221259
2.6267851073127395
2.6457513110645907
2.179449471770337
2.0248456731316584
2.224859546128699
2.1330729007701543
2.4186773244895647
2.4186773244895647
2.5787593916455256
2.588435821108957
2.5495097567963922
2.6832815729997477
2.5787593916455256
2.5592967784139455
2.16794833886788
2.4596747752497685
2.258317958127243
2.6362852652928135
2.5592967784139455
2.3874672772626644
2.29128784747792
2.3979157616563596
2.5099800796022267
2.5592967784139455
2.479919353527449
2.3664319132398464
2.355843797877949
2.202271554554524
2.355843797877949
2.6076809620810595
2.3769728648009427
2.3021728866442674
2.280350850198276
2.345207879911715
2.5298221281347035
2.4899799195977463
2.4186773244895647
2.3874672772626644
2.3664319132398464
2.4596747752497685
2.449489742783178
2.355843797877949
2.355843797877949
2.085665361461421
2.2693611435820435
2.1908902300206643
2.0248456731316584
2.32379000772445
2.16794833886788
2.1330729007701543
1.9748417658131499
1.8841443681416772
1.9748417658131499
1.9621416870348585
1.9748417658131499
2.2135943621178655
2.073644135332772
2.29128784747792
2.3021728866442674
2.179449471770337
2.1213203435596424
2.1447610589527217
1.9874606914351791
2.1095023109728985
1.8708286933869707
1.857417562100671
1.91049731745428
1.9874606914351791
2.0976176963403033
2.0615528128088303
2.0615528128088303
2.1563858652847827
2.1447610589527217
2.2135943621178655
2.280350850198276
2.2693611435820435
2.0615528128088303
2.258317958127243
2.29128784747792
2.2693611435820435
2.0124611797498106
2.1095023109728985
2.0371548787463363
2.1095023109728985
2.1447610589527217
2.3345235059857505
2.3130067012440754
2.1563858652847827
2.4186773244895647
2.4289915602982237
2.5199206336708304
2.085665361461421
2.4083189157584592
2.4392621835300936
1.8708286933869707
1.8841443681416772
1.91049731745428
1.8303005217723127
1.7888543819998317
2.0
2.0124611797498106
1.9874606914351791
1.9874606914351791
1.9493588689617927
1.8439088914585775
1.9621416870348585
2.0248456731316584
1.9364916731037085
1.9748417658131499
1.8439088914585775
1.8708286933869707
1.8708286933869707
1.7175564037317668
1.7175564037317668
1.8439088914585775
1.8027756377319946
1.8708286933869707
1.7175564037317668
1.8303005217723127
1.6583123951777
1.7320508075688772
1.760681686165901
2.0
1.8027756377319946
1.7320508075688772
1.7320508075688772
1.224744871391589
1.6278820596099706
1.6431676725154984
1.8973665961010275
1.6583123951777
1.5329709716755893
1.449137674618944
1.3228756555322954
1.8027756377319946
1.7748239349298849
1.7748239349298849
1.8439088914585775
1.8439088914585775
1.7748239349298849
1.8841443681416772
1.7748239349298849
1.816590212458495
1.51657508881031
1.5968719422671311
1.5491933384829668
1.449137674618944
1.4142135623730951
1.51657508881031
1.6278820596099706
1.6733200530681511
1.6278820596099706
1.8303005217723127
1.8027756377319946
1.8027756377319946
1.8439088914585775
1.9235384061671346
1.8439088914585775
1.760681686165901
1.7320508075688772
1.7320508075688772
1.746424919657298
1.7320508075688772
1.70293863659264
1.61245154965971
1.6431676725154984
1.6583123951777
1.8303005217723127
1.7888543819998317
1.8027756377319946
1.7748239349298849
1.7320508075688772
1.6431676725154984
1.61245154965971
1.8027756377319946
1.746424919657298
1.449137674618944
1.3601470508735443
1.396424004376894
1.4317821063276353
1.449137674618944
1.4142135623730951
1.51657508881031
1.4832396974191326
1.5652475842498528
1.5491933384829668
1.5811388300841898
1.4832396974191326
1.449137674618944
1.449137674618944
1.449137674618944
1.3601470508735443
1.3416407864998738
1.449137674618944
1.51657508881031
1.51657508881031
1.396424004376894
1.378404875209022
1.3416407864998738
1.284523257866513
1.3038404810405297
1.449137674618944
1.3601470508735443
1.378404875209022
1.378404875209022
1.4317821063276353
1.51657508881031
1.449137674618944
1.466287829861518
1.396424004376894
1.4142135623730951
1.4142135623730951
1.2449899597988732
1.3601470508735443
1.5329709716755893
1.3601470508735443
1.3228756555322954
1.2041594578792296
1.284523257866513
1.396424004376894
1.3601470508735443
1.3416407864998738
1.378404875209022
1.4317821063276353
1.3601470508735443
1.284523257866513
1.2449899597988732
1.3601470508735443
1.4142135623730951
1.4142135623730951
1.4142135623730951
1.4142135623730951
1.396424004376894
1.396424004376894
1.2649110640673518
1.2041594578792296
1.284523257866513
1.2449899597988732
1.140175425099138
1.2449899597988732
1.2649110640673518
1.3038404810405297
1.161895003862225
1.161895003862225
1.118033988749895
1.118033988749895
1.0954451150103321
1.0
0.9746794344808963
1.02469507659596
1.0
1.0
1.0
1.02469507659596
1.0
0.8660254037844386
0.9219544457292888
0.9486832980505138
0.9746794344808963
0.9746794344808963
1.02469507659596
1.0954451150103321
1.2041594578792296
1.224744871391589
1.224744871391589
1.2449899597988732
1.0488088481701516
1.161895003862225
1.2449899597988732
1.2449899597988732
1.224744871391589
1.3038404810405297
1.378404875209022
1.2041594578792296
1.2041594578792296
1.3038404810405297
1.2649110640673518
1.118033988749895
1.1832159566199232
1.2041594578792296
1.3038404810405297
1.284523257866513
1.2041594578792296
1.118033988749895
1.0723805294763609
1.161895003862225
1.161895003862225
1.161895003862225
1.118033988749895
1.0488088481701516
1.0954451150103321
1.0954451150103321
1.118033988749895
1.140175425099138
1.118033988749895
1.0954451150103321
1.0954451150103321
1.0488088481701516
1.0
1.0
1.0
1.02469507659596
1.02469507659596
1.0
1.02469507659596
1.140175425099138
1.02469507659596
1.140175425099138
1.0488088481701516
1.02469507659596
1.0488088481701516
1.161895003862225
1.161895003862225
1.2041594578792296
1.1832159566199232
1.1832159566199232
1.161895003862225
1.1832159566199232
1.140175425099138
1.2649110640673518
1.224744871391589
1.224744871391589
1.284523257866513
1.284523257866513
1.284523257866513
1.396424004376894
1.449137674618944
1.284523257866513
1.3416407864998738
1.2649110640673518
1.2649110640673518
1.3601470508735443
1.224744871391589
1.2649110640673518
1.284523257866513
