10.564090116995406
7.57957782465488
8.58195781858662
7.968688725254614
7.858116822750856
7.439758060582347
6.410928169929843
5.966573556070519
5.6964901474504455
5.357238094391549
5.282045058497703
5.128352561983234
5.205766033928148
5.191338940966964
5.490901565316938
5.103920062069938
5.128352561983234
5.352569476429054
5.10881590977792
4.588027898781785
4.444097208657794
4.171330722922842
4.318564576337836
4.024922359499621
3.449637662132068
3.892300091205713
3.24037034920393
3.1622776601683795
3.5071355833500366
3.5846896657869842
3.591656999213594
3.646916505762094
3.8144462245521304
3.570714214271425
3.3466401061363023
3.556683848755748
3.170173496829472
3.0659419433511785
3.1144823004794873
2.932575659723036
3.057776970284131
2.6457513110645907
2.9154759474226504
3.0983866769659336
2.756809750418044
2.6551836094703507
2.8372521918222215
2.9832867780352594
2.8548204847240397
2.598076211353316
2.5495097567963922
2.598076211353316
2.3979157616563596
2.355843797877949
2.247220505424423
2.4596747752497685
2.4899799195977463
2.598076211353316
2.711088342345192
2.6832815729997477
2.258317958127243
2.4596747752497685
2.449489742783178
2.539685019840059
2.4083189157584592
2.0976176963403033
1.8303005217723127
1.760681686165901
1.8027756377319946
1.8708286933869707
1.9874606914351791
2.0248456731316584
2.073644135332772
1.9748417658131499
2.0615528128088303
2.0976176963403033
2.0248456731316584
1.9364916731037085
1.8841443681416772
1.6583123951777
1.6583123951777
1.8708286933869707
1.816590212458495
2.1213203435596424
2.23606797749979
1.7748239349298849
1.70293863659264
1.9364916731037085
1.9621416870348585
1.8303005217723127
1.857417562100671
1.8303005217723127
1.7888543819998317
1.760681686165901
1.857417562100671
1.6881943016134133
1.70293863659264
1.61245154965971
1.857417562100671
1.7175564037317668
1.61245154965971
1.7320508075688772
1.6733200530681511
1.9874606914351791
2.0371548787463363
1.9493588689617927
2.073644135332772
1.8027756377319946
1.8708286933869707
1.8841443681416772
1.7320508075688772
1.61245154965971
1.6583123951777
1.5329709716755893
1.6733200530681511
1.7175564037317668
1.61245154965971
1.51657508881031
1.5
1.3416407864998738
1.5
1.7175564037317668
1.7320508075688772
1.857417562100671
1.760681686165901
1.7320508075688772
1.5811388300841898
1.5329709716755893
1.5811388300841898
1.4317821063276353
1.4142135623730951
1.61245154965971
1.8303005217723127
1.9235384061671346
1.8303005217723127
1.7888543819998317
2.085665361461421
2.085665361461421
2.0615528128088303
1.9621416870348585
1.7888543819998317
2.0124611797498106
1.8841443681416772
1.9493588689617927
1.8841443681416772
2.073644135332772
1.8973665961010275
1.8303005217723127
1.91049731745428
1.6583123951777
1.7320508075688772
1.7320508075688772
1.70293863659264
1.9621416870348585
1.8973665961010275
2.0371548787463363
1.91049731745428
1.7748239349298849
1.760681686165901
2.1095023109728985
2.0371548787463363
2.1095023109728985
1.7748239349298849
1.7888543819998317
1.760681686165901
1.760681686165901
1.7320508075688772
1.8303005217723127
1.6583123951777
1.378404875209022
1.7320508075688772
1.9874606914351791
1.7175564037317668
1.6431676725154984
1.7888543819998317
1.8303005217723127
1.7320508075688772
1.8708286933869707
1.857417562100671
1.746424919657298
1.7888543819998317
1.5652475842498528
1.7175564037317668
1.7888543819998317
1.8027756377319946
1.7175564037317668
1.466287829861518
1.6733200530681511
1.5
1.5329709716755893
1.70293863659264
1.6278820596099706
1.3601470508735443
1.466287829861518
1.5
1.378404875209022
1.4142135623730951
1.7175564037317668
1.6583123951777
1.6431676725154984
1.378404875209022
1.7175564037317668
1.6881943016134133
1.466287829861518
1.7175564037317668
1.6733200530681511
1.7320508075688772
1.7888543819998317
1.7888543819998317
1.6431676725154984
1.51657508881031
1.4317821063276353
1.760681686165901
1.6733200530681511
1.5968719422671311
1.760681686165901
1.6881943016134133
1.6881943016134133
1.760681686165901
1.7320508075688772
1.70293863659264
1.6431676725154984
1.70293863659264
1.6583123951777
1.7175564037317668
1.6431676725154984
1.6431676725154984
1.857417562100671
1.8439088914585775
1.746424919657298
1.760681686165901
1.8303005217723127
1.8303005217723127
1.6733200530681511
1.5652475842498528
1.6431676725154984
1.61245154965971
1.4832396974191326
1.4832396974191326
1.5
1.5811388300841898
1.378404875209022
1.3601470508735443
1.284523257866513
1.5491933384829668
1.4142135623730951
1.3601470508735443
1.396424004376894
1.2649110640673518
1.4142135623730951
1.378404875209022
1.5
1.466287829861518
1.5491933384829668
1.396424004376894
1.5811388300841898
1.5811388300841898
1.5968719422671311
1.5329709716755893
1.5811388300841898
1.7320508075688772
1.746424919657298
1.6278820596099706
1.61245154965971
1.5968719422671311
1.7320508075688772
1.6431676725154984
1.6431676725154984
1.6278820596099706
1.70293863659264
1.7320508075688772
1.7320508075688772
1.7175564037317668
1.6881943016134133
1.70293863659264
1.70293863659264
1.6881943016134133
1.4832396974191326
1.51657508881031
1.6278820596099706
1.4832396974191326
1.4832396974191326
1.61245154965971
1.61245154965971
1.5968719422671311
1.5968719422671311
1.61245154965971
1.5968719422671311
1.5968719422671311
1.4317821063276353
1.4317821063276353
1.466287829861518
1.449137674618944
1.284523257866513
1.449137674618944
1.466287829861518
1.449137674618944
1.61245154965971
1.6278820596099706
1.3601470508735443
1.4317821063276353
1.3416407864998738
1.3228756555322954
1.0954451150103321
1.161895003862225
1.2649110640673518
1.224744871391589
1.1832159566199232
1.118033988749895
1.118033988749895
1.0954451150103321
1.118033988749895
1.224744871391589
1.2449899597988732
1.2649110640673518
1.3228756555322954
1.5329709716755893
1.4832396974191326
1.5652475842498528
1.51657508881031
1.4832396974191326
1.3601470508735443
1.161895003862225
1.161895003862225
1.118033988749895
1.284523257866513
1.2041594578792296
1.161895003862225
1.1832159566199232
1.02469507659596
1.0488088481701516
1.0
0.9486832980505138
0.9219544457292888
0.8660254037844386
0.806225774829855
0.8660254037844386
1.161895003862225
1.02469507659596
1.0954451150103321
0.8366600265340756
0.8944271909999159
0.7745966692414834
0.7745966692414834
0.8660254037844386
0.8366600265340756
0.8660254037844386
0.8660254037844386
0.8366600265340756
0.8944271909999159
0.8660254037844386
0.8660254037844386
0.8660254037844386
0.7745966692414834
0.8366600265340756
0.5477225575051661
0.5477225575051661
0.7071067811865476
0.7745966692414834
0.8660254037844386
0.8660254037844386
0.806225774829855
0.8366600265340756
0.8366600265340756
0.8660254037844386
0.9219544457292888
0.8660254037844386
0.7745966692414834
0.7745966692414834
0.8944271909999159
0.8660254037844386
0.806225774829855
0.7745966692414834
0.9219544457292888
0.9486832980505138
1.0
1.0
1.0723805294763609
1.0954451150103321
0.8944271909999159
0.8366600265340756
0.9486832980505138
0.9486832980505138
1.161895003862225
1.2041594578792296
1.161895003862225
1.02469507659596
1.0954451150103321
1.0
0.8944271909999159
1.0954451150103321
1.140175425099138
1.118033988749895
1.0954451150103321
1.0954451150103321
1.0723805294763609
1.0954451150103321
1.02469507659596
1.02469507659596
0.9219544457292888
