5.94258241123215
5.20713795806158
5.565197981332611
5.461553938996797
4.9106298694043025
4.286190449738388
4.420730385678044
5.3772005462215855
5.229039791668939
5.16582174350938
5.393117306874966
5.017113569716015
4.956957592256421
4.916444708468567
5.283397175519338
5.2317710740655095
4.913538149119954
4.6291004988627575
4.535573676110727
4.6843203501529596
4.801785382245114
4.513471897711181
4.266145801540309
4.032014739202085
4.171330722922842
4.063777271736939
4.021371478914697
4.136941589421552
4.095293465849373
3.6371103129505746
3.4517076519145875
3.3295216301616493
3.2645279685036943
3.1712998686883673
3.1622776601683795
3.1622776601683795
3.180296482135858
3.367915845572324
3.202677451312083
3.03315017762062
2.8535691936340255
2.8735244660769563
3.0189875313233268
2.951996902824546
2.8834503141697647
2.5523098781859765
2.6076809620810595
2.8635642126552705
2.878491668515698
2.8233718443429607
2.8385106758902383
2.6349301969610397
2.6403462976338106
2.7360033416855116
2.5410908793553326
2.53546276418555
2.7464262493023806
2.4319304501333328
2.4842360136324753
2.5467065566559266
2.6186146828319083
2.5410908793553326
2.524168887263404
2.4201534780139164
2.2677868380553634
2.305273457593635
2.2168188275738085
2.177810171446801
2.2038926600773587
2.0976176963403033
1.942016624910449
1.9048809486609468
1.9493588689617927
1.820517979665599
2.007130147392398
2.18435999126256
2.305273457593635
2.242447642325552
2.336052836975837
2.336052836975837
2.29906813420444
2.2928460168844436
2.18435999126256
2.197401062294143
2.1712405933672376
2.1580414400893364
2.1246848505803664
2.248809208701987
2.2677868380553634
2.2866069685390684
2.242447642325552
2.2677868380553634
2.2614786566062732
2.2551528297909846
2.210365192839022
2.210365192839022
2.2614786566062732
2.1447610589527217
2.0976176963403033
2.056349053193895
2.164651077128664
2.1246848505803664
2.138089935299395
2.18435999126256
2.23606797749979
2.311462122306386
2.311462122306386
2.242447642325552
2.2866069685390684
2.4083189157584592
2.3724610489050035
2.3543273227945902
2.336052836975837
2.2296700588716196
2.3844735867092943
2.3176342617912282
2.3176342617912282
2.1908902300206643
2.042407542932745
2.1111946516469904
2.197401062294143
2.1580414400893364
2.090796157311509
2.04939015319192
1.9784553859730358
2.117950491799628
2.138089935299395
2.0701966780270626
2.117950491799628
2.02837021134844
2.104417123236605
2.083952289006911
1.9639610121239315
2.083952289006911
2.1313979316066587
2.177810171446801
2.177810171446801
2.1447610589527217
2.0976176963403033
2.0976176963403033
2.0354009783964297
2.056349053193895
1.9346465162548798
1.9346465162548798
2.02837021134844
2.04939015319192
2.0976176963403033
2.083952289006911
2.02837021134844
2.0
2.056349053193895
2.0976176963403033
2.056349053193895
2.0
2.0
1.9639610121239315
1.867006771737662
1.8746428231227714
1.8593393604027366
1.7968225924034427
1.9123657749350298
1.927248223318863
1.8822478962286404
1.8822478962286404
1.9048809486609468
1.9123657749350298
1.867006771737662
1.867006771737662
1.804755622554715
1.8439088914585775
1.820517979665599
1.9048809486609468
1.9198214202665531
1.8593393604027366
1.8283482006601322
1.8822478962286404
1.9123657749350298
1.9123657749350298
1.9639610121239315
1.9566735620873066
2.02837021134844
2.083952289006911
2.083952289006911
2.083952289006911
2.083952289006911
2.042407542932745
2.042407542932745
2.056349053193895
2.056349053193895
2.04939015319192
2.0
1.985662897587892
2.02837021134844
2.0701966780270626
2.1111946516469904
2.04939015319192
2.0770858707058104
2.014235055087379
2.138089935299395
2.1447610589527217
2.1246848505803664
2.117950491799628
2.117950491799628
2.04939015319192
1.942016624910449
1.9493588689617927
1.9493588689617927
1.9493588689617927
1.9048809486609468
1.9123657749350298
1.9048809486609468
1.9346465162548798
1.889822365046136
1.8746428231227714
1.8973665961010275
1.8283482006601322
1.8593393604027366
1.9048809486609468
1.9048809486609468
1.9493588689617927
1.9048809486609468
1.820517979665599
1.8126539343499315
1.927248223318863
1.9198214202665531
1.8822478962286404
1.8822478962286404
1.889822365046136
1.820517979665599
1.8822478962286404
1.9123657749350298
1.927248223318863
1.889822365046136
1.7647338933351153
1.889822365046136
1.889822365046136
1.9048809486609468
1.8822478962286404
1.889822365046136
1.8361450300639575
1.7728105208558367
1.8593393604027366
1.8593393604027366
1.8361450300639575
1.8822478962286404
1.867006771737662
2.007130147392398
1.942016624910449
1.9493588689617927
1.9346465162548798
1.9346465162548798
1.9048809486609468
1.8973665961010275
2.0
1.985662897587892
2.014235055087379
2.0976176963403033
2.04939015319192
2.04939015319192
1.985662897587892
1.9784553859730358
1.7728105208558367
1.780850519113991
1.7888543819998317
1.7071279138616748
1.7320508075688772
1.7484687178050562
1.740279123753264
1.7071279138616748
1.6647608150808246
1.740279123753264
1.7888543819998317
1.7888543819998317
1.804755622554715
1.804755622554715
1.8126539343499315
1.7968225924034427
1.8126539343499315
1.8516401995451028
1.8439088914585775
1.780850519113991
1.780850519113991
1.8516401995451028
1.8516401995451028
1.7728105208558367
1.7728105208558367
1.7728105208558367
1.780850519113991
1.8283482006601322
1.7888543819998317
1.780850519113991
1.7237832147426693
1.7154757774032086
1.7154757774032086
1.6733200530681511
1.5306394555404428
1.3835771443203715
1.4735767952260144
1.4442002235542986
1.5306394555404428
1.52127765851133
1.52127765851133
1.52127765851133
1.52127765851133
1.52127765851133
1.52127765851133
1.5023790657297036
1.3938641048743392
1.4040757000349275
1.4638501094227998
1.4638501094227998
1.4040757000349275
1.4040757000349275
1.4832396974191326
1.4442002235542986
1.4735767952260144
1.5118578920369088
1.5118578920369088
1.4928400545843579
1.4832396974191326
1.52127765851133
1.5306394555404428
1.52127765851133
1.52127765851133
1.5023790657297036
1.52127765851133
1.5023790657297036
1.4928400545843579
1.4928400545843579
1.4638501094227998
1.5946338585572373
1.5946338585572373
1.5946338585572373
1.558387444947959
1.5118578920369088
1.52127765851133
1.3627702877384937
1.3835771443203715
1.3732131246511903
1.3938641048743392
1.3522468075656264
1.2649110640673518
1.2421180068162376
1.2421180068162376
1.2873006086935783
1.3835771443203715
1.3416407864998738
1.3416407864998738
1.3416407864998738
1.3835771443203715
1.4040757000349275
1.3835771443203715
1.3732131246511903
1.4832396974191326
1.4832396974191326
1.4928400545843579
1.4928400545843579
1.5118578920369088
1.6212869667555552
1.5946338585572373
1.6212869667555552
1.61245154965971
1.5856499343441837
1.5306394555404428
1.3627702877384937
1.3627702877384937
1.52127765851133
1.5306394555404428
1.6035674514745464
1.6388149028228556
1.6388149028228556
1.6388149028228556
1.6388149028228556
1.6388149028228556
1.558387444947959
1.5399443403670703
1.5399443403670703
1.5946338585572373
1.6733200530681511
1.647508942095828
1.647508942095828
1.7071279138616748
1.7071279138616748
1.6818357317441643
1.6818357317441643
1.6647608150808246
1.6818357317441643
1.6733200530681511
1.7484687178050562
1.7237832147426693
1.7320508075688772
1.7237832147426693
1.7237832147426693
1.7237832147426693
1.6733200530681511
1.6647608150808246
1.647508942095828
1.6300744943538186
1.65615734242165
1.6818357317441643
