22.474112091153106
18.69759342803239
16.722098296223816
15.738941696133375
13.887301496588272
15.078840425292277
12.372781186366883
10.32887768761516
10.501700542565203
10.607275131450383
10.871982339941507
10.047032255490032
9.458178622607148
10.631489614751613
9.66880107798864
9.091597376541861
9.471762545286158
8.91227083456127
8.094089554377671
8.40917865872082
7.640119669967779
7.788269567570376
7.727501906456298
7.944449994448056
8.227132810749701
7.683005364346132
7.452708040897425
6.979562000174919
7.3270535882927925
7.091242083423347
6.895132858970677
6.763346593429701
6.306459273746923
6.526867548832288
6.669761186557903
6.526867548832288
6.872304666454437
6.416496596385645
6.173676839152314
6.520297977415274
6.961116495013056
6.113217530190512
6.374054551741099
6.55307997378768
6.622472563713862
6.635402883666631
6.205987891890034
6.369570517030843
6.187545093630776
6.045068828628599
6.427618977061857
6.794956112546171
7.079144419651693
7.217043320204908
6.859820905617205
6.8494003908579995
6.6332495807108
6.1272226287982345
6.398660574124646
6.72521906175341
6.680461917305676
6.577016257935118
6.1248906695781695
6.1620961183211485
6.143521558752532
6.099180272790763
5.918494016941424
5.7644229050765725
5.458937625582473
5.385164807134504
5.448459808580246
5.651801229949364
5.451081150953975
5.430074979750674
5.307676381565531
5.163055573702733
5.037005913380345
4.8638609002666655
4.959838707054898
4.933848106990845
4.90771986626318
4.928053803045811
5.129745189995865
4.95119033306999
4.756949803032551
4.840306956027833
4.919349550499537
4.857983120596447
4.753945729601885
4.595028369257987
4.971346468944376
4.7207747548166585
4.774934554525329
4.759951980550104
4.638349460129725
4.5071371971891105
4.58257569495584
4.381780460041329
4.362175079999819
4.532422877761644
4.510305659581969
4.329302154257328
4.028470110174758
4.109223075681617
3.9496835316262997
4.049691346263317
4.1507314329611145
4.181592314623018
3.960519446450716
4.164475614390981
4.178174584330202
4.18500725379129
3.9749213828703582
3.858200913082973
3.7984959429452374
4.007136490954963
3.7871964753438845
3.783422486887463
3.7530939617486645
3.6683978597124463
3.7682887362833544
3.760699023168052
3.737837419073838
3.7109875466550104
3.8321944477954513
3.854496446637726
3.9569107719460717
4.032014739202085
4.161043825085926
4.010699974532411
3.7109875466550104
3.913347124174613
3.9023802260378764
4.077814540727843
4.171330722922842
4.21561722306812
4.21561722306812
4.007136490954963
3.9023802260378764
3.9388178066884123
3.6994208040873486
3.749285646245543
3.924283374069717
3.960519446450716
3.9496835316262997
4.0813163142720095
3.779644730092272
4.202040320742158
4.11269810638779
3.927922024247863
3.985688683993556
3.913347124174613
4.042629978474055
3.9641248358604595
3.978513721048531
3.880353444873657
4.09878030638384
4.205438655564278
4.157609203101499
3.978513721048531
3.8692930325097596
3.7032803990902057
3.7568984168174833
3.7682887362833544
3.813509819425819
3.8060102844992794
3.8507884164897233
3.8507884164897233
3.6134668750581977
3.484660262185848
3.7454734585325027
3.749285646245543
3.621365172733304
3.7416573867739413
3.847076812334269
3.927922024247863
3.858200913082973
3.8877095717511763
3.783422486887463
3.676178139628943
3.6488745818794204
3.621365172733304
3.6839419880650364
3.6449573777637356
3.6683978597124463
3.82099463490856
3.764495792457281
3.521363372331802
3.525417908358019
3.541589635016618
3.3295216301616493
3.40587727318528
3.3848401523768974
3.320929301953209
3.3252282413607124
3.2425739335111103
3.3295216301616493
3.175801361186541
3.1075943842694236
3.03315017762062
3.009508740167215
3.004758131459407
3.051931472737505
3.03315017762062
3.1441555759399513
3.198213787189879
3.198213787189879
3.2293298729878046
3.3423687066852112
3.180296482135858
3.3848401523768974
3.238165265349236
3.2337505867247796
3.22490309931942
3.40587727318528
3.320929301953209
3.277629805645711
3.3123146848433
3.255764119219941
3.295017884191656
3.1532296368734616
3.075246796135695
3.03315017762062
3.2645279685036943
3.1304951684997055
3.2645279685036943
3.202677451312083
2.971291205616075
2.990461025135948
3.03315017762062
3.2425739335111103
3.1396087108337016
3.2293298729878046
3.2160312720583337
3.116774889895918
2.971291205616075
2.9471535904520287
3.070597894314954
3.093772546815388
2.9760952365713798
2.971291205616075
3.116774889895918
3.3974780562730853
3.3974780562730853
3.303677604471374
3.2645279685036943
3.1441555759399513
3.0798886807341406
3.116774889895918
3.202677451312083
3.070597894314954
2.9081167199998794
3.0
3.1213550171131033
3.1213550171131033
3.166791977470486
3.03315017762062
3.009508740167215
3.093772546815388
3.009508740167215
3.009508740167215
3.051931472737505
2.9952343099378003
3.0798886807341406
3.1075943842694236
3.0237157840738176
2.971291205616075
2.9952343099378003
3.0189875313233268
3.04255531702266
3.028436654683167
3.1075943842694236
3.004758131459407
2.961659766318301
3.0
3.1441555759399513
3.056608765095256
3.04255531702266
3.0612789110808856
3.0798886807341406
3.1396087108337016
3.116774889895918
3.1350552512789034
3.0845235797908424
3.03315017762062
3.03315017762062
3.1350552512789034
3.1441555759399513
3.0845235797908424
3.0378563870880115
3.116774889895918
3.1622776601683795
3.1350552512789034
2.990461025135948
2.888400447108597
2.9760952365713798
2.9664793948382653
2.9856801091687157
2.971291205616075
3.0142518616920992
2.898275349237888
2.9664793948382653
2.9760952365713798
3.04255531702266
3.04255531702266
3.0142518616920992
3.089151524748688
3.0798886807341406
3.1350552512789034
3.268901082277389
3.148695875165735
3.1075943842694236
3.0612789110808856
3.0237157840738176
2.9760952365713798
2.990461025135948
2.903200204700225
2.9130249373656736
2.917924898671265
2.7979584393931636
2.7464262493023806
2.8233718443429607
2.7723120830300267
2.792848008753788
2.756809750418044
2.7202941017470885
2.6619005025947695
2.5298221281347035
2.6021968740717085
2.6403462976338106
2.6939084723024385
2.7255405754769875
2.6726124191242437
2.6726124191242437
2.6726124191242437
2.81830749615033
2.8132340311971404
2.7877282097486784
2.7825989906663056
2.7619868624907378
2.585674822114004
2.6726124191242437
2.5071326821120348
2.524168887263404
2.449489742783178
2.591193878173865
2.5071326821120348
2.6457513110645907
2.8030595529069404
2.8685486624025445
2.9130249373656736
2.843539042410757
2.792848008753788
2.6939084723024385
2.596701204000403
2.7723120830300267
2.7774602993176543
2.7360033416855116
2.8132340311971404
2.756809750418044
2.704493615131253
2.613153540948451
2.591193878173865
2.5801439605461662
2.569046515733026
2.495710605933995
2.596701204000403
2.6240644591385873
2.501428163498376
2.569046515733026
2.6457513110645907
2.585674822114004
2.5410908793553326
2.6349301969610397
2.6619005025947695
2.437797600880176
2.4201534780139164
2.569046515733026
2.6457513110645907
2.5579009251449016
2.5128242505765725
2.4899799195977463
2.5185029566901727
2.4142434484888695
2.3964259101539405
2.4201534780139164
2.3964259101539405
2.3603873774083293
2.3176342617912282
2.437797600880176
2.5071326821120348
2.5579009251449016
2.569046515733026
2.6295029405356662
2.4842360136324753
2.4784787961282104
2.5634797778466227
2.4260491103261463
2.4083189157584592
2.32992949004287
