5.748912940721924
3.22490309931942
3.22490309931942
3.1144823004794873
2.9664793948382653
3.2326459750489227
2.9154759474226504
2.8548204847240397
2.8284271247461903
2.6551836094703507
2.3130067012440754
2.0615528128088303
2.1908902300206643
2.202271554554524
2.3769728648009427
2.3664319132398464
2.4698178070456938
2.202271554554524
2.16794833886788
2.224859546128699
2.04939015319192
1.8303005217723127
1.857417562100671
1.9621416870348585
1.7175564037317668
1.7320508075688772
1.6278820596099706
1.7175564037317668
1.91049731745428
1.70293863659264
1.6583123951777
1.5329709716755893
1.5968719422671311
1.4832396974191326
1.449137674618944
1.51657508881031
1.3038404810405297
1.140175425099138
1.140175425099138
1.224744871391589
1.224744871391589
1.3038404810405297
1.3038404810405297
1.3038404810405297
1.3038404810405297
1.396424004376894
1.3416407864998738
1.378404875209022
1.3416407864998738
1.2649110640673518
1.3601470508735443
1.3038404810405297
1.3038404810405297
1.140175425099138
1.3038404810405297
1.3228756555322954
1.2649110640673518
1.3601470508735443
1.378404875209022
1.466287829861518
1.378404875209022
1.3416407864998738
1.2649110640673518
1.118033988749895
1.2041594578792296
1.161895003862225
1.1832159566199232
1.140175425099138
1.0723805294763609
1.140175425099138
1.224744871391589
1.161895003862225
1.0954451150103321
1.0488088481701516
0.9486832980505138
1.0954451150103321
0.9486832980505138
1.02469507659596
1.118033988749895
1.0488088481701516
0.5
0.6324555320336759
0.806225774829855
0.9219544457292888
0.8660254037844386
0.806225774829855
0.8660254037844386
0.8944271909999159
0.8944271909999159
0.8944271909999159
0.8944271909999159
0.9486832980505138
0.9746794344808963
1.02469507659596
1.140175425099138
1.02469507659596
1.02469507659596
0.9486832980505138
0.9746794344808963
0.9219544457292888
0.8366600265340756
0.8366600265340756
0.8366600265340756
0.8366600265340756
0.806225774829855
0.8366600265340756
0.806225774829855
0.8944271909999159
0.8944271909999159
0.8660254037844386
0.8660254037844386
0.8660254037844386
0.8660254037844386
0.806225774829855
0.7416198487095663
0.7745966692414834
0.806225774829855
0.7745966692414834
0.806225774829855
0.806225774829855
0.8366600265340756
0.8366600265340756
0.8366600265340756
0.8366600265340756
0.806225774829855
0.7745966692414834
0.7416198487095663
0.7416198487095663
0.7416198487095663
0.7416198487095663
0.7416198487095663
0.7416198487095663
0.7416198487095663
0.7416198487095663
0.7416198487095663
0.7416198487095663
0.7416198487095663
0.7416198487095663
0.7416198487095663
0.7416198487095663
0.7416198487095663
0.7416198487095663
0.7416198487095663
0.7416198487095663
0.806225774829855
0.8660254037844386
0.9746794344808963
0.9746794344808963
0.9746794344808963
0.9746794344808963
0.7745966692414834
0.7071067811865476
0.8944271909999159
0.7416198487095663
0.8366600265340756
0.7416198487095663
0.7416198487095663
0.7071067811865476
0.6324555320336759
0.5916079783099616
0.5916079783099616
0.6324555320336759
0.7745966692414834
0.806225774829855
0.8366600265340756
0.8366600265340756
0.7071067811865476
0.7416198487095663
0.7416198487095663
0.8944271909999159
0.8660254037844386
0.8660254037844386
0.8660254037844386
0.8944271909999159
0.8944271909999159
0.8944271909999159
0.8944271909999159
0.8944271909999159
0.9219544457292888
0.9219544457292888
0.9219544457292888
0.8944271909999159
0.9219544457292888
0.9219544457292888
0.8366600265340756
0.8660254037844386
0.8366600265340756
0.806225774829855
0.806225774829855
0.8366600265340756
0.8366600265340756
0.806225774829855
0.806225774829855
0.8366600265340756
0.8366600265340756
0.8660254037844386
0.8366600265340756
0.8366600265340756
0.8660254037844386
0.8660254037844386
0.8660254037844386
0.806225774829855
0.806225774829855
0.7071067811865476
0.6708203932499369
0.7071067811865476
0.7071067811865476
0.7071067811865476
0.7071067811865476
0.6708203932499369
0.7071067811865476
0.7071067811865476
0.5477225575051661
0.5477225575051661
0.5916079783099616
0.5477225575051661
0.5916079783099616
0.5916079783099616
0.5916079783099616
0.5916079783099616
0.6708203932499369
0.5916079783099616
0.5916079783099616
0.5916079783099616
0.7416198487095663
0.7071067811865476
0.5916079783099616
0.5477225575051661
0.5477225575051661
0.5916079783099616
0.5916079783099616
0.5916079783099616
0.5916079783099616
0.5916079783099616
0.5477225575051661
0.5477225575051661
0.5477225575051661
0.5477225575051661
0.5477225575051661
0.5916079783099616
0.6708203932499369
0.6708203932499369
0.6708203932499369
0.6708203932499369
0.6708203932499369
0.6708203932499369
0.6708203932499369
0.6708203932499369
0.6708203932499369
0.6708203932499369
0.6708203932499369
0.6708203932499369
0.6708203932499369
0.6708203932499369
0.6708203932499369
0.6708203932499369
0.6324555320336759
0.6324555320336759
0.5
0.5
0.5
0.4472135954999579
0.5
0.5
0.4472135954999579
0.5916079783099616
0.5916079783099616
0.6324555320336759
0.6324555320336759
0.5916079783099616
0.3872983346207417
0.4472135954999579
0.5
0.4472135954999579
0.4472135954999579
0.4472135954999579
0.4472135954999579
0.4472135954999579
0.4472135954999579
0.4472135954999579
0.4472135954999579
0.4472135954999579
0.4472135954999579
0.4472135954999579
0.4472135954999579
0.4472135954999579
0.4472135954999579
0.3872983346207417
0.3872983346207417
0.4472135954999579
0.4472135954999579
0.4472135954999579
0.3872983346207417
0.3872983346207417
0.3872983346207417
0.3872983346207417
0.31622776601683794
0.31622776601683794
0.31622776601683794
0.5
0.5
0.5
0.5
0.5
0.5
0.5
0.5
0.5
0.5
0.5477225575051661
0.5477225575051661
0.5477225575051661
0.5477225575051661
0.3872983346207417
0.3872983346207417
0.3872983346207417
0.3872983346207417
0.3872983346207417
0.3872983346207417
0.3872983346207417
0.31622776601683794
0.31622776601683794
0.31622776601683794
0.31622776601683794
0.31622776601683794
0.31622776601683794
0.31622776601683794
0.31622776601683794
0.31622776601683794
0.31622776601683794
0.3872983346207417
0.3872983346207417
0.3872983346207417
0.3872983346207417
0.31622776601683794
0.3872983346207417
0.3872983346207417
0.4472135954999579
0.4472135954999579
0.4472135954999579
0.4472135954999579
0.4472135954999579
0.3872983346207417
0.3872983346207417
0.3872983346207417
0.3872983346207417
0.3872983346207417
0.3872983346207417
0.3872983346207417
0.4472135954999579
0.4472135954999579
0.3872983346207417
0.4472135954999579
0.3872983346207417
0.3872983346207417
0.3872983346207417
0.31622776601683794
0.31622776601683794
0.22360679774997896
0.22360679774997896
0.22360679774997896
0.22360679774997896
0.22360679774997896
0.31622776601683794
0.31622776601683794
0.22360679774997896
0.22360679774997896
0.22360679774997896
0.22360679774997896
0.22360679774997896
0.22360679774997896
0.22360679774997896
0.22360679774997896
0.22360679774997896
0.22360679774997896
0.22360679774997896
0.0
0.0
0.0
0.0
0.0
0.0
0.0
0.0
0.0
0.22360679774997896
0.22360679774997896
0.22360679774997896
0.22360679774997896
0.22360679774997896
0.31622776601683794
0.0
0.0
0.0
0.0
0.0
0.0
0.0
0.22360679774997896
0.0
