15.47347961605829
13.052640674263142
13.787157585438496
14.328792193143347
13.877010793806733
13.341664064126334
11.261819188238258
11.191833757572654
10.870668267012316
10.648943609579309
10.587054089108749
9.281317640446163
8.913873616848225
8.434622525214577
8.21670771746724
8.199303106275034
8.055166930965136
7.705285755338901
7.690439333539869
7.551726387295254
7.922842202860573
7.677425163611635
7.839460622845353
7.699721701835352
7.544155732372292
7.274220625901149
6.8473143849040765
7.398841608174697
7.252585745787498
7.0325772556825035
7.2031739036145925
7.394978991566797
6.901345624483056
6.96521971758865
6.6847374133704225
6.870225614927067
7.046782447127402
6.836874808189568
6.650456482721425
6.750661343263234
6.491753010001008
6.518106648844761
6.436503043467892
6.113217530190512
5.68205194324324
5.664425327049011
5.355904618802905
4.90771986626318
5.045507195232493
4.9106298694043025
5.171349644228008
5.342551557341974
5.719640348333601
5.6593790674040765
5.565197981332611
5.737097324805089
5.398412465054624
5.529143565818179
5.774327419090222
5.261721608534063
5.209880722517277
5.16582174350938
5.051166767617727
5.0849919230164815
4.971346468944376
4.566962103755937
4.619833021101211
4.6506527959600925
4.6965032585044435
4.828486896977739
4.8814517746846
4.566962103755937
4.5261147009012355
4.681269669041265
4.548155041960892
4.102264183176338
4.420730385678044
4.449719092257398
4.229150539495406
4.375255094603872
4.371988759624814
4.181592314623018
4.414262598182655
4.2895221179054435
4.021371478914697
3.880353444873657
4.212227100104783
4.20883424647321
3.7263540204487127
3.8950518060006045
4.007136490954963
4.007136490954963
4.077814540727843
3.872983346207417
3.737837419073838
3.783422486887463
3.772077866186146
3.828464817278965
3.880353444873657
3.9169959334746753
3.9315573068623655
3.6955571781725767
3.8507884164897233
3.924283374069717
4.014260294784796
4.105745103771404
4.028470110174758
4.126568965687043
3.9569107719460717
3.9928507538921543
4.014260294784796
3.9749213828703582
3.946064947695181
3.734013543475324
3.6994208040873486
3.7416573867739413
3.779644730092272
3.880353444873657
4.0708019567928595
3.9821028185046727
3.8396428405331062
3.971325795175784
3.996426975615665
4.167904578013822
4.306141793166725
4.035556254807296
3.9641248358604595
3.9388178066884123
3.843361623816912
3.790966706715923
3.7871964753438845
3.82099463490856
3.847076812334269
3.760699023168052
3.775863193647627
3.858200913082973
3.9023802260378764
3.854496446637726
3.880353444873657
3.749285646245543
3.5816995167896803
3.680062111277083
3.6916895086899477
3.680062111277083
3.772077866186146
3.6134668750581977
3.537553634121427
3.5132402626147194
3.5132402626147194
3.418437404094784
3.4517076519145875
3.3380918415851206
3.3166247903554
3.676178139628943
3.680062111277083
3.775863193647627
3.8396428405331062
3.6292462814513664
3.927922024247863
3.80225497003329
3.7186787208054732
3.7454734585325027
3.772077866186146
3.4434202266268428
3.5010202594590707
3.3806170189140663
3.4969374356101124
3.4226138716316967
3.3636714634883287
3.5173041624841845
3.3932706514932924
3.299350585450762
3.3295216301616493
3.3509060608395793
3.3466401061363023
3.4517076519145875
3.439269025326665
3.5091716564291513
3.6292462814513664
3.5335130232835263
3.4142558277233497
3.299350585450762
3.2115861679683633
3.1712998686883673
3.251373336211726
3.1892677171144745
3.116774889895918
3.0472470011002204
3.093772546815388
3.102993945945017
3.202677451312083
3.198213787189879
3.1121880222303866
3.1622776601683795
3.0
3.009508740167215
3.1622776601683795
3.0659419433511785
2.9760952365713798
2.7979584393931636
2.81830749615033
3.0
3.0378563870880115
2.893342111024649
3.0378563870880115
3.116774889895918
2.990461025135948
2.8635642126552705
2.903200204700225
2.8535691936340255
2.9081167199998794
2.8233718443429607
2.898275349237888
2.9423023055326687
2.990461025135948
3.028436654683167
3.051931472737505
3.0378563870880115
3.1577568892219317
3.0378563870880115
3.0189875313233268
2.9277002188455996
3.0659419433511785
3.175801361186541
3.1622776601683795
3.1622776601683795
3.093772546815388
3.028436654683167
3.148695875165735
3.2293298729878046
3.3295216301616493
3.2071349029490928
3.0142518616920992
3.070597894314954
3.093772546815388
3.0237157840738176
2.9568322818274866
3.0142518616920992
3.1121880222303866
3.2204702407301595
3.0378563870880115
3.0
3.0612789110808856
3.056608765095256
3.070597894314954
2.9568322818274866
2.9952343099378003
3.028436654683167
3.166791977470486
3.116774889895918
3.2337505867247796
3.1350552512789034
2.9856801091687157
3.04255531702266
3.0472470011002204
3.075246796135695
3.148695875165735
3.1213550171131033
3.175801361186541
3.089151524748688
3.051931472737505
3.0983866769659336
3.0798886807341406
3.307998963551401
3.268901082277389
3.202677451312083
3.2645279685036943
3.3295216301616493
3.070597894314954
2.9952343099378003
2.961659766318301
3.04255531702266
2.9952343099378003
3.0612789110808856
3.22490309931942
3.1441555759399513
3.0472470011002204
3.0472470011002204
3.009508740167215
3.0845235797908424
3.056608765095256
3.089151524748688
2.9952343099378003
3.0472470011002204
3.056608765095256
3.0983866769659336
3.116774889895918
3.004758131459407
3.0237157840738176
3.03315017762062
3.089151524748688
3.0798886807341406
2.917924898671265
2.888400447108597
2.878491668515698
3.004758131459407
2.888400447108597
2.9952343099378003
2.7979584393931636
2.8030595529069404
2.8132340311971404
2.6939084723024385
2.8284271247461903
2.8685486624025445
2.8233718443429607
2.951996902824546
2.7723120830300267
2.6832815729997477
2.7979584393931636
2.971291205616075
2.932575659723036
2.7979584393931636
2.7307769694983985
2.7202941017470885
2.741219749360805
2.8030595529069404
2.6726124191242437
2.65114530506561
2.6939084723024385
2.6886002731107927
2.613153540948451
2.699206232527312
2.6832815729997477
2.495710605933995
2.6186146828319083
2.6779523094014523
2.613153540948451
2.6832815729997477
2.699206232527312
2.767154288640743
2.7202941017470885
2.9081167199998794
2.84855853271189
2.767154288640743
2.7877282097486784
2.613153540948451
2.7097706808616007
2.767154288640743
2.7360033416855116
2.6349301969610397
2.495710605933995
2.591193878173865
2.5579009251449016
2.4669240534954224
2.5579009251449016
2.6295029405356662
2.596701204000403
2.656528346760647
2.65114530506561
2.6076809620810595
2.6076809620810595
2.6186146828319083
2.53546276418555
2.596701204000403
2.5185029566901727
2.7097706808616007
2.667261838343906
2.5410908793553326
2.53546276418555
2.4899799195977463
2.6021968740717085
2.656528346760647
2.6240644591385873
2.6403462976338106
2.7097706808616007
2.792848008753788
2.7619868624907378
2.7464262493023806
2.6939084723024385
2.833473385894321
2.8385106758902383
2.8685486624025445
2.767154288640743
2.8233718443429607
2.8284271247461903
2.888400447108597
2.8284271247461903
2.808151400069855
2.843539042410757
2.8585710716070314
2.792848008753788
2.8834503141697647
2.7516228977511745
2.699206232527312
2.893342111024649
2.8385106758902383
2.893342111024649
2.8284271247461903
2.9423023055326687
2.937443008565686
2.843539042410757
2.7307769694983985
2.7516228977511745
2.7464262493023806
2.6779523094014523
2.569046515733026
2.6349301969610397
2.5579009251449016
2.4842360136324753
2.6886002731107927
