16.34712731425835
13.549907748763458
12.181953866272849
11.8851648224643
10.065499774690064
9.429437189688773
8.694826047713663
8.502100580780864
8.251406806461205
7.793770406090824
7.2565241581037165
7.751497551164825
7.466113925119087
7.145428108737982
6.993874871220225
6.511528238439882
6.385250862059264
6.1620961183211485
5.813776741499453
5.5523482805540425
5.83584979734253
5.204393748143417
5.229039791668939
5.16582174350938
4.90771986626318
4.6965032585044435
4.404543109109048
4.8902234830614555
4.887301329539063
4.6506527959600925
4.619833021101211
4.554432691659538
4.756949803032551
4.945416348210013
4.500793580819149
4.681269669041265
4.705619740571601
4.6843203501529596
4.459340117743239
4.717747646615157
4.669047011971501
4.669047011971501
4.729844455310192
4.541868715470696
4.239272174728649
4.242640687119285
4.191828786034631
4.174754056057845
4.222389303293981
4.401298509693312
4.462542516804262
4.570089089472358
4.557568273918513
4.702582876918355
4.5261147009012355
4.157609203101499
4.09878030638384
4.021371478914697
3.8507884164897233
4.130029401486491
3.625307868699863
3.5456210417116734
3.5777087639996634
3.5576878526850635
3.621365172733304
3.7871964753438845
3.553670135025398
3.7568984168174833
3.7032803990902057
3.3932706514932924
3.4475664294853385
3.3509060608395793
3.5777087639996634
3.4434202266268428
3.303677604471374
3.166791977470486
3.0983866769659336
3.2337505867247796
3.2204702407301595
3.553670135025398
3.3380918415851206
3.22490309931942
3.303677604471374
3.093772546815388
3.260148988707637
3.2337505867247796
3.3636714634883287
3.492849839314596
3.4142558277233497
3.430951554806417
3.1213550171131033
3.028436654683167
2.9130249373656736
2.833473385894321
2.6939084723024385
2.591193878173865
2.5634797778466227
2.715037489875337
2.5523098781859765
2.4083189157584592
2.6076809620810595
2.7516228977511745
2.898275349237888
2.937443008565686
2.9471535904520287
2.843539042410757
2.937443008565686
2.843539042410757
2.792848008753788
2.6076809620810595
2.656528346760647
2.741219749360805
2.715037489875337
2.613153540948451
2.5746012173871566
2.591193878173865
2.5128242505765725
2.591193878173865
2.8585710716070314
2.741219749360805
2.8233718443429607
2.6832815729997477
2.6457513110645907
2.4899799195977463
2.6726124191242437
2.461126339126632
2.591193878173865
2.5523098781859765
2.4319304501333328
2.495710605933995
2.585674822114004
2.437797600880176
2.5128242505765725
2.6076809620810595
2.5410908793553326
2.4784787961282104
2.4142434484888695
2.5185029566901727
2.4142434484888695
2.4319304501333328
2.248809208701987
2.274077520980446
2.32992949004287
2.4553149347021512
2.3724610489050035
2.2866069685390684
2.4083189157584592
2.3844735867092943
2.5185029566901727
2.437797600880176
2.3724610489050035
2.29906813420444
2.3784749015162756
2.3482516292522218
2.280350850198276
2.1908902300206643
2.2614786566062732
2.210365192839022
2.29906813420444
2.3603873774083293
2.3176342617912282
2.390457218668787
2.305273457593635
2.29906813420444
2.2866069685390684
2.1908902300206643
2.2232537288526344
2.2038926600773587
2.1447610589527217
2.242447642325552
2.3482516292522218
2.4436506647695313
2.5128242505765725
2.449489742783178
2.449489742783178
2.4142434484888695
2.461126339126632
2.4023797725231892
2.390457218668787
2.3421601750764798
2.274077520980446
2.2296700588716196
2.3603873774083293
2.4083189157584592
2.3964259101539405
2.4023797725231892
2.3421601750764798
2.3421601750764798
2.311462122306386
2.4842360136324753
2.3964259101539405
2.437797600880176
2.3724610489050035
2.3964259101539405
2.3176342617912282
2.2296700588716196
2.3664319132398464
2.242447642325552
2.1313979316066587
2.0770858707058104
2.1111946516469904
2.1111946516469904
2.1712405933672376
2.1447610589527217
2.2614786566062732
2.248809208701987
2.2296700588716196
2.311462122306386
2.3664319132398464
2.3844735867092943
2.4023797725231892
2.3421601750764798
2.3421601750764798
2.4142434484888695
2.4553149347021512
2.3543273227945902
2.4842360136324753
2.4319304501333328
2.242447642325552
2.2038926600773587
2.1908902300206643
2.2928460168844436
2.210365192839022
2.1908902300206643
2.1712405933672376
2.0976176963403033
2.177810171446801
2.164651077128664
2.1111946516469904
2.1908902300206643
2.3421601750764798
2.32379000772445
2.3844735867092943
2.29906813420444
2.210365192839022
2.1712405933672376
2.1712405933672376
2.2038926600773587
2.2296700588716196
2.2551528297909846
2.23606797749979
2.32379000772445
2.23606797749979
2.1908902300206643
2.177810171446801
2.32379000772445
2.177810171446801
2.2296700588716196
2.1313979316066587
2.1111946516469904
2.1447610589527217
2.1447610589527217
2.104417123236605
2.083952289006911
2.1514114968019085
2.117950491799628
2.164651077128664
2.083952289006911
2.1447610589527217
2.2232537288526344
2.1908902300206643
2.197401062294143
2.177810171446801
2.1908902300206643
2.1580414400893364
2.0770858707058104
2.104417123236605
2.1447610589527217
2.197401062294143
2.02837021134844
2.0
2.056349053193895
2.0770858707058104
2.1111946516469904
2.090796157311509
2.04939015319192
2.04939015319192
2.138089935299395
2.23606797749979
2.2551528297909846
2.210365192839022
2.2038926600773587
2.1514114968019085
2.090796157311509
2.1111946516469904
2.138089935299395
2.090796157311509
2.1712405933672376
2.1514114968019085
2.104417123236605
2.1447610589527217
2.090796157311509
2.336052836975837
2.2551528297909846
2.177810171446801
2.1246848505803664
2.1580414400893364
2.1313979316066587
2.083952289006911
2.1712405933672376
2.177810171446801
2.1712405933672376
2.104417123236605
2.1447610589527217
2.1111946516469904
2.104417123236605
2.042407542932745
1.992844341996778
2.0
1.9784553859730358
1.9123657749350298
1.889822365046136
1.9123657749350298
2.0
2.0354009783964297
2.164651077128664
2.248809208701987
2.1908902300206643
2.1908902300206643
2.2551528297909846
2.2677868380553634
2.3421601750764798
2.3964259101539405
2.4023797725231892
2.3784749015162756
2.2866069685390684
2.311462122306386
2.2866069685390684
2.305273457593635
2.164651077128664
2.2928460168844436
2.2866069685390684
2.3482516292522218
2.336052836975837
2.3176342617912282
2.32992949004287
2.4142434484888695
2.2866069685390684
2.2551528297909846
2.23606797749979
2.2928460168844436
2.280350850198276
2.1712405933672376
2.1712405933672376
2.164651077128664
2.083952289006911
2.083952289006911
2.04939015319192
2.090796157311509
2.090796157311509
2.117950491799628
2.083952289006911
2.042407542932745
1.942016624910449
1.867006771737662
1.8593393604027366
1.740279123753264
1.7968225924034427
1.8516401995451028
1.867006771737662
1.8361450300639575
1.7728105208558367
1.7728105208558367
1.7888543819998317
1.804755622554715
1.8822478962286404
1.8126539343499315
1.7484687178050562
1.7071279138616748
1.6647608150808246
1.6733200530681511
1.65615734242165
1.740279123753264
1.8126539343499315
1.9639610121239315
1.9493588689617927
1.942016624910449
1.9198214202665531
1.9566735620873066
1.9639610121239315
2.0213149892370277
1.889822365046136
1.889822365046136
1.9346465162548798
1.889822365046136
1.889822365046136
1.8822478962286404
1.9198214202665531
1.9346465162548798
1.9566735620873066
1.9639610121239315
1.8516401995451028
1.804755622554715
1.780850519113991
1.7728105208558367
1.7888543819998317
1.8126539343499315
1.7320508075688772
1.7647338933351153
1.7484687178050562
