4.759201613716317
4.018706259482023
4.153311931459037
3.9937451095431715
3.398529093593286
3.286335345030997
2.80178514522438
2.7748873851023217
2.4289915602982237
2.5495097567963922
2.7477263328068173
2.7748873851023217
2.7748873851023217
2.5592967784139455
2.3979157616563596
1.9748417658131499
2.0124611797498106
2.085665361461421
2.04939015319192
1.9621416870348585
2.0371548787463363
1.857417562100671
1.70293863659264
1.61245154965971
1.5811388300841898
1.5491933384829668
1.4142135623730951
1.224744871391589
1.3038404810405297
1.3416407864998738
1.161895003862225
1.118033988749895
1.3416407864998738
1.3038404810405297
1.3038404810405297
1.466287829861518
1.1832159566199232
1.466287829861518
1.3601470508735443
1.2041594578792296
1.140175425099138
1.140175425099138
1.161895003862225
1.0954451150103321
1.0954451150103321
1.140175425099138
1.1832159566199232
1.2649110640673518
1.3601470508735443
1.161895003862225
1.449137674618944
1.161895003862225
1.1832159566199232
1.2649110640673518
1.2449899597988732
1.0954451150103321
1.2041594578792296
1.0954451150103321
1.0723805294763609
1.0488088481701516
0.8366600265340756
0.8660254037844386
0.9486832980505138
0.9746794344808963
0.9486832980505138
0.9219544457292888
0.8944271909999159
1.0954451150103321
0.9219544457292888
0.9219544457292888
0.8944271909999159
0.9486832980505138
0.8944271909999159
0.8366600265340756
0.9486832980505138
0.8660254037844386
1.0
1.0488088481701516
1.02469507659596
1.0
1.0
0.9486832980505138
1.1832159566199232
1.2041594578792296
1.1832159566199232
1.1832159566199232
1.2041594578792296
1.0
1.0954451150103321
1.02469507659596
1.0
0.9219544457292888
0.9486832980505138
1.0488088481701516
1.2041594578792296
1.1832159566199232
1.118033988749895
1.0723805294763609
1.0488088481701516
1.0
0.9746794344808963
1.0488088481701516
1.0488088481701516
0.9486832980505138
0.8944271909999159
0.8944271909999159
1.0
1.02469507659596
1.02469507659596
1.02469507659596
1.02469507659596
1.0
1.02469507659596
1.02469507659596
1.02469507659596
0.8944271909999159
0.8660254037844386
0.9486832980505138
0.9486832980505138
0.9486832980505138
0.9486832980505138
0.8660254037844386
0.8660254037844386
0.8660254037844386
0.8660254037844386
0.8944271909999159
0.8660254037844386
1.02469507659596
1.02469507659596
1.0
1.0
1.0
1.0723805294763609
1.0723805294763609
1.02469507659596
1.0723805294763609
0.9219544457292888
0.8660254037844386
0.8660254037844386
0.8660254037844386
0.8660254037844386
0.8660254037844386
0.8366600265340756
0.8366600265340756
0.9219544457292888
0.9219544457292888
0.9486832980505138
0.9219544457292888
0.9219544457292888
0.9219544457292888
0.8660254037844386
0.8660254037844386
0.8660254037844386
0.8660254037844386
0.806225774829855
0.806225774829855
0.806225774829855
0.806225774829855
0.806225774829855
0.806225774829855
0.806225774829855
0.806225774829855
0.806225774829855
0.806225774829855
0.8366600265340756
0.8366600265340756
0.806225774829855
0.806225774829855
0.806225774829855
0.6708203932499369
0.7071067811865476
0.7416198487095663
0.7071067811865476
0.7071067811865476
0.7071067811865476
0.7071067811865476
0.806225774829855
0.806225774829855
0.806225774829855
0.806225774829855
0.6708203932499369
0.7071067811865476
0.5916079783099616
0.5477225575051661
0.5916079783099616
0.6324555320336759
0.6324555320336759
0.7071067811865476
0.6708203932499369
0.7745966692414834
0.5916079783099616
0.5916079783099616
0.5916079783099616
0.5477225575051661
0.5477225575051661
0.5477225575051661
0.5
0.5
0.4472135954999579
0.4472135954999579
0.4472135954999579
0.4472135954999579
0.5
0.5
0.4472135954999579
0.5
0.4472135954999579
0.5
0.5477225575051661
0.5477225575051661
0.5477225575051661
0.5
0.5
0.7071067811865476
0.7071067811865476
0.7071067811865476
0.7071067811865476
0.7071067811865476
0.7071067811865476
0.7071067811865476
0.7071067811865476
0.7071067811865476
0.7071067811865476
0.7071067811865476
0.7071067811865476
0.806225774829855
0.806225774829855
0.806225774829855
0.7071067811865476
0.7071067811865476
0.7071067811865476
0.7071067811865476
0.7071067811865476
0.7416198487095663
0.7416198487095663
0.7416198487095663
0.7416198487095663
0.7416198487095663
0.7416198487095663
0.7416198487095663
0.806225774829855
0.7416198487095663
0.6708203932499369
0.6708203932499369
0.7416198487095663
0.7416198487095663
0.7416198487095663
0.7416198487095663
0.7416198487095663
0.806225774829855
0.806225774829855
0.806225774829855
0.7416198487095663
0.7416198487095663
0.7416198487095663
0.7416198487095663
0.7416198487095663
0.7416198487095663
0.6708203932499369
0.6708203932499369
0.6708203932499369
0.6708203932499369
0.5
0.5
0.5
0.5
0.5
0.4472135954999579
0.4472135954999579
0.4472135954999579
0.4472135954999579
0.4472135954999579
0.4472135954999579
0.3872983346207417
0.3872983346207417
0.3872983346207417
0.3872983346207417
0.6324555320336759
0.6324555320336759
0.6324555320336759
0.5477225575051661
0.5
0.5
0.6324555320336759
0.7071067811865476
0.6708203932499369
0.806225774829855
0.806225774829855
0.7745966692414834
0.7745966692414834
0.806225774829855
0.806225774829855
0.7071067811865476
0.7071067811865476
0.5916079783099616
0.5916079783099616
0.7071067811865476
0.5916079783099616
0.31622776601683794
0.31622776601683794
0.31622776601683794
0.22360679774997896
0.4472135954999579
0.4472135954999579
0.4472135954999579
0.3872983346207417
0.3872983346207417
0.4472135954999579
0.4472135954999579
0.4472135954999579
0.4472135954999579
0.22360679774997896
0.31622776601683794
0.4472135954999579
0.4472135954999579
0.4472135954999579
0.31622776601683794
0.31622776601683794
0.31622776601683794
0.31622776601683794
0.31622776601683794
0.31622776601683794
0.31622776601683794
0.31622776601683794
0.3872983346207417
0.3872983346207417
0.3872983346207417
0.3872983346207417
0.3872983346207417
0.3872983346207417
0.3872983346207417
0.3872983346207417
0.4472135954999579
0.3872983346207417
0.3872983346207417
0.3872983346207417
0.3872983346207417
0.3872983346207417
0.31622776601683794
0.31622776601683794
0.31622776601683794
0.31622776601683794
0.31622776601683794
0.3872983346207417
0.5916079783099616
0.5477225575051661
0.5477225575051661
0.5477225575051661
0.5477225575051661
0.5
0.5
0.5
0.5
0.5477225575051661
0.5477225575051661
0.5477225575051661
0.5477225575051661
0.5477225575051661
0.5477225575051661
0.3872983346207417
0.3872983346207417
0.3872983346207417
0.3872983346207417
0.3872983346207417
0.3872983346207417
0.3872983346207417
0.3872983346207417
0.31622776601683794
0.0
0.0
0.0
0.0
0.0
0.0
0.22360679774997896
0.31622776601683794
0.31622776601683794
0.31622776601683794
0.31622776601683794
0.31622776601683794
0.31622776601683794
0.22360679774997896
0.0
0.22360679774997896
0.22360679774997896
0.22360679774997896
0.22360679774997896
0.22360679774997896
0.22360679774997896
0.22360679774997896
0.22360679774997896
0.22360679774997896
0.22360679774997896
0.22360679774997896
0.22360679774997896
0.22360679774997896
0.22360679774997896
0.22360679774997896
0.22360679774997896
0.22360679774997896
