11.249444430726346
8.55277732669336
9.604686356149273
7.864477096412704
6.924593850905626
6.276941930590086
5.894913061275798
6.00416522091123
5.440588203494177
5.4359911699707535
4.959838707054898
5.167204273105526
5.291502622129181
4.636809247747852
4.934571916590131
4.159326868617084
3.7483329627982624
4.11703777004778
3.788139384975162
3.5846896657869842
3.5
3.774917217635375
3.0
3.5355339059327378
3.383784863137726
3.1543620591175006
3.3166247903554
2.7386127875258306
2.7386127875258306
2.898275349237888
2.8896366553599777
2.932575659723036
2.819574435974337
2.701851217221259
2.711088342345192
2.9154759474226504
2.7294688127912363
2.6832815729997477
2.6832815729997477
2.8896366553599777
2.569046515733026
2.6076809620810595
2.819574435974337
2.9748949561287032
3.1144823004794873
2.924038303442689
3.122498999199199
3.1622776601683795
3.0983866769659336
3.1937438845342623
3.1144823004794873
3.1859064644147983
3.2093613071762426
3.24037034920393
3.3090784215548594
3.331666249791536
3.057776970284131
2.9832867780352594
3.0
2.756809750418044
2.6551836094703507
2.3874672772626644
2.449489742783178
2.6267851073127395
2.23606797749979
2.8809720581775866
2.8372521918222215
2.598076211353316
2.5787593916455256
3.057776970284131
2.7748873851023217
1.8439088914585775
2.0371548787463363
2.5099800796022267
2.792848008753788
2.7202941017470885
2.4289915602982237
2.1563858652847827
2.2135943621178655
1.9364916731037085
2.258317958127243
2.5
2.539685019840059
2.7202941017470885
2.5099800796022267
2.4186773244895647
1.857417562100671
2.0371548787463363
1.8303005217723127
1.857417562100671
1.8973665961010275
1.9621416870348585
2.0
1.8973665961010275
1.8708286933869707
1.8708286933869707
2.0615528128088303
1.9493588689617927
1.9748417658131499
2.04939015319192
1.9621416870348585
1.7748239349298849
1.7748239349298849
1.9748417658131499
1.8841443681416772
2.2135943621178655
2.0248456731316584
2.0
1.91049731745428
1.816590212458495
1.6881943016134133
1.6881943016134133
1.8973665961010275
1.857417562100671
1.5329709716755893
1.8027756377319946
1.7748239349298849
1.7748239349298849
1.746424919657298
1.5968719422671311
1.7748239349298849
1.6733200530681511
1.7320508075688772
1.7748239349298849
1.760681686165901
1.5652475842498528
1.5491933384829668
1.61245154965971
1.4142135623730951
1.4832396974191326
1.6431676725154984
1.5811388300841898
1.6278820596099706
1.4832396974191326
1.5811388300841898
1.7320508075688772
1.5968719422671311
1.466287829861518
1.3228756555322954
1.3228756555322954
1.224744871391589
1.466287829861518
1.4317821063276353
1.5
1.6583123951777
1.61245154965971
1.5968719422671311
1.61245154965971
1.2649110640673518
1.2649110640673518
1.396424004376894
1.161895003862225
1.140175425099138
1.161895003862225
1.161895003862225
1.3228756555322954
1.466287829861518
1.70293863659264
1.5652475842498528
1.5652475842498528
1.6881943016134133
1.7175564037317668
1.857417562100671
1.8303005217723127
1.8439088914585775
1.7320508075688772
1.7748239349298849
1.61245154965971
1.6431676725154984
1.70293863659264
1.4317821063276353
1.5968719422671311
1.5968719422671311
1.6733200530681511
1.746424919657298
1.70293863659264
1.70293863659264
1.5811388300841898
1.466287829861518
1.378404875209022
1.5491933384829668
1.5811388300841898
1.5329709716755893
1.61245154965971
1.4142135623730951
1.2449899597988732
1.466287829861518
1.466287829861518
1.449137674618944
1.4832396974191326
1.4832396974191326
1.5491933384829668
1.6583123951777
1.7175564037317668
1.7888543819998317
1.5968719422671311
1.7320508075688772
1.7320508075688772
1.6881943016134133
1.6431676725154984
1.8027756377319946
1.8027756377319946
1.8973665961010275
1.8303005217723127
1.8708286933869707
1.8973665961010275
1.857417562100671
1.857417562100671
1.9874606914351791
1.746424919657298
1.746424919657298
1.7888543819998317
1.51657508881031
1.8439088914585775
1.8027756377319946
1.8841443681416772
1.9493588689617927
1.816590212458495
1.8439088914585775
1.8439088914585775
1.7175564037317668
1.7175564037317668
1.7888543819998317
1.5491933384829668
1.6278820596099706
1.51657508881031
1.378404875209022
1.4142135623730951
1.3038404810405297
1.396424004376894
1.466287829861518
1.4317821063276353
1.396424004376894
1.4317821063276353
1.466287829861518
1.5
1.5652475842498528
1.5652475842498528
1.51657508881031
1.51657508881031
1.6431676725154984
1.760681686165901
1.61245154965971
1.5
1.5
1.5652475842498528
1.6733200530681511
1.5811388300841898
1.6583123951777
1.5491933384829668
1.6431676725154984
1.5652475842498528
1.4832396974191326
1.5
1.5
1.4142135623730951
1.3416407864998738
1.4317821063276353
1.2041594578792296
1.118033988749895
1.0488088481701516
1.161895003862225
1.0954451150103321
1.0954451150103321
1.161895003862225
1.0954451150103321
1.140175425099138
1.3228756555322954
1.396424004376894
1.4317821063276353
1.3416407864998738
1.378404875209022
1.2449899597988732
1.2449899597988732
1.118033988749895
1.140175425099138
1.02469507659596
1.3601470508735443
1.1832159566199232
1.3601470508735443
1.3228756555322954
1.161895003862225
1.224744871391589
1.2041594578792296
1.3228756555322954
1.2449899597988732
1.2449899597988732
1.2649110640673518
1.2649110640673518
1.3228756555322954
1.3228756555322954
1.224744871391589
1.224744871391589
1.224744871391589
1.284523257866513
1.284523257866513
1.284523257866513
1.378404875209022
1.378404875209022
1.3416407864998738
1.378404875209022
1.3601470508735443
1.3228756555322954
1.3038404810405297
1.284523257866513
1.3038404810405297
1.2649110640673518
1.378404875209022
1.3416407864998738
1.3416407864998738
1.3038404810405297
1.3038404810405297
1.4142135623730951
1.3228756555322954
1.4142135623730951
1.3416407864998738
1.0954451150103321
1.0723805294763609
1.0488088481701516
1.02469507659596
1.02469507659596
1.0488088481701516
1.0488088481701516
1.0723805294763609
0.806225774829855
0.8366600265340756
1.0
0.9746794344808963
1.0
1.0
1.02469507659596
1.02469507659596
0.9746794344808963
1.3228756555322954
1.1832159566199232
1.0723805294763609
0.9219544457292888
1.2649110640673518
1.3228756555322954
1.378404875209022
1.224744871391589
1.3228756555322954
1.3228756555322954
1.4317821063276353
1.2041594578792296
0.9746794344808963
0.9219544457292888
1.0
1.0723805294763609
1.0723805294763609
1.0723805294763609
0.8660254037844386
1.0723805294763609
0.9486832980505138
1.02469507659596
1.2041594578792296
1.0954451150103321
1.2041594578792296
1.2041594578792296
1.118033988749895
1.02469507659596
0.8944271909999159
1.02469507659596
0.8660254037844386
1.02469507659596
0.9486832980505138
1.140175425099138
1.140175425099138
0.9746794344808963
1.0
1.0
1.224744871391589
1.2449899597988732
1.118033988749895
1.140175425099138
1.118033988749895
1.0
1.1832159566199232
1.0723805294763609
1.0723805294763609
1.0488088481701516
0.9486832980505138
1.02469507659596
0.9746794344808963
1.02469507659596
1.161895003862225
1.161895003862225
1.140175425099138
1.224744871391589
1.161895003862225
1.0723805294763609
1.0723805294763609
1.0723805294763609
1.0723805294763609
1.118033988749895
1.118033988749895
1.140175425099138
1.0723805294763609
1.161895003862225
1.1832159566199232
