5.248809388804284
3.598610843089316
3.2015621187164243
3.0659419433511785
3.024896692450835
2.7386127875258306
2.6267851073127395
2.6076809620810595
2.5
2.5495097567963922
2.4698178070456938
2.5592967784139455
2.4899799195977463
1.8439088914585775
1.6583123951777
1.3038404810405297
0.806225774829855
0.9486832980505138
0.7416198487095663
0.8660254037844386
0.8366600265340756
1.0
0.8944271909999159
1.4832396974191326
1.3601470508735443
1.1832159566199232
1.3601470508735443
1.0954451150103321
1.0723805294763609
1.1832159566199232
1.118033988749895
1.0
1.02469507659596
1.02469507659596
0.8944271909999159
1.161895003862225
1.2041594578792296
1.02469507659596
0.9486832980505138
1.0954451150103321
0.9486832980505138
1.0
0.8944271909999159
0.8944271909999159
0.9219544457292888
0.8944271909999159
0.9746794344808963
0.8366600265340756
1.0
0.8660254037844386
0.8366600265340756
0.9219544457292888
1.2649110640673518
1.0954451150103321
1.140175425099138
1.2649110640673518
1.3416407864998738
1.2449899597988732
1.118033988749895
1.224744871391589
1.140175425099138
1.1832159566199232
1.1832159566199232
1.2041594578792296
1.2649110640673518
1.3416407864998738
1.02469507659596
0.8660254037844386
1.0488088481701516
1.2041594578792296
1.2649110640673518
1.2449899597988732
1.224744871391589
1.140175425099138
1.161895003862225
1.224744871391589
1.1832159566199232
1.161895003862225
1.2449899597988732
1.2449899597988732
1.2449899597988732
1.224744871391589
1.224744871391589
1.2041594578792296
1.118033988749895
1.118033988749895
1.2449899597988732
1.284523257866513
1.2449899597988732
1.2449899597988732
1.2449899597988732
1.2449899597988732
1.2449899597988732
1.1832159566199232
1.1832159566199232
0.9486832980505138
1.0488088481701516
1.0
1.140175425099138
1.118033988749895
1.140175425099138
1.140175425099138
1.0954451150103321
1.0
1.0
1.0
1.0488088481701516
1.0488088481701516
1.0723805294763609
0.8944271909999159
0.8944271909999159
0.9219544457292888
1.0
0.9219544457292888
0.8366600265340756
0.8944271909999159
1.0
1.0
0.8660254037844386
0.8660254037844386
0.8944271909999159
0.8944271909999159
0.8944271909999159
0.8944271909999159
0.8366600265340756
0.9219544457292888
0.8660254037844386
0.8660254037844386
0.8660254037844386
1.0
1.0
1.0
0.9486832980505138
0.9746794344808963
0.9486832980505138
0.8944271909999159
0.8944271909999159
0.9219544457292888
0.9486832980505138
0.9219544457292888
0.8944271909999159
0.8944271909999159
1.0488088481701516
0.8660254037844386
0.8660254037844386
0.8944271909999159
0.806225774829855
0.806225774829855
0.8660254037844386
0.8366600265340756
0.8366600265340756
0.8366600265340756
0.806225774829855
0.806225774829855
0.806225774829855
0.7416198487095663
0.6324555320336759
0.7071067811865476
0.6708203932499369
0.7071067811865476
0.7071067811865476
0.7416198487095663
0.7416198487095663
0.7071067811865476
0.7071067811865476
0.7071067811865476
0.7416198487095663
0.7745966692414834
0.7745966692414834
0.7071067811865476
0.7071067811865476
0.7071067811865476
0.6708203932499369
0.6708203932499369
0.7071067811865476
0.7416198487095663
0.7416198487095663
0.7745966692414834
0.7745966692414834
0.7416198487095663
0.7416198487095663
0.7745966692414834
0.7745966692414834
0.7071067811865476
0.7416198487095663
0.7416198487095663
0.7071067811865476
0.7071067811865476
0.7745966692414834
0.7745966692414834
0.806225774829855
0.806225774829855
0.8366600265340756
0.8366600265340756
0.806225774829855
0.806225774829855
0.806225774829855
0.806225774829855
0.7745966692414834
0.806225774829855
0.7745966692414834
0.7745966692414834
0.7745966692414834
0.7416198487095663
0.806225774829855
0.7745966692414834
0.7745966692414834
0.7416198487095663
0.7745966692414834
0.7745966692414834
0.7745966692414834
0.7416198487095663
0.7745966692414834
0.7745966692414834
0.7745966692414834
0.806225774829855
1.02469507659596
0.9219544457292888
0.8660254037844386
0.8660254037844386
0.8944271909999159
0.8660254037844386
0.8944271909999159
0.9219544457292888
0.8944271909999159
0.7416198487095663
0.7071067811865476
0.7071067811865476
0.7416198487095663
0.7416198487095663
0.7071067811865476
0.7071067811865476
0.7071067811865476
0.7416198487095663
0.7745966692414834
0.6708203932499369
0.6708203932499369
0.6708203932499369
0.6708203932499369
0.7745966692414834
0.806225774829855
0.8366600265340756
0.8366600265340756
0.8366600265340756
0.8366600265340756
0.8660254037844386
0.8660254037844386
0.8366600265340756
0.806225774829855
0.8660254037844386
0.8366600265340756
0.8366600265340756
0.8366600265340756
0.806225774829855
0.8366600265340756
0.7745966692414834
0.806225774829855
0.7416198487095663
0.6708203932499369
0.7071067811865476
0.7071067811865476
0.6708203932499369
0.6708203932499369
0.6708203932499369
0.6324555320336759
0.6324555320336759
0.6324555320336759
0.6324555320336759
0.6324555320336759
0.5916079783099616
0.6708203932499369
0.5916079783099616
0.6708203932499369
0.5916079783099616
0.5916079783099616
0.5916079783099616
0.6324555320336759
0.5916079783099616
0.7071067811865476
0.5916079783099616
0.5916079783099616
0.6324555320336759
0.6324555320336759
0.6324555320336759
0.6324555320336759
0.6324555320336759
0.6324555320336759
0.6324555320336759
0.6324555320336759
0.6324555320336759
0.6708203932499369
0.6708203932499369
0.7071067811865476
0.7071067811865476
0.7071067811865476
0.7071067811865476
0.7416198487095663
0.7416198487095663
0.7416198487095663
0.7416198487095663
0.7071067811865476
0.7071067811865476
0.6708203932499369
0.6708203932499369
0.6708203932499369
0.7416198487095663
0.7416198487095663
0.7416198487095663
0.7416198487095663
0.7071067811865476
0.6708203932499369
0.6324555320336759
0.5916079783099616
0.5916079783099616
0.5916079783099616
0.5916079783099616
0.6324555320336759
0.6324555320336759
0.6708203932499369
0.6708203932499369
0.6708203932499369
0.6324555320336759
0.6708203932499369
0.6708203932499369
0.7416198487095663
0.7416198487095663
0.7416198487095663
0.7745966692414834
0.7745966692414834
0.7745966692414834
0.7416198487095663
0.7745966692414834
0.806225774829855
0.806225774829855
0.806225774829855
0.806225774829855
0.806225774829855
0.806225774829855
0.806225774829855
0.806225774829855
0.806225774829855
0.806225774829855
0.806225774829855
0.806225774829855
0.806225774829855
0.806225774829855
0.806225774829855
0.7416198487095663
0.7416198487095663
0.7416198487095663
0.806225774829855
0.806225774829855
0.806225774829855
0.806225774829855
0.7416198487095663
0.806225774829855
0.806225774829855
0.806225774829855
0.8660254037844386
0.8660254037844386
0.806225774829855
0.806225774829855
0.806225774829855
0.806225774829855
0.806225774829855
0.806225774829855
0.7745966692414834
0.7745966692414834
0.7745966692414834
0.806225774829855
0.806225774829855
0.806225774829855
0.806225774829855
0.8366600265340756
0.8366600265340756
0.8366600265340756
0.8366600265340756
0.8366600265340756
0.8366600265340756
0.8366600265340756
0.8366600265340756
0.806225774829855
0.8366600265340756
0.8366600265340756
0.8366600265340756
0.8366600265340756
0.8366600265340756
0.8366600265340756
0.8366600265340756
0.8366600265340756
0.8366600265340756
0.8366600265340756
0.806225774829855
0.7416198487095663
0.7071067811865476
0.7071067811865476
0.7071067811865476
0.7416198487095663
0.7416198487095663
0.7416198487095663
