17.371569548300133
11.916375287812984
10.573551910309043
8.465054214660581
8.190586931698746
7.628892449104261
7.41041737787324
6.654751256486923
6.504943175331028
5.823597317319057
5.542047068934521
5.11021386189323
4.916444708468567
4.741910404648562
4.500793580819149
4.342481186734475
4.123105625617661
3.828464817278965
4.188419408662073
3.749285646245543
3.56971387408811
3.1121880222303866
3.075246796135695
3.202677451312083
3.1213550171131033
3.2337505867247796
3.1121880222303866
3.1213550171131033
3.2645279685036943
3.051931472737505
3.1441555759399513
3.0845235797908424
3.051931472737505
3.3806170189140663
3.1259284335103663
2.917924898671265
2.8635642126552705
3.0
3.0142518616920992
3.093772546815388
3.0142518616920992
2.7979584393931636
2.6021968740717085
2.667261838343906
2.7360033416855116
2.9952343099378003
2.7360033416855116
2.8284271247461903
2.903200204700225
2.7307769694983985
2.6021968740717085
2.613153540948451
2.311462122306386
2.2038926600773587
2.437797600880176
2.591193878173865
2.4319304501333328
2.4842360136324753
2.524168887263404
2.4083189157584592
2.53546276418555
2.5467065566559266
2.4899799195977463
2.3964259101539405
2.4260491103261463
2.4023797725231892
2.4142434484888695
2.2866069685390684
2.210365192839022
2.2038926600773587
2.197401062294143
2.2296700588716196
2.1111946516469904
2.0354009783964297
2.007130147392398
2.1908902300206643
2.1712405933672376
2.18435999126256
2.2038926600773587
2.2038926600773587
2.1313979316066587
2.0701966780270626
2.014235055087379
1.942016624910449
2.0213149892370277
2.014235055087379
1.9712215212183246
1.992844341996778
2.056349053193895
1.9493588689617927
1.9123657749350298
1.9198214202665531
1.8746428231227714
1.7320508075688772
1.6987390281365427
1.65615734242165
1.65615734242165
1.7237832147426693
1.7484687178050562
1.740279123753264
1.7154757774032086
1.6818357317441643
1.780850519113991
1.6818357317441643
1.7237832147426693
1.7484687178050562
1.6035674514745464
1.61245154965971
1.5675276256394517
1.4832396974191326
1.424279266355945
1.4342743312012722
1.4342743312012722
1.424279266355945
1.424279266355945
1.4928400545843579
1.5306394555404428
1.4540583599999397
1.4442002235542986
1.4832396974191326
1.5399443403670703
1.4832396974191326
1.52127765851133
1.4442002235542986
1.4638501094227998
1.4442002235542986
1.4735767952260144
1.5399443403670703
1.5399443403670703
1.5856499343441837
1.6388149028228556
1.6300744943538186
1.558387444947959
1.5675276256394517
1.61245154965971
1.5856499343441837
1.61245154965971
1.6388149028228556
1.647508942095828
1.5306394555404428
1.4928400545843579
1.5306394555404428
1.4442002235542986
1.4442002235542986
1.4638501094227998
1.6388149028228556
1.5306394555404428
1.5306394555404428
1.5491933384829668
1.6035674514745464
1.6035674514745464
1.6818357317441643
1.558387444947959
1.5491933384829668
1.5946338585572373
1.7320508075688772
1.7154757774032086
1.6733200530681511
1.6987390281365427
1.7237832147426693
1.7071279138616748
1.6647608150808246
1.6035674514745464
1.4928400545843579
1.5023790657297036
1.6035674514745464
1.6733200530681511
1.6388149028228556
1.5675276256394517
1.5491933384829668
1.4928400545843579
1.4638501094227998
1.424279266355945
1.4638501094227998
1.4832396974191326
1.4832396974191326
1.4142135623730951
1.3732131246511903
1.3201731488169053
1.3938641048743392
1.4442002235542986
1.3522468075656264
1.3938641048743392
1.3522468075656264
1.2761549390929883
1.121223821162776
1.121223821162776
1.2071217242444348
1.1588171308956141
1.1710800875382399
1.1338934190276817
1.1952286093343936
1.1710800875382399
1.1710800875382399
1.2071217242444348
1.1588171308956141
1.082325538564332
1.121223821162776
1.0419761445034554
1.0
1.01418510567422
0.9856107606091623
1.0555973258234952
1.121223821162776
1.230563169563316
1.1832159566199232
1.2421180068162376
1.2535663410560174
1.218898800440088
1.0419761445034554
1.0419761445034554
0.9856107606091623
1.0555973258234952
1.0419761445034554
1.0
1.0419761445034554
1.0690449676496976
1.082325538564332
1.0690449676496976
1.0555973258234952
1.0954451150103321
1.0281745265969475
1.1832159566199232
1.1338934190276817
1.1084094137869043
1.0954451150103321
1.1464230084422218
1.1588171308956141
1.1588171308956141
1.218898800440088
1.3093073414159542
1.3416407864998738
1.3416407864998738
1.2983506020002016
1.2761549390929883
1.2983506020002016
1.2535663410560174
1.1832159566199232
1.1710800875382399
1.1952286093343936
1.218898800440088
1.2071217242444348
1.082325538564332
1.1710800875382399
1.1338934190276817
1.1084094137869043
1.0690449676496976
1.0281745265969475
1.01418510567422
1.0555973258234952
1.0
1.0555973258234952
1.1084094137869043
1.1832159566199232
1.218898800440088
1.2421180068162376
1.218898800440088
1.218898800440088
1.2071217242444348
1.2535663410560174
1.1710800875382399
1.1338934190276817
1.0419761445034554
1.0419761445034554
1.0555973258234952
1.082325538564332
1.082325538564332
1.0954451150103321
1.0954451150103321
1.082325538564332
1.0281745265969475
1.01418510567422
1.0
1.01418510567422
1.0690449676496976
1.0690449676496976
1.121223821162776
1.082325538564332
1.0954451150103321
1.082325538564332
1.0954451150103321
1.0954451150103321
1.1338934190276817
1.1338934190276817
1.1832159566199232
1.218898800440088
1.230563169563316
1.1338934190276817
1.1338934190276817
1.1832159566199232
1.218898800440088
1.218898800440088
1.1588171308956141
1.1710800875382399
1.230563169563316
1.3201731488169053
1.4342743312012722
1.3938641048743392
1.424279266355945
1.3522468075656264
1.2983506020002016
1.2649110640673518
1.2983506020002016
1.2761549390929883
1.2761549390929883
1.2535663410560174
1.2649110640673518
1.2761549390929883
1.2761549390929883
1.2873006086935783
1.3201731488169053
1.3522468075656264
1.2873006086935783
1.2873006086935783
1.2983506020002016
1.2983506020002016
1.2535663410560174
1.3201731488169053
1.2873006086935783
1.2873006086935783
1.1710800875382399
1.1710800875382399
1.1464230084422218
1.1588171308956141
1.1832159566199232
1.218898800440088
1.1588171308956141
1.1710800875382399
1.082325538564332
1.1588171308956141
1.1710800875382399
1.1084094137869043
1.1084094137869043
1.0954451150103321
1.0954451150103321
1.0690449676496976
1.0954451150103321
1.0954451150103321
1.121223821162776
1.121223821162776
1.121223821162776
1.1084094137869043
1.082325538564332
1.1464230084422218
1.1464230084422218
1.1832159566199232
1.1832159566199232
1.1084094137869043
1.082325538564332
1.1464230084422218
1.1464230084422218
1.082325538564332
1.082325538564332
1.0419761445034554
1.0281745265969475
1.0281745265969475
0.9856107606091623
1.0281745265969475
1.0
0.9856107606091623
0.9710083124552245
0.9561828874675149
1.0419761445034554
1.0419761445034554
1.0555973258234952
1.0690449676496976
1.0690449676496976
1.0555973258234952
1.0954451150103321
1.082325538564332
1.1084094137869043
1.0690449676496976
1.082325538564332
1.082325538564332
1.1338934190276817
1.1338934190276817
1.1338934190276817
1.1710800875382399
1.2071217242444348
1.2071217242444348
1.2071217242444348
1.1952286093343936
1.1710800875382399
1.2535663410560174
1.2649110640673518
1.2649110640673518
1.2421180068162376
1.218898800440088
1.2071217242444348
1.2071217242444348
1.2071217242444348
1.1952286093343936
1.1832159566199232
1.1710800875382399
1.1710800875382399
1.1710800875382399
1.1084094137869043
1.1084094137869043
1.1084094137869043
1.1084094137869043
