5.366563145999495
4.254409477236529
3.2939338184001206
2.9832867780352594
3.2015621187164243
3.6606010435446255
3.8340579025361627
3.0083217912982647
2.8372521918222215
2.4596747752497685
1.9874606914351791
2.0371548787463363
1.816590212458495
1.816590212458495
1.5491933384829668
1.6431676725154984
1.5652475842498528
1.5811388300841898
1.4317821063276353
1.3038404810405297
1.118033988749895
1.449137674618944
1.5968719422671311
1.449137674618944
1.51657508881031
1.3416407864998738
1.3228756555322954
1.3228756555322954
1.3038404810405297
1.51657508881031
1.3228756555322954
1.284523257866513
1.3228756555322954
1.284523257866513
1.0954451150103321
1.284523257866513
1.224744871391589
1.378404875209022
1.4142135623730951
1.2449899597988732
1.396424004376894
1.3601470508735443
1.3601470508735443
1.5491933384829668
1.5
1.51657508881031
1.4317821063276353
1.449137674618944
1.449137674618944
1.2449899597988732
1.161895003862225
1.3416407864998738
1.3601470508735443
1.3038404810405297
1.3228756555322954
1.224744871391589
1.0954451150103321
1.224744871391589
1.0723805294763609
1.2041594578792296
1.161895003862225
1.2449899597988732
1.2449899597988732
1.2449899597988732
1.118033988749895
1.0723805294763609
1.0723805294763609
1.0723805294763609
1.0488088481701516
1.02469507659596
0.9219544457292888
0.9219544457292888
0.8660254037844386
0.9219544457292888
0.8660254037844386
0.8366600265340756
0.8366600265340756
0.8944271909999159
0.8660254037844386
0.9219544457292888
0.8660254037844386
0.806225774829855
0.8366600265340756
0.7745966692414834
0.8944271909999159
0.806225774829855
1.0488088481701516
1.0954451150103321
1.0954451150103321
1.0954451150103321
1.0488088481701516
1.0488088481701516
0.9746794344808963
1.0
0.9746794344808963
0.9746794344808963
0.8944271909999159
0.8660254037844386
0.806225774829855
0.7745966692414834
0.8660254037844386
0.8660254037844386
0.8660254037844386
0.8660254037844386
0.7745966692414834
0.7416198487095663
0.8660254037844386
0.7416198487095663
0.6324555320336759
0.5916079783099616
0.5477225575051661
0.5916079783099616
0.8660254037844386
0.8366600265340756
0.8366600265340756
0.7745966692414834
0.8944271909999159
0.8366600265340756
0.8366600265340756
0.806225774829855
0.6708203932499369
0.6708203932499369
0.6708203932499369
0.8366600265340756
0.8366600265340756
0.8660254037844386
0.8660254037844386
0.8366600265340756
0.8660254037844386
0.8366600265340756
0.8660254037844386
0.8660254037844386
0.8660254037844386
0.8660254037844386
0.8366600265340756
0.8660254037844386
0.7416198487095663
0.8366600265340756
0.8366600265340756
0.9219544457292888
0.8660254037844386
0.8366600265340756
0.8660254037844386
0.9746794344808963
0.8944271909999159
0.9486832980505138
0.9746794344808963
1.0
1.02469507659596
1.02469507659596
1.0488088481701516
1.0723805294763609
1.224744871391589
1.2041594578792296
1.2041594578792296
1.2041594578792296
1.161895003862225
1.161895003862225
1.161895003862225
1.0488088481701516
1.0723805294763609
1.0954451150103321
1.0723805294763609
1.0488088481701516
1.0723805294763609
1.0723805294763609
1.02469507659596
1.02469507659596
1.0488088481701516
1.0488088481701516
1.0954451150103321
1.0488088481701516
1.0488088481701516
0.9486832980505138
1.0723805294763609
1.0954451150103321
0.9746794344808963
0.9219544457292888
0.9486832980505138
0.9219544457292888
0.9486832980505138
0.9486832980505138
0.9486832980505138
0.9486832980505138
0.9486832980505138
0.9486832980505138
1.0
0.9486832980505138
0.9486832980505138
0.9746794344808963
0.9746794344808963
0.9746794344808963
0.9746794344808963
0.9219544457292888
0.8944271909999159
0.8944271909999159
0.8944271909999159
0.8660254037844386
0.8660254037844386
0.8660254037844386
0.8944271909999159
0.8944271909999159
0.8944271909999159
0.8660254037844386
0.8660254037844386
0.8660254037844386
0.8660254037844386
0.8660254037844386
0.8660254037844386
0.8944271909999159
0.8366600265340756
0.806225774829855
0.8366600265340756
0.8366600265340756
0.8366600265340756
0.8366600265340756
0.806225774829855
0.806225774829855
0.806225774829855
0.7416198487095663
0.7416198487095663
0.806225774829855
0.806225774829855
0.806225774829855
0.7745966692414834
0.7071067811865476
0.7071067811865476
0.7071067811865476
0.7745966692414834
0.7745966692414834
0.806225774829855
0.806225774829855
0.7745966692414834
0.7745966692414834
0.806225774829855
0.806225774829855
0.806225774829855
0.806225774829855
0.806225774829855
0.806225774829855
0.8366600265340756
0.8366600265340756
0.806225774829855
0.7745966692414834
0.7745966692414834
0.7416198487095663
0.806225774829855
0.7745966692414834
0.7071067811865476
0.7071067811865476
0.7416198487095663
0.7416198487095663
0.7416198487095663
0.7745966692414834
0.7745966692414834
0.7745966692414834
0.7745966692414834
0.7745966692414834
0.7745966692414834
0.8366600265340756
0.8366600265340756
0.8366600265340756
0.8366600265340756
0.8366600265340756
0.806225774829855
0.806225774829855
0.8944271909999159
0.8944271909999159
0.8944271909999159
0.8944271909999159
0.8944271909999159
0.8944271909999159
0.8944271909999159
0.8660254037844386
0.8660254037844386
0.8660254037844386
0.8660254037844386
0.8660254037844386
0.8660254037844386
0.8660254037844386
0.8660254037844386
0.7745966692414834
0.7745966692414834
0.7416198487095663
0.7416198487095663
0.7416198487095663
0.7416198487095663
0.7071067811865476
0.7071067811865476
0.7071067811865476
0.7071067811865476
0.7416198487095663
0.7071067811865476
0.7416198487095663
0.7416198487095663
0.7416198487095663
0.7416198487095663
0.7416198487095663
0.7416198487095663
0.7416198487095663
0.8366600265340756
0.7745966692414834
0.7745966692414834
0.806225774829855
0.806225774829855
0.806225774829855
0.806225774829855
0.8944271909999159
0.8944271909999159
0.8944271909999159
0.8366600265340756
0.8366600265340756
0.806225774829855
0.806225774829855
0.806225774829855
0.806225774829855
0.806225774829855
0.806225774829855
0.806225774829855
0.8366600265340756
0.8366600265340756
0.8366600265340756
0.8366600265340756
0.806225774829855
0.806225774829855
0.8366600265340756
0.8366600265340756
0.8366600265340756
0.8366600265340756
0.8366600265340756
0.8366600265340756
0.8366600265340756
0.8366600265340756
0.8366600265340756
0.8366600265340756
0.8366600265340756
0.8366600265340756
0.8366600265340756
0.8366600265340756
0.806225774829855
0.806225774829855
0.806225774829855
0.8366600265340756
0.8366600265340756
0.8366600265340756
0.8366600265340756
0.8366600265340756
0.8366600265340756
0.6708203932499369
0.7071067811865476
0.6708203932499369
0.7745966692414834
0.7416198487095663
0.7416198487095663
0.7071067811865476
0.7071067811865476
0.6708203932499369
0.7071067811865476
0.6708203932499369
0.6708203932499369
0.7071067811865476
0.7071067811865476
0.7071067811865476
0.7071067811865476
0.6708203932499369
0.7071067811865476
0.7416198487095663
0.7416198487095663
0.7416198487095663
0.7416198487095663
0.7416198487095663
0.7416198487095663
0.7416198487095663
0.7416198487095663
0.7416198487095663
0.7416198487095663
0.7416198487095663
0.7416198487095663
0.7416198487095663
0.7416198487095663
0.7416198487095663
0.7416198487095663
0.7416198487095663
0.7745966692414834
0.7745966692414834
0.7745966692414834
0.7745966692414834
0.7745966692414834
0.7745966692414834
0.7745966692414834
0.806225774829855
0.806225774829855
0.7745966692414834
0.806225774829855
0.806225774829855
0.7745966692414834
0.7745966692414834
0.7745966692414834
0.7745966692414834
0.7745966692414834
