6.434283176858165
5.549774770204643
5.079370039680118
4.764451699828638
4.626013402488151
3.987480407475377
3.6742346141747673
3.24037034920393
3.170173496829472
3.255764119219941
2.9154759474226504
2.7477263328068173
2.8548204847240397
3.0903074280724887
3.146426544510455
2.9748949561287032
2.80178514522438
2.0371548787463363
2.0371548787463363
1.8708286933869707
1.9874606914351791
2.0124611797498106
1.8841443681416772
1.7320508075688772
2.0
2.1447610589527217
2.0248456731316584
2.0976176963403033
1.857417562100671
1.9493588689617927
1.8708286933869707
1.8841443681416772
1.7888543819998317
1.6431676725154984
1.5652475842498528
1.5329709716755893
1.5491933384829668
1.7175564037317668
1.8027756377319946
1.4832396974191326
1.5811388300841898
1.51657508881031
1.6278820596099706
1.378404875209022
1.5329709716755893
1.140175425099138
1.2449899597988732
1.1832159566199232
1.378404875209022
1.3228756555322954
1.2041594578792296
1.161895003862225
1.0954451150103321
1.2041594578792296
1.1832159566199232
1.224744871391589
1.140175425099138
1.0488088481701516
1.3416407864998738
1.224744871391589
1.284523257866513
1.3228756555322954
1.3228756555322954
1.3228756555322954
1.4832396974191326
1.3228756555322954
1.449137674618944
1.4142135623730951
1.4832396974191326
1.51657508881031
1.5
1.5811388300841898
1.4832396974191326
1.4832396974191326
1.378404875209022
1.51657508881031
1.5
1.466287829861518
1.466287829861518
1.284523257866513
1.4142135623730951
1.466287829861518
1.466287829861518
1.466287829861518
1.378404875209022
1.3228756555322954
1.0954451150103321
1.161895003862225
1.118033988749895
1.161895003862225
1.2041594578792296
1.1832159566199232
1.161895003862225
1.224744871391589
1.2041594578792296
1.2649110640673518
1.224744871391589
1.2041594578792296
1.0954451150103321
1.224744871391589
1.1832159566199232
1.161895003862225
1.224744871391589
1.378404875209022
1.224744871391589
1.2449899597988732
1.3416407864998738
1.2449899597988732
1.224744871391589
1.2649110640673518
1.2649110640673518
1.2449899597988732
1.3416407864998738
1.3416407864998738
1.3038404810405297
1.1832159566199232
1.2041594578792296
1.161895003862225
1.161895003862225
1.161895003862225
1.3416407864998738
1.3038404810405297
1.449137674618944
1.3416407864998738
1.4142135623730951
1.4832396974191326
1.2649110640673518
1.51657508881031
1.51657508881031
1.4317821063276353
1.4317821063276353
1.2649110640673518
1.1832159566199232
1.3038404810405297
1.140175425099138
1.2041594578792296
1.224744871391589
1.1832159566199232
1.161895003862225
1.2041594578792296
1.2041594578792296
1.2449899597988732
1.0488088481701516
1.0488088481701516
1.118033988749895
1.118033988749895
1.0954451150103321
1.0954451150103321
0.9219544457292888
1.0954451150103321
1.0723805294763609
1.02469507659596
1.02469507659596
1.140175425099138
1.2449899597988732
1.2649110640673518
1.224744871391589
1.224744871391589
1.1832159566199232
1.0723805294763609
1.0488088481701516
1.1832159566199232
1.140175425099138
1.140175425099138
1.140175425099138
1.1832159566199232
1.140175425099138
1.224744871391589
1.2449899597988732
1.2449899597988732
1.161895003862225
1.161895003862225
1.161895003862225
1.161895003862225
1.140175425099138
1.1832159566199232
1.2649110640673518
1.2041594578792296
1.2649110640673518
1.284523257866513
1.2649110640673518
1.2449899597988732
1.284523257866513
1.3228756555322954
1.378404875209022
1.2649110640673518
1.2649110640673518
1.2041594578792296
1.5491933384829668
1.5329709716755893
1.5329709716755893
1.5329709716755893
1.4317821063276353
1.3038404810405297
1.3038404810405297
1.284523257866513
1.2649110640673518
1.3228756555322954
1.3601470508735443
1.3601470508735443
1.2649110640673518
1.2649110640673518
1.2649110640673518
1.284523257866513
1.224744871391589
1.2649110640673518
1.140175425099138
1.140175425099138
1.02469507659596
1.02469507659596
1.0488088481701516
1.1832159566199232
1.2449899597988732
1.2449899597988732
0.8660254037844386
0.9486832980505138
0.9486832980505138
0.9219544457292888
0.9219544457292888
0.8366600265340756
0.8944271909999159
1.140175425099138
1.0954451150103321
1.161895003862225
1.118033988749895
1.0954451150103321
1.0723805294763609
1.0954451150103321
1.0954451150103321
1.0954451150103321
1.0723805294763609
1.118033988749895
1.161895003862225
1.161895003862225
1.118033988749895
1.161895003862225
1.118033988749895
1.118033988749895
1.161895003862225
1.161895003862225
1.118033988749895
1.118033988749895
1.1832159566199232
1.1832159566199232
1.161895003862225
1.2041594578792296
1.2041594578792296
1.118033988749895
1.118033988749895
1.161895003862225
1.161895003862225
1.118033988749895
1.118033988749895
1.0954451150103321
1.0954451150103321
1.0954451150103321
1.0954451150103321
1.0954451150103321
1.118033988749895
1.0488088481701516
1.140175425099138
1.161895003862225
1.118033988749895
1.118033988749895
1.118033988749895
1.0954451150103321
1.0723805294763609
1.0723805294763609
1.0954451150103321
1.0954451150103321
1.0954451150103321
1.224744871391589
1.224744871391589
1.161895003862225
1.2649110640673518
1.1832159566199232
1.1832159566199232
1.224744871391589
1.224744871391589
1.224744871391589
1.284523257866513
1.284523257866513
1.2649110640673518
1.2041594578792296
1.118033988749895
1.118033988749895
1.161895003862225
1.224744871391589
1.2649110640673518
1.2649110640673518
1.118033988749895
1.0954451150103321
1.140175425099138
1.140175425099138
1.140175425099138
1.140175425099138
1.140175425099138
1.140175425099138
1.140175425099138
1.118033988749895
1.2041594578792296
1.2041594578792296
1.2041594578792296
1.2041594578792296
1.284523257866513
1.3228756555322954
1.3416407864998738
1.2649110640673518
1.3416407864998738
1.3038404810405297
1.3038404810405297
1.3038404810405297
1.3038404810405297
1.3038404810405297
1.2449899597988732
1.2449899597988732
1.2449899597988732
1.3038404810405297
1.2041594578792296
1.0488088481701516
1.0488088481701516
1.0488088481701516
0.9219544457292888
1.118033988749895
1.118033988749895
1.0488088481701516
1.2041594578792296
1.1832159566199232
1.2041594578792296
1.1832159566199232
1.1832159566199232
1.0723805294763609
1.0954451150103321
1.0954451150103321
1.02469507659596
1.02469507659596
1.02469507659596
1.0954451150103321
1.02469507659596
1.118033988749895
1.0954451150103321
1.224744871391589
1.224744871391589
1.224744871391589
1.2649110640673518
1.2649110640673518
1.224744871391589
1.2041594578792296
1.284523257866513
1.284523257866513
1.140175425099138
1.0954451150103321
1.0488088481701516
1.1832159566199232
1.118033988749895
1.0954451150103321
1.0954451150103321
1.118033988749895
1.140175425099138
1.118033988749895
1.118033988749895
1.118033988749895
1.140175425099138
1.0723805294763609
1.118033988749895
1.2041594578792296
1.140175425099138
1.140175425099138
1.140175425099138
0.8660254037844386
0.9219544457292888
0.9486832980505138
0.9486832980505138
0.9219544457292888
0.8944271909999159
0.806225774829855
0.806225774829855
0.8366600265340756
0.8944271909999159
0.8944271909999159
0.9486832980505138
0.9486832980505138
0.9486832980505138
0.9486832980505138
1.0
0.9486832980505138
0.9486832980505138
1.0
0.9219544457292888
0.8944271909999159
1.0
1.0
1.02469507659596
0.9746794344808963
1.02469507659596
1.02469507659596
1.02469507659596
1.0723805294763609
1.0723805294763609
0.9486832980505138
