12.937211004363675
11.69493174718983
11.179062061346139
8.071112509614592
7.982122882685139
8.393875318179491
7.450790945549722
6.799159611935245
6.8868404532536855
6.476330530698472
5.906412979610746
5.766900628339529
5.051166767617727
4.632185537858221
4.644505202002531
5.1269595556932455
4.904808136629083
5.019960159204453
4.777925431457824
5.135311925426592
4.626013402488151
4.872664275615255
4.753945729601885
4.5888062562220755
4.962718149217365
4.1952353926806065
4.102264183176338
4.11617020333916
3.985688683993556
3.6683978597124463
4.0708019567928595
3.6955571781725767
4.266145801540309
4.202040320742158
4.039094665180022
4.1196393739535715
4.035556254807296
4.077814540727843
3.7871964753438845
3.734013543475324
3.9677269491305904
3.6916895086899477
3.7530939617486645
3.5777087639996634
3.5132402626147194
3.585685828003181
3.541589635016618
3.2160312720583337
3.4226138716316967
3.3166247903554
3.4100691237233636
3.488757453797637
3.6174181795466067
3.553670135025398
3.525417908358019
3.6606010435446255
3.749285646245543
3.492849839314596
3.2160312720583337
3.260148988707637
3.056608765095256
2.898275349237888
2.8132340311971404
2.7825989906663056
2.5634797778466227
2.495710605933995
3.0612789110808856
3.009508740167215
3.1350552512789034
3.028436654683167
3.180296482135858
2.971291205616075
2.9952343099378003
3.009508740167215
2.8585710716070314
3.0189875313233268
3.0659419433511785
3.255764119219941
3.166791977470486
3.2645279685036943
3.1622776601683795
3.1075943842694236
3.1396087108337016
3.070597894314954
3.0237157840738176
2.971291205616075
2.9277002188455996
2.903200204700225
2.893342111024649
3.009508740167215
2.9423023055326687
3.1259284335103663
3.075246796135695
3.0378563870880115
2.756809750418044
2.7877282097486784
2.8132340311971404
3.070597894314954
3.0983866769659336
3.1396087108337016
3.175801361186541
3.0237157840738176
2.961659766318301
2.951996902824546
2.8233718443429607
2.888400447108597
2.7097706808616007
2.6240644591385873
2.5579009251449016
2.569046515733026
2.4201534780139164
2.53546276418555
2.5746012173871566
2.6886002731107927
2.4669240534954224
2.5298221281347035
2.449489742783178
2.3964259101539405
2.3964259101539405
2.4727081741050063
2.4553149347021512
2.2928460168844436
2.32379000772445
2.177810171446801
2.104417123236605
2.1712405933672376
2.1246848505803664
2.1712405933672376
2.0701966780270626
2.2168188275738085
2.3421601750764798
2.311462122306386
2.248809208701987
2.2551528297909846
2.197401062294143
2.177810171446801
2.02837021134844
2.3724610489050035
2.311462122306386
2.2677868380553634
2.32379000772445
2.2038926600773587
2.1908902300206643
2.29906813420444
2.4201534780139164
2.3784749015162756
2.311462122306386
2.2232537288526344
2.3784749015162756
2.3176342617912282
2.32379000772445
2.311462122306386
2.23606797749979
2.0770858707058104
2.29906813420444
2.2614786566062732
2.1514114968019085
2.1580414400893364
2.2038926600773587
2.2168188275738085
2.1313979316066587
2.138089935299395
2.0976176963403033
2.090796157311509
2.197401062294143
2.197401062294143
2.104417123236605
1.889822365046136
1.9493588689617927
1.942016624910449
1.8126539343499315
1.740279123753264
1.7888543819998317
1.7237832147426693
1.8516401995451028
1.7320508075688772
1.6903085094570331
1.5399443403670703
1.65615734242165
1.6733200530681511
1.65615734242165
1.7728105208558367
1.6035674514745464
1.647508942095828
1.6212869667555552
1.6647608150808246
1.5946338585572373
1.6212869667555552
1.7154757774032086
1.5856499343441837
1.5946338585572373
1.5856499343441837
1.5399443403670703
1.6388149028228556
1.6035674514745464
1.6035674514745464
1.647508942095828
1.7237832147426693
1.7071279138616748
1.804755622554715
1.6818357317441643
1.7237832147426693
1.65615734242165
1.6987390281365427
1.7728105208558367
1.8439088914585775
1.8516401995451028
1.7888543819998317
1.7888543819998317
1.7154757774032086
1.9048809486609468
1.9712215212183246
2.0
1.8973665961010275
1.889822365046136
1.7888543819998317
1.7237832147426693
1.6818357317441643
1.7968225924034427
1.7968225924034427
1.8973665961010275
1.647508942095828
1.6987390281365427
1.7237832147426693
1.6647608150808246
1.6647608150808246
1.7484687178050562
1.8439088914585775
1.8439088914585775
1.7968225924034427
1.647508942095828
1.6212869667555552
1.7237832147426693
1.6903085094570331
1.6647608150808246
1.6300744943538186
1.5023790657297036
1.7566201313073597
1.6300744943538186
1.6035674514745464
1.558387444947959
1.5856499343441837
1.5946338585572373
1.7320508075688772
1.7566201313073597
1.8746428231227714
1.8126539343499315
1.7154757774032086
1.6903085094570331
1.740279123753264
1.780850519113991
1.8439088914585775
1.780850519113991
1.7647338933351153
1.804755622554715
1.7968225924034427
1.8361450300639575
1.7647338933351153
1.9048809486609468
1.8126539343499315
1.8283482006601322
1.820517979665599
1.8126539343499315
1.8361450300639575
1.8593393604027366
1.5766148184367308
1.647508942095828
1.7071279138616748
1.6987390281365427
1.804755622554715
1.8593393604027366
1.8516401995451028
1.7237832147426693
1.7237832147426693
1.7566201313073597
1.7154757774032086
1.7566201313073597
1.820517979665599
1.820517979665599
1.6818357317441643
1.6987390281365427
1.7320508075688772
1.8361450300639575
1.6987390281365427
1.804755622554715
1.6818357317441643
1.6388149028228556
1.7484687178050562
1.7566201313073597
1.740279123753264
1.8283482006601322
1.9123657749350298
1.7320508075688772
1.7647338933351153
1.6903085094570331
1.7566201313073597
1.6818357317441643
1.7071279138616748
1.6818357317441643
1.6818357317441643
1.7237832147426693
1.7320508075688772
1.65615734242165
1.6300744943538186
1.6903085094570331
1.6647608150808246
1.6300744943538186
1.6647608150808246
1.7320508075688772
1.740279123753264
1.6733200530681511
1.647508942095828
1.65615734242165
1.5399443403670703
1.647508942095828
1.7154757774032086
1.6300744943538186
1.61245154965971
1.5491933384829668
1.5306394555404428
1.424279266355945
1.424279266355945
1.5306394555404428
1.5856499343441837
1.6300744943538186
1.6818357317441643
1.6987390281365427
1.7320508075688772
1.8126539343499315
1.7566201313073597
1.6818357317441643
1.6987390281365427
1.6987390281365427
1.7484687178050562
1.820517979665599
1.9048809486609468
1.9198214202665531
1.9346465162548798
1.9198214202665531
1.8361450300639575
1.740279123753264
1.8126539343499315
1.780850519113991
1.820517979665599
1.7888543819998317
1.7566201313073597
1.7484687178050562
1.558387444947959
1.5306394555404428
1.558387444947959
1.5399443403670703
1.5766148184367308
1.558387444947959
1.6212869667555552
1.5946338585572373
1.6035674514745464
1.5856499343441837
1.6035674514745464
1.6388149028228556
1.558387444947959
1.6903085094570331
1.740279123753264
1.5856499343441837
1.61245154965971
1.5856499343441837
1.647508942095828
1.5675276256394517
1.5856499343441837
1.6035674514745464
1.6388149028228556
1.7071279138616748
1.6987390281365427
1.7237832147426693
1.7071279138616748
1.6903085094570331
1.6818357317441643
1.7647338933351153
1.7154757774032086
1.65615734242165
1.7237832147426693
1.647508942095828
1.647508942095828
1.6987390281365427
1.6903085094570331
1.7071279138616748
1.7647338933351153
1.6388149028228556
1.6300744943538186
1.6987390281365427
1.7728105208558367
1.7237832147426693
1.7647338933351153
1.7888543819998317
1.7566201313073597
1.7566201313073597
1.7888543819998317
1.780850519113991
1.7566201313073597
1.7968225924034427
1.820517979665599
