23.19174730064863
21.688706738761535
18.585708795431273
16.401219466856727
14.516985125805466
10.564090116995406
12.120820339988779
10.346842168369191
10.80872663307623
10.447145885018411
10.89429732868138
9.856107606091623
9.693886143927449
9.09945053286186
8.148619514985345
7.58946638440411
7.400772160486267
7.919235172305828
7.627019638851638
7.101307726649468
7.414271951542415
8.272156395316244
8.221921916437786
8.035634920242991
7.89574930851133
8.07465169527454
7.5308887731984
7.868563128950909
8.051619180548185
7.714550260014236
7.897558393036963
7.6681158050723255
7.421975093310021
7.205156883391624
6.440940481460319
6.322296147083635
6.25642526870234
6.251856867020733
6.096837587752241
6.04034057696371
6.398660574124646
6.173676839152314
6.29285308902091
6.240421231203639
6.016643582596529
6.129553700835696
6.189853448530564
6.313251369709815
5.623928469368314
5.6593790674040765
5.151976042535247
5.248128918277175
5.440588203494177
4.626013402488151
5.017113569716015
5.157518783291051
5.237229365663817
5.2671488627963745
5.048337774526808
5.193402408000806
4.8373546489791295
4.756949803032551
4.741910404648562
4.9856938190329
4.893143891493192
5.143650732421755
4.893143891493192
5.129745189995865
4.7479318806041375
4.699544050832409
4.893143891493192
5.198900982762744
5.18238775634773
4.99714204034952
5.0849919230164815
4.681269669041265
4.5197977198732495
4.475329197787737
4.378518992927697
4.339190181194116
4.446507457705269
4.532422877761644
4.675162334843877
4.638349460129725
4.4077853201547175
4.7207747548166585
4.500793580819149
4.497618417403974
4.723799923185328
4.6352685235824564
4.750939756661683
4.500793580819149
4.38829612231705
4.510305659581969
4.2895221179054435
4.272837799067834
4.329302154257328
4.222389303293981
4.11617020333916
4.371988759624814
4.365448757818932
4.2594432902501635
4.296177703161597
4.36871998252512
4.27617987059879
4.503966505838413
4.622924244612772
4.510305659581969
4.5261147009012355
4.404543109109048
4.619833021101211
4.58257569495584
4.529269887552045
4.222389303293981
4.136941589421552
4.36871998252512
4.21561722306812
4.365448757818932
4.326001122779063
4.699544050832409
5.0624669311089265
4.6012420683363935
4.452928410447605
4.529269887552045
4.478520163753074
4.355620342893602
4.4077853201547175
4.468940430507949
4.375255094603872
4.302822993603817
4.242640687119285
4.3094580368566735
4.202040320742158
4.157609203101499
4.157609203101499
4.20883424647321
4.21561722306812
4.167904578013822
4.205438655564278
4.167904578013822
4.355620342893602
4.362175079999819
4.161043825085926
3.9749213828703582
3.924283374069717
4.0035698356056475
4.088310863215481
4.067291130821243
4.0035698356056475
4.0813163142720095
4.126568965687043
4.024922359499621
3.985688683993556
4.154171741411621
4.339190181194116
4.272837799067834
4.0708019567928595
4.095293465849373
4.024922359499621
3.749285646245543
4.105745103771404
4.11617020333916
3.843361623816912
3.7984959429452374
3.996426975615665
4.0708019567928595
3.989271326230608
3.861901826080735
3.8950518060006045
3.913347124174613
3.9821028185046727
4.046162202807565
3.909694909544003
3.884033249820898
3.8987177379235853
3.7416573867739413
3.835920452027872
3.7530939617486645
3.7682887362833544
3.9315573068623655
3.946064947695181
3.9351892312459746
3.8877095717511763
3.9749213828703582
4.039094665180022
3.749285646245543
3.541589635016618
3.484660262185848
3.585685828003181
3.5777087639996634
3.676178139628943
3.672290060127915
3.734013543475324
3.7454734585325027
3.641035959331198
3.5496478698597698
3.734013543475324
3.5010202594590707
3.389058023361991
3.2293298729878046
3.303677604471374
3.22490309931942
3.2425739335111103
3.367915845572324
3.4969374356101124
3.439269025326665
3.359421718944242
3.5091716564291513
3.4723396805529925
3.3636714634883287
3.2732683535398857
3.2071349029490928
3.198213787189879
3.202677451312083
3.238165265349236
3.277629805645711
3.3295216301616493
3.389058023361991
3.439269025326665
3.202677451312083
3.251373336211726
3.3763886032268267
3.3423687066852112
3.3423687066852112
3.2469766156929962
3.116774889895918
3.198213787189879
3.260148988707637
3.202677451312083
3.0798886807341406
3.1622776601683795
3.2337505867247796
3.1532296368734616
3.2469766156929962
3.2645279685036943
3.238165265349236
3.1622776601683795
3.1577568892219317
3.1892677171144745
3.166791977470486
3.1075943842694236
3.1304951684997055
3.1350552512789034
3.0983866769659336
3.202677451312083
3.1121880222303866
3.180296482135858
3.1396087108337016
2.8834503141697647
2.833473385894321
3.051931472737505
2.9760952365713798
3.089151524748688
3.116774889895918
3.1937438845342623
3.0659419433511785
3.028436654683167
3.056608765095256
3.1847852585154217
3.1441555759399513
3.0142518616920992
2.9664793948382653
2.9130249373656736
2.9471535904520287
3.051931472737505
2.903200204700225
2.9471535904520287
3.1396087108337016
3.03315017762062
3.0983866769659336
2.9856801091687157
3.1350552512789034
3.2160312720583337
3.0612789110808856
2.9568322818274866
2.951996902824546
2.9423023055326687
2.833473385894321
2.7255405754769875
3.028436654683167
2.917924898671265
2.9423023055326687
2.990461025135948
3.004758131459407
3.1213550171131033
3.1213550171131033
3.1577568892219317
2.971291205616075
3.0798886807341406
2.971291205616075
2.767154288640743
2.932575659723036
2.961659766318301
3.0612789110808856
3.1937438845342623
3.1712998686883673
3.1075943842694236
3.1441555759399513
3.1396087108337016
3.1350552512789034
3.0659419433511785
2.9081167199998794
2.84855853271189
2.9471535904520287
2.8585710716070314
2.792848008753788
2.741219749360805
2.843539042410757
2.7516228977511745
2.7307769694983985
2.756809750418044
2.767154288640743
2.7825989906663056
2.6021968740717085
2.3664319132398464
2.3724610489050035
2.6403462976338106
2.501428163498376
2.4784787961282104
2.5185029566901727
2.5071326821120348
2.4842360136324753
2.4669240534954224
2.5185029566901727
2.6240644591385873
2.6295029405356662
2.6240644591385873
2.6619005025947695
2.6349301969610397
2.7097706808616007
2.6619005025947695
2.8685486624025445
2.7097706808616007
2.5801439605461662
2.699206232527312
2.6726124191242437
2.699206232527312
2.5185029566901727
2.5410908793553326
2.5071326821120348
2.5298221281347035
2.5579009251449016
2.495710605933995
2.585674822114004
2.591193878173865
2.4784787961282104
2.4553149347021512
2.495710605933995
2.53546276418555
2.4842360136324753
2.6403462976338106
2.6832815729997477
2.7202941017470885
2.6403462976338106
2.704493615131253
2.7723120830300267
2.5410908793553326
2.4201534780139164
2.4201534780139164
2.4727081741050063
2.4669240534954224
2.280350850198276
2.2551528297909846
2.4436506647695313
2.4669240534954224
2.4142434484888695
2.2866069685390684
2.117950491799628
2.138089935299395
2.0354009783964297
2.02837021134844
2.02837021134844
1.992844341996778
1.992844341996778
1.9566735620873066
1.985662897587892
2.04939015319192
2.1514114968019085
2.117950491799628
1.9639610121239315
2.014235055087379
2.0770858707058104
2.104417123236605
2.0213149892370277
1.9639610121239315
2.0976176963403033
2.197401062294143
2.138089935299395
2.1908902300206643
2.090796157311509
2.0976176963403033
1.9639610121239315
1.9784553859730358
1.985662897587892
2.0354009783964297
1.9566735620873066
1.867006771737662
1.9493588689617927
2.042407542932745
1.927248223318863
