9.17605579756357
6.2088646305101545
4.873397172404482
5.709640969448079
5.191338940966964
4.685082710048992
4.415880433163924
4.2130748865881795
4.4777226354476225
4.08656334834051
3.7483329627982624
2.9410882339705484
2.924038303442689
3.331666249791536
3.391164991562634
2.80178514522438
3.122498999199199
3.0083217912982647
3.0740852297878796
3.0
2.80178514522438
2.6832815729997477
2.9664793948382653
2.6457513110645907
2.6267851073127395
2.80178514522438
2.7386127875258306
2.6172504656604803
2.819574435974337
2.701851217221259
2.6551836094703507
2.5592967784139455
2.5099800796022267
2.3979157616563596
2.4083189157584592
2.16794833886788
2.4083189157584592
2.4596747752497685
2.4899799195977463
2.598076211353316
2.756809750418044
2.819574435974337
2.7202941017470885
2.7477263328068173
2.355843797877949
2.6267851073127395
2.6267851073127395
2.588435821108957
2.4083189157584592
2.6267851073127395
2.569046515733026
2.692582403567252
2.5592967784139455
2.5592967784139455
2.6172504656604803
2.224859546128699
2.1213203435596424
2.0976176963403033
1.9748417658131499
2.16794833886788
2.1447610589527217
2.1563858652847827
1.9235384061671346
1.9874606914351791
2.0
1.9364916731037085
1.9493588689617927
1.8303005217723127
1.70293863659264
1.8027756377319946
2.1908902300206643
1.9874606914351791
1.8303005217723127
1.857417562100671
1.5968719422671311
1.396424004376894
1.466287829861518
1.4832396974191326
1.3416407864998738
1.4317821063276353
1.2649110640673518
1.4832396974191326
1.3416407864998738
1.5329709716755893
1.51657508881031
1.51657508881031
1.70293863659264
1.5968719422671311
1.70293863659264
1.51657508881031
1.5329709716755893
1.4832396974191326
1.5491933384829668
1.6431676725154984
1.7175564037317668
1.7320508075688772
1.61245154965971
1.61245154965971
1.5
1.5
1.61245154965971
1.5329709716755893
1.4832396974191326
1.378404875209022
1.5652475842498528
1.5652475842498528
1.466287829861518
1.4142135623730951
1.4142135623730951
1.5968719422671311
1.5968719422671311
1.466287829861518
1.4832396974191326
1.4832396974191326
1.4832396974191326
1.5
1.3416407864998738
1.3416407864998738
1.4832396974191326
1.3601470508735443
1.378404875209022
1.449137674618944
1.466287829861518
1.4832396974191326
1.4317821063276353
1.5
1.5
1.284523257866513
1.3416407864998738
1.2649110640673518
1.3416407864998738
1.3416407864998738
1.396424004376894
1.4317821063276353
1.5
1.466287829861518
1.466287829861518
1.4317821063276353
1.4832396974191326
1.396424004376894
1.5811388300841898
1.4317821063276353
1.378404875209022
1.378404875209022
1.449137674618944
1.4142135623730951
1.4142135623730951
1.4142135623730951
1.3228756555322954
1.2449899597988732
1.396424004376894
1.2449899597988732
1.224744871391589
1.2449899597988732
1.2649110640673518
1.3228756555322954
1.224744871391589
1.140175425099138
1.3416407864998738
1.4317821063276353
1.378404875209022
1.224744871391589
1.3038404810405297
1.3038404810405297
1.284523257866513
1.2041594578792296
1.378404875209022
1.378404875209022
1.284523257866513
1.1832159566199232
1.0954451150103321
1.0954451150103321
1.2649110640673518
1.161895003862225
1.0488088481701516
1.161895003862225
1.1832159566199232
1.2449899597988732
1.2041594578792296
1.2041594578792296
1.0954451150103321
1.02469507659596
1.0954451150103321
1.0954451150103321
1.140175425099138
1.140175425099138
1.0954451150103321
1.0954451150103321
1.0723805294763609
1.118033988749895
1.118033988749895
1.0954451150103321
1.0723805294763609
1.0954451150103321
1.118033988749895
1.118033988749895
1.140175425099138
1.140175425099138
1.2041594578792296
1.1832159566199232
1.1832159566199232
1.1832159566199232
1.2041594578792296
1.1832159566199232
1.2041594578792296
1.2649110640673518
1.2649110640673518
1.2649110640673518
1.2649110640673518
1.2041594578792296
1.2041594578792296
1.1832159566199232
1.161895003862225
1.224744871391589
1.140175425099138
1.1832159566199232
1.224744871391589
1.224744871391589
1.0954451150103321
1.0
1.0
1.0
1.0723805294763609
1.02469507659596
1.0488088481701516
1.02469507659596
1.02469507659596
1.0
1.02469507659596
1.02469507659596
1.0
1.118033988749895
1.140175425099138
1.140175425099138
1.140175425099138
1.1832159566199232
1.1832159566199232
1.1832159566199232
1.1832159566199232
1.1832159566199232
1.0723805294763609
1.118033988749895
1.02469507659596
1.140175425099138
1.161895003862225
1.0723805294763609
1.2041594578792296
1.161895003862225
1.2041594578792296
1.1832159566199232
1.1832159566199232
1.1832159566199232
1.02469507659596
1.1832159566199232
1.1832159566199232
1.161895003862225
1.2041594578792296
1.284523257866513
1.2649110640673518
1.284523257866513
1.284523257866513
1.3038404810405297
1.0488088481701516
1.0488088481701516
1.0488088481701516
1.0723805294763609
1.0723805294763609
1.0723805294763609
1.0723805294763609
1.0723805294763609
1.0488088481701516
1.118033988749895
1.118033988749895
1.118033988749895
1.118033988749895
1.118033988749895
1.118033988749895
1.0954451150103321
1.0723805294763609
1.0488088481701516
0.9746794344808963
1.0488088481701516
1.0723805294763609
1.140175425099138
1.0954451150103321
1.0723805294763609
1.0954451150103321
1.0954451150103321
1.140175425099138
1.140175425099138
1.0954451150103321
1.0954451150103321
1.0954451150103321
1.0954451150103321
1.0954451150103321
1.0954451150103321
1.0723805294763609
1.0723805294763609
1.02469507659596
1.0
1.0
1.0
1.0
1.0
1.0
1.0723805294763609
1.118033988749895
1.118033988749895
1.0723805294763609
1.0723805294763609
1.0723805294763609
0.9746794344808963
0.9486832980505138
0.9486832980505138
0.9486832980505138
0.9486832980505138
1.0723805294763609
1.0723805294763609
1.0723805294763609
1.0723805294763609
1.0488088481701516
1.0723805294763609
1.0954451150103321
1.0954451150103321
1.0954451150103321
1.0954451150103321
1.0954451150103321
1.0723805294763609
1.0723805294763609
1.0723805294763609
1.0488088481701516
1.0723805294763609
1.0723805294763609
1.0723805294763609
1.0723805294763609
1.0723805294763609
1.0723805294763609
1.0723805294763609
1.0723805294763609
1.0723805294763609
1.0723805294763609
1.0723805294763609
1.0723805294763609
1.0723805294763609
1.0723805294763609
1.0723805294763609
1.0723805294763609
1.0723805294763609
1.0954451150103321
1.0954451150103321
1.0723805294763609
1.0723805294763609
1.0954451150103321
1.0723805294763609
1.0723805294763609
1.0723805294763609
1.0488088481701516
1.0723805294763609
1.0723805294763609
1.0723805294763609
1.0954451150103321
1.0954451150103321
1.0723805294763609
1.0723805294763609
1.0723805294763609
1.0488088481701516
1.0488088481701516
1.0488088481701516
1.0723805294763609
1.2041594578792296
1.2041594578792296
1.2041594578792296
1.161895003862225
1.161895003862225
1.140175425099138
1.118033988749895
1.02469507659596
0.9486832980505138
0.9486832980505138
0.9219544457292888
0.9219544457292888
0.9219544457292888
0.9486832980505138
0.9746794344808963
0.9219544457292888
0.9219544457292888
0.9486832980505138
1.0
1.0
1.0
1.0
1.0
1.02469507659596
1.0723805294763609
1.0723805294763609
1.0723805294763609
1.0723805294763609
1.0723805294763609
1.0723805294763609
1.0723805294763609
