10.272014686237833
8.807464366741915
8.802597019386624
7.606388292556649
6.454234490405725
6.648308055437865
5.83584979734253
5.813776741499453
5.239956379316802
4.954074801903696
4.355620342893602
3.880353444873657
3.9821028185046727
4.1438422474110395
3.843361623816912
3.835920452027872
3.484660262185848
3.5777087639996634
3.5576878526850635
3.5936451848068853
3.7682887362833544
3.7568984168174833
3.6645015252516173
4.024922359499621
4.2560880764248425
4.4077853201547175
4.1952353926806065
3.872983346207417
3.861901826080735
3.8950518060006045
3.5936451848068853
3.537553634121427
3.672290060127915
3.430951554806417
3.401680257083045
3.418437404094784
3.4723396805529925
3.3848401523768974
3.251373336211726
3.1396087108337016
2.8685486624025445
2.808151400069855
2.7097706808616007
2.6457513110645907
2.6295029405356662
2.715037489875337
2.8385106758902383
2.656528346760647
2.6021968740717085
2.6186146828319083
2.5071326821120348
2.741219749360805
2.699206232527312
2.84855853271189
2.9081167199998794
2.833473385894321
2.81830749615033
2.893342111024649
2.792848008753788
2.843539042410757
2.843539042410757
2.8585710716070314
2.917924898671265
2.808151400069855
2.8535691936340255
2.7877282097486784
2.893342111024649
3.004758131459407
2.9130249373656736
2.878491668515698
2.888400447108597
2.8385106758902383
2.767154288640743
2.792848008753788
2.84855853271189
2.7877282097486784
2.6726124191242437
2.699206232527312
2.6832815729997477
2.704493615131253
2.699206232527312
2.7202941017470885
2.7619868624907378
2.715037489875337
2.656528346760647
2.699206232527312
2.704493615131253
2.715037489875337
2.7255405754769875
2.7825989906663056
2.715037489875337
2.7255405754769875
2.704493615131253
2.4784787961282104
2.6186146828319083
2.449489742783178
2.4201534780139164
2.437797600880176
2.390457218668787
2.4319304501333328
2.4260491103261463
2.29906813420444
2.4023797725231892
2.3176342617912282
2.2614786566062732
2.177810171446801
2.056349053193895
2.104417123236605
2.02837021134844
2.083952289006911
2.1580414400893364
2.2614786566062732
2.280350850198276
2.1580414400893364
2.1580414400893364
2.1447610589527217
2.04939015319192
1.985662897587892
1.927248223318863
1.9784553859730358
1.9123657749350298
1.8822478962286404
1.7888543819998317
1.8126539343499315
1.8126539343499315
1.942016624910449
1.9639610121239315
1.9566735620873066
1.992844341996778
1.9493588689617927
1.8973665961010275
2.014235055087379
1.9493588689617927
1.9784553859730358
1.9198214202665531
1.8822478962286404
1.8822478962286404
1.8516401995451028
1.8361450300639575
1.820517979665599
1.7647338933351153
1.9048809486609468
2.007130147392398
2.104417123236605
2.2296700588716196
2.1712405933672376
2.1712405933672376
2.1514114968019085
2.23606797749979
2.311462122306386
2.29906813420444
2.177810171446801
2.2038926600773587
2.18435999126256
2.177810171446801
2.1580414400893364
2.164651077128664
2.090796157311509
2.117950491799628
1.9784553859730358
1.9493588689617927
1.9346465162548798
2.02837021134844
1.985662897587892
1.9784553859730358
2.007130147392398
2.1246848505803664
2.02837021134844
1.985662897587892
1.942016624910449
1.9123657749350298
2.0354009783964297
1.9493588689617927
2.0770858707058104
2.0770858707058104
2.0976176963403033
2.1111946516469904
2.056349053193895
2.007130147392398
2.007130147392398
2.04939015319192
2.083952289006911
2.104417123236605
2.0770858707058104
2.0632844828435215
2.056349053193895
1.8973665961010275
1.8973665961010275
1.8593393604027366
1.8516401995451028
1.9048809486609468
1.942016624910449
1.942016624910449
1.8822478962286404
1.942016624910449
2.02837021134844
1.8746428231227714
1.889822365046136
1.8973665961010275
1.867006771737662
1.780850519113991
1.7484687178050562
1.9123657749350298
1.8746428231227714
1.9123657749350298
1.8822478962286404
1.8439088914585775
1.9566735620873066
1.740279123753264
1.7968225924034427
1.8361450300639575
1.9198214202665531
1.9123657749350298
1.9048809486609468
1.9346465162548798
1.942016624910449
1.9346465162548798
1.9346465162548798
1.820517979665599
1.820517979665599
1.7888543819998317
1.7484687178050562
1.7968225924034427
1.8126539343499315
1.8126539343499315
1.804755622554715
1.8361450300639575
1.8439088914585775
1.9784553859730358
1.9566735620873066
1.927248223318863
1.8973665961010275
1.8439088914585775
1.889822365046136
1.8973665961010275
1.927248223318863
1.9346465162548798
1.9566735620873066
1.992844341996778
2.02837021134844
2.083952289006911
2.083952289006911
1.985662897587892
2.0
1.9784553859730358
1.8973665961010275
1.8361450300639575
1.9346465162548798
1.985662897587892
1.9346465162548798
1.9198214202665531
1.9346465162548798
1.992844341996778
1.985662897587892
1.985662897587892
2.007130147392398
1.942016624910449
1.992844341996778
1.992844341996778
2.014235055087379
1.9493588689617927
1.9784553859730358
2.04939015319192
2.104417123236605
2.117950491799628
2.0632844828435215
2.117950491799628
1.927248223318863
1.9346465162548798
1.8973665961010275
1.9123657749350298
1.942016624910449
1.9493588689617927
1.9639610121239315
1.9784553859730358
1.985662897587892
2.0213149892370277
1.992844341996778
2.007130147392398
1.9712215212183246
1.9712215212183246
1.9566735620873066
1.9346465162548798
1.992844341996778
1.9198214202665531
1.8973665961010275
1.8822478962286404
1.867006771737662
1.7888543819998317
1.6987390281365427
1.6987390281365427
1.6647608150808246
1.6647608150808246
1.6647608150808246
1.7154757774032086
1.7484687178050562
1.7484687178050562
1.7647338933351153
1.6388149028228556
1.6388149028228556
1.6388149028228556
1.6388149028228556
1.6388149028228556
1.647508942095828
1.5856499343441837
1.558387444947959
1.558387444947959
1.5766148184367308
1.52127765851133
1.5118578920369088
1.52127765851133
1.52127765851133
1.52127765851133
1.5118578920369088
1.5118578920369088
1.6903085094570331
1.7154757774032086
1.7154757774032086
1.7320508075688772
1.7320508075688772
1.7484687178050562
1.7647338933351153
1.7071279138616748
1.6987390281365427
1.5766148184367308
1.5306394555404428
1.558387444947959
1.558387444947959
1.558387444947959
1.558387444947959
1.5491933384829668
1.5491933384829668
1.5399443403670703
1.52127765851133
1.5306394555404428
1.52127765851133
1.5306394555404428
1.4928400545843579
1.5023790657297036
1.4342743312012722
1.4735767952260144
1.4638501094227998
1.4638501094227998
1.558387444947959
1.5946338585572373
1.6300744943538186
1.6300744943538186
1.6300744943538186
1.5946338585572373
1.5306394555404428
1.5023790657297036
1.5023790657297036
1.5023790657297036
1.6035674514745464
1.6035674514745464
1.5675276256394517
1.558387444947959
1.558387444947959
1.5023790657297036
1.5856499343441837
1.5766148184367308
1.558387444947959
1.6212869667555552
1.6818357317441643
1.740279123753264
1.7154757774032086
1.7888543819998317
1.7968225924034427
1.7728105208558367
1.7484687178050562
1.7647338933351153
1.740279123753264
1.740279123753264
1.7154757774032086
1.7320508075688772
1.740279123753264
1.780850519113991
1.7320508075688772
1.7320508075688772
1.7320508075688772
1.7320508075688772
1.7154757774032086
1.7320508075688772
1.6300744943538186
1.6733200530681511
1.6647608150808246
1.6647608150808246
1.7154757774032086
1.7154757774032086
1.7154757774032086
1.7154757774032086
1.6212869667555552
1.5675276256394517
1.5946338585572373
1.5675276256394517
1.5766148184367308
1.52127765851133
1.52127765851133
1.5118578920369088
1.52127765851133
