19.669410623750633
17.66675651369786
16.40383230485225
15.252166122507695
15.04849304273165
15.48824439004351
14.09153748075165
14.516001023501126
13.386560424545209
13.899640283115243
12.54933122862387
11.691266581757269
12.62650273941963
12.479697798538918
10.30117885070858
10.69579356569675
10.628801840820469
10.127755357009201
10.037074132577539
9.38996424761184
9.327379053088816
8.380248888223512
8.18535277187245
8.57404721903756
8.065800819332377
8.11348084539376
8.298020417975776
8.153877254761337
8.021399949064822
7.886697661252142
7.606388292556649
8.007139671211295
7.745966692414834
7.3367957194248925
7.209121206598525
6.720969317846093
6.478535989822745
6.985699678629192
6.961116495013056
7.050835816716038
7.012234206829416
6.888914490479821
6.504943175331028
6.520297977415274
6.607355208942748
6.667618979601553
6.3897238929840645
6.25642526870234
6.340346993658944
6.10386294547501
5.860277906623298
6.2381315884073585
6.110880226518692
6.082762530298219
6.20138233437859
6.164414002968976
5.96417878432803
5.8918830363717944
5.855400437691199
5.542047068934521
5.786684222049298
5.448459808580246
5.280692595267621
5.366563145999495
5.245406153415169
4.825527358301296
5.151976042535247
5.2671488627963745
5.185143612834103
5.059644256269407
5.11021386189323
5.154748157905347
5.11021386189323
5.132529312420646
5.171349644228008
5.11300861947808
5.048337774526808
5.031330411957231
4.913538149119954
4.613644360558612
4.573213937078137
4.669047011971501
4.497618417403974
4.503966505838413
4.478520163753074
4.672105673951674
4.622924244612772
4.488079449258573
4.61054691518727
4.44007721940573
4.36871998252512
4.591918366621328
4.665986344968079
4.488079449258573
4.249369701160733
4.235900983599256
4.219004621945797
4.222389303293981
4.414262598182655
4.452928410447605
4.456135417280635
4.362175079999819
4.5197977198732495
4.462542516804262
4.462542516804262
4.33589667773576
4.11269810638779
3.9677269491305904
4.024922359499621
4.095293465849373
4.063777271736939
4.205438655564278
4.164475614390981
4.1196393739535715
4.077814540727843
4.191828786034631
4.27617987059879
4.339190181194116
4.332600670662895
4.459340117743239
4.566962103755937
4.299501632249287
4.140393356054125
4.171330722922842
3.996426975615665
3.847076812334269
4.053217416888888
3.960519446450716
3.9569107719460717
4.060260371665133
4.154171741411621
4.171330722922842
4.205438655564278
4.0
3.9496835316262997
4.109223075681617
4.355620342893602
4.174754056057845
4.123105625617661
4.1196393739535715
4.053217416888888
4.032014739202085
4.010699974532411
4.046162202807565
3.9496835316262997
3.9023802260378764
3.880353444873657
3.7071359757712075
3.7454734585325027
3.8060102844992794
3.687817782917155
3.641035959331198
3.7301857479602427
3.779644730092272
3.772077866186146
3.764495792457281
3.794733192202055
3.8913824205360674
3.772077866186146
3.6371103129505746
3.737837419073838
3.541589635016618
3.6371103129505746
3.561701038227982
3.3338094898007764
3.5496478698597698
3.6955571781725767
3.6488745818794204
3.6174181795466067
3.63318042491699
3.585685828003181
3.260148988707637
3.070597894314954
3.1121880222303866
3.2115861679683633
3.3551665915633544
3.5294677866702306
3.589667712437223
3.5132402626147194
3.537553634121427
3.56971387408811
3.5777087639996634
3.4351128074635335
3.6527875852363962
3.5777087639996634
3.880353444873657
4.249369701160733
4.014260294784796
4.035556254807296
3.909694909544003
3.978513721048531
3.9023802260378764
4.088310863215481
3.906039280030714
3.9315573068623655
3.9023802260378764
3.476451392686842
3.295017884191656
3.492849839314596
3.439269025326665
3.4969374356101124
3.418437404094784
3.4641016151377544
3.418437404094784
3.4434202266268428
3.3932706514932924
3.3551665915633544
3.320929301953209
3.439269025326665
3.418437404094784
3.6292462814513664
3.5335130232835263
3.4434202266268428
3.537553634121427
3.56971387408811
3.6292462814513664
3.484660262185848
3.525417908358019
3.5576878526850635
3.3509060608395793
3.589667712437223
3.5496478698597698
3.5816995167896803
3.565709706956767
3.625307868699863
3.6994208040873486
3.589667712437223
3.56971387408811
3.541589635016618
3.3974780562730853
3.476451392686842
3.5010202594590707
3.5010202594590707
3.468223093829379
3.5050983275386565
3.4723396805529925
3.672290060127915
3.389058023361991
3.4100691237233636
3.3466401061363023
3.3338094898007764
3.166791977470486
3.2160312720583337
3.2645279685036943
3.2906794782493525
3.3380918415851206
3.3806170189140663
3.3763886032268267
3.389058023361991
3.255764119219941
3.251373336211726
3.281985461794213
3.439269025326665
3.625307868699863
3.484660262185848
3.5132402626147194
3.4267852490135913
3.4351128074635335
3.303677604471374
3.307998963551401
3.3166247903554
3.22490309931942
3.3295216301616493
3.367915845572324
3.476451392686842
3.468223093829379
3.5173041624841845
3.4969374356101124
3.672290060127915
3.6134668750581977
3.687817782917155
3.6174181795466067
3.5496478698597698
3.5335130232835263
3.6292462814513664
3.541589635016618
3.418437404094784
3.60951124510943
3.525417908358019
3.4100691237233636
3.439269025326665
3.4517076519145875
3.476451392686842
3.4226138716316967
3.260148988707637
3.260148988707637
3.2071349029490928
3.070597894314954
3.051931472737505
3.295017884191656
3.009508740167215
2.8030595529069404
2.656528346760647
2.4669240534954224
2.5410908793553326
2.6619005025947695
2.7307769694983985
2.7516228977511745
2.6349301969610397
2.6832815729997477
2.667261838343906
2.741219749360805
2.8535691936340255
2.9130249373656736
2.7723120830300267
2.65114530506561
2.501428163498376
2.6619005025947695
2.5410908793553326
2.585674822114004
2.524168887263404
2.5410908793553326
2.3844735867092943
2.524168887263404
2.4669240534954224
2.4727081741050063
2.3964259101539405
2.3176342617912282
2.495710605933995
2.4669240534954224
2.6349301969610397
2.65114530506561
2.495710605933995
2.5634797778466227
2.5579009251449016
2.5523098781859765
2.5185029566901727
2.5467065566559266
2.6832815729997477
2.667261838343906
2.7877282097486784
2.8030595529069404
2.7825989906663056
2.7360033416855116
2.7464262493023806
2.6726124191242437
2.591193878173865
2.667261838343906
2.7516228977511745
2.7255405754769875
2.6832815729997477
2.898275349237888
2.7979584393931636
2.6832815729997477
2.6832815729997477
2.7723120830300267
2.7202941017470885
2.81830749615033
2.7877282097486784
2.9471535904520287
2.937443008565686
2.7202941017470885
2.951996902824546
2.9664793948382653
2.898275349237888
2.8385106758902383
2.7979584393931636
2.8132340311971404
2.6886002731107927
2.6779523094014523
2.6295029405356662
2.704493615131253
2.8132340311971404
2.7516228977511745
2.667261838343906
2.741219749360805
2.756809750418044
2.6779523094014523
2.756809750418044
2.704493615131253
2.8030595529069404
2.808151400069855
2.7877282097486784
2.7723120830300267
2.8132340311971404
2.7723120830300267
2.7464262493023806
2.7979584393931636
2.9471535904520287
2.917924898671265
2.7516228977511745
2.7723120830300267
2.8385106758902383
2.81830749615033
2.9952343099378003
2.9277002188455996
2.6403462976338106
2.6021968740717085
2.7464262493023806
2.7307769694983985
2.81830749615033
2.6726124191242437
2.6457513110645907
2.6076809620810595
2.65114530506561
2.6886002731107927
2.6726124191242437
2.808151400069855
2.8132340311971404
2.6349301969610397
