19.880356421064775
17.35264491984682
18.66700679962224
15.878107120002866
16.273554357563423
15.04849304273165
13.72068303172779
11.939131339542971
11.384199576606166
11.189280584559492
11.491611847654047
11.173949295443526
10.41839033358115
10.238582491173835
10.162957949618521
9.89227692986518
8.937880861015898
8.763560920082657
8.647047390377168
8.711240685787203
8.277335665193585
8.24794346662072
7.861297602813418
7.525195773438152
7.464200272921789
7.521398046336104
7.252585745787498
7.301663215616406
6.971370023173351
6.857738069405351
7.211102550927978
7.258492562902733
7.075107268242854
6.757006945174976
6.884765791223402
6.4298411444496155
6.467501173449559
6.794956112546171
6.4608712371364545
6.598701170901524
6.855654600401044
7.022413097667049
7.135424704548827
7.217043320204908
7.022413097667049
6.973418919624105
6.901345624483056
6.735831691144648
6.799159611935245
6.4939532313859925
6.577016257935118
6.6138383063737765
6.832694511370627
6.317775377004607
6.087457832062811
6.129553700835696
6.333583954940972
6.29058253037257
5.96417878432803
6.002380480157138
6.0592314458424275
5.937772550135518
5.855400437691199
5.5703295619354005
5.513619500836088
5.511027905157855
5.578018081208209
5.618845839799182
5.562630415806639
5.456320057642199
5.212622043792219
5.395765535518173
5.201648090475062
4.919349550499537
4.786886849956422
5.0426750270636544
4.893143891493192
5.143650732421755
4.828486896977739
4.6352685235824564
4.3490557267395085
4.417497675640103
4.738896797477537
4.563832975533989
4.0918036539962594
4.322697570466188
4.157609203101499
4.381780460041329
4.140393356054125
4.205438655564278
4.0918036539962594
4.063777271736939
3.9569107719460717
4.198639235344165
4.171330722922842
4.302822993603817
4.423960733486292
4.394802124588286
4.262795863213317
4.2560880764248425
4.060260371665133
4.140393356054125
4.27617987059879
4.332600670662895
4.296177703161597
4.292851200376205
4.38829612231705
4.420730385678044
4.5197977198732495
4.225771273642583
4.423960733486292
4.1507314329611145
4.063777271736939
4.365448757818932
4.38829612231705
4.59813626840888
4.5197977198732495
4.459340117743239
4.771941803021971
4.819602828923918
4.452928410447605
4.3094580368566735
4.2560880764248425
4.181592314623018
4.292851200376205
4.398051516621553
4.232527107330291
4.378518992927697
4.299501632249287
4.6475800154489
4.714718594844387
4.5229573132125465
4.33589667773576
4.198639235344165
4.063777271736939
4.039094665180022
4.171330722922842
4.205438655564278
3.884033249820898
3.687817782917155
3.865599195837192
3.8766701469910267
3.687817782917155
3.625307868699863
3.80225497003329
4.0178174601214955
3.813509819425819
3.913347124174613
4.1196393739535715
4.021371478914697
4.0
4.157609203101499
4.109223075681617
4.08481508586549
3.927922024247863
3.953298803350365
3.813509819425819
3.80225497003329
3.813509819425819
4.088310863215481
4.20883424647321
4.312771730569565
4.133486940310116
4.140393356054125
3.858200913082973
3.880353444873657
3.906039280030714
3.589667712437223
3.672290060127915
3.541589635016618
3.6015869518072963
3.835920452027872
3.6449573777637356
3.561701038227982
3.835920452027872
3.82099463490856
3.7301857479602427
3.7301857479602427
3.6527875852363962
3.641035959331198
3.553670135025398
3.5010202594590707
3.4599752269963684
3.484660262185848
3.5335130232835263
3.625307868699863
3.5496478698597698
3.56971387408811
3.760699023168052
3.783422486887463
3.687817782917155
3.6449573777637356
3.772077866186146
3.794733192202055
3.865599195837192
3.8877095717511763
3.843361623816912
3.56971387408811
3.6683978597124463
3.589667712437223
3.641035959331198
3.5091716564291513
3.605551275463989
3.537553634121427
3.367915845572324
3.277629805645711
3.22490309931942
3.3763886032268267
3.3338094898007764
3.4142558277233497
3.3848401523768974
3.4599752269963684
3.3380918415851206
3.3636714634883287
3.3338094898007764
3.4475664294853385
3.3509060608395793
3.430951554806417
3.565709706956767
3.1892677171144745
3.22490309931942
3.2337505867247796
3.401680257083045
3.4226138716316967
3.4475664294853385
3.5456210417116734
3.553670135025398
3.492849839314596
3.488757453797637
3.484660262185848
3.4226138716316967
3.5010202594590707
3.401680257083045
3.468223093829379
3.3423687066852112
3.565709706956767
3.565709706956767
3.367915845572324
3.4100691237233636
3.3848401523768974
3.401680257083045
3.492849839314596
3.492849839314596
3.4558439118191004
3.3295216301616493
3.4969374356101124
3.764495792457281
3.6839419880650364
3.775863193647627
3.8172540616821107
3.775863193647627
3.7186787208054732
3.764495792457281
3.6683978597124463
3.521363372331802
3.4558439118191004
3.372154885444702
3.1532296368734616
3.2425739335111103
3.372154885444702
3.3380918415851206
3.372154885444702
3.3974780562730853
3.4969374356101124
3.5050983275386565
3.589667712437223
3.553670135025398
3.525417908358019
3.5576878526850635
3.541589635016618
3.561701038227982
3.561701038227982
3.5496478698597698
3.5294677866702306
3.492849839314596
3.5132402626147194
3.468223093829379
3.4969374356101124
3.4100691237233636
3.525417908358019
3.4267852490135913
3.3848401523768974
3.3848401523768974
3.439269025326665
3.4434202266268428
3.480558247506528
3.4351128074635335
3.439269025326665
3.4723396805529925
3.5091716564291513
3.565709706956767
3.5335130232835263
3.4641016151377544
3.4351128074635335
3.389058023361991
3.468223093829379
3.488757453797637
3.537553634121427
3.537553634121427
3.295017884191656
3.3806170189140663
3.3380918415851206
3.2906794782493525
3.277629805645711
3.281985461794213
3.2204702407301595
3.251373336211726
3.299350585450762
3.2204702407301595
3.3252282413607124
3.2071349029490928
3.3123146848433
3.3551665915633544
3.3551665915633544
3.255764119219941
3.320929301953209
3.2425739335111103
3.295017884191656
3.2337505867247796
3.148695875165735
3.1937438845342623
3.051931472737505
3.0142518616920992
3.102993945945017
3.1213550171131033
2.980891525318271
3.075246796135695
3.056608765095256
3.070597894314954
3.0612789110808856
3.075246796135695
2.9760952365713798
2.8132340311971404
2.8284271247461903
2.9130249373656736
2.7723120830300267
2.81830749615033
2.756809750418044
2.808151400069855
2.756809750418044
2.7360033416855116
2.81830749615033
2.8535691936340255
2.990461025135948
3.1441555759399513
3.0659419433511785
3.0845235797908424
2.9471535904520287
3.051931472737505
3.093772546815388
3.1075943842694236
3.04255531702266
3.056608765095256
3.0798886807341406
3.1532296368734616
3.175801361186541
3.1892677171144745
3.1350552512789034
2.990461025135948
2.980891525318271
3.1075943842694236
3.2160312720583337
3.2645279685036943
3.180296482135858
3.04255531702266
3.04255531702266
3.004758131459407
2.9952343099378003
3.028436654683167
3.03315017762062
2.9423023055326687
2.9423023055326687
2.9856801091687157
3.051931472737505
2.9664793948382653
3.202677451312083
3.2160312720583337
3.0472470011002204
3.2906794782493525
3.286335345030997
3.359421718944242
3.268901082277389
3.2469766156929962
3.0845235797908424
3.009508740167215
3.1075943842694236
3.0798886807341406
3.0659419433511785
3.0142518616920992
2.9423023055326687
3.056608765095256
3.070597894314954
3.0845235797908424
3.093772546815388
2.9760952365713798
3.0378563870880115
3.04255531702266
3.1577568892219317
3.22490309931942
3.299350585450762
