8.139410298049853
6.272957835024878
5.044799302251775
4.722287581247038
4.09878030638384
2.569046515733026
2.692582403567252
3.082207001484488
2.949576240750525
2.9664793948382653
2.7838821814150108
2.3664319132398464
2.0124611797498106
1.9874606914351791
1.9748417658131499
2.0248456731316584
1.8973665961010275
1.8841443681416772
1.8708286933869707
1.9364916731037085
1.857417562100671
2.0
1.9748417658131499
1.7748239349298849
1.8973665961010275
1.7175564037317668
1.746424919657298
1.7175564037317668
1.7888543819998317
1.816590212458495
1.7320508075688772
1.9621416870348585
1.6431676725154984
1.8973665961010275
1.5491933384829668
1.6583123951777
1.61245154965971
1.61245154965971
1.51657508881031
1.91049731745428
1.8841443681416772
1.8973665961010275
1.816590212458495
1.9235384061671346
1.7175564037317668
1.7888543819998317
1.5968719422671311
1.51657508881031
1.5968719422671311
1.5968719422671311
1.2649110640673518
1.4317821063276353
1.0488088481701516
1.1832159566199232
1.3416407864998738
1.2041594578792296
1.224744871391589
1.1832159566199232
1.4142135623730951
1.51657508881031
1.378404875209022
1.396424004376894
1.3416407864998738
1.1832159566199232
1.1832159566199232
1.284523257866513
1.224744871391589
1.449137674618944
1.5
1.5491933384829668
1.5968719422671311
1.5
1.6278820596099706
1.70293863659264
1.7748239349298849
1.5491933384829668
1.5652475842498528
1.5
1.396424004376894
1.224744871391589
1.5
1.161895003862225
1.161895003862225
1.1832159566199232
1.140175425099138
1.0723805294763609
1.2041594578792296
1.0723805294763609
1.0723805294763609
1.118033988749895
1.0723805294763609
0.9746794344808963
1.0
1.0723805294763609
0.9746794344808963
1.2041594578792296
1.0954451150103321
1.161895003862225
1.2649110640673518
1.284523257866513
1.2041594578792296
1.284523257866513
1.449137674618944
1.449137674618944
1.449137674618944
1.4317821063276353
1.378404875209022
1.378404875209022
1.4317821063276353
1.4317821063276353
1.3038404810405297
1.224744871391589
1.1832159566199232
1.3416407864998738
1.4142135623730951
1.3228756555322954
1.3416407864998738
1.2449899597988732
1.3228756555322954
1.3038404810405297
1.378404875209022
1.3038404810405297
1.3601470508735443
1.378404875209022
1.3601470508735443
1.3601470508735443
1.3228756555322954
1.3228756555322954
1.3416407864998738
1.3416407864998738
1.2649110640673518
1.2649110640673518
1.284523257866513
1.161895003862225
0.9746794344808963
1.1832159566199232
1.140175425099138
1.161895003862225
1.0723805294763609
1.118033988749895
1.140175425099138
1.140175425099138
1.2041594578792296
1.0
0.9746794344808963
1.0
0.9486832980505138
1.2649110640673518
1.2649110640673518
1.3228756555322954
1.1832159566199232
1.02469507659596
1.0488088481701516
1.2041594578792296
1.140175425099138
1.161895003862225
1.02469507659596
1.161895003862225
1.0723805294763609
1.161895003862225
1.2041594578792296
1.1832159566199232
1.1832159566199232
1.1832159566199232
1.2041594578792296
1.140175425099138
1.2041594578792296
1.224744871391589
1.224744871391589
1.224744871391589
1.224744871391589
1.02469507659596
1.0488088481701516
1.0488088481701516
1.224744871391589
1.2041594578792296
1.3038404810405297
1.3038404810405297
1.3038404810405297
1.3228756555322954
1.161895003862225
1.284523257866513
1.0954451150103321
1.0954451150103321
1.118033988749895
1.02469507659596
1.0723805294763609
1.161895003862225
1.0954451150103321
1.0954451150103321
1.02469507659596
1.02469507659596
1.0488088481701516
1.0488088481701516
1.0488088481701516
0.9746794344808963
0.8660254037844386
1.02469507659596
1.0723805294763609
1.02469507659596
1.0488088481701516
1.118033988749895
1.1832159566199232
1.1832159566199232
0.9219544457292888
1.140175425099138
1.118033988749895
0.9486832980505138
1.02469507659596
1.02469507659596
1.118033988749895
1.118033988749895
1.140175425099138
1.02469507659596
1.0
0.9746794344808963
0.9219544457292888
1.0488088481701516
1.0488088481701516
1.0723805294763609
1.0488088481701516
0.7745966692414834
0.7745966692414834
0.7745966692414834
0.8366600265340756
1.0723805294763609
1.224744871391589
1.161895003862225
1.02469507659596
0.9746794344808963
1.02469507659596
1.0954451150103321
1.161895003862225
1.0488088481701516
1.0488088481701516
1.140175425099138
1.140175425099138
1.0723805294763609
1.02469507659596
1.2041594578792296
1.0
1.0
0.9486832980505138
1.0723805294763609
1.140175425099138
1.140175425099138
0.9486832980505138
0.9219544457292888
0.9219544457292888
0.9219544457292888
1.118033988749895
0.9486832980505138
0.9219544457292888
0.9219544457292888
0.9219544457292888
0.9219544457292888
0.9486832980505138
0.9486832980505138
0.8944271909999159
0.8944271909999159
0.8944271909999159
0.9746794344808963
0.9746794344808963
0.8944271909999159
0.8944271909999159
0.8944271909999159
0.8944271909999159
0.8944271909999159
0.8660254037844386
0.8660254037844386
0.8944271909999159
0.8944271909999159
1.0488088481701516
1.0488088481701516
0.8944271909999159
0.8944271909999159
0.806225774829855
0.8660254037844386
0.8944271909999159
0.8944271909999159
0.8944271909999159
0.8944271909999159
0.8944271909999159
0.9746794344808963
0.9746794344808963
0.9746794344808963
0.9486832980505138
0.9486832980505138
0.8660254037844386
0.8660254037844386
0.8660254037844386
0.8944271909999159
0.8660254037844386
0.8944271909999159
0.9746794344808963
0.9746794344808963
0.9486832980505138
0.9746794344808963
0.9746794344808963
0.9746794344808963
0.9486832980505138
1.02469507659596
1.02469507659596
0.9486832980505138
0.9486832980505138
0.9219544457292888
0.9486832980505138
0.9486832980505138
0.9486832980505138
0.9486832980505138
0.9486832980505138
0.8944271909999159
0.9486832980505138
0.8660254037844386
0.8660254037844386
0.8660254037844386
0.7416198487095663
0.806225774829855
0.806225774829855
0.8944271909999159
0.8660254037844386
0.9219544457292888
0.8944271909999159
0.8660254037844386
0.8944271909999159
0.8944271909999159
0.7745966692414834
0.7745966692414834
0.7416198487095663
0.7416198487095663
0.7071067811865476
0.7416198487095663
0.7745966692414834
0.7416198487095663
0.7745966692414834
0.7745966692414834
0.8660254037844386
0.8660254037844386
0.8660254037844386
0.806225774829855
0.8944271909999159
0.8660254037844386
0.8660254037844386
0.806225774829855
0.7745966692414834
0.7745966692414834
0.8366600265340756
0.8366600265340756
0.806225774829855
0.8366600265340756
0.7745966692414834
0.7745966692414834
0.806225774829855
0.806225774829855
0.806225774829855
0.806225774829855
0.7071067811865476
0.6324555320336759
0.5477225575051661
0.5916079783099616
0.5916079783099616
0.5916079783099616
0.6708203932499369
0.6708203932499369
0.7071067811865476
0.806225774829855
0.7071067811865476
0.7745966692414834
0.7745966692414834
0.7745966692414834
0.7071067811865476
0.806225774829855
0.806225774829855
0.7745966692414834
0.806225774829855
0.7071067811865476
0.7071067811865476
0.6324555320336759
0.4472135954999579
0.5477225575051661
0.5477225575051661
0.5477225575051661
0.5477225575051661
0.5477225575051661
0.6324555320336759
0.5916079783099616
0.6324555320336759
0.6324555320336759
0.4472135954999579
0.5
0.5477225575051661
0.5
0.6324555320336759
0.6324555320336759
0.5916079783099616
0.5477225575051661
0.5477225575051661
0.6324555320336759
0.5477225575051661
0.5916079783099616
