7.619055059520177
6.7379522111692065
4.171330722922842
4.11703777004778
3.905124837953327
3.263433774416144
2.9832867780352594
2.5787593916455256
2.2693611435820435
2.5592967784139455
2.7294688127912363
2.692582403567252
2.8548204847240397
2.6739483914241875
2.5298221281347035
2.5787593916455256
2.4698178070456938
2.4289915602982237
2.1330729007701543
2.1095023109728985
1.8973665961010275
2.1447610589527217
1.5811388300841898
1.70293863659264
1.7748239349298849
1.857417562100671
1.8708286933869707
1.8027756377319946
1.816590212458495
1.8973665961010275
1.8708286933869707
1.857417562100671
1.8841443681416772
2.1447610589527217
1.8708286933869707
1.7748239349298849
1.8027756377319946
1.61245154965971
1.6733200530681511
1.8027756377319946
1.746424919657298
1.8841443681416772
1.7888543819998317
1.7320508075688772
1.9364916731037085
1.6583123951777
1.6431676725154984
1.6278820596099706
1.5329709716755893
1.4317821063276353
1.4832396974191326
1.3601470508735443
1.2649110640673518
1.5491933384829668
1.5652475842498528
1.6278820596099706
1.61245154965971
1.466287829861518
1.4142135623730951
1.5
1.4142135623730951
1.5329709716755893
1.6733200530681511
1.5652475842498528
1.6733200530681511
1.5491933384829668
1.5
1.2649110640673518
1.2649110640673518
1.378404875209022
1.3601470508735443
1.378404875209022
1.284523257866513
1.4142135623730951
1.4142135623730951
1.378404875209022
1.3228756555322954
1.3038404810405297
1.2449899597988732
1.224744871391589
1.3038404810405297
1.224744871391589
1.1832159566199232
1.161895003862225
1.02469507659596
1.1832159566199232
1.2041594578792296
1.2041594578792296
1.378404875209022
1.1832159566199232
1.1832159566199232
1.2649110640673518
1.224744871391589
1.224744871391589
1.0954451150103321
1.1832159566199232
1.118033988749895
1.2649110640673518
1.1832159566199232
1.161895003862225
1.284523257866513
1.161895003862225
1.3038404810405297
1.1832159566199232
1.161895003862225
1.2041594578792296
1.118033988749895
1.140175425099138
1.118033988749895
1.118033988749895
1.0488088481701516
0.8660254037844386
1.0
0.9486832980505138
0.8660254037844386
0.9486832980505138
0.9486832980505138
0.9486832980505138
0.9486832980505138
0.9219544457292888
0.9219544457292888
0.8944271909999159
1.0488088481701516
1.0954451150103321
1.0954451150103321
1.0488088481701516
1.0488088481701516
0.9219544457292888
1.02469507659596
1.0488088481701516
0.9746794344808963
0.9486832980505138
1.02469507659596
1.1832159566199232
1.2649110640673518
1.0488088481701516
1.0
1.118033988749895
1.118033988749895
1.161895003862225
1.0954451150103321
0.9486832980505138
0.9486832980505138
1.0
0.9486832980505138
0.9486832980505138
0.9746794344808963
1.0
1.0
0.8660254037844386
0.9486832980505138
0.8944271909999159
0.8944271909999159
0.9486832980505138
1.0488088481701516
1.0
0.9746794344808963
0.9746794344808963
1.02469507659596
1.02469507659596
0.9746794344808963
1.0
0.9219544457292888
1.0488088481701516
0.806225774829855
0.8660254037844386
0.8660254037844386
0.8660254037844386
0.7416198487095663
0.7416198487095663
0.8660254037844386
0.8660254037844386
0.806225774829855
0.7071067811865476
0.5916079783099616
0.6708203932499369
0.6708203932499369
0.6708203932499369
0.9219544457292888
0.8366600265340756
0.9219544457292888
0.9219544457292888
0.7745966692414834
0.7745966692414834
0.8366600265340756
0.8366600265340756
0.8944271909999159
1.140175425099138
1.0723805294763609
0.9486832980505138
0.9486832980505138
0.9486832980505138
1.0
1.02469507659596
0.9746794344808963
0.9486832980505138
0.9486832980505138
0.8660254037844386
0.8944271909999159
0.8944271909999159
0.8366600265340756
0.9219544457292888
0.9219544457292888
0.9219544457292888
0.9219544457292888
0.9219544457292888
1.0
0.9486832980505138
1.0488088481701516
1.02469507659596
0.9486832980505138
0.9486832980505138
0.9219544457292888
0.9219544457292888
0.9219544457292888
0.8944271909999159
0.8944271909999159
0.9219544457292888
1.0723805294763609
1.0723805294763609
1.0723805294763609
1.0723805294763609
1.0723805294763609
1.0723805294763609
0.9746794344808963
0.9219544457292888
0.806225774829855
0.8366600265340756
0.8366600265340756
0.8660254037844386
0.8366600265340756
0.8660254037844386
0.8660254037844386
0.8660254037844386
0.8944271909999159
0.8660254037844386
0.9219544457292888
0.9219544457292888
0.9486832980505138
0.9486832980505138
0.9219544457292888
0.9219544457292888
0.8944271909999159
0.8944271909999159
0.8944271909999159
0.8944271909999159
0.9219544457292888
0.8944271909999159
0.8660254037844386
0.8944271909999159
0.8944271909999159
0.8660254037844386
0.8660254037844386
0.8660254037844386
0.8660254037844386
0.8660254037844386
0.8944271909999159
0.9746794344808963
0.9746794344808963
0.9746794344808963
0.9746794344808963
0.9746794344808963
0.9746794344808963
0.9746794344808963
0.9486832980505138
1.02469507659596
1.0
1.0954451150103321
1.118033988749895
1.118033988749895
1.118033988749895
1.118033988749895
1.02469507659596
1.0
1.0
1.0723805294763609
1.0954451150103321
1.0954451150103321
1.0954451150103321
1.0954451150103321
1.0954451150103321
1.0954451150103321
1.0954451150103321
1.0954451150103321
1.0954451150103321
1.118033988749895
1.0
1.0
1.0
1.02469507659596
0.9746794344808963
0.9219544457292888
0.8944271909999159
0.8944271909999159
0.8366600265340756
0.8366600265340756
0.8660254037844386
0.8660254037844386
0.8660254037844386
0.8660254037844386
0.8660254037844386
1.0
1.0
1.0
1.02469507659596
1.02469507659596
1.0
1.0
1.0
0.9746794344808963
0.9746794344808963
0.9746794344808963
1.0
1.0
1.0
0.9486832980505138
0.9746794344808963
0.9746794344808963
0.9486832980505138
0.9486832980505138
0.9486832980505138
0.9219544457292888
0.9219544457292888
0.9219544457292888
0.9219544457292888
0.9486832980505138
0.9486832980505138
0.9486832980505138
1.0
0.9746794344808963
0.9746794344808963
0.9746794344808963
0.9746794344808963
0.9746794344808963
1.0
1.0
0.9746794344808963
1.02469507659596
1.02469507659596
1.02469507659596
1.0
1.0
0.9486832980505138
0.9486832980505138
0.9219544457292888
0.8944271909999159
0.8944271909999159
0.8944271909999159
0.9219544457292888
1.0
0.9746794344808963
0.9486832980505138
0.9486832980505138
0.9486832980505138
0.9486832980505138
0.9219544457292888
0.9219544457292888
0.9219544457292888
0.9219544457292888
0.9219544457292888
0.9219544457292888
0.9219544457292888
0.9219544457292888
0.9219544457292888
1.0
1.0
1.0
1.0
1.0
0.9746794344808963
0.9746794344808963
0.9486832980505138
0.9486832980505138
0.9486832980505138
0.9486832980505138
0.9219544457292888
0.8944271909999159
0.9219544457292888
0.9219544457292888
0.9219544457292888
0.8944271909999159
0.806225774829855
0.806225774829855
0.806225774829855
0.806225774829855
0.9219544457292888
0.9219544457292888
0.9219544457292888
0.9219544457292888
0.8944271909999159
0.8944271909999159
0.8944271909999159
0.806225774829855
0.8366600265340756
0.8366600265340756
0.8366600265340756
0.8366600265340756
0.8366600265340756
0.806225774829855
0.806225774829855
