17.418381095842403
18.765469808743322
17.90371070875692
15.752550813847805
14.351704727015134
13.037309100095332
11.41052146047673
10.691785899197837
11.028534418886828
11.095687708037106
11.42553531099778
11.063453348751466
10.997402290671063
10.755729370234
10.116464656334106
9.166709956607738
8.19756061276768
8.473488065725943
8.178368681204969
7.383379017379895
7.841282693903739
7.810249675906654
6.959063976467771
6.5835292315639595
6.714589658773966
6.794956112546171
6.917885721601857
6.855654600401044
6.205987891890034
6.5334305143404015
6.496152707564686
6.48074069840786
6.5748438330177414
7.0650042968342
6.4873503285790175
6.44980619863884
6.635402883666631
6.458659745975609
6.807558824046778
6.398660574124646
6.471917357763021
6.8452277432633934
6.917885721601857
6.566146945834042
6.596535887440143
6.2472851246418575
6.6868741362676865
6.4298411444496155
6.199078272499181
5.94498588247753
5.813776741499453
5.862715119415967
5.732115042211108
5.80640040940045
5.707138387268051
5.350567393143593
5.347896782848375
5.717142143214063
5.69711706542378
5.369224471799575
5.20713795806158
5.464168999687222
5.749534142619109
5.882176467941097
5.722137462771856
5.75946426079966
6.159777361468281
6.10386294547501
5.978533025990334
5.923319532636602
5.956988692763676
5.5805785670356025
5.42744349184244
5.495452665613635
5.30229061013122
5.661902759421329
5.536889276222061
5.3718844791323335
5.419541361723201
5.451081150953975
5.329165037789691
5.294201680005346
5.18238775634773
5.212622043792219
5.201648090475062
5.329165037789691
5.163055573702733
5.2671488627963745
5.361236531142526
5.669467095138408
5.578018081208209
5.7644229050765725
5.469395370083033
5.414266867664145
5.272570530585627
4.971346468944376
5.11300861947808
5.068107564536716
5.2590058810713325
5.056820005836531
5.1685864328930125
5.0737419271044075
4.9684720272649505
4.798809376144402
4.414262598182655
4.33589667773576
4.0813163142720095
3.909694909544003
4.147288270665544
4.212227100104783
4.2560880764248425
4.296177703161597
4.302822993603817
4.246006527146588
4.484895284651104
4.604345773288535
4.6506527959600925
4.7479318806041375
4.681269669041265
4.585692033768887
4.538722287164087
4.494441010848846
4.462542516804262
4.6506527959600925
4.613644360558612
4.6012420683363935
4.662923668993215
4.38829612231705
4.2895221179054435
4.28285618984074
4.3850395013695636
4.11269810638779
4.136941589421552
4.266145801540309
4.222389303293981
4.049691346263317
4.063777271736939
4.063777271736939
4.0708019567928595
4.046162202807565
4.147288270665544
4.014260294784796
4.035556254807296
3.9315573068623655
3.872983346207417
3.764495792457281
3.872983346207417
3.9023802260378764
4.0708019567928595
3.985688683993556
4.0813163142720095
4.102264183176338
4.095293465849373
4.130029401486491
3.9496835316262997
3.6527875852363962
3.6606010435446255
3.8097618973218936
3.880353444873657
3.9928507538921543
3.9023802260378764
4.060260371665133
3.8877095717511763
3.813509819425819
4.0813163142720095
4.21561722306812
4.27617987059879
3.9388178066884123
4.028470110174758
3.8950518060006045
3.680062111277083
3.714835124201342
3.7301857479602427
3.6839419880650364
3.6955571781725767
3.764495792457281
3.6645015252516173
3.858200913082973
3.7984959429452374
3.7682887362833544
3.953298803350365
4.102264183176338
4.11269810638779
3.971325795175784
4.102264183176338
3.9424430424366492
4.0178174601214955
3.9821028185046727
4.095293465849373
3.9569107719460717
3.880353444873657
3.8247315498700596
3.946064947695181
3.82099463490856
4.007136490954963
3.813509819425819
3.996426975615665
3.9641248358604595
3.989271326230608
3.835920452027872
3.9315573068623655
3.924283374069717
3.913347124174613
3.9569107719460717
3.9351892312459746
3.9206413469518697
3.9023802260378764
3.843361623816912
3.7263540204487127
3.7416573867739413
3.6449573777637356
3.6645015252516173
3.621365172733304
3.525417908358019
3.7530939617486645
3.6174181795466067
3.525417908358019
3.6916895086899477
3.7568984168174833
3.60951124510943
3.760699023168052
3.7109875466550104
3.749285646245543
3.722518348798681
3.6134668750581977
3.5816995167896803
3.6015869518072963
3.4100691237233636
3.2160312720583337
3.148695875165735
3.3166247903554
3.307998963551401
3.22490309931942
3.166791977470486
3.009508740167215
3.0237157840738176
3.1259284335103663
3.089151524748688
3.028436654683167
3.0189875313233268
3.0845235797908424
3.0472470011002204
3.1304951684997055
3.320929301953209
3.281985461794213
3.359421718944242
3.299350585450762
3.3423687066852112
3.3166247903554
3.202677451312083
3.2469766156929962
3.1121880222303866
3.2115861679683633
3.2204702407301595
3.1622776601683795
3.1350552512789034
3.307998963551401
3.299350585450762
3.056608765095256
3.1075943842694236
2.843539042410757
2.9760952365713798
3.2115861679683633
3.028436654683167
2.9664793948382653
3.0659419433511785
3.1213550171131033
3.1350552512789034
3.1213550171131033
3.295017884191656
3.3380918415851206
3.303677604471374
3.389058023361991
3.320929301953209
3.541589635016618
3.4723396805529925
3.3932706514932924
3.2906794782493525
3.40587727318528
3.3974780562730853
3.3932706514932924
3.2732683535398857
3.439269025326665
3.238165265349236
3.198213787189879
3.1847852585154217
3.175801361186541
3.070597894314954
3.116774889895918
3.1350552512789034
3.1937438845342623
3.2337505867247796
3.1075943842694236
3.0659419433511785
3.1304951684997055
3.075246796135695
3.2469766156929962
3.1075943842694236
3.3848401523768974
3.2071349029490928
3.320929301953209
3.3806170189140663
3.3848401523768974
3.468223093829379
3.525417908358019
3.430951554806417
3.3380918415851206
3.3423687066852112
3.2645279685036943
3.22490309931942
3.255764119219941
3.2469766156929962
3.1441555759399513
3.166791977470486
3.260148988707637
3.0612789110808856
3.0798886807341406
3.148695875165735
3.116774889895918
3.180296482135858
3.22490309931942
3.0659419433511785
3.268901082277389
3.1441555759399513
3.1441555759399513
3.1892677171144745
3.2204702407301595
3.116774889895918
3.028436654683167
2.9760952365713798
3.2425739335111103
3.3295216301616493
3.2071349029490928
3.1441555759399513
3.1847852585154217
3.3252282413607124
3.4558439118191004
3.480558247506528
3.5936451848068853
3.672290060127915
3.585685828003181
3.565709706956767
3.4434202266268428
3.439269025326665
3.3166247903554
3.3848401523768974
3.3509060608395793
3.2906794782493525
3.180296482135858
3.251373336211726
3.2425739335111103
3.255764119219941
3.202677451312083
3.307998963551401
3.286335345030997
3.1937438845342623
3.2204702407301595
3.268901082277389
3.22490309931942
3.2469766156929962
3.1396087108337016
3.251373336211726
3.3380918415851206
3.3423687066852112
3.4142558277233497
3.3252282413607124
3.198213787189879
3.2115861679683633
3.004758131459407
3.0237157840738176
3.1622776601683795
3.089151524748688
3.1847852585154217
3.2160312720583337
3.268901082277389
3.148695875165735
3.180296482135858
3.1577568892219317
3.070597894314954
3.0189875313233268
3.051931472737505
2.961659766318301
3.0142518616920992
2.9471535904520287
2.9081167199998794
2.937443008565686
2.9081167199998794
2.980891525318271
3.004758131459407
3.0
3.03315017762062
2.9664793948382653
2.951996902824546
2.7979584393931636
2.888400447108597
2.9760952365713798
2.903200204700225
2.9277002188455996
2.9760952365713798
2.898275349237888
