8.857200460642177
6.877499545619759
5.300943312279429
4.8373546489791295
4.769696007084728
4.189272013130682
3.4713109915419564
3.7080992435478315
3.3466401061363023
3.3391615714128
2.932575659723036
2.8722813232690143
2.8548204847240397
2.588435821108957
3.4713109915419564
3.5
3.63318042491699
3.5355339059327378
3.3241540277189325
3.40587727318528
3.456877203488721
3.271085446759225
3.248076353782343
3.1064449134018135
3.0083217912982647
2.5787593916455256
2.5787593916455256
2.7838821814150108
2.598076211353316
2.355843797877949
2.3664319132398464
2.3979157616563596
2.1908902300206643
2.0976176963403033
2.1330729007701543
2.0
2.0615528128088303
1.9874606914351791
2.0615528128088303
1.8708286933869707
1.7320508075688772
1.857417562100671
1.7888543819998317
1.8027756377319946
1.6881943016134133
1.857417562100671
1.7748239349298849
1.91049731745428
1.9874606914351791
2.0976176963403033
2.202271554554524
2.1213203435596424
2.0124611797498106
1.857417562100671
1.8708286933869707
1.9621416870348585
1.91049731745428
1.8708286933869707
1.70293863659264
1.5491933384829668
1.51657508881031
1.4832396974191326
1.5329709716755893
1.6733200530681511
1.8841443681416772
2.0371548787463363
1.9493588689617927
1.9364916731037085
1.9493588689617927
1.8027756377319946
1.746424919657298
1.6733200530681511
1.466287829861518
1.5652475842498528
1.857417562100671
1.5968719422671311
1.70293863659264
1.6881943016134133
1.7175564037317668
1.6881943016134133
1.5652475842498528
1.449137674618944
1.5491933384829668
1.7748239349298849
1.7888543819998317
1.5329709716755893
1.5491933384829668
1.449137674618944
1.51657508881031
1.5968719422671311
1.61245154965971
1.760681686165901
1.6733200530681511
1.7175564037317668
1.6881943016134133
1.5968719422671311
1.5329709716755893
1.4317821063276353
1.396424004376894
1.396424004376894
1.396424004376894
1.4142135623730951
1.396424004376894
1.284523257866513
1.3228756555322954
1.2649110640673518
1.466287829861518
1.5329709716755893
1.70293863659264
1.5329709716755893
1.3601470508735443
1.3601470508735443
1.466287829861518
1.449137674618944
1.4317821063276353
1.3416407864998738
1.449137674618944
1.51657508881031
1.4142135623730951
1.2649110640673518
1.118033988749895
1.118033988749895
1.118033988749895
1.224744871391589
1.2649110640673518
1.161895003862225
1.0954451150103321
1.0954451150103321
1.02469507659596
1.0488088481701516
0.9219544457292888
0.9219544457292888
0.7416198487095663
0.7745966692414834
1.0
1.0
1.0954451150103321
0.9219544457292888
0.9746794344808963
0.8366600265340756
0.7071067811865476
0.7745966692414834
0.7745966692414834
0.7071067811865476
0.8944271909999159
0.8944271909999159
0.806225774829855
0.8366600265340756
0.8944271909999159
0.9746794344808963
1.0
1.0
0.9486832980505138
0.8366600265340756
1.02469507659596
0.8944271909999159
1.0
1.02469507659596
0.9219544457292888
0.9219544457292888
1.02469507659596
1.02469507659596
1.0488088481701516
1.0
0.9746794344808963
1.02469507659596
1.0
0.8366600265340756
0.8944271909999159
0.9219544457292888
0.9486832980505138
0.9486832980505138
0.9746794344808963
1.0488088481701516
1.0488088481701516
1.0723805294763609
1.0723805294763609
1.0488088481701516
0.9486832980505138
0.9219544457292888
0.8660254037844386
0.9746794344808963
1.0
0.8944271909999159
0.9746794344808963
0.9746794344808963
0.9219544457292888
0.9486832980505138
0.8660254037844386
0.8660254037844386
0.6324555320336759
0.5916079783099616
0.7416198487095663
0.5916079783099616
0.5916079783099616
0.6708203932499369
0.6708203932499369
0.6708203932499369
0.7745966692414834
0.8944271909999159
0.9746794344808963
0.8944271909999159
0.9486832980505138
0.8944271909999159
0.7745966692414834
0.7071067811865476
0.7071067811865476
0.6708203932499369
0.7071067811865476
0.7071067811865476
0.7416198487095663
0.806225774829855
0.6708203932499369
0.6708203932499369
0.6324555320336759
0.7416198487095663
0.7416198487095663
0.6324555320336759
0.6324555320336759
0.6708203932499369
0.6708203932499369
0.7745966692414834
0.7745966692414834
1.0
0.8944271909999159
0.9219544457292888
0.9219544457292888
0.9219544457292888
0.9219544457292888
0.9746794344808963
0.9746794344808963
0.9746794344808963
0.9219544457292888
0.9219544457292888
0.9219544457292888
0.8660254037844386
0.8660254037844386
0.8366600265340756
1.0
1.0
0.9486832980505138
1.0954451150103321
1.0954451150103321
1.0954451150103321
1.140175425099138
1.140175425099138
1.140175425099138
1.140175425099138
1.140175425099138
1.0954451150103321
1.02469507659596
0.8944271909999159
0.8366600265340756
0.8660254037844386
0.7745966692414834
0.806225774829855
0.806225774829855
0.9486832980505138
0.9486832980505138
0.8366600265340756
0.8366600265340756
0.9219544457292888
0.9219544457292888
0.9486832980505138
0.9219544457292888
0.8944271909999159
0.8944271909999159
0.8944271909999159
0.8660254037844386
0.8660254037844386
0.7416198487095663
0.7416198487095663
0.6708203932499369
0.7416198487095663
0.9219544457292888
0.9746794344808963
0.9486832980505138
0.8944271909999159
0.7071067811865476
0.7071067811865476
0.806225774829855
0.8944271909999159
0.8366600265340756
0.806225774829855
0.9746794344808963
0.9746794344808963
1.0
1.0
0.8366600265340756
0.806225774829855
0.9746794344808963
0.9746794344808963
0.9746794344808963
0.9746794344808963
0.9746794344808963
0.8944271909999159
0.8660254037844386
0.806225774829855
0.7416198487095663
0.7416198487095663
0.7416198487095663
0.8366600265340756
0.806225774829855
0.806225774829855
0.806225774829855
0.9219544457292888
1.0
1.0
1.0
1.0
1.0
0.9746794344808963
1.0
0.9486832980505138
0.9486832980505138
0.9486832980505138
0.9219544457292888
0.9219544457292888
0.9486832980505138
0.8660254037844386
0.8660254037844386
0.8660254037844386
0.9746794344808963
0.9746794344808963
0.9746794344808963
0.8944271909999159
0.7745966692414834
0.8366600265340756
0.8366600265340756
0.8366600265340756
0.8660254037844386
0.9486832980505138
1.0
0.9219544457292888
0.8660254037844386
0.8944271909999159
0.8944271909999159
1.0723805294763609
1.0488088481701516
1.0488088481701516
1.0488088481701516
1.0954451150103321
1.140175425099138
1.140175425099138
1.140175425099138
1.140175425099138
1.02469507659596
1.02469507659596
1.02469507659596
1.140175425099138
1.0723805294763609
1.0723805294763609
1.0723805294763609
1.0723805294763609
1.0723805294763609
1.0723805294763609
1.02469507659596
0.9746794344808963
0.9219544457292888
1.0
0.9219544457292888
1.0
1.02469507659596
0.806225774829855
0.7071067811865476
0.7071067811865476
0.7071067811865476
0.5916079783099616
0.5477225575051661
0.5477225575051661
0.806225774829855
0.8944271909999159
0.8944271909999159
0.8944271909999159
0.9746794344808963
0.8944271909999159
0.8944271909999159
0.8944271909999159
0.8660254037844386
0.9219544457292888
0.8944271909999159
0.9746794344808963
1.0
1.02469507659596
0.9486832980505138
0.8944271909999159
0.8944271909999159
0.8366600265340756
1.0
0.8944271909999159
0.8944271909999159
0.8944271909999159
0.8944271909999159
1.0
1.0
1.0
0.8944271909999159
0.9219544457292888
0.9219544457292888
0.9219544457292888
