14.459796481476296
12.55502176137387
11.467967811006696
10.599191343817562
10.464907343798401
9.767292357659825
8.56571237968148
7.857662320490563
7.452708040897425
7.234836359093213
7.4200500575901005
6.96521971758865
6.661188225191402
6.416496596385645
5.83584979734253
6.023762469230862
6.052154279971011
6.199078272499181
6.349353172905546
6.047431568147635
5.7644229050765725
5.8943071809040575
5.631543812693436
5.879747322073336
6.016643582596529
5.784214973282274
5.776800894217194
5.477225575051661
5.479833157001354
5.595916878786327
5.149202434774313
5.2508502712826015
5.212622043792219
5.264435935053794
5.291502622129181
5.385164807134504
5.277986629117476
5.448459808580246
5.331845030434721
5.448459808580246
5.18238775634773
5.0142653642240695
4.8667971280621805
4.595028369257987
4.705619740571601
4.468940430507949
4.503966505838413
4.269493111432718
4.378518992927697
4.68736904578982
4.607447387499008
4.398051516621553
4.345769700031777
4.067291130821243
4.0813163142720095
4.063777271736939
3.9206413469518697
3.946064947695181
3.872983346207417
3.5816995167896803
3.7032803990902057
3.734013543475324
3.6683978597124463
3.7568984168174833
3.794733192202055
3.6015869518072963
3.7454734585325027
3.734013543475324
3.775863193647627
3.6994208040873486
3.641035959331198
3.764495792457281
3.6916895086899477
3.60951124510943
3.525417908358019
3.625307868699863
3.5737135547534544
3.525417908358019
3.5335130232835263
3.2425739335111103
3.056608765095256
3.028436654683167
2.980891525318271
3.198213787189879
3.0142518616920992
3.056608765095256
3.3423687066852112
3.3466401061363023
3.268901082277389
3.3295216301616493
3.480558247506528
3.468223093829379
3.4226138716316967
3.1847852585154217
3.286335345030997
3.372154885444702
3.430951554806417
3.5576878526850635
3.6916895086899477
3.672290060127915
3.561701038227982
3.621365172733304
3.6174181795466067
3.8766701469910267
3.7682887362833544
3.5976182597459037
3.672290060127915
3.5173041624841845
3.7416573867739413
3.63318042491699
3.5737135547534544
3.492849839314596
3.5777087639996634
3.492849839314596
3.3932706514932924
3.281985461794213
3.4558439118191004
3.3551665915633544
3.2732683535398857
3.299350585450762
3.4351128074635335
3.565709706956767
3.484660262185848
3.5091716564291513
3.56971387408811
3.5010202594590707
3.4969374356101124
3.484660262185848
3.3466401061363023
3.320929301953209
3.2293298729878046
3.2293298729878046
3.3848401523768974
3.488757453797637
3.4434202266268428
3.3166247903554
3.2645279685036943
3.3636714634883287
3.2469766156929962
3.22490309931942
3.3509060608395793
3.3338094898007764
3.277629805645711
3.2071349029490928
3.1622776601683795
3.089151524748688
3.0845235797908424
3.089151524748688
3.004758131459407
3.1937438845342623
2.898275349237888
2.7202941017470885
2.667261838343906
2.6240644591385873
2.8635642126552705
2.667261838343906
2.6726124191242437
2.569046515733026
2.6832815729997477
2.5128242505765725
2.4083189157584592
2.4083189157584592
2.4727081741050063
2.4727081741050063
2.4023797725231892
2.3844735867092943
2.5746012173871566
2.6726124191242437
2.741219749360805
2.7307769694983985
2.6186146828319083
2.585674822114004
2.6726124191242437
2.667261838343906
2.6295029405356662
2.437797600880176
2.6021968740717085
2.6619005025947695
2.5634797778466227
2.5467065566559266
2.596701204000403
2.6726124191242437
2.667261838343906
2.6619005025947695
2.5579009251449016
2.524168887263404
2.5071326821120348
2.495710605933995
2.495710605933995
2.4899799195977463
2.5467065566559266
2.569046515733026
2.4899799195977463
2.4842360136324753
2.5746012173871566
2.5634797778466227
2.6240644591385873
2.5801439605461662
2.5185029566901727
2.53546276418555
2.53546276418555
2.495710605933995
2.4784787961282104
2.5410908793553326
2.4899799195977463
2.4784787961282104
2.4201534780139164
2.197401062294143
2.0701966780270626
2.4142434484888695
2.18435999126256
2.2232537288526344
2.2038926600773587
2.23606797749979
2.18435999126256
2.0976176963403033
2.280350850198276
2.248809208701987
2.280350850198276
2.280350850198276
2.1514114968019085
2.1514114968019085
2.104417123236605
2.1111946516469904
2.1447610589527217
2.138089935299395
2.138089935299395
2.083952289006911
2.0770858707058104
2.0701966780270626
1.9346465162548798
1.9712215212183246
2.02837021134844
2.04939015319192
1.942016624910449
1.927248223318863
2.0354009783964297
1.985662897587892
2.0770858707058104
2.0701966780270626
2.007130147392398
1.9566735620873066
2.0770858707058104
2.104417123236605
2.090796157311509
2.1580414400893364
2.1313979316066587
2.1246848505803664
2.1111946516469904
2.117950491799628
2.274077520980446
2.2168188275738085
2.2551528297909846
2.2232537288526344
2.0
2.083952289006911
2.1580414400893364
2.197401062294143
2.0976176963403033
2.04939015319192
2.2296700588716196
2.210365192839022
2.1313979316066587
2.177810171446801
2.18435999126256
2.177810171446801
2.042407542932745
2.0354009783964297
2.0770858707058104
2.0976176963403033
2.1111946516469904
2.1712405933672376
2.2168188275738085
2.210365192839022
2.2677868380553634
2.248809208701987
2.29906813420444
2.1908902300206643
2.138089935299395
2.1514114968019085
2.1111946516469904
2.1313979316066587
2.18435999126256
2.177810171446801
2.18435999126256
2.18435999126256
2.2168188275738085
2.2551528297909846
2.1514114968019085
2.311462122306386
2.138089935299395
2.104417123236605
2.0213149892370277
2.014235055087379
1.9712215212183246
1.985662897587892
1.9198214202665531
1.8746428231227714
2.1246848505803664
2.164651077128664
2.274077520980446
2.2928460168844436
2.2232537288526344
2.248809208701987
2.311462122306386
2.449489742783178
2.29906813420444
2.29906813420444
2.280350850198276
2.29906813420444
2.305273457593635
2.3603873774083293
2.3543273227945902
2.3543273227945902
2.23606797749979
2.2038926600773587
2.1908902300206643
2.2551528297909846
2.2551528297909846
2.1514114968019085
2.0976176963403033
2.1313979316066587
1.9784553859730358
2.042407542932745
2.0
2.04939015319192
1.889822365046136
1.927248223318863
1.7888543819998317
1.8516401995451028
1.9346465162548798
2.02837021134844
2.0701966780270626
2.0770858707058104
2.0632844828435215
2.083952289006911
2.1246848505803664
2.090796157311509
2.0213149892370277
2.04939015319192
1.942016624910449
1.9493588689617927
1.9712215212183246
1.985662897587892
1.9493588689617927
2.0
1.9566735620873066
1.9493588689617927
1.9346465162548798
1.9346465162548798
1.9346465162548798
1.8822478962286404
1.8746428231227714
1.8516401995451028
1.942016624910449
1.8822478962286404
1.8516401995451028
1.8126539343499315
1.7888543819998317
1.7484687178050562
1.7237832147426693
1.8283482006601322
1.820517979665599
1.985662897587892
1.9493588689617927
1.942016624910449
1.9493588689617927
1.992844341996778
1.9346465162548798
1.9123657749350298
1.9346465162548798
1.8593393604027366
1.7237832147426693
1.740279123753264
1.7484687178050562
1.8746428231227714
2.0
1.9784553859730358
1.9784553859730358
2.0632844828435215
2.2038926600773587
2.1908902300206643
2.2038926600773587
2.1514114968019085
2.1580414400893364
2.280350850198276
2.2168188275738085
2.23606797749979
2.210365192839022
2.1580414400893364
2.2551528297909846
2.2232537288526344
2.2614786566062732
2.305273457593635
2.29906813420444
2.2614786566062732
2.164651077128664
2.164651077128664
1.9784553859730358
2.1514114968019085
