11.349008767288886
7.8198465458089395
6.115553940568262
6.387487769068525
5.220153254455275
5.8395205282625735
4.43846820423443
4.54972526643093
5.865151319446072
5.167204273105526
3.8013155617496426
3.456877203488721
4.341658669218482
4.189272013130682
4.104875150354759
4.219004621945797
4.123105625617661
4.05585995813465
3.7282703764614498
3.968626966596886
3.8600518131237567
3.968626966596886
3.605551275463989
3.7549966711037173
3.383784863137726
3.5355339059327378
3.598610843089316
3.492849839314596
3.2093613071762426
3.2326459750489227
3.122498999199199
2.8809720581775866
3.0083217912982647
2.819574435974337
3.082207001484488
2.7658633371878665
2.8372521918222215
2.598076211353316
2.4698178070456938
2.8284271247461903
2.7294688127912363
2.6645825188948455
2.32379000772445
2.3769728648009427
2.1563858652847827
2.247220505424423
2.5592967784139455
2.280350850198276
2.247220505424423
2.0
2.202271554554524
1.9748417658131499
2.1095023109728985
1.9364916731037085
1.8027756377319946
2.1563858652847827
2.280350850198276
2.16794833886788
2.2693611435820435
2.3979157616563596
2.247220505424423
2.224859546128699
2.085665361461421
1.9493588689617927
2.073644135332772
2.224859546128699
2.1908902300206643
1.9748417658131499
2.32379000772445
2.1908902300206643
2.1908902300206643
2.073644135332772
1.9874606914351791
1.7888543819998317
1.6881943016134133
1.9235384061671346
1.5329709716755893
1.5491933384829668
1.7175564037317668
1.7888543819998317
1.6431676725154984
1.8027756377319946
1.5968719422671311
1.51657508881031
1.6431676725154984
1.6733200530681511
1.8439088914585775
1.7175564037317668
1.5811388300841898
1.5811388300841898
1.4832396974191326
1.5329709716755893
1.61245154965971
1.5
1.6278820596099706
1.5329709716755893
1.70293863659264
1.8027756377319946
1.760681686165901
1.6278820596099706
1.5652475842498528
1.8841443681416772
1.7748239349298849
1.857417562100671
1.91049731745428
1.8708286933869707
1.8973665961010275
1.816590212458495
2.1213203435596424
2.073644135332772
2.1563858652847827
2.1095023109728985
2.073644135332772
2.1095023109728985
2.1908902300206643
2.280350850198276
2.0976176963403033
2.16794833886788
2.1095023109728985
1.9235384061671346
1.9364916731037085
1.9748417658131499
1.9874606914351791
2.0371548787463363
2.1095023109728985
2.085665361461421
2.345207879911715
2.1330729007701543
2.073644135332772
2.1563858652847827
2.16794833886788
2.0371548787463363
2.1563858652847827
2.355843797877949
2.179449471770337
1.9748417658131499
1.7320508075688772
1.7748239349298849
1.6881943016134133
1.7320508075688772
1.9493588689617927
2.0248456731316584
1.9364916731037085
2.0
1.6431676725154984
1.70293863659264
1.70293863659264
1.9493588689617927
1.7748239349298849
1.61245154965971
1.5652475842498528
1.61245154965971
1.6881943016134133
1.6881943016134133
1.70293863659264
1.5968719422671311
1.51657508881031
1.5652475842498528
1.746424919657298
1.857417562100671
1.91049731745428
1.9235384061671346
1.746424919657298
1.5652475842498528
1.449137674618944
1.5329709716755893
1.466287829861518
1.378404875209022
1.4832396974191326
1.4832396974191326
1.51657508881031
1.5652475842498528
1.5811388300841898
1.5652475842498528
1.6278820596099706
1.8708286933869707
1.6583123951777
1.6733200530681511
1.61245154965971
1.7888543819998317
1.8841443681416772
1.5652475842498528
1.6431676725154984
1.6881943016134133
1.6431676725154984
1.61245154965971
1.6583123951777
1.7888543819998317
1.6733200530681511
1.6278820596099706
1.5652475842498528
1.466287829861518
1.5329709716755893
1.5329709716755893
1.5329709716755893
1.6431676725154984
1.5491933384829668
1.396424004376894
1.5652475842498528
1.4142135623730951
1.5811388300841898
1.5811388300841898
1.61245154965971
1.5811388300841898
1.61245154965971
1.5491933384829668
1.5811388300841898
1.5811388300841898
1.5968719422671311
1.466287829861518
1.449137674618944
1.4832396974191326
1.4832396974191326
1.4317821063276353
1.4317821063276353
1.4832396974191326
1.5
1.5
1.449137674618944
1.3416407864998738
1.5329709716755893
1.5
1.746424919657298
1.5811388300841898
1.6431676725154984
1.61245154965971
1.6583123951777
1.6881943016134133
1.6881943016134133
1.70293863659264
1.70293863659264
1.760681686165901
1.760681686165901
1.8027756377319946
1.7320508075688772
1.7888543819998317
1.7888543819998317
1.7748239349298849
1.760681686165901
1.7888543819998317
1.6431676725154984
1.6431676725154984
1.7175564037317668
1.7175564037317668
1.6431676725154984
1.816590212458495
1.760681686165901
1.7320508075688772
1.8027756377319946
1.760681686165901
1.5329709716755893
1.7175564037317668
1.5652475842498528
1.6733200530681511
1.5652475842498528
1.6431676725154984
1.6583123951777
1.61245154965971
1.7320508075688772
1.6881943016134133
1.61245154965971
1.5968719422671311
1.61245154965971
1.61245154965971
1.61245154965971
1.5652475842498528
1.5491933384829668
1.5
1.6881943016134133
1.6881943016134133
1.5652475842498528
1.5811388300841898
1.5968719422671311
1.5811388300841898
1.6431676725154984
1.6431676725154984
1.6278820596099706
1.5652475842498528
1.3416407864998738
1.396424004376894
1.378404875209022
1.396424004376894
1.4142135623730951
1.396424004376894
1.396424004376894
1.378404875209022
1.3416407864998738
1.4317821063276353
1.3601470508735443
1.378404875209022
1.466287829861518
1.466287829861518
1.4142135623730951
1.4142135623730951
1.4142135623730951
1.4317821063276353
1.396424004376894
1.284523257866513
1.224744871391589
1.118033988749895
1.0723805294763609
1.0723805294763609
1.2449899597988732
1.140175425099138
1.0723805294763609
1.0723805294763609
1.0723805294763609
1.118033988749895
1.1832159566199232
1.224744871391589
1.2041594578792296
1.2041594578792296
1.1832159566199232
1.224744871391589
1.2041594578792296
1.2449899597988732
1.224744871391589
1.2449899597988732
1.2449899597988732
1.118033988749895
1.2041594578792296
1.3038404810405297
1.2649110640673518
1.3601470508735443
1.0954451150103321
1.0954451150103321
1.140175425099138
1.140175425099138
1.161895003862225
1.449137674618944
1.449137674618944
1.4832396974191326
1.5329709716755893
1.4832396974191326
1.5
1.5491933384829668
1.5968719422671311
1.5652475842498528
1.2449899597988732
1.224744871391589
1.5652475842498528
1.5491933384829668
1.5491933384829668
1.2649110640673518
1.224744871391589
1.2449899597988732
1.2649110640673518
1.2649110640673518
1.2449899597988732
1.3038404810405297
1.3038404810405297
1.1832159566199232
1.2041594578792296
1.2649110640673518
1.3038404810405297
1.396424004376894
1.396424004376894
1.378404875209022
1.4317821063276353
1.4142135623730951
1.4317821063276353
1.378404875209022
1.3601470508735443
1.3416407864998738
1.3416407864998738
1.3601470508735443
1.3601470508735443
1.3601470508735443
1.284523257866513
1.5652475842498528
1.449137674618944
1.2649110640673518
1.4832396974191326
1.4317821063276353
1.3601470508735443
1.4142135623730951
1.449137674618944
1.3416407864998738
1.3416407864998738
1.3601470508735443
1.3601470508735443
1.378404875209022
1.4317821063276353
1.3416407864998738
1.1832159566199232
1.1832159566199232
1.1832159566199232
1.161895003862225
1.161895003862225
1.2649110640673518
1.1832159566199232
1.1832159566199232
1.224744871391589
1.1832159566199232
1.140175425099138
1.3416407864998738
1.3416407864998738
1.449137674618944
1.4832396974191326
1.3416407864998738
