1, 16.860209567697154
2, 16.107969042268074
3, 15.203069865436168
4, 14.667424222859763
5, 14.436065946094871
6, 14.366627996854376
7, 13.635737359355868
8, 12.925427136720344
9, 12.925427136720344
10, 12.855608374039194
15, 10.82281540696936
20, 10.72069649478677
25, 10.782702196883056
30, 8.827985802737414
35, 8.79772697916911
40, 7.974960814950754
45, 7.280109889280518
50, 7.146094504459528
55, 7.0898989179442236
60, 7.085195833567341
65, 7.05691150575094
70, 7.047458170621991
75, 6.5625198412398476
80, 6.526867548832288
85, 6.460134157533676
90, 6.460134157533676
95, 6.282250127674532
100, 6.202150164795002
150, 5.732945723331651
200, 5.329165037789691
250, 4.531372124791048
300, 3.8901585229053754
350, 3.8384024454626084
400, 3.759432581299116
450, 3.605551275463989
500, 3.6147844564602556
550, 3.63318042491699
600, 3.63318042491699
650, 3.6239941133138354
700, 3.723797345005051
750, 3.723797345005051
800, 3.696845502136472
850, 3.687817782917155
900, 3.6514837167011076
950, 3.6147844564602556
1000, 3.6239941133138354
1250, 2.5298221281347035
1500, 2.6204325342711394
1750, 2.23606797749979
2000, 2.2211108331943574
2250, 2.1291625896895083
2500, 2.04939015319192
2750, 2.04939015319192
3000, 2.1447610589527217
3250, 1.505545305418162
3500, 1.591644851508443
3750, 1.591644851508443
4000, 1.505545305418162
4250, 1.4142135623730951
4500, 1.4605934866804429
4750, 1.4605934866804429
5000, 1.4605934866804429
5250, 1.390443574307614
5500, 1.4605934866804429
5750, 1.4605934866804429
6000, 1.4375905768565218
6250, 1.4375905768565218
6500, 1.4375905768565218
6750, 1.4142135623730951
7000, 1.3662601021279464
7250, 1.4605934866804429
7500, 1.1832159566199232
7750, 1.1547005383792515
8000, 1.1547005383792515
8250, 1.1832159566199232
8500, 1.1547005383792515
8750, 1.1547005383792515
9000, 1.0954451150103321
9250, 1.1832159566199232
9500, 1.1547005383792515
9750, 1.1547005383792515
10000, 1.0954451150103321
11000, 1.1547005383792515
12000, 1.2110601416389966
13000, 1.1832159566199232
14000, 1.1254628677422756
15000, 1.0954451150103321
16000, 1.1832159566199232
17000, 1.1832159566199232
18000, 1.1832159566199232
19000, 1.1832159566199232
20000, 1.2110601416389966
21000, 1.4142135623730951
22000, 1.1832159566199232
23000, 1.2382783747337807
24000, 1.1832159566199232
25000, 1.2649110640673518
26000, 1.2649110640673518
27000, 1.2110601416389966
28000, 1.2382783747337807
29000, 1.2382783747337807
30000, 1.2382783747337807
31000, 1.2909944487358056
32000, 1.2909944487358056
33000, 1.2382783747337807
34000, 1.1547005383792515
35000, 1.1254628677422756
36000, 1.2382783747337807
37000, 1.0954451150103321
38000, 1.0645812948447542
39000, 1.2110601416389966
40000, 1.2110601416389966
41000, 1.2110601416389966
42000, 1.2909944487358056
43000, 1.0645812948447542
44000, 1.0
45000, 1.0327955589886444
46000, 1.0954451150103321
47000, 1.0327955589886444
48000, 1.0327955589886444
49000, 1.0327955589886444
50000, 0.9660917830792959
51000, 1.0
52000, 1.0
53000, 1.0954451150103321
54000, 1.1547005383792515
55000, 1.0
56000, 1.0645812948447542
57000, 1.0645812948447542
58000, 1.0645812948447542
59000, 1.0327955589886444
60000, 1.0327955589886444
61000, 1.0327955589886444
62000, 1.0327955589886444
63000, 1.1254628677422756
64000, 1.1254628677422756
65000, 1.1254628677422756
66000, 1.0954451150103321
67000, 1.0954451150103321
68000, 1.0327955589886444
69000, 1.0327955589886444
70000, 1.0
71000, 1.0
72000, 1.1832159566199232
73000, 1.1832159566199232
74000, 1.1547005383792515
75000, 1.0645812948447542
76000, 1.0954451150103321
77000, 1.0954451150103321
78000, 1.0954451150103321
79000, 1.0954451150103321
80000, 1.0954451150103321
81000, 1.1254628677422756
82000, 1.1254628677422756
83000, 1.0954451150103321
84000, 1.0954451150103321
85000, 1.0327955589886444
86000, 1.0327955589886444
87000, 1.0327955589886444
88000, 1.0954451150103321
89000, 1.0645812948447542
90000, 1.0645812948447542
91000, 1.0645812948447542
92000, 1.0327955589886444
93000, 1.0327955589886444
94000, 1.0327955589886444
95000, 1.0327955589886444
96000, 1.0327955589886444
97000, 1.1254628677422756
98000, 1.1254628677422756
99000, 1.1254628677422756
100000, 1.1254628677422756
