1, 45.44749718081294
2, 44.798995524453446
3, 44.19954750899606
4, 43.649455895806994
5, 43.649455895806994
6, 42.83485730103463
7, 42.82551809377208
8, 42.01606835485681
9, 41.82044954325575
10, 41.08710259923423
15, 38.986215512665495
20, 37.2981232771838
25, 35.25265947414464
30, 33.37326774530777
35, 32.42298567374695
40, 32.24437935516824
45, 31.601028464276286
50, 30.72051431861127
55, 30.605555051330143
60, 29.364093720052047
65, 28.329313440321844
70, 26.98610753702727
75, 26.49150807334305
80, 25.27597673681474
85, 25.13762120806183
90, 24.926391636175502
95, 24.262110378118386
100, 24.242524621004307
150, 21.147103820618085
200, 17.95828499606797
250, 17.89203733508289
300, 17.458522274236156
350, 16.506816773684744
400, 15.842190505103769
450, 14.607361157991543
500, 14.603081866510234
550, 14.574807031312627
600, 14.553350129781116
650, 14.123561873691777
700, 13.333229166259763
750, 12.20245876862528
800, 12.277011036893304
850, 11.687600266949584
900, 11.440061188647551
950, 11.388590782006348
1000, 11.18369348650078
1250, 9.526279441628825
1500, 8.703447592764606
1750, 8.729261137118078
2000, 7.123903424387503
2250, 7.118637510085761
2500, 6.4788116194252785
2750, 6.294839156007086
3000, 5.873670062235365
3250, 5.683308895353129
3500, 5.543013620766234
3750, 5.3221236362940685
4000, 5.241660042391151
4250, 5.267826876426369
4500, 4.969909455915671
4750, 4.679743582719036
5000, 4.80364444979018
5250, 4.788005847949645
5500, 4.748684028233506
5750, 4.344536799245692
6000, 4.505552130427524
6250, 4.740780526453424
6500, 4.693080012102926
6750, 4.69041575982343
7000, 4.546977017755863
7250, 4.410215414239989
7500, 4.516635916254486
7750, 4.458138625031752
8000, 4.47213595499958
8250, 4.430011286667337
8500, 4.384632253678751
8750, 4.370354676682432
9000, 4.341658669218482
9250, 4.341658669218482
9500, 4.186287137786896
9750, 4.021815510438041
10000, 3.9654760117796704
11000, 4.123105625617661
12000, 4.021815510438041
13000, 3.9968737783422683
14000, 4.046603514059662
15000, 3.9560080889704965
16000, 3.8987177379235853
17000, 3.984344362627307
18000, 3.924283374069717
19000, 3.7616485747608057
20000, 3.8858718455450894
21000, 3.6742346141747673
22000, 3.5249113464029134
23000, 3.3166247903554
24000, 3.4387497728098797
25000, 3.361547262794322
26000, 3.2939338184001206
27000, 3.40587727318528
28000, 3.442382895611701
29000, 3.56019662378358
30000, 3.2825295124339706
31000, 3.2132538026119257
32000, 3.0454884665682123
33000, 3.3203915431767985
34000, 3.1937438845342623
35000, 3.2519225083018197
36000, 3.3166247903554
37000, 3.361547262794322
38000, 3.286335345030997
39000, 3.086259872402193
40000, 2.9111853256019273
41000, 2.9664793948382653
42000, 2.949576240750525
43000, 2.8240042492885875
44000, 2.593260495977988
45000, 2.5787593916455256
46000, 2.539685019840059
47000, 2.4135036772294343
48000, 2.5049950099750697
49000, 2.355843797877949
50000, 2.3769728648009427
51000, 2.3345235059857505
52000, 2.4083189157584592
53000, 2.479919353527449
54000, 2.4083189157584592
55000, 2.4596747752497685
56000, 2.4392621835300936
57000, 2.444381312316063
58000, 2.5149552679918585
59000, 2.4748737341529163
60000, 2.4899799195977463
61000, 2.4748737341529163
62000, 2.39269722280108
63000, 2.2638462845343543
64000, 2.2304708023195463
65000, 2.2693611435820435
66000, 2.329162939770423
67000, 2.4647515087732477
68000, 2.449489742783178
69000, 2.3717082451262845
70000, 2.318404623873926
71000, 2.5049950099750697
72000, 2.4596747752497685
73000, 2.4392621835300936
74000, 2.4289915602982237
75000, 2.4135036772294343
76000, 2.4748737341529163
77000, 2.669269563007828
78000, 2.5
79000, 2.5099800796022267
80000, 2.479919353527449
81000, 2.5248762345905194
82000, 2.4849547279578355
83000, 2.4748737341529163
84000, 2.4135036772294343
85000, 2.4545875417267156
86000, 2.5049950099750697
87000, 2.539685019840059
88000, 2.539685019840059
89000, 2.5298221281347035
90000, 2.4849547279578355
91000, 2.4135036772294343
92000, 2.382225849914319
93000, 2.345207879911715
94000, 2.5049950099750697
95000, 2.479919353527449
96000, 2.4135036772294343
97000, 2.4031229681395834
98000, 2.4545875417267156
99000, 2.4238399287081647
100000, 2.4289915602982237
