1, 45.50686761358114
2, 44.87761134463375
3, 44.48595283907045
4, 44.236579885881774
5, 44.10640543050408
6, 44.132187799836075
7, 44.19869907587779
8, 43.742713678966005
9, 43.82179822873543
10, 43.568050220316266
15, 42.63361349920975
20, 42.652960037962195
25, 41.182520563948
30, 39.50949253027682
35, 38.616706229299254
40, 39.13055072446592
45, 38.27597157486665
50, 36.73826343201323
55, 36.07942627038296
60, 36.34453191334289
65, 36.087393920869374
70, 35.077414385897946
75, 33.828242638363584
80, 33.27386361695918
85, 32.616330265681334
90, 31.86769524141964
95, 32.03435655667209
100, 31.706466217476837
150, 27.67760827817317
200, 25.483327883147442
250, 23.472324128641375
300, 21.180179413782124
350, 19.800883818658196
400, 19.38491681694817
450, 18.518909255137032
500, 16.501515081955354
550, 16.707782617690476
600, 16.375286257039903
650, 15.800316452527145
700, 16.58237015628345
750, 15.241391012633985
800, 14.72497877757384
850, 14.360536201688292
900, 14.570518178843194
950, 13.684845633035106
1000, 12.897674208941703
1250, 12.586699329053666
1500, 12.58570617804182
1750, 11.089409362089578
2000, 11.472793905583766
2250, 10.661847869858207
2500, 10.842047777057616
2750, 10.517841983981315
3000, 9.387491677759293
3250, 9.818350166906862
3500, 9.185586535436919
3750, 10.108165016460703
4000, 8.888194417315589
4250, 8.489699641330075
4500, 8.021845174272562
4750, 7.687652437513028
5000, 7.459892760623306
5250, 7.513321502504734
5500, 7.249137879775773
5750, 7.762087348130012
6000, 7.37733014036921
6250, 7.612489737267302
6500, 7.553145040312677
6750, 7.619055059520177
7000, 7.0285133563222315
7250, 7.12039324756716
7500, 6.980329505116503
7750, 7.231873892705818
8000, 7.032069396699666
8250, 7.223226425912453
8500, 7.2886898685566255
8750, 6.866585760041158
9000, 6.960603422117942
9250, 7.088723439378913
9500, 6.862943974709396
9750, 6.553624951124378
10000, 6.528782428600298
11000, 5.977039400907443
12000, 6.08481717063052
13000, 5.8779248038742375
14000, 6.0909769331364245
15000, 6.146136998147698
16000, 5.897033152357209
17000, 5.5
18000, 5.3455589043616385
19000, 5.300943312279429
20000, 5.547521969312064
21000, 5.3455589043616385
22000, 5.081830378908765
23000, 4.738143096192854
24000, 4.574385204593072
25000, 5.01746948172084
26000, 4.921889880929886
27000, 5.086747487343951
28000, 4.888762624632126
29000, 4.947221442385614
30000, 4.535967372016691
31000, 4.934571916590131
32000, 4.852834223420372
33000, 4.679743582719036
34000, 4.5934736311423405
35000, 4.435651023243375
36000, 4.5083256315399405
37000, 4.722287581247038
38000, 4.344536799245692
39000, 3.9717754216471
40000, 3.8144462245521304
41000, 3.8275318418009276
42000, 3.8013155617496426
43000, 3.5742132001323035
44000, 3.9968737783422683
45000, 3.901922603025334
46000, 3.7181984885156414
47000, 3.7682887362833544
48000, 3.7914377220257753
49000, 3.456877203488721
50000, 3.342902930089356
51000, 3.56019662378358
52000, 3.7383151285037486
53000, 3.7013511046643495
54000, 3.3800887562311144
55000, 3.2132538026119257
56000, 2.932575659723036
57000, 2.8853076092507015
58000, 2.9111853256019273
59000, 2.8591956910991594
60000, 2.6972207918522355
61000, 2.598076211353316
62000, 2.9068883707497264
63000, 3.0454884665682123
64000, 3.2210246816812815
65000, 3.037268509697488
66000, 2.9368350311176825
67000, 3.305298776207682
68000, 3.2015621187164243
69000, 3.3391615714128
70000, 3.0983866769659336
71000, 3.286335345030997
72000, 3.020761493398643
73000, 3.0740852297878796
74000, 3.1024184114977142
75000, 2.8722813232690143
76000, 2.779388421937459
77000, 2.8591956910991594
78000, 3.1304951684997055
79000, 2.9453352950046283
80000, 3.0166206257996713
81000, 3.158322339470751
82000, 3.0454884665682123
83000, 3.0083217912982647
84000, 3.0166206257996713
85000, 3.03315017762062
86000, 2.898275349237888
87000, 3.0124740662784135
88000, 3.0
89000, 3.0124740662784135
90000, 3.1064449134018135
91000, 2.979093821953246
92000, 3.228776858192588
93000, 3.1304951684997055
94000, 2.9664793948382653
95000, 3.09434968935316
96000, 3.020761493398643
97000, 3.3391615714128
98000, 3.391164991562634
99000, 3.3241540277189325
100000, 3.3203915431767985
