1, 57.01841807696878
2, 56.65703839771366
3, 56.38208935468781
4, 56.37144667293895
5, 56.4102827505766
6, 55.60683411236428
7, 55.54529683060484
8, 55.332811242516854
9, 55.192753147492105
10, 55.17300064343066
15, 53.163521328068555
20, 52.135976062599994
25, 50.35315283078111
30, 49.57499369641916
35, 48.64627426638139
40, 48.29078587059855
45, 47.12833542572876
50, 45.94039616720779
55, 45.94409646516079
60, 45.52713476598324
65, 43.93358624105253
70, 42.70784471265203
75, 42.28025543915268
80, 41.867648608442295
85, 41.45382973863814
90, 40.850458993749385
95, 40.50160490647254
100, 39.89260583115623
150, 37.17633655969883
200, 33.100151057057126
250, 32.57299494980466
300, 30.956744014834637
350, 30.394078370630027
400, 29.072323608545638
450, 28.442222135409885
500, 26.60601435765981
550, 26.627805016561165
600, 27.469983618488016
650, 27.92883814267969
700, 26.805596430596353
750, 26.52206628451109
800, 26.43860813280457
850, 25.993845425407915
900, 25.91177338585686
950, 25.54212207315594
1000, 25.14517846427024
1250, 22.676419470454327
1500, 22.52776065213762
1750, 22.050396821826133
2000, 20.92606030766422
2250, 19.49666638171767
2500, 18.690104333577167
2750, 17.406895185529212
3000, 17.47626962483699
3250, 17.335512683506074
3500, 16.758281534811378
3750, 16.469972677572965
4000, 16.081044742180154
4250, 16.531787562148264
4500, 15.836034857248832
4750, 14.807430567117308
5000, 13.906832852953976
5250, 14.28915672809281
5500, 14.037093716293269
5750, 14.22251735804882
6000, 14.3429425153976
6250, 14.017132374348185
6500, 13.087398519186308
6750, 13.146102083887833
7000, 13.023056476879765
7250, 12.619825672330025
7500, 12.41289651934632
7750, 12.189339604753
8000, 11.816090724093142
8250, 11.982487220940401
8500, 12.045746137122432
8750, 12.036610818664862
9000, 11.682465493208186
9250, 12.084701072016635
9500, 11.7881296226331
9750, 11.47170431975999
10000, 10.82774214691133
11000, 10.214695296483395
12000, 9.730364844136114
13000, 9.589577675789482
14000, 10.119288512538814
15000, 8.882567196480982
16000, 8.390470785361213
17000, 8.46640419540669
18000, 8.669486720677297
19000, 8.560373823613078
20000, 8.366600265340756
21000, 8.016233529532434
22000, 7.9158069708653205
23000, 7.3171032519706865
24000, 7.511324783285569
25000, 7.076722405181653
26000, 6.955573304911681
27000, 7.445804187594514
28000, 7.364781055808788
29000, 6.945502141674136
30000, 6.673829485385434
31000, 6.459102104782057
32000, 6.133514490078261
33000, 6.191930232165088
34000, 5.897457079114693
35000, 5.655086206239477
36000, 5.981638571495273
37000, 5.67097875150313
38000, 5.642694391866354
39000, 5.8753723286273525
40000, 5.4808758424178885
41000, 5.576737397439475
42000, 5.412947441089743
43000, 5.686826883245173
44000, 5.692099788303083
45000, 5.868560300448483
46000, 5.834380858325929
47000, 5.911006682452659
48000, 5.475399528801528
49000, 5.720139858430037
50000, 5.3065996645686395
51000, 5.06951674225463
52000, 5.21344415909483
53000, 5.6
54000, 5.578530272392541
55000, 5.471745608121781
56000, 5.542562584220407
57000, 5.149757275833493
58000, 5.085272854036448
59000, 5.140038910358559
60000, 5.205766033928148
61000, 5.591064299397745
62000, 5.591064299397745
63000, 5.75325994545701
64000, 5.97829407105405
65000, 5.763679380395825
66000, 5.739337940912697
67000, 5.81033561853358
68000, 5.5154328932550705
69000, 5.362835071116769
70000, 5.205766033928148
71000, 5.110772935672255
72000, 5.230678732248808
73000, 5.438749856354859
74000, 5.499090833947008
75000, 5.176871642217914
76000, 5.1146847410177685
77000, 4.959838707054898
78000, 5.106858133921482
79000, 5.043808085167397
80000, 4.894895300208167
81000, 5.019960159204453
82000, 5.033885179461287
83000, 5.047771785649585
84000, 5.149757275833493
85000, 4.884669896727925
86000, 5.136146415358503
87000, 5.087238936790762
88000, 4.973932046178355
89000, 4.888762624632126
90000, 4.703190406521939
91000, 4.636809247747852
92000, 4.806245936279167
93000, 4.645427859734774
94000, 4.666904755831214
95000, 4.545327270945404
96000, 4.481071300481616
97000, 4.565084884205331
98000, 4.608687448721165
99000, 4.361192497471305
100000, 4.415880433163924
