1, 28.72977549512004
2, 27.919885386584237
3, 27.155846515989886
4, 26.632311202747687
5, 26.674332231566733
6, 25.942243542145693
7, 25.11971337416094
8, 25.11254666496411
9, 25.10697114348921
10, 24.460580532767413
15, 22.2764449587451
20, 21.04566463668943
25, 19.62345535322462
30, 18.929342302362222
35, 18.616122045152153
40, 16.694909403767365
45, 16.039950124610737
50, 15.607690412101336
55, 14.99866660740214
60, 14.088293012285058
65, 13.432795688165587
70, 13.269513932318697
75, 12.611106216347556
80, 12.446686306001288
85, 12.388704532758863
90, 12.160592090848208
95, 12.41289651934632
100, 11.615506876585282
150, 10.469001862641921
200, 8.089499366462674
250, 6.55133574166368
300, 5.993329625508679
350, 5.973273809227232
400, 5.646237685397241
450, 5.5605755097831375
500, 5.223025942880239
550, 5.317894320123332
600, 4.9396356140913875
650, 5.027922035990614
700, 5.2
750, 5.055689863905815
800, 4.331281565541543
850, 4.034848200366403
900, 3.8366652186501757
950, 3.82099463490856
1000, 3.6441734316577197
1250, 3.4
1500, 2.979932885150268
1750, 2.932575659723036
2000, 2.891366458960192
2250, 2.449489742783178
2500, 2.3832750575625967
2750, 2.2715633383201093
3000, 1.9595917942265424
3250, 2.078460969082653
3500, 2.009975124224178
3750, 2.172556098240043
4000, 1.9493588689617927
4250, 1.876166303929372
4500, 1.8867962264113207
4750, 1.8110770276274832
5000, 1.9493588689617927
5250, 1.7435595774162693
5500, 1.5874507866387544
5750, 1.697056274847714
6000, 1.7088007490635062
6250, 1.6370705543744901
6500, 1.4966629547095767
6750, 1.5099668870541498
7000, 1.4560219778561037
7250, 1.4422205101855958
7500, 1.3564659966250536
7750, 1.2
8000, 1.0770329614269007
8250, 1.1135528725660044
8500, 1.2
8750, 1.2806248474865698
9000, 1.2806248474865698
9250, 1.296148139681572
9500, 1.2489995996796797
9750, 1.2165525060596438
10000, 1.0954451150103321
11000, 1.131370849898476
12000, 1.1489125293076057
13000, 1.1832159566199232
14000, 1.019803902718557
15000, 1.4
16000, 1.2649110640673518
17000, 1.1135528725660044
18000, 0.9591663046625439
19000, 0.8944271909999159
20000, 1.0954451150103321
21000, 1.0770329614269007
22000, 0.9591663046625439
23000, 1.019803902718557
24000, 1.0392304845413265
25000, 1.131370849898476
26000, 0.9591663046625439
27000, 1.0583005244258363
28000, 1.0770329614269007
29000, 1.0954451150103321
30000, 1.131370849898476
31000, 1.0954451150103321
32000, 1.0583005244258363
33000, 0.9797958971132712
34000, 1.0954451150103321
35000, 1.019803902718557
36000, 0.9797958971132712
37000, 1.0
38000, 1.0583005244258363
39000, 1.0392304845413265
40000, 1.0392304845413265
41000, 0.9797958971132712
42000, 1.0392304845413265
43000, 1.0392304845413265
44000, 1.019803902718557
45000, 1.0
46000, 0.916515138991168
47000, 0.8246211251235321
48000, 0.848528137423857
49000, 0.7745966692414834
50000, 0.8
51000, 0.8
52000, 0.8
53000, 0.7745966692414834
54000, 0.7745966692414834
55000, 0.7745966692414834
56000, 0.7745966692414834
57000, 0.7211102550927979
58000, 0.7211102550927979
59000, 0.7483314773547883
60000, 0.6928203230275509
61000, 0.6633249580710799
62000, 0.7483314773547883
63000, 0.7483314773547883
64000, 0.7211102550927979
65000, 0.6324555320336759
66000, 0.7483314773547883
67000, 0.7483314773547883
68000, 0.7745966692414834
69000, 0.7745966692414834
70000, 0.7483314773547883
71000, 0.7483314773547883
72000, 0.7745966692414834
73000, 0.7745966692414834
74000, 0.7745966692414834
75000, 0.7745966692414834
76000, 0.7745966692414834
77000, 0.7745966692414834
78000, 0.7745966692414834
79000, 0.7483314773547883
80000, 0.7745966692414834
81000, 0.7211102550927979
82000, 0.7211102550927979
83000, 0.7483314773547883
84000, 0.7745966692414834
85000, 0.7483314773547883
86000, 0.7483314773547883
87000, 0.8
88000, 0.848528137423857
89000, 0.8246211251235321
90000, 0.848528137423857
91000, 0.916515138991168
92000, 0.8717797887081347
93000, 0.8246211251235321
94000, 0.8
95000, 0.7211102550927979
96000, 0.8246211251235321
97000, 0.916515138991168
98000, 0.8944271909999159
99000, 0.8
100000, 0.848528137423857
