1, 28.830539363667828
2, 28.33231370714365
3, 28.00071427660373
4, 27.98499597998899
5, 27.146270462072685
6, 26.658582107831617
7, 25.85652722234755
8, 25.167439281738616
9, 24.39098194005317
10, 24.344198487524704
15, 22.57166365157872
20, 20.708452380610193
25, 18.89126782405035
30, 17.835918815693237
35, 17.418381095842403
40, 17.128922908344236
45, 16.52876280911551
50, 15.957443404254956
55, 15.793669617919706
60, 13.839075113604956
65, 13.715684452479941
70, 13.149904942622209
75, 12.644366334458995
80, 11.738824472663351
85, 11.766052864066182
90, 11.651609330903607
95, 11.331372379372237
100, 11.264102272262978
150, 9.842763839491425
200, 9.4424573072903
250, 8.19512049941915
300, 7.730459236035075
350, 7.58946638440411
400, 7.323933369440222
450, 7.236021006050217
500, 6.8905732707808856
550, 7.054076835419359
600, 6.702238432046416
650, 6.069596362197408
700, 5.73410847473258
750, 5.374011537017761
800, 5.302829433425141
850, 5.314132102234569
900, 4.686149805543993
950, 4.5563142999578075
1000, 4.33589667773576
1250, 4.069397989875161
1500, 3.8522720568516444
1750, 4.686149805543993
2000, 4.467661580737736
2250, 4.64327470649756
2500, 4.064480286580315
2750, 4.0743097574926725
3000, 3.725587202039432
3250, 4.089009660052175
3500, 3.6110940170535577
3750, 3.5552777669262356
4000, 3.4292856398964493
4250, 3.7094473981982814
4500, 3.594440151122286
4750, 3.54400902933387
5000, 3.5270384177096794
5250, 3.521363372331802
5500, 3.4467375879228173
5750, 3.5552777669262356
6000, 3.3166247903554
6250, 3.655133376499413
6500, 3.752332607858744
6750, 3.509985754956849
7000, 3.3763886032268267
7250, 3.2
7500, 3.1749015732775088
7750, 3.1874754901018454
8000, 3.1937438845342623
8250, 3.22490309931942
8500, 2.986636904613616
8750, 2.9120439557122073
9000, 2.891366458960192
9250, 2.814249455894058
9500, 2.8495613697550013
9750, 2.8495613697550013
10000, 2.6907248094147422
11000, 2.778488797889961
12000, 3.0789608636681307
13000, 2.90516780926679
14000, 2.939387691339814
15000, 2.90516780926679
16000, 2.6981475126464085
17000, 2.592296279363144
18000, 2.4331050121192876
19000, 2.6683328128252666
20000, 2.4083189157584592
21000, 2.349468024894146
22000, 2.06881608655772
23000, 2.2181073012818833
24000, 2.1166010488516727
25000, 2.253885533916929
26000, 2.1260291625469296
27000, 1.9078784028338913
28000, 1.9493588689617927
29000, 1.969771560359221
30000, 2.1166010488516727
31000, 1.969771560359221
32000, 2.2181073012818833
33000, 2.0199009876724157
34000, 1.9798989873223332
35000, 1.8867962264113207
36000, 1.7435595774162693
37000, 1.8220867158288598
38000, 1.7888543819998317
39000, 2.0976176963403033
40000, 1.9798989873223332
41000, 1.6733200530681511
42000, 1.8110770276274832
43000, 1.8110770276274832
44000, 1.8110770276274832
45000, 1.8220867158288598
46000, 1.9287301521985911
47000, 1.9493588689617927
48000, 1.7776388834631178
49000, 1.8973665961010275
50000, 1.865475810617763
51000, 1.8867962264113207
52000, 1.7776388834631178
53000, 1.7088007490635062
54000, 1.8547236990991407
55000, 1.8110770276274832
56000, 1.8220867158288598
57000, 1.7776388834631178
58000, 1.6370705543744901
59000, 1.7435595774162693
60000, 1.7088007490635062
61000, 1.8220867158288598
62000, 1.7435595774162693
63000, 1.6733200530681511
64000, 1.7320508075688772
65000, 1.7549928774784245
66000, 1.7776388834631178
67000, 1.8
68000, 1.833030277982336
69000, 1.8547236990991407
70000, 2.029778313018444
71000, 1.8867962264113207
72000, 1.9493588689617927
73000, 1.9078784028338913
74000, 1.8867962264113207
75000, 1.9183326093250879
76000, 1.8439088914585775
77000, 1.9183326093250879
78000, 1.8547236990991407
79000, 1.8220867158288598
80000, 1.8110770276274832
81000, 1.7320508075688772
82000, 1.697056274847714
83000, 1.6733200530681511
84000, 1.6370705543744901
85000, 1.5620499351813308
86000, 1.6733200530681511
87000, 1.5620499351813308
88000, 1.7435595774162693
89000, 1.7776388834631178
90000, 1.7776388834631178
91000, 1.697056274847714
92000, 1.6733200530681511
93000, 1.5099668870541498
94000, 1.5099668870541498
95000, 1.5748015748023623
96000, 1.6370705543744901
97000, 1.6733200530681511
98000, 1.5099668870541498
99000, 1.3711309200802089
100000, 1.5620499351813308
