1, 10.677078252031311
2, 9.848857801796104
3, 9.82344135219425
4, 9.70051545022222
5, 9.838699100999074
6, 9.82344135219425
7, 9.57078889120432
8, 9.060905032059436
9, 8.96102672688794
10, 8.44393273303382
15, 6.899275324264136
20, 5.60357029044876
25, 4.764451699828638
30, 4.58257569495584
35, 4.919349550499537
40, 5.10881590977792
45, 4.732863826479693
50, 4.753945729601885
55, 4.857983120596447
60, 3.714835124201342
65, 3.646916505762094
70, 3.8858718455450894
75, 3.7815340802378077
80, 3.7282703764614498
85, 3.8858718455450894
90, 3.714835124201342
95, 3.714835124201342
100, 3.5355339059327378
150, 3.24037034920393
200, 2.04939015319192
250, 3.03315017762062
300, 2.588435821108957
350, 2.1447610589527217
400, 2.6076809620810595
450, 2.258317958127243
500, 2.4698178070456938
550, 2.7386127875258306
600, 2.4289915602982237
650, 2.1908902300206643
700, 2.345207879911715
750, 2.3874672772626644
800, 2.04939015319192
850, 1.816590212458495
900, 1.8708286933869707
950, 2.0976176963403033
1000, 1.816590212458495
1250, 1.5491933384829668
1500, 1.2649110640673518
1750, 1.224744871391589
2000, 1.1832159566199232
2250, 1.0954451150103321
2500, 1.0
2750, 1.0488088481701516
3000, 1.140175425099138
3250, 1.0488088481701516
3500, 1.0954451150103321
3750, 1.2649110640673518
4000, 1.3038404810405297
4250, 1.1832159566199232
4500, 1.0
4750, 0.8366600265340756
5000, 1.3038404810405297
5250, 1.3038404810405297
5500, 1.2649110640673518
5750, 1.3038404810405297
6000, 1.3038404810405297
6250, 1.224744871391589
6500, 1.3038404810405297
6750, 1.2649110640673518
7000, 1.0954451150103321
7250, 1.0488088481701516
7500, 1.0488088481701516
7750, 1.0
8000, 1.0
8250, 1.224744871391589
8500, 1.2649110640673518
8750, 1.0
9000, 0.9486832980505138
9250, 1.140175425099138
9500, 0.9486832980505138
9750, 1.0488088481701516
10000, 0.8944271909999159
11000, 1.0488088481701516
12000, 1.0488088481701516
13000, 0.8944271909999159
14000, 0.8944271909999159
15000, 0.8944271909999159
16000, 0.8366600265340756
17000, 0.6324555320336759
18000, 0.9486832980505138
19000, 0.8366600265340756
20000, 0.7071067811865476
21000, 0.4472135954999579
22000, 0.8944271909999159
23000, 0.4472135954999579
24000, 0.7071067811865476
25000, 0.7745966692414834
26000, 0.7745966692414834
27000, 0.6324555320336759
28000, 0.6324555320336759
29000, 0.4472135954999579
30000, 0.4472135954999579
31000, 0.4472135954999579
32000, 0.4472135954999579
33000, 0.4472135954999579
34000, 0.31622776601683794
35000, 0.31622776601683794
36000, 0.31622776601683794
37000, 0.6324555320336759
38000, 0.31622776601683794
39000, 0.6324555320336759
40000, 0.6324555320336759
41000, 0.6324555320336759
42000, 0.7071067811865476
43000, 0.7071067811865476
44000, 0.7071067811865476
45000, 0.7071067811865476
46000, 0.7745966692414834
47000, 0.7071067811865476
48000, 0.7071067811865476
49000, 0.7071067811865476
50000, 0.7071067811865476
51000, 0.7071067811865476
52000, 0.6324555320336759
53000, 0.6324555320336759
54000, 0.6324555320336759
55000, 0.6324555320336759
56000, 0.6324555320336759
57000, 0.6324555320336759
58000, 0.7071067811865476
59000, 0.6324555320336759
60000, 0.6324555320336759
61000, 0.6324555320336759
62000, 0.7071067811865476
63000, 0.7745966692414834
64000, 0.7071067811865476
65000, 0.7071067811865476
66000, 0.7745966692414834
67000, 0.7745966692414834
68000, 0.7745966692414834
69000, 0.7745966692414834
70000, 0.7745966692414834
71000, 1.0
72000, 1.0
73000, 0.7745966692414834
74000, 0.7745966692414834
75000, 0.7745966692414834
76000, 0.7745966692414834
77000, 0.7745966692414834
78000, 0.7071067811865476
79000, 0.7071067811865476
80000, 0.7745966692414834
81000, 0.7745966692414834
82000, 0.7745966692414834
83000, 0.7745966692414834
84000, 0.7745966692414834
85000, 0.7745966692414834
86000, 0.7745966692414834
87000, 0.7745966692414834
88000, 0.7745966692414834
89000, 0.7745966692414834
90000, 0.7745966692414834
91000, 0.7745966692414834
92000, 0.6324555320336759
93000, 0.6324555320336759
94000, 0.6324555320336759
95000, 0.6324555320336759
96000, 0.6324555320336759
97000, 0.6324555320336759
98000, 0.6324555320336759
99000, 0.6324555320336759
100000, 0.6324555320336759
