1, 34.13453773916774
2, 33.295144791195405
3, 33.04945788763662
4, 32.72970108835908
5, 32.30634612580011
6, 31.855925665407998
7, 31.027407239406905
8, 30.54341172822709
9, 29.932702294758933
10, 30.130272705923744
15, 28.963770472782027
20, 28.082022719170357
25, 27.19436216081071
30, 25.834086010540414
35, 23.96942496876663
40, 22.777913278729756
45, 22.32487401980132
50, 21.198270369694473
55, 21.39470339437622
60, 20.70507184242547
65, 20.77257807784099
70, 20.972998513962345
75, 20.69702071957862
80, 20.35354187031502
85, 19.90142373466448
90, 20.049937655763422
95, 19.8997487421324
100, 18.458963495639004
150, 16.632297896963404
200, 14.981099203107005
250, 13.145341380123988
300, 12.646475134729572
350, 11.795479360048633
400, 11.184811129384348
450, 9.628083921528727
500, 9.490345971916232
550, 9.402127418834526
600, 8.9925895417653
650, 8.563488385776752
700, 8.089087299153924
750, 7.60920495189872
800, 7.118052168020874
850, 6.774953874381729
900, 6.5625198412398476
950, 6.3613415775814675
1000, 6.027713773341708
1250, 5.504543577809154
1500, 5.2345009313209605
1750, 5.516641490375583
2000, 5.412947441089743
2250, 5.221749387577564
2500, 5.053051883103254
2750, 4.711687595755898
3000, 4.9866488413228645
3250, 4.929503017546495
3500, 4.9564772436345015
3750, 4.9396356140913875
4000, 4.802776974487434
4250, 4.498147766951785
4500, 4.531372124791048
4750, 4.312771730569565
5000, 4.226897995772629
5250, 4.377975178854566
5500, 4.343577634469846
5750, 4.147288270665544
6000, 4.396968652757639
6250, 4.501851470969102
6500, 4.351245032554859
6750, 4.516635916254486
7000, 4.412104562073146
7250, 4.332051092342595
7500, 4.285634919900045
7750, 4.312771730569565
8000, 4.155317877932646
8250, 4.029061098237818
8500, 4.123105625617661
8750, 4.131182235954578
9000, 4.207136793592526
9250, 3.9496835316262997
9500, 3.966526608171604
9750, 3.825354014118606
10000, 4.024922359499621
11000, 4.03732584763727
12000, 3.8815804341359033
13000, 3.7549966711037173
14000, 3.420526275297414
15000, 3.4737107920301407
16000, 3.2145502536643185
17000, 3.391164991562634
18000, 3.7727090178455764
19000, 3.40587727318528
20000, 3.011090610836324
21000, 2.972092416687835
22000, 3.0876096471758427
23000, 3.0713731999438516
24000, 3.1989581637360205
25000, 3.3466401061363023
26000, 3.2145502536643185
27000, 3.32665998663324
28000, 2.972092416687835
29000, 2.8106938645110393
30000, 2.8809720581775866
31000, 2.594866727470475
32000, 2.7507574714370344
33000, 2.816617356570348
34000, 2.7141603981096374
35000, 2.652043237455478
36000, 2.9552213679068666
37000, 3.1037611591959413
38000, 2.8809720581775866
39000, 3.1304951684997055
40000, 3.260879227038826
41000, 3.1622776601683795
42000, 3.146426544510455
43000, 2.9944392908634274
44000, 2.74469184669852
45000, 2.6394443859772205
46000, 2.4083189157584592
47000, 2.4698178070456938
48000, 2.449489742783178
49000, 2.594866727470475
50000, 2.463060426921489
51000, 2.5099800796022267
52000, 2.6204325342711394
53000, 2.6076809620810595
54000, 2.4698178070456938
55000, 2.7202941017470885
56000, 2.9097537123726926
57000, 2.7688746209726918
58000, 2.8225284173355396
59000, 2.8284271247461903
60000, 2.6645825188948455
61000, 2.70801280154532
62000, 2.54296414970142
63000, 2.516611478423583
64000, 2.689485700525908
65000, 2.8460498941515415
66000, 2.5755258362775812
67000, 2.536401650632907
68000, 2.562550812504343
69000, 2.48327740429189
70000, 2.442676128074835
71000, 2.5495097567963922
72000, 2.442676128074835
73000, 2.160246899469287
74000, 2.041241452319315
75000, 1.9916492328386208
76000, 2.04939015319192
77000, 2.183269719175042
78000, 2.008316044185609
79000, 2.1213203435596424
80000, 2.041241452319315
81000, 2.0896570691543306
82000, 2.073644135332772
83000, 2.0248456731316584
84000, 1.9493588689617927
85000, 2.057506581601462
86000, 2.073644135332772
87000, 1.9148542155126762
88000, 1.8708286933869707
89000, 1.9916492328386208
90000, 1.888562063228706
91000, 1.983263304085802
92000, 2.04939015319192
93000, 1.9407902170679516
94000, 1.96638416050035
95000, 2.008316044185609
96000, 2.0248456731316584
97000, 2.008316044185609
98000, 1.906130460732773
99000, 1.7126976771553504
100000, 1.816590212458495
