1, 40.400495046471896
2, 39.926360787257906
3, 39.106082829730134
4, 38.60273861491473
5, 38.50417417074971
6, 37.723050929485694
7, 37.6711333213415
8, 37.633951237071635
9, 36.89909019397168
10, 36.437813953560465
15, 34.96324600818081
20, 33.21402457654641
25, 30.590381308042378
30, 29.100319094961336
35, 28.530184516953767
40, 27.65088477013762
45, 27.16142222238845
50, 26.913618432735074
55, 25.257530701611692
60, 24.703383226941668
65, 23.258792500287466
70, 22.91724241700995
75, 22.691093280970712
80, 22.042167381116197
85, 22.26849151347514
90, 21.753160689885963
95, 21.37555345983551
100, 20.379261167036592
150, 17.842165147281232
200, 16.04190939828726
250, 15.751643905138465
300, 15.065570967322431
350, 13.92838827718412
400, 14.216690392432612
450, 13.937616110983358
500, 13.143167698194265
550, 12.869676430608946
600, 12.804017226747906
650, 12.521980673998822
700, 11.937934734043644
750, 11.974973903938164
800, 11.559782499189655
850, 10.154520457130692
900, 10.054139161843459
950, 10.055559940365614
1000, 10.015701958139815
1250, 9.506388829173178
1500, 8.347796971998918
1750, 8.199303106275034
2000, 7.462286129981501
2250, 7.638249612500049
2500, 7.177345311066322
2750, 6.6783231428256
3000, 7.179335424874446
3250, 7.313392802640529
3500, 6.742191250412795
3750, 6.550899611067606
4000, 6.3358391032961965
4250, 6.035608621222174
4500, 5.679537204486195
4750, 5.724633487956113
5000, 5.366563145999495
5250, 4.896062557957014
5500, 4.616739727804212
5750, 5.034168962485977
6000, 4.414262598182655
6250, 4.626013402488151
6500, 4.928053803045811
6750, 5.1269595556932455
7000, 5.082181758710665
7250, 5.248128918277175
7500, 5.196152422706632
7750, 5.385164807134504
8000, 4.798809376144402
8250, 4.756949803032551
8500, 4.777925431457824
8750, 4.279519332154689
9000, 4.302822993603817
9250, 4.035556254807296
9500, 3.9169959334746753
9750, 4.322697570466188
10000, 4.33589667773576
11000, 3.989271326230608
12000, 3.6683978597124463
13000, 3.8321944477954513
14000, 4.3850395013695636
15000, 4.188419408662073
16000, 3.9206413469518697
17000, 4.332600670662895
18000, 4.306141793166725
19000, 3.439269025326665
20000, 3.589667712437223
21000, 3.3380918415851206
22000, 3.009508740167215
23000, 3.009508740167215
24000, 3.0142518616920992
25000, 2.9130249373656736
26000, 2.8030595529069404
27000, 2.893342111024649
28000, 2.9664793948382653
29000, 3.1577568892219317
30000, 3.2732683535398857
31000, 3.1350552512789034
32000, 3.1441555759399513
33000, 2.8233718443429607
34000, 3.0659419433511785
35000, 3.1892677171144745
36000, 3.1121880222303866
37000, 3.1441555759399513
38000, 3.0472470011002204
39000, 3.004758131459407
40000, 3.051931472737505
41000, 3.1350552512789034
42000, 3.0472470011002204
43000, 2.8735244660769563
44000, 3.0472470011002204
45000, 2.932575659723036
46000, 3.075246796135695
47000, 2.6186146828319083
48000, 2.6832815729997477
49000, 2.7877282097486784
50000, 2.808151400069855
51000, 2.888400447108597
52000, 2.898275349237888
53000, 2.7097706808616007
54000, 2.937443008565686
55000, 2.9471535904520287
56000, 2.922816645439317
57000, 3.0378563870880115
58000, 2.767154288640743
59000, 3.0237157840738176
60000, 2.9760952365713798
61000, 2.951996902824546
62000, 2.756809750418044
63000, 2.898275349237888
64000, 2.7825989906663056
65000, 2.898275349237888
66000, 3.089151524748688
67000, 3.1213550171131033
68000, 3.1075943842694236
69000, 3.1892677171144745
70000, 3.1121880222303866
71000, 3.0378563870880115
72000, 2.9130249373656736
73000, 3.0378563870880115
74000, 2.961659766318301
75000, 2.937443008565686
76000, 3.070597894314954
77000, 3.0983866769659336
78000, 2.9423023055326687
79000, 3.1304951684997055
80000, 2.9130249373656736
81000, 2.9423023055326687
82000, 3.0612789110808856
83000, 2.932575659723036
84000, 3.0189875313233268
85000, 3.089151524748688
86000, 3.1350552512789034
87000, 3.102993945945017
88000, 3.166791977470486
89000, 3.102993945945017
90000, 2.9277002188455996
91000, 3.0237157840738176
92000, 2.898275349237888
93000, 2.808151400069855
94000, 2.81830749615033
95000, 2.808151400069855
96000, 2.9471535904520287
97000, 2.7360033416855116
98000, 2.715037489875337
99000, 2.767154288640743
100000, 2.6726124191242437
