1, 34.29625829931501
2, 33.627369804966904
3, 32.81056740340425
4, 32.03071442641682
5, 31.556298895783073
6, 31.54362059117501
7, 30.651264247988205
8, 29.943279713484962
9, 29.917107703341465
10, 29.27513165356107
15, 28.45581370007425
20, 27.800479612169763
25, 25.63721253698745
30, 24.24321210840951
35, 23.31951972061174
40, 22.614891848809123
45, 22.262075374951007
50, 22.000757562714366
55, 22.560289596250016
60, 22.368132093076824
65, 20.837466256721328
70, 18.963122105813696
75, 19.11805429430516
80, 18.445414967772706
85, 17.904375629065278
90, 17.641806407886165
95, 16.77696833956203
100, 16.1245154965971
150, 14.266510902576472
200, 13.468481725866505
250, 12.77106103657797
300, 10.742439201596628
350, 10.537235564099976
400, 10.303721010715822
450, 9.638464608017193
500, 9.671263274946728
550, 9.474527252938094
600, 8.506859976904913
650, 7.848566748139434
700, 7.5960516059331775
750, 7.31209044437134
800, 7.291547618075786
850, 7.2203416354998975
900, 7.148426400264607
950, 6.177917664283546
1000, 6.180614856144977
1250, 5.639148871948674
1500, 5.089204259999788
1750, 4.96319789383149
2000, 4.535048695071164
2250, 4.6475800154489
2500, 5.0990195135927845
2750, 5.170428737864331
3000, 4.453463071962462
3250, 4.531372124791048
3500, 3.687817782917155
3750, 3.6239941133138354
4000, 3.4544657088084305
4250, 3.3416562759605704
4500, 3.420526275297414
4750, 3.4351128074635335
5000, 3.5496478698597698
5250, 3.5308167138307627
5500, 3.492849839314596
5750, 3.714835124201342
6000, 3.8297084310253524
6250, 3.6742346141747673
6500, 3.265986323710904
6750, 3.3166247903554
7000, 3.3763886032268267
7250, 3.361547262794322
7500, 3.245509718570156
7750, 3.449637662132068
8000, 3.5260932110954375
8250, 3.497618237219913
8500, 3.605551275463989
8750, 3.4253953543107007
9000, 3.5683796509527026
9250, 3.573047252229764
9500, 3.8078865529319543
9750, 3.8340579025361627
10000, 3.877284272958759
11000, 3.596294389136314
12000, 3.5023801430836525
13000, 3.3862466931200785
14000, 3.5071355833500366
15000, 3.0495901363953815
16000, 3.0605010483034745
17000, 3.125166662222459
18000, 2.7688746209726918
19000, 2.972092416687835
20000, 3.0166206257996713
21000, 2.7264140062238043
22000, 2.6583202716502514
23000, 2.652043237455478
24000, 2.594866727470475
25000, 2.5495097567963922
26000, 2.5298221281347035
27000, 2.250925735484551
28000, 2.614064523559687
29000, 2.9832867780352594
30000, 2.7507574714370344
31000, 2.988868236194653
32000, 2.9211869733608857
33000, 2.780887148615228
34000, 2.7628487713469467
35000, 2.74469184669852
36000, 2.4765567494675613
37000, 2.32379000772445
38000, 2.5232254490367416
39000, 2.456284456925405
40000, 2.6012817353502227
41000, 2.6267851073127395
42000, 2.701851217221259
43000, 2.6832815729997477
44000, 2.7141603981096374
45000, 2.3874672772626644
46000, 2.6645825188948455
47000, 2.503331114069145
48000, 2.456284456925405
49000, 2.556038601690775
50000, 2.5099800796022267
51000, 2.5099800796022267
52000, 2.581988897471611
53000, 2.5495097567963922
54000, 2.569046515733026
55000, 2.4765567494675613
56000, 2.5099800796022267
57000, 2.496664441476534
58000, 2.456284456925405
59000, 2.442676128074835
60000, 2.516611478423583
61000, 2.8809720581775866
62000, 2.804757862395017
63000, 2.652043237455478
64000, 2.594866727470475
65000, 2.6583202716502514
66000, 2.54296414970142
67000, 2.569046515733026
68000, 2.41522945769824
69000, 2.280350850198276
70000, 2.4289915602982237
71000, 2.5099800796022267
72000, 2.4358434541926814
73000, 2.3664319132398464
74000, 2.280350850198276
75000, 2.3804761428476167
76000, 2.422120283277993
77000, 2.422120283277993
78000, 2.273030282830976
79000, 2.3804761428476167
80000, 2.4358434541926814
81000, 2.330951164939612
82000, 2.3021728866442674
83000, 2.057506581601462
84000, 2.065591117977289
85000, 2.23606797749979
86000, 2.1213203435596424
87000, 2.1291625896895083
88000, 2.330951164939612
89000, 2.442676128074835
90000, 2.2876479915697985
91000, 2.2135943621178655
92000, 2.1525179054617256
93000, 2.1525179054617256
94000, 2.2135943621178655
95000, 2.0816659994661326
96000, 2.1213203435596424
97000, 2.1447610589527217
98000, 2.065591117977289
99000, 1.9578900207451218
100000, 1.888562063228706
