1, 5.2345009313209605
2, 4.33589667773576
3, 4.33589667773576
4, 4.33589667773576
5, 4.33589667773576
6, 4.2895221179054435
7, 3.3763886032268267
8, 3.3763886032268267
9, 3.3763886032268267
10, 3.1937438845342623
15, 2.8635642126552705
20, 1.9493588689617927
25, 1.8439088914585775
30, 1.7320508075688772
35, 1.8439088914585775
40, 2.0
45, 2.0
50, 1.9493588689617927
55, 1.6733200530681511
60, 1.61245154965971
65, 1.61245154965971
70, 1.6733200530681511
75, 1.6733200530681511
80, 1.61245154965971
85, 1.6733200530681511
90, 1.61245154965971
95, 1.61245154965971
100, 1.61245154965971
150, 1.4832396974191326
200, 1.6733200530681511
250, 1.0954451150103321
300, 1.0954451150103321
350, 1.0
400, 1.0
450, 0.7745966692414834
500, 0.7745966692414834
550, 0.8944271909999159
600, 0.8944271909999159
650, 0.8944271909999159
700, 0.8944271909999159
750, 0.8944271909999159
800, 0.8944271909999159
850, 0.8944271909999159
900, 0.8944271909999159
950, 0.8944271909999159
1000, 0.8944271909999159
1250, 0.8944271909999159
1500, 0.8944271909999159
1750, 0.8944271909999159
2000, 0.8944271909999159
2250, 0.8944271909999159
2500, 0.8944271909999159
2750, 0.8944271909999159
3000, 0.8944271909999159
3250, 0.8944271909999159
3500, 0.8944271909999159
3750, 0.7745966692414834
4000, 0.4472135954999579
4250, 0.4472135954999579
4500, 0.4472135954999579
4750, 0.4472135954999579
5000, 0.4472135954999579
5250, 0.4472135954999579
5500, 0.4472135954999579
5750, 0.4472135954999579
6000, 0.4472135954999579
6250, 0.7745966692414834
6500, 0.4472135954999579
6750, 0.4472135954999579
7000, 0.4472135954999579
7250, 0.4472135954999579
7500, 0.4472135954999579
7750, 0.4472135954999579
8000, 0.4472135954999579
8250, 0.4472135954999579
8500, 0.4472135954999579
8750, 0.4472135954999579
9000, 0.4472135954999579
9250, 0.4472135954999579
9500, 0.4472135954999579
9750, 0.4472135954999579
10000, 0.4472135954999579
11000, 0.4472135954999579
12000, 0.4472135954999579
13000, 0.4472135954999579
14000, 0.4472135954999579
15000, 0.4472135954999579
16000, 0.4472135954999579
17000, 0.4472135954999579
18000, 0.4472135954999579
19000, 0.4472135954999579
20000, 0.4472135954999579
21000, 0.4472135954999579
22000, 0.4472135954999579
23000, 0.4472135954999579
24000, 0.4472135954999579
25000, 0.4472135954999579
26000, 0.4472135954999579
27000, 0.4472135954999579
28000, 0.4472135954999579
29000, 0.4472135954999579
30000, 0.4472135954999579
31000, 0.4472135954999579
32000, 0.4472135954999579
33000, 0.4472135954999579
34000, 0.4472135954999579
35000, 0.4472135954999579
36000, 0.4472135954999579
37000, 0.4472135954999579
38000, 0.4472135954999579
39000, 0.4472135954999579
40000, 0.4472135954999579
41000, 0.4472135954999579
42000, 0.4472135954999579
43000, 0.4472135954999579
44000, 0.4472135954999579
45000, 0.0
46000, 0.0
47000, 0.0
48000, 0.0
49000, 0.0
50000, 0.0
51000, 0.4472135954999579
52000, 0.4472135954999579
53000, 0.4472135954999579
54000, 0.4472135954999579
55000, 0.0
56000, 0.0
57000, 0.0
58000, 0.4472135954999579
59000, 0.4472135954999579
60000, 0.4472135954999579
61000, 0.4472135954999579
62000, 0.4472135954999579
63000, 0.4472135954999579
64000, 0.4472135954999579
65000, 0.4472135954999579
66000, 0.4472135954999579
67000, 0.4472135954999579
68000, 0.4472135954999579
69000, 0.4472135954999579
70000, 0.4472135954999579
71000, 0.4472135954999579
72000, 0.4472135954999579
73000, 0.4472135954999579
74000, 0.4472135954999579
75000, 0.4472135954999579
76000, 0.4472135954999579
77000, 0.4472135954999579
78000, 0.4472135954999579
79000, 0.4472135954999579
80000, 0.4472135954999579
81000, 0.4472135954999579
82000, 0.4472135954999579
83000, 0.4472135954999579
84000, 0.4472135954999579
85000, 0.4472135954999579
86000, 0.4472135954999579
87000, 0.4472135954999579
88000, 0.4472135954999579
89000, 0.4472135954999579
90000, 0.4472135954999579
91000, 0.0
92000, 0.0
93000, 0.4472135954999579
94000, 0.4472135954999579
95000, 0.4472135954999579
96000, 0.4472135954999579
97000, 0.4472135954999579
98000, 0.4472135954999579
99000, 0.4472135954999579
100000, 0.4472135954999579
