1, 39.572356874103775
2, 39.15281416632599
3, 38.63455152358535
4, 38.39531221386277
5, 37.8126962804823
6, 37.1133399197647
7, 36.377779717058836
8, 36.34202604620245
9, 35.95791190505128
10, 35.60938881009574
15, 34.84660262185848
20, 34.09314970991764
25, 32.48384213728419
30, 31.637229425382458
35, 31.22498999199199
40, 30.100308493910347
45, 29.041841736167
50, 27.41376088234312
55, 26.41428185119341
60, 25.49565789362125
65, 25.513581817198016
70, 24.29932391769662
75, 24.36801181877586
80, 23.57722872361623
85, 23.678199738517765
90, 23.5990314571231
95, 22.474112091153106
100, 22.127552314446607
150, 19.566735620873065
200, 15.53337420799854
250, 15.076945503459436
300, 14.095592016148675
350, 12.81293988791911
400, 12.16669928240899
450, 11.283363227082859
500, 11.625096005747958
550, 10.920491877985297
600, 10.22042772378646
650, 10.235791545915175
700, 10.324727599312245
750, 10.113640011673063
800, 9.591663046625438
850, 10.171388442938499
900, 10.04987562112089
950, 9.603570764490229
1000, 9.146427874156274
1250, 8.318653737234168
1500, 7.468027086950648
1750, 7.002040518918141
2000, 7.038668705292013
2250, 6.215188768538847
2500, 6.159777361468281
2750, 5.94017796751194
3000, 5.823597317319057
3250, 5.48243949872161
3500, 5.025648501153145
3750, 5.019960159204453
4000, 5.245406153415169
4250, 5.037005913380345
4500, 4.942526826287484
4750, 5.146427332209625
5000, 4.942526826287484
5250, 4.678216998570533
5500, 4.626013402488151
5750, 4.904808136629083
6000, 5.076556763341524
6250, 5.034168962485977
6500, 4.662923668993215
6750, 4.753945729601885
7000, 4.780914437337574
7250, 4.68736904578982
7500, 4.878524367060187
7750, 4.452928410447605
8000, 4.576336650953156
8250, 4.3094580368566735
8500, 4.279519332154689
8750, 4.319391491534757
9000, 4.503966505838413
9250, 4.252730215486786
9500, 4.126568965687043
9750, 4.302822993603817
10000, 4.049691346263317
11000, 3.7263540204487127
12000, 3.051931472737505
13000, 3.1892677171144745
14000, 2.808151400069855
15000, 3.1350552512789034
16000, 3.0983866769659336
17000, 2.893342111024649
18000, 3.1937438845342623
19000, 2.7825989906663056
20000, 2.792848008753788
21000, 2.9856801091687157
22000, 2.808151400069855
23000, 2.5634797778466227
24000, 2.274077520980446
25000, 2.1908902300206643
26000, 2.280350850198276
27000, 2.29906813420444
28000, 2.29906813420444
29000, 2.210365192839022
30000, 2.336052836975837
31000, 2.2551528297909846
32000, 2.3603873774083293
33000, 2.449489742783178
34000, 2.3784749015162756
35000, 2.3543273227945902
36000, 2.5634797778466227
37000, 2.6779523094014523
38000, 2.4842360136324753
39000, 2.5410908793553326
40000, 2.336052836975837
41000, 2.32379000772445
42000, 2.336052836975837
43000, 2.3784749015162756
44000, 2.305273457593635
45000, 2.2551528297909846
46000, 1.9712215212183246
47000, 2.0976176963403033
48000, 2.1712405933672376
49000, 2.1313979316066587
50000, 2.2614786566062732
51000, 2.3176342617912282
52000, 2.117950491799628
53000, 2.280350850198276
54000, 2.2168188275738085
55000, 2.2677868380553634
56000, 2.056349053193895
57000, 1.9198214202665531
58000, 1.867006771737662
59000, 1.889822365046136
60000, 1.9198214202665531
61000, 1.8822478962286404
62000, 1.804755622554715
63000, 1.8283482006601322
64000, 1.8822478962286404
65000, 2.0354009783964297
66000, 2.117950491799628
67000, 2.056349053193895
68000, 2.04939015319192
69000, 1.9493588689617927
70000, 1.9198214202665531
71000, 1.927248223318863
72000, 2.014235055087379
73000, 2.0
74000, 1.9639610121239315
75000, 1.942016624910449
76000, 1.8973665961010275
77000, 1.992844341996778
78000, 1.927248223318863
79000, 1.8439088914585775
80000, 1.942016624910449
81000, 1.9048809486609468
82000, 1.9784553859730358
83000, 1.8361450300639575
84000, 1.780850519113991
85000, 1.6818357317441643
86000, 1.7888543819998317
87000, 1.7888543819998317
88000, 1.6903085094570331
89000, 1.61245154965971
90000, 1.7888543819998317
91000, 1.740279123753264
92000, 1.780850519113991
93000, 1.780850519113991
94000, 1.7237832147426693
95000, 1.6647608150808246
96000, 1.7968225924034427
97000, 1.6647608150808246
98000, 1.7237832147426693
99000, 1.5946338585572373
100000, 1.6300744943538186
