1, 28.229063037940172
2, 27.520174418051933
3, 27.042189260487028
4, 26.404545063303022
5, 26.308173634823074
6, 26.280030441382674
7, 26.273941462978105
8, 26.012304780622575
9, 25.251534606831324
10, 24.946342417276327
15, 23.774776549948896
20, 22.781571499789035
25, 22.289908030317218
30, 20.189105973271822
35, 19.725110899561503
40, 19.85749228880626
45, 19.44530791733574
50, 17.532826355154494
55, 17.191858538273284
60, 17.043473824311757
65, 16.693711390820198
70, 16.783325057925797
75, 16.67932852365466
80, 15.002666429671761
85, 14.430523206037957
90, 14.159096016342286
95, 14.089712559168836
100, 13.98713694792469
150, 13.48332303254654
200, 12.94758664771161
250, 12.22620137246234
300, 11.452510641776326
350, 11.08873302050329
400, 11.216059914247962
450, 10.573551910309043
500, 10.465180361560904
550, 9.791833331914917
600, 8.98665677546439
650, 8.044874144447506
700, 8.313843876330612
750, 7.8434686204510315
800, 6.43117407632541
850, 6.0
900, 6.2833112289620034
950, 5.986651818838307
1000, 5.758472019555187
1250, 6.063002556489647
1500, 5.0517323761260355
1750, 4.878524367060187
2000, 4.5563142999578075
2250, 4.368065933568311
2500, 5.075431016179809
2750, 4.955804677345546
3000, 5.272570530585627
3250, 5.692099788303083
3500, 5.253570214625479
3750, 5.649778756730214
4000, 5.374011537017761
4250, 5.506359959174482
4500, 5.462600113499065
4750, 5.219195340279955
5000, 5.165268628057984
5250, 5.141984052872976
5500, 4.749736834815167
5750, 4.753945729601885
6000, 4.795831523312719
6250, 4.664761515876241
6500, 4.58257569495584
6750, 5.203844732503075
7000, 5.310367218940701
7250, 4.485532298401161
7500, 4.294182110716778
7750, 4.161730409336962
8000, 3.9344631145812006
8250, 3.893584466786357
8500, 4.326661530556787
8750, 3.521363372331802
9000, 3.704051835490427
9250, 3.237282811247729
9500, 3.358571124749333
9750, 3.6221540552549665
10000, 3.5832945734337835
11000, 3.4
12000, 3.255764119219941
13000, 3.249615361854384
14000, 2.9597297173897483
15000, 3.358571124749333
16000, 3.2924155266308657
17000, 3.4525353003264136
18000, 3.280243893371345
19000, 3.4583232931581165
20000, 3.2619012860600183
21000, 3.4
22000, 3.2619012860600183
23000, 3.286335345030997
24000, 3.334666400106613
25000, 2.705549851693737
26000, 2.6907248094147422
27000, 2.80713376952364
28000, 3.059411708155671
29000, 2.8774989139876315
30000, 2.8844410203711917
31000, 2.9189039038652846
32000, 2.85657137141714
33000, 2.9597297173897483
34000, 2.973213749463701
35000, 2.9189039038652846
36000, 3.046309242345563
37000, 3.1240998703626617
38000, 3.0789608636681307
39000, 3.0199337741082997
40000, 2.8495613697550013
41000, 3.0
42000, 2.6
43000, 2.814249455894058
44000, 2.8844410203711917
45000, 2.7422618401604177
46000, 2.7640549922170505
47000, 2.814249455894058
48000, 2.9597297173897483
49000, 2.6076809620810595
50000, 2.6683328128252666
51000, 2.8495613697550013
52000, 3.0659419433511785
53000, 2.891366458960192
54000, 2.9120439557122073
55000, 2.592296279363144
56000, 2.6608269391300143
57000, 2.6758176320519302
58000, 2.6832815729997477
59000, 2.6076809620810595
60000, 2.545584412271571
61000, 2.6229754097208002
62000, 2.5612496949731396
63000, 2.4576411454889016
64000, 2.5377155080899043
65000, 2.1908902300206643
66000, 2.3151673805580453
67000, 2.4819347291981715
68000, 2.23606797749979
69000, 2.349468024894146
70000, 2.1354156504062622
71000, 2.227105745132009
72000, 2.1633307652783933
73000, 2.227105745132009
74000, 2.3916521486202797
75000, 2.3065125189341593
76000, 2.3579652245103193
77000, 2.1540659228538015
78000, 2.2891046284519194
79000, 2.349468024894146
80000, 2.32379000772445
81000, 2.349468024894146
82000, 2.3323807579381204
83000, 2.4819347291981715
84000, 2.4331050121192876
85000, 2.6229754097208002
86000, 2.569046515733026
87000, 2.5768197453450252
88000, 2.253885533916929
89000, 2.2181073012818833
90000, 2.280350850198276
91000, 2.3748684174075834
92000, 2.449489742783178
93000, 2.3916521486202797
94000, 2.4899799195977463
95000, 2.244994432064365
96000, 2.227105745132009
97000, 2.0591260281974
98000, 2.029778313018444
99000, 2.029778313018444
100000, 2.227105745132009
