1, 16.673332000533065
2, 16.695308722312785
3, 16.027060449959833
4, 15.641824275533422
5, 15.425087790133752
6, 14.685593847940458
7, 13.798550648528272
8, 12.912526218108264
9, 12.44454365039822
10, 12.269202636411762
15, 12.212015940594465
20, 10.887301471592183
25, 9.912954487269003
30, 9.726253132630262
35, 9.45515732285825
40, 9.212310604113751
45, 8.469553313683864
50, 8.049844718999243
55, 7.903585684147839
60, 7.903585684147839
65, 7.567474259399015
70, 7.275529763071094
75, 7.201851613763412
80, 7.215723571941117
85, 7.127411872482185
90, 7.080489625254269
95, 6.567597226789515
100, 5.882176467941097
150, 3.958114029012639
200, 3.0876096471758427
250, 2.780887148615228
300, 2.695675549220764
350, 2.804757862395017
400, 2.569046515733026
450, 2.756809750418044
500, 2.804757862395017
550, 2.2211108331943574
600, 2.0976176963403033
650, 2.065591117977289
700, 2.280350850198276
750, 2.1447610589527217
800, 2.1908902300206643
850, 2.065591117977289
900, 1.96638416050035
950, 1.8439088914585775
1000, 1.8618986725025255
1250, 1.9493588689617927
1500, 1.8073922282301278
1750, 1.9148542155126762
2000, 1.505545305418162
2250, 1.6733200530681511
2500, 1.632993161855452
2750, 1.4142135623730951
3000, 1.2909944487358056
3250, 1.3165611772087666
3500, 1.3165611772087666
3750, 1.390443574307614
4000, 1.3416407864998738
4250, 1.4142135623730951
4500, 1.4605934866804429
4750, 1.5275252316519468
5000, 1.3165611772087666
5250, 1.2909944487358056
5500, 1.2649110640673518
5750, 1.3165611772087666
6000, 1.4832396974191326
6250, 1.3165611772087666
6500, 1.2909944487358056
6750, 1.4375905768565218
7000, 1.2649110640673518
7250, 1.3165611772087666
7500, 1.1547005383792515
7750, 1.2110601416389966
8000, 1.0645812948447542
8250, 1.0327955589886444
8500, 1.0327955589886444
8750, 1.0327955589886444
9000, 1.0954451150103321
9250, 1.0
9500, 1.0327955589886444
9750, 1.0327955589886444
10000, 1.0327955589886444
11000, 1.1254628677422756
12000, 1.0954451150103321
13000, 1.0954451150103321
14000, 1.0
15000, 1.0
16000, 1.0
17000, 0.9660917830792959
18000, 0.816496580927726
19000, 0.9309493362512627
20000, 0.9660917830792959
21000, 0.9660917830792959
22000, 0.9660917830792959
23000, 0.9309493362512627
24000, 0.9309493362512627
25000, 0.9309493362512627
26000, 0.9309493362512627
27000, 0.9309493362512627
28000, 0.8944271909999159
29000, 0.816496580927726
30000, 0.816496580927726
31000, 0.816496580927726
32000, 0.8563488385776752
33000, 0.7745966692414834
34000, 0.7745966692414834
35000, 0.7745966692414834
36000, 0.7745966692414834
37000, 0.7302967433402214
38000, 0.7302967433402214
39000, 0.7302967433402214
40000, 0.7302967433402214
41000, 0.816496580927726
42000, 1.0
43000, 1.0
44000, 1.0
45000, 1.0
46000, 1.0
47000, 0.9660917830792959
48000, 0.8944271909999159
49000, 0.8944271909999159
50000, 0.8944271909999159
51000, 0.8944271909999159
52000, 0.6324555320336759
53000, 0.6324555320336759
54000, 0.6324555320336759
55000, 0.6324555320336759
56000, 0.6324555320336759
57000, 0.6324555320336759
58000, 0.8944271909999159
59000, 0.8944271909999159
60000, 0.6324555320336759
61000, 0.6324555320336759
62000, 0.5773502691896257
63000, 0.5773502691896257
64000, 0.5163977794943222
65000, 0.5773502691896257
66000, 0.5773502691896257
67000, 0.5163977794943222
68000, 0.5163977794943222
69000, 0.6324555320336759
70000, 0.6324555320336759
71000, 0.6324555320336759
72000, 0.6324555320336759
73000, 0.5773502691896257
74000, 0.5773502691896257
75000, 0.5163977794943222
76000, 0.5163977794943222
77000, 0.3651483716701107
78000, 0.3651483716701107
79000, 0.3651483716701107
80000, 0.3651483716701107
81000, 0.3651483716701107
82000, 0.3651483716701107
83000, 0.3651483716701107
84000, 0.3651483716701107
85000, 0.3651483716701107
86000, 0.3651483716701107
87000, 0.3651483716701107
88000, 0.3651483716701107
89000, 0.3651483716701107
90000, 0.5773502691896257
91000, 0.6324555320336759
92000, 0.6324555320336759
93000, 0.5773502691896257
94000, 0.5773502691896257
95000, 0.6324555320336759
96000, 0.5773502691896257
97000, 0.6324555320336759
98000, 0.6324555320336759
99000, 0.6324555320336759
100000, 0.6324555320336759
