1, 16.673332000533065
2, 16.593171286204857
3, 16.61324772583615
4, 16.28700913816489
5, 15.496236102142136
6, 14.901901444670296
7, 14.975535605335345
8, 14.803152817333656
9, 14.803152817333656
10, 14.724129855444769
15, 14.264174237111192
20, 13.733171520082315
25, 13.997618845122672
30, 13.517889381605892
35, 13.015375522819156
40, 12.157302332343306
45, 11.718930554164631
50, 11.075498483890767
55, 10.825894882179487
60, 10.272941805214966
65, 9.865765724632494
70, 9.852241707685955
75, 9.395034149308168
80, 9.128709291752768
85, 9.241212041718338
90, 9.476286192385707
95, 9.018499505645789
100, 8.559595005995709
150, 8.19756061276768
200, 7.991662321861871
250, 6.191391873668904
300, 5.627314338711377
350, 4.878524367060187
400, 4.611579628139003
450, 4.611579628139003
500, 4.305035810923451
550, 3.4737107920301407
600, 3.9832984656772417
650, 4.049691346263317
700, 4.147288270665544
750, 4.08248290463863
800, 4.115013163202924
850, 4.10690475500305
900, 3.9496835316262997
950, 3.596294389136314
1000, 3.5402448126271344
1250, 3.7058512292499457
1500, 3.5496478698597698
1750, 3.5402448126271344
2000, 3.286335345030997
2250, 3.255764119219941
2500, 3.2145502536643185
2750, 2.8284271247461903
3000, 3.119829055146024
3250, 2.581988897471611
3500, 2.516611478423583
3750, 2.6457513110645907
4000, 2.3523038352503134
4250, 2.695675549220764
4500, 2.932575659723036
4750, 3.119829055146024
5000, 2.756809750418044
5250, 2.780887148615228
5500, 2.695675549220764
5750, 2.8635642126552705
6000, 2.780887148615228
6250, 2.516611478423583
6500, 2.3944379994757297
6750, 2.0330600909302543
7000, 2.250925735484551
7250, 2.1908902300206643
7500, 2.1756225162774294
7750, 2.2949219304078006
8000, 1.7126976771553504
8250, 2.016597794967223
8500, 1.9321835661585918
8750, 2.206052281036573
9000, 2.3944379994757297
9250, 2.3804761428476167
9500, 2.2211108331943574
9750, 2.206052281036573
10000, 2.065591117977289
11000, 2.0976176963403033
12000, 2.2949219304078006
13000, 1.8973665961010275
14000, 1.8257418583505538
15000, 1.7701224063135672
16000, 1.7701224063135672
17000, 1.6532795690182993
18000, 1.7888543819998317
19000, 1.8973665961010275
20000, 1.7126976771553504
21000, 1.8073922282301278
22000, 1.8257418583505538
23000, 1.8439088914585775
24000, 1.7888543819998317
25000, 1.570562531918633
26000, 1.7701224063135672
27000, 1.6733200530681511
28000, 1.9321835661585918
29000, 1.9493588689617927
30000, 1.879716290649558
31000, 1.9493588689617927
32000, 1.8257418583505538
33000, 1.570562531918633
34000, 1.5491933384829668
35000, 1.61245154965971
36000, 1.4832396974191326
37000, 1.2382783747337807
38000, 1.390443574307614
39000, 1.505545305418162
40000, 1.7511900715418263
41000, 1.591644851508443
42000, 1.61245154965971
43000, 1.7320508075688772
44000, 1.6931233465600393
45000, 1.6532795690182993
46000, 1.632993161855452
47000, 1.7320508075688772
48000, 1.61245154965971
49000, 1.61245154965971
50000, 1.632993161855452
51000, 1.3662601021279464
52000, 1.505545305418162
53000, 1.4142135623730951
54000, 1.570562531918633
55000, 1.4605934866804429
56000, 1.3416407864998738
57000, 1.390443574307614
58000, 1.3416407864998738
59000, 1.2110601416389966
60000, 1.1254628677422756
61000, 1.1547005383792515
62000, 1.0645812948447542
63000, 1.2649110640673518
64000, 1.2649110640673518
65000, 1.2382783747337807
66000, 1.0327955589886444
67000, 1.0
68000, 1.0645812948447542
69000, 1.2909944487358056
70000, 1.0954451150103321
71000, 1.1832159566199232
72000, 1.1547005383792515
73000, 1.1832159566199232
74000, 0.8944271909999159
75000, 1.0
76000, 0.9660917830792959
77000, 0.9309493362512627
78000, 1.0645812948447542
79000, 1.0954451150103321
80000, 1.0327955589886444
81000, 1.2649110640673518
82000, 1.1547005383792515
83000, 1.0645812948447542
84000, 1.2649110640673518
85000, 1.0954451150103321
86000, 1.2382783747337807
87000, 1.2382783747337807
88000, 1.1832159566199232
89000, 1.1832159566199232
90000, 1.1832159566199232
91000, 1.0954451150103321
92000, 1.1254628677422756
93000, 1.0645812948447542
94000, 1.0954451150103321
95000, 0.9309493362512627
96000, 1.0
97000, 1.0954451150103321
98000, 0.9309493362512627
99000, 0.8944271909999159
100000, 0.6831300510639732
