1, 5.366563145999495
2, 4.8373546489791295
3, 4.09878030638384
4, 4.242640687119285
5, 4.1952353926806065
6, 4.049691346263317
7, 3.9496835316262997
8, 3.605551275463989
9, 3.63318042491699
10, 3.8987177379235853
15, 3.794733192202055
20, 2.756809750418044
25, 2.4899799195977463
30, 1.61245154965971
35, 1.7888543819998317
40, 1.8973665961010275
45, 1.8439088914585775
50, 2.04939015319192
55, 1.7888543819998317
60, 1.8439088914585775
65, 1.8439088914585775
70, 2.0
75, 1.61245154965971
80, 1.6733200530681511
85, 1.6733200530681511
90, 2.1447610589527217
95, 2.6457513110645907
100, 1.7320508075688772
150, 1.4832396974191326
200, 2.1447610589527217
250, 2.04939015319192
300, 1.61245154965971
350, 1.1832159566199232
400, 0.7745966692414834
450, 1.0
500, 1.5491933384829668
550, 1.4832396974191326
600, 1.1832159566199232
650, 1.4832396974191326
700, 1.0
750, 1.0
800, 0.8944271909999159
850, 1.0
900, 1.1832159566199232
950, 1.1832159566199232
1000, 1.1832159566199232
1250, 0.6324555320336759
1500, 0.6324555320336759
1750, 0.8944271909999159
2000, 0.8944271909999159
2250, 0.8944271909999159
2500, 0.8944271909999159
2750, 0.8944271909999159
3000, 0.7745966692414834
3250, 0.7745966692414834
3500, 0.7745966692414834
3750, 0.7745966692414834
4000, 0.7745966692414834
4250, 0.0
4500, 0.0
4750, 0.0
5000, 0.0
5250, 0.0
5500, 0.0
5750, 0.0
6000, 0.0
6250, 0.0
6500, 0.0
6750, 0.0
7000, 0.0
7250, 0.0
7500, 0.0
7750, 0.0
8000, 0.0
8250, 0.0
8500, 0.0
8750, 0.0
9000, 0.0
9250, 0.0
9500, 0.0
9750, 0.0
10000, 0.0
11000, 0.0
12000, 0.0
13000, 0.0
14000, 0.4472135954999579
15000, 0.4472135954999579
16000, 0.4472135954999579
17000, 0.4472135954999579
18000, 0.0
19000, 0.0
20000, 0.4472135954999579
21000, 0.0
22000, 0.0
23000, 0.4472135954999579
24000, 0.4472135954999579
25000, 0.4472135954999579
26000, 0.4472135954999579
27000, 0.4472135954999579
28000, 0.4472135954999579
29000, 0.4472135954999579
30000, 0.4472135954999579
31000, 0.4472135954999579
32000, 0.4472135954999579
33000, 0.4472135954999579
34000, 0.4472135954999579
35000, 0.4472135954999579
36000, 0.4472135954999579
37000, 0.4472135954999579
38000, 0.4472135954999579
39000, 0.4472135954999579
40000, 0.4472135954999579
41000, 0.4472135954999579
42000, 0.4472135954999579
43000, 0.4472135954999579
44000, 0.4472135954999579
45000, 0.4472135954999579
46000, 0.4472135954999579
47000, 0.4472135954999579
48000, 0.4472135954999579
49000, 0.4472135954999579
50000, 0.4472135954999579
51000, 0.4472135954999579
52000, 0.0
53000, 0.0
54000, 0.4472135954999579
55000, 0.0
56000, 0.0
57000, 0.4472135954999579
58000, 0.4472135954999579
59000, 0.4472135954999579
60000, 0.4472135954999579
61000, 0.0
62000, 0.4472135954999579
63000, 0.0
64000, 0.4472135954999579
65000, 0.0
66000, 0.0
67000, 0.0
68000, 0.0
69000, 0.0
70000, 0.0
71000, 0.0
72000, 0.0
73000, 0.0
74000, 0.0
75000, 0.0
76000, 0.0
77000, 0.0
78000, 0.0
79000, 0.0
80000, 0.0
81000, 0.0
82000, 0.0
83000, 0.0
84000, 0.0
85000, 0.0
86000, 0.0
87000, 0.0
88000, 0.0
89000, 0.0
90000, 0.4472135954999579
91000, 0.4472135954999579
92000, 0.4472135954999579
93000, 0.4472135954999579
94000, 0.0
95000, 0.4472135954999579
96000, 0.0
97000, 0.4472135954999579
98000, 0.0
99000, 0.0
100000, 0.4472135954999579
