1, 39.84218869489978
2, 39.84218869489978
3, 39.245381893924794
4, 38.53199041983538
5, 38.53013662798808
6, 37.71017293592198
7, 37.328656169604756
8, 37.326359892938164
9, 36.63019831466148
10, 35.826566359935434
15, 32.028112651231886
20, 30.358336111002053
25, 30.038546664482382
30, 29.202739597510366
35, 27.681866163351675
40, 26.852507198716896
45, 25.95270423564483
50, 25.077593869542472
55, 23.711359544078686
60, 22.827301949326255
65, 22.134007448139293
70, 21.241468875762806
75, 21.25357112850181
80, 20.7212796074815
85, 20.710935689699227
90, 20.71576349408482
95, 20.733685496932626
100, 20.607904170140987
150, 17.134759992483115
200, 16.620125493767233
250, 15.727137601701626
300, 14.969492786521336
350, 14.053977576269492
400, 13.901695682798659
450, 13.421730780449186
500, 12.30447073221762
550, 11.594333591395904
600, 10.99090533122727
650, 10.93748469386684
700, 10.866725094788876
750, 10.877237044134219
800, 10.945318634009702
850, 10.933565618902973
900, 9.931191843307198
950, 9.918237170557505
1000, 9.91247410373126
1250, 8.952254305081885
1500, 9.082164625556745
1750, 7.875821952569233
2000, 8.459989868281674
2250, 8.441394603804685
2500, 7.640119669967779
2750, 6.805459992850278
3000, 6.818043288635992
3250, 6.650456482721425
3500, 5.526559249918265
3750, 4.95119033306999
4000, 4.741910404648562
4250, 4.8902234830614555
4500, 4.735881272643079
4750, 4.959838707054898
5000, 4.6291004988627575
5250, 4.579457235462361
5500, 4.585692033768887
5750, 4.2895221179054435
6000, 4.191828786034631
6250, 4.239272174728649
6500, 4.014260294784796
6750, 3.924283374069717
7000, 3.8950518060006045
7250, 4.0813163142720095
7500, 4.171330722922842
7750, 4.147288270665544
8000, 4.024922359499621
8250, 4.0708019567928595
8500, 4.046162202807565
8750, 4.046162202807565
9000, 3.794733192202055
9250, 3.828464817278965
9500, 3.7568984168174833
9750, 3.589667712437223
10000, 3.589667712437223
11000, 3.5976182597459037
12000, 3.2732683535398857
13000, 3.2204702407301595
14000, 3.2115861679683633
15000, 3.0
16000, 3.1892677171144745
17000, 2.8385106758902383
18000, 2.699206232527312
19000, 2.6240644591385873
20000, 2.596701204000403
21000, 2.6886002731107927
22000, 2.569046515733026
23000, 2.3543273227945902
24000, 2.449489742783178
25000, 2.3664319132398464
26000, 2.32379000772445
27000, 2.4260491103261463
28000, 2.524168887263404
29000, 2.4842360136324753
30000, 2.4319304501333328
31000, 2.3176342617912282
32000, 2.6457513110645907
33000, 2.5746012173871566
34000, 2.6240644591385873
35000, 2.4727081741050063
36000, 2.4842360136324753
37000, 2.437797600880176
38000, 2.5128242505765725
39000, 2.4842360136324753
40000, 2.4842360136324753
41000, 2.4727081741050063
42000, 2.449489742783178
43000, 2.449489742783178
44000, 2.4083189157584592
45000, 2.449489742783178
46000, 2.32379000772445
47000, 2.3176342617912282
48000, 2.1712405933672376
49000, 2.23606797749979
50000, 2.280350850198276
51000, 2.274077520980446
52000, 2.18435999126256
53000, 1.992844341996778
54000, 2.104417123236605
55000, 2.104417123236605
56000, 2.2038926600773587
57000, 2.2928460168844436
58000, 2.3543273227945902
59000, 2.5523098781859765
60000, 2.3664319132398464
61000, 2.3482516292522218
62000, 2.3176342617912282
63000, 2.1908902300206643
64000, 2.1514114968019085
65000, 2.2168188275738085
66000, 2.210365192839022
67000, 2.210365192839022
68000, 2.2168188275738085
69000, 2.242447642325552
70000, 2.390457218668787
71000, 2.3784749015162756
72000, 2.3603873774083293
73000, 2.3664319132398464
74000, 2.311462122306386
75000, 2.336052836975837
76000, 2.5801439605461662
77000, 2.6021968740717085
78000, 2.2928460168844436
79000, 2.3603873774083293
80000, 2.3543273227945902
81000, 2.311462122306386
82000, 2.197401062294143
83000, 2.197401062294143
84000, 2.042407542932745
85000, 2.117950491799628
86000, 2.1514114968019085
87000, 2.311462122306386
88000, 2.210365192839022
89000, 2.274077520980446
90000, 2.210365192839022
91000, 2.280350850198276
92000, 2.2677868380553634
93000, 2.2928460168844436
94000, 2.2614786566062732
95000, 2.23606797749979
96000, 2.2168188275738085
97000, 2.138089935299395
98000, 2.1580414400893364
99000, 2.0976176963403033
100000, 2.104417123236605
