1, 22.939049675171812
2, 22.37409216035368
3, 21.758906222510358
4, 21.66217902243447
5, 21.253235047869772
6, 20.38013738913455
7, 20.343303566530192
8, 20.343303566530192
9, 20.134547424762246
10, 20.066140635408694
15, 19.157244060668017
20, 18.475659663459922
25, 17.13913650100261
30, 16.02186006679624
35, 15.55313473226539
40, 13.769531582446804
45, 13.228756555322953
50, 12.833549781724463
55, 12.639224659764539
60, 12.816005617976296
65, 12.569805089976535
70, 11.133283433021905
75, 10.936178491593852
80, 10.401922899156675
85, 10.207840124139876
90, 9.733961166965893
95, 9.831073186585481
100, 9.016651263079881
150, 7.745966692414834
200, 8.94427190999916
250, 8.19756061276768
300, 8.306623862918075
350, 7.92464510246358
400, 6.841052550594828
450, 6.445928947793328
500, 6.734240862933253
550, 6.576473218982953
600, 6.7379522111692065
650, 6.107372593840988
700, 5.916079783099616
750, 5.882176467941097
800, 5.966573556070519
850, 5.518151864528558
900, 5.554277630799526
950, 5.291502622129181
1000, 5.282045058497703
1250, 5.004997502496879
1500, 3.96232255123179
1750, 3.598610843089316
2000, 3.1859064644147983
2250, 3.4132096331752027
2500, 3.1622776601683795
2750, 3.0413812651491097
3000, 3.057776970284131
3250, 2.29128784747792
3500, 2.3769728648009427
3750, 2.5298221281347035
4000, 2.1447610589527217
4250, 2.3874672772626644
4500, 2.345207879911715
4750, 2.4899799195977463
5000, 2.4596747752497685
5250, 2.5787593916455256
5500, 2.1330729007701543
5750, 2.355843797877949
6000, 2.4083189157584592
6250, 2.569046515733026
6500, 2.4596747752497685
6750, 2.569046515733026
7000, 2.598076211353316
7250, 2.3979157616563596
7500, 2.4186773244895647
7750, 2.3345235059857505
8000, 2.345207879911715
8250, 2.2693611435820435
8500, 2.258317958127243
8750, 2.5495097567963922
9000, 2.258317958127243
9250, 2.247220505424423
9500, 2.247220505424423
9750, 2.23606797749979
10000, 2.23606797749979
11000, 2.085665361461421
12000, 2.224859546128699
13000, 1.91049731745428
14000, 1.6733200530681511
15000, 1.70293863659264
16000, 1.8027756377319946
17000, 1.70293863659264
18000, 1.9235384061671346
19000, 1.8439088914585775
20000, 1.8027756377319946
21000, 1.7748239349298849
22000, 1.9493588689617927
23000, 1.6583123951777
24000, 1.91049731745428
25000, 2.0615528128088303
26000, 1.8973665961010275
27000, 1.8303005217723127
28000, 1.8303005217723127
29000, 1.816590212458495
30000, 1.91049731745428
31000, 1.7888543819998317
32000, 1.816590212458495
33000, 1.91049731745428
34000, 2.0248456731316584
35000, 1.7748239349298849
36000, 1.9493588689617927
37000, 1.8303005217723127
38000, 1.9235384061671346
39000, 1.8841443681416772
40000, 1.9748417658131499
41000, 1.6881943016134133
42000, 1.70293863659264
43000, 1.7888543819998317
44000, 1.857417562100671
45000, 1.746424919657298
46000, 1.61245154965971
47000, 1.5811388300841898
48000, 1.4317821063276353
49000, 1.5968719422671311
50000, 1.396424004376894
51000, 1.5652475842498528
52000, 1.5652475842498528
53000, 1.70293863659264
54000, 1.5968719422671311
55000, 1.449137674618944
56000, 1.6278820596099706
57000, 1.5652475842498528
58000, 1.51657508881031
59000, 1.4317821063276353
60000, 1.4142135623730951
61000, 1.4317821063276353
62000, 1.378404875209022
63000, 1.4832396974191326
64000, 1.5652475842498528
65000, 1.5329709716755893
66000, 1.51657508881031
67000, 1.746424919657298
68000, 1.7320508075688772
69000, 1.5968719422671311
70000, 1.5
71000, 1.449137674618944
72000, 1.2449899597988732
73000, 1.4317821063276353
74000, 1.284523257866513
75000, 1.449137674618944
76000, 1.3228756555322954
77000, 1.4142135623730951
78000, 1.4142135623730951
79000, 1.140175425099138
80000, 1.2649110640673518
81000, 1.2041594578792296
82000, 1.118033988749895
83000, 1.161895003862225
84000, 1.0954451150103321
85000, 1.2041594578792296
86000, 1.3228756555322954
87000, 1.3601470508735443
88000, 1.2649110640673518
89000, 1.224744871391589
90000, 1.284523257866513
91000, 1.284523257866513
92000, 1.224744871391589
93000, 1.224744871391589
94000, 1.2041594578792296
95000, 1.2649110640673518
96000, 1.2449899597988732
97000, 1.378404875209022
98000, 1.378404875209022
99000, 1.3228756555322954
100000, 1.3038404810405297
