1, 56.868268832451726
2, 56.128780496283724
3, 55.81433507621496
4, 55.57373480341231
5, 55.0305369772093
6, 54.1972324016642
7, 53.658363746950016
8, 53.054500280372075
9, 53.02489981131506
10, 52.44063310067872
15, 50.958218179210306
20, 49.035905212405325
25, 47.38670699679394
30, 45.536798306424664
35, 44.07720499305735
40, 41.79473651071388
45, 41.774394071009574
50, 40.47147143359134
55, 39.43653128762721
60, 37.53957911325059
65, 36.81385608707678
70, 36.14996542183685
75, 35.44883637018287
80, 33.064180014027265
85, 32.20807352202239
90, 31.189741903388683
95, 30.21754457264852
100, 30.261526729495987
150, 26.528852217915496
200, 22.792542640082964
250, 20.44211339367826
300, 18.349386910739007
350, 18.42118345818205
400, 17.11023085758927
450, 16.454786537661313
500, 15.513864766717544
550, 14.717336715588184
600, 14.508618128546908
650, 13.512216694532396
700, 12.592060990957755
750, 12.096280420029952
800, 11.82455073142316
850, 11.77030161040914
900, 11.209817126073021
950, 11.394735626595292
1000, 11.117553687749837
1250, 10.291744264214886
1500, 8.996666049153987
1750, 8.063498000247783
2000, 7.473954776421918
2250, 6.81322243875833
2500, 6.074537019394976
2750, 5.721887800367987
3000, 5.711392124517454
3250, 5.457105459856901
3500, 5.126402247190518
3750, 4.971921157862421
4000, 4.69041575982343
4250, 4.6173585522460785
4500, 4.315089802078283
4750, 4.402272140611028
5000, 4.0
5250, 3.924283374069717
5500, 3.8157568056677826
5750, 3.725587202039432
6000, 3.5832945734337835
6250, 3.5777087639996634
6500, 3.5749125863438955
6750, 3.5832945734337835
7000, 3.461213659975356
7250, 3.3555923471125033
7500, 3.358571124749333
7750, 3.423448553724738
8000, 3.1906112267087634
8250, 3.03315017762062
8500, 3.069201850644561
8750, 3.1144823004794873
9000, 3.1336879231984796
9250, 3.0133038346638727
9500, 3.0724582991474434
9750, 2.9154759474226504
10000, 2.80713376952364
11000, 2.630589287593181
12000, 2.4041630560342617
13000, 2.262741699796952
14000, 2.262741699796952
15000, 2.3323807579381204
16000, 2.1540659228538015
17000, 2.083266665599966
18000, 1.98997487421324
19000, 1.9849433241279208
20000, 2.009975124224178
21000, 1.7776388834631178
22000, 1.7888543819998317
23000, 1.9287301521985911
24000, 2.0149441679609885
25000, 2.078460969082653
26000, 2.06881608655772
27000, 2.0445048300260873
28000, 1.9798989873223332
29000, 1.96468827043885
30000, 1.9544820285692064
31000, 2.0542638584174138
32000, 1.9949937343260002
33000, 2.04939015319192
34000, 2.06881608655772
35000, 1.9339079605813716
36000, 1.8920887928424501
37000, 1.816590212458495
38000, 1.6492422502470643
39000, 1.6733200530681511
40000, 1.8110770276274832
41000, 1.8220867158288598
42000, 1.6370705543744901
43000, 1.7088007490635062
44000, 1.7435595774162693
45000, 1.7378147196982767
46000, 1.7146428199482247
47000, 1.6552945357246849
48000, 1.5937377450509227
49000, 1.6370705543744901
50000, 1.7088007490635062
51000, 1.7204650534085253
52000, 1.6613247725836149
53000, 1.6613247725836149
54000, 1.624807680927192
55000, 1.7378147196982767
56000, 1.8384776310850235
57000, 1.9131126469708992
58000, 1.8220867158288598
59000, 1.8920887928424501
60000, 1.9748417658131499
61000, 2.0
62000, 1.8867962264113207
63000, 1.8814887722226779
64000, 1.8110770276274832
65000, 1.7435595774162693
66000, 1.7320508075688772
67000, 1.7320508075688772
68000, 1.7492855684535902
69000, 1.624807680927192
70000, 1.6613247725836149
71000, 1.7776388834631178
72000, 1.8220867158288598
73000, 1.833030277982336
74000, 1.8220867158288598
75000, 1.8275666882497066
76000, 1.760681686165901
77000, 1.7262676501632068
78000, 1.7320508075688772
79000, 1.760681686165901
80000, 1.783255450012701
81000, 1.8439088914585775
82000, 1.8110770276274832
83000, 1.6733200530681511
84000, 1.61245154965971
85000, 1.6186414056238645
86000, 1.6
87000, 1.5874507866387544
88000, 1.5684387141358123
89000, 1.5427248620541512
90000, 1.5491933384829668
91000, 1.61245154965971
92000, 1.6431676725154984
93000, 1.5937377450509227
94000, 1.5362291495737217
95000, 1.5362291495737217
96000, 1.5937377450509227
97000, 1.5748015748023623
98000, 1.4832396974191326
99000, 1.5491933384829668
100000, 1.5556349186104046
