1, 28.135386970859315
2, 27.35690040922034
3, 26.75892374517331
4, 25.839504639214738
5, 25.57655176133014
6, 24.812899870833316
7, 24.468755587483397
8, 23.57116882973774
9, 23.553343711668624
10, 23.00173906468813
15, 20.84994004787544
20, 19.63364459289207
25, 19.5202459000905
30, 18.40760712314341
35, 17.337819932159867
40, 16.751119365582706
45, 16.281277591147447
50, 15.880806024884253
55, 15.818975946628152
60, 14.054180872608692
65, 13.26046756340062
70, 13.062924634246345
75, 12.946041866145807
80, 12.628539107909512
85, 12.364465212858985
90, 11.625833303466896
95, 11.555085460523431
100, 11.509995655950526
150, 10.57544325312183
200, 8.710912696153027
250, 8.328265125462805
300, 8.740709353364863
350, 7.9548727205405365
400, 7.241546796092669
450, 7.477967638335967
500, 7.291090453423274
550, 7.416198487095663
600, 6.687301398920195
650, 6.919537556802478
700, 6.584831053261731
750, 6.8527366796047255
800, 6.675327707311455
850, 6.539113089708726
900, 6.1838499334961226
950, 6.1773780845922
1000, 5.89915248150105
1250, 6.318227599572526
1500, 5.499090833947008
1750, 5.047771785649585
2000, 4.24735211631906
2250, 4.093897898091744
2500, 4.358898943540674
2750, 4.180908992073374
3000, 3.872983346207417
3250, 3.7735924528226414
3500, 3.1240998703626617
3750, 3.340658617698013
4000, 3.627671429443411
4250, 3.22490309931942
4500, 2.986636904613616
4750, 3.2186953878862163
5000, 3.3166247903554
5250, 3.3286633954186478
5500, 3.4176014981270124
5750, 3.026549190084311
6000, 3.03315017762062
6250, 2.7856776554368237
6500, 2.979932885150268
6750, 3.03315017762062
7000, 2.986636904613616
7250, 2.835489375751565
7500, 2.9189039038652846
7750, 2.7640549922170505
8000, 2.8495613697550013
8250, 2.7712812921102037
8500, 2.8844410203711917
8750, 2.7856776554368237
9000, 2.584569596664017
9250, 2.5059928172283334
9500, 2.7856776554368237
9750, 2.6076809620810595
10000, 2.6457513110645907
11000, 2.973213749463701
12000, 2.705549851693737
13000, 2.592296279363144
14000, 2.4657656011875906
15000, 2.3664319132398464
16000, 2.06881608655772
17000, 2.253885533916929
18000, 2.4166091947189146
19000, 2.6457513110645907
20000, 2.262741699796952
21000, 2.5059928172283334
22000, 2.280350850198276
23000, 1.876166303929372
24000, 1.7888543819998317
25000, 1.865475810617763
26000, 2.0976176963403033
27000, 1.9183326093250879
28000, 1.8110770276274832
29000, 1.7204650534085253
30000, 1.7888543819998317
31000, 1.6613247725836149
32000, 1.6492422502470643
33000, 1.8547236990991407
34000, 1.9798989873223332
35000, 1.9595917942265424
36000, 1.9390719429665315
37000, 1.7320508075688772
38000, 1.7888543819998317
39000, 1.7088007490635062
40000, 1.7663521732655694
41000, 1.8220867158288598
42000, 1.7663521732655694
43000, 1.5748015748023623
44000, 1.61245154965971
45000, 1.6613247725836149
46000, 1.5620499351813308
47000, 1.5620499351813308
48000, 1.697056274847714
49000, 1.61245154965971
50000, 1.4966629547095767
51000, 1.5491933384829668
52000, 1.7549928774784245
53000, 1.7663521732655694
54000, 1.833030277982336
55000, 1.8439088914585775
56000, 1.8439088914585775
57000, 1.7320508075688772
58000, 1.7320508075688772
59000, 1.7663521732655694
60000, 1.7776388834631178
61000, 1.6370705543744901
62000, 1.7663521732655694
63000, 1.6733200530681511
64000, 1.5491933384829668
65000, 1.6492422502470643
66000, 1.624807680927192
67000, 1.5874507866387544
68000, 1.61245154965971
69000, 1.5620499351813308
70000, 1.5620499351813308
71000, 1.6370705543744901
72000, 1.7435595774162693
73000, 1.624807680927192
74000, 1.6370705543744901
75000, 1.6613247725836149
76000, 1.7320508075688772
77000, 1.7320508075688772
78000, 1.5874507866387544
79000, 1.5874507866387544
80000, 1.697056274847714
81000, 1.5748015748023623
82000, 1.61245154965971
83000, 1.6370705543744901
84000, 1.6613247725836149
85000, 1.61245154965971
86000, 1.5491933384829668
87000, 1.6370705543744901
88000, 1.5099668870541498
89000, 1.6370705543744901
90000, 1.7320508075688772
91000, 1.6370705543744901
92000, 1.624807680927192
93000, 1.6
94000, 1.61245154965971
95000, 1.7088007490635062
96000, 1.7549928774784245
97000, 1.6613247725836149
98000, 1.6852299546352716
99000, 1.697056274847714
100000, 1.7088007490635062
