1, 28.167356993512897
2, 27.2873597110457
3, 26.451464987784703
4, 25.90521183082663
5, 25.21269521491108
6, 25.19285613026042
7, 24.331872102244823
8, 24.331872102244823
9, 23.77393530739074
10, 23.77393530739074
15, 22.966932751240424
20, 21.3372912995066
25, 21.311030007955974
30, 20.718108021728238
35, 20.762466134830902
40, 18.91242977515052
45, 16.92572007330855
50, 16.122034611053284
55, 15.4220621189256
60, 15.450566332662373
65, 15.337535656030274
70, 14.895636945092345
75, 14.929166085217219
80, 14.337363774418225
85, 13.844854639901424
90, 13.804347141389918
95, 13.76226725507102
100, 12.582527568020664
150, 10.194115949899727
200, 9.444575162494075
250, 8.627861844049196
300, 8.2
350, 7.50199973340442
400, 6.6211781428987395
450, 6.2289646009589745
500, 6.219324722186485
550, 5.8
600, 5.102940328869229
650, 4.4362146025637665
700, 4.4136152981427825
750, 4.28485705712571
800, 4.358898943540674
850, 4.331281565541543
900, 4.171330722922842
950, 4.223742416388575
1000, 3.794733192202055
1250, 3.752332607858744
1500, 3.566510900025402
1750, 3.521363372331802
2000, 3.117691453623979
2250, 2.821347195933177
2500, 2.821347195933177
2750, 2.6381811916545836
3000, 2.6683328128252666
3250, 2.7202941017470885
3500, 2.6981475126464085
3750, 2.7640549922170505
4000, 2.778488797889961
4250, 2.705549851693737
4500, 2.615339366124404
4750, 2.6457513110645907
5000, 2.6381811916545836
5250, 2.6832815729997477
5500, 2.5768197453450252
5750, 2.553429066960741
6000, 2.615339366124404
6250, 2.553429066960741
6500, 2.5612496949731396
6750, 2.5612496949731396
7000, 2.4899799195977463
7250, 2.513961017995307
7500, 2.5768197453450252
7750, 2.6457513110645907
8000, 2.6229754097208002
8250, 2.6457513110645907
8500, 2.615339366124404
8750, 2.584569596664017
9000, 2.5298221281347035
9250, 2.5377155080899043
9500, 2.5298221281347035
9750, 2.545584412271571
10000, 2.4
11000, 2.0591260281974
12000, 2.039607805437114
13000, 1.865475810617763
14000, 1.969771560359221
15000, 1.8547236990991407
16000, 1.5362291495737217
17000, 1.469693845669907
18000, 1.5231546211727816
19000, 1.4142135623730951
20000, 1.4
21000, 1.4560219778561037
22000, 1.4422205101855958
23000, 1.4
24000, 1.3564659966250536
25000, 1.3856406460551018
26000, 1.4
27000, 1.2806248474865698
28000, 1.4
29000, 1.3711309200802089
30000, 1.1135528725660044
31000, 1.1489125293076057
32000, 1.2
33000, 1.0954451150103321
34000, 1.1135528725660044
35000, 1.0583005244258363
36000, 1.1489125293076057
37000, 1.296148139681572
38000, 1.296148139681572
39000, 1.4
40000, 1.3711309200802089
41000, 1.3416407864998738
42000, 1.4142135623730951
43000, 1.3564659966250536
44000, 1.3114877048604001
45000, 1.296148139681572
46000, 1.2806248474865698
47000, 1.3114877048604001
48000, 1.3416407864998738
49000, 1.3416407864998738
50000, 1.3416407864998738
51000, 1.2806248474865698
52000, 1.2806248474865698
53000, 1.2328828005937953
54000, 1.2649110640673518
55000, 1.2165525060596438
56000, 1.2165525060596438
57000, 1.2649110640673518
58000, 1.0770329614269007
59000, 1.0954451150103321
60000, 1.1135528725660044
61000, 1.131370849898476
62000, 1.1661903789690602
63000, 1.2
64000, 1.2
65000, 1.2
66000, 1.2489995996796797
67000, 1.131370849898476
68000, 1.0583005244258363
69000, 1.0583005244258363
70000, 1.0770329614269007
71000, 1.0770329614269007
72000, 1.0770329614269007
73000, 1.0770329614269007
74000, 1.0583005244258363
75000, 1.0583005244258363
76000, 1.0583005244258363
77000, 0.916515138991168
78000, 0.916515138991168
79000, 0.8944271909999159
80000, 0.9591663046625439
81000, 1.0583005244258363
82000, 1.0770329614269007
83000, 1.0954451150103321
84000, 1.0954451150103321
85000, 1.1135528725660044
86000, 1.0583005244258363
87000, 1.0583005244258363
88000, 1.0583005244258363
89000, 1.0392304845413265
90000, 1.0954451150103321
91000, 1.0770329614269007
92000, 1.1135528725660044
93000, 1.2
94000, 1.2165525060596438
95000, 1.2165525060596438
96000, 1.1661903789690602
97000, 1.131370849898476
98000, 1.1489125293076057
99000, 1.131370849898476
100000, 1.1489125293076057
