1, 34.089098941841605
2, 33.50970008818342
3, 33.53605025441527
4, 33.52809766946722
5, 33.52760057027642
6, 32.87856444554719
7, 32.68536879604287
8, 31.929610082179206
9, 31.287377646584574
10, 31.457378572707974
15, 30.99784938776667
20, 29.883663318497838
25, 29.127878970727224
30, 28.735576091899276
35, 28.27484158517368
40, 27.17964924963774
45, 26.14000765110829
50, 25.633311660155556
55, 25.149552679918582
60, 24.99933332444421
65, 24.723133566223627
70, 23.931847679051724
75, 23.95551432690742
80, 22.9208784008525
85, 21.419617176784463
90, 20.264912204760886
95, 20.362547319363884
100, 19.791412279066897
150, 18.333939383922193
200, 16.459040069214243
250, 17.47474367956986
300, 15.17014612102775
350, 14.127986409959489
400, 13.136463248023292
450, 12.815355372885035
500, 12.641202474448386
550, 11.319599521773434
600, 10.8397416943394
650, 10.83205120618128
700, 10.546721449499524
750, 10.56882207249228
800, 10.206207261596576
850, 9.988326519826366
900, 9.857315388414163
950, 9.906226997870245
1000, 9.549869109050658
1250, 8.306623862918075
1500, 8.320657025339605
1750, 8.101440201182339
2000, 8.191458966508957
2250, 7.011894655987543
2500, 7.215723571941117
2750, 7.0898989179442236
3000, 6.557438524302
3250, 6.099180272790763
3500, 5.977736472389306
3750, 6.0
4000, 6.1400325732035
4250, 5.732945723331651
4500, 5.78215646046813
4750, 5.836665714829544
5000, 5.639148871948674
5250, 6.036003092554984
5500, 6.268971207462991
5750, 6.060803027102377
6000, 5.78215646046813
6250, 5.6774407379851475
6500, 5.4436507357960915
6750, 5.329165037789691
7000, 4.851116709927038
7250, 4.78539444560216
7500, 5.01663898109747
7750, 4.949747468305833
8000, 5.263078946776307
8250, 5.138093031466052
8500, 5.118593556827891
8750, 5.053051883103254
9000, 4.771442828607157
9250, 4.820096817838137
9500, 4.74692883171144
9750, 4.546060565661952
10000, 4.377975178854566
11000, 4.520324472129555
12000, 3.9916579679793878
13000, 4.127145906474999
14000, 4.8166378315169185
15000, 4.760952285695233
16000, 4.226897995772629
17000, 4.183300132670378
18000, 4.527692569068709
19000, 4.08248290463863
20000, 4.09878030638384
21000, 4.230839160261236
22000, 4.234776656841932
23000, 4.08248290463863
24000, 4.024922359499621
25000, 4.147288270665544
26000, 3.7903385952532878
27000, 3.5449494589721118
28000, 3.4399612400917157
29000, 3.3216461782274966
30000, 3.4641016151377544
31000, 3.265986323710904
32000, 3.5071355833500366
33000, 3.6606010435446255
34000, 3.3466401061363023
35000, 3.877284272958759
36000, 3.7461090925563463
37000, 3.763863263545405
38000, 3.872983346207417
39000, 3.6285901761795403
40000, 3.65604522218567
41000, 3.687817782917155
42000, 3.8078865529319543
43000, 3.877284272958759
44000, 3.646916505762094
45000, 3.245509718570156
46000, 3.5308167138307627
47000, 3.3714487489307423
48000, 3.5683796509527026
49000, 3.4641016151377544
50000, 3.420526275297414
51000, 3.2145502536643185
52000, 3.4641016151377544
53000, 3.4351128074635335
54000, 3.1937438845342623
55000, 3.3366650016645862
56000, 3.0876096471758427
57000, 3.0876096471758427
58000, 3.391164991562634
59000, 3.361547262794322
60000, 3.2914029430219167
61000, 3.2506409624359724
62000, 3.2197308376115337
63000, 3.255764119219941
64000, 3.1037611591959413
65000, 2.949576240750525
66000, 3.157002798013753
67000, 3.1937438845342623
68000, 3.0876096471758427
69000, 3.0550504633038935
70000, 3.1144823004794873
71000, 3.082207001484488
72000, 2.8751811537130436
73000, 3.011090610836324
74000, 3.22490309931942
75000, 3.0276503540974917
76000, 3.1728010758108782
77000, 3.2812599206199238
78000, 3.24037034920393
79000, 3.1937438845342623
80000, 2.9944392908634274
81000, 3.1675437381878933
82000, 2.851899951494325
83000, 2.7748873851023217
84000, 3.093002855909879
85000, 2.8751811537130436
86000, 2.70801280154532
87000, 2.857738033247041
88000, 2.9268868558020253
89000, 2.8635642126552705
90000, 2.70801280154532
91000, 2.8460498941515415
92000, 2.6331223544175333
93000, 2.7507574714370344
94000, 2.6770630673681683
95000, 2.7507574714370344
96000, 2.6583202716502514
97000, 2.8925190866555517
98000, 2.792848008753788
99000, 2.8106938645110393
100000, 2.8284271247461903
