1, 40.14758487665941
2, 39.97320531127249
3, 39.77472276997756
4, 39.240649477659915
5, 39.14296141800501
6, 39.114118751600245
7, 38.82561746358416
8, 38.397916610149565
9, 37.633951237071635
10, 36.80799602570848
15, 36.66021588277173
20, 34.34405750219804
25, 33.646906034794426
30, 31.735964276691334
35, 30.581974149115077
40, 30.35786553761644
45, 29.491403105699415
50, 29.090499185423802
55, 27.955065986073333
60, 27.261170711681267
65, 27.401772622535624
70, 25.136768743359653
75, 24.710899850644278
80, 24.61416549178832
85, 24.49081460466352
90, 24.09030628993449
95, 24.15071723276853
100, 23.413671220037237
150, 21.320680771763094
200, 18.39254507363552
250, 17.703914014380306
300, 16.820056055622576
350, 14.767725426947587
400, 14.169383492990391
450, 13.961170642689162
500, 13.626654552226466
550, 12.580029525288996
600, 12.103128285105232
650, 12.15024985045869
700, 12.220591521806837
750, 11.497825881443848
800, 11.871935694858575
850, 11.031124796942255
900, 11.474194649610178
950, 11.477929131287452
1000, 10.93748469386684
1250, 10.719808100627814
1500, 9.338094023943002
1750, 8.755406492970092
2000, 8.181861471746949
2250, 7.315345905306578
2500, 6.122557822161771
2750, 6.182925798404137
3000, 6.1574577314250165
3250, 6.134213187408099
3500, 6.04979338490167
3750, 6.045068828628599
4000, 6.416496596385645
4250, 6.331328003327129
4500, 6.04979338490167
4750, 5.684565569529981
5000, 5.882176467941097
5250, 5.761944116355173
5500, 5.722137462771856
5750, 5.215361924162119
6000, 5.593363414414826
6250, 5.498051602938211
6500, 5.261721608534063
6750, 5.163055573702733
7000, 5.296899362565128
7250, 5.277986629117476
7500, 4.936742708651988
7750, 5.135311925426592
8000, 4.919349550499537
8250, 4.979959839195493
8500, 4.789870263676997
8750, 4.678216998570533
9000, 4.563832975533989
9250, 4.672105673951674
9500, 4.768947173418589
9750, 4.84325746343748
10000, 4.807731867969107
11000, 4.860922898850735
12000, 4.538722287164087
13000, 4.225771273642583
14000, 3.978513721048531
15000, 3.946064947695181
16000, 3.687817782917155
17000, 3.320929301953209
18000, 3.4226138716316967
19000, 3.4475664294853385
20000, 3.813509819425819
21000, 3.281985461794213
22000, 3.468223093829379
23000, 3.1304951684997055
24000, 3.2645279685036943
25000, 3.1441555759399513
26000, 3.175801361186541
27000, 2.888400447108597
28000, 2.9760952365713798
29000, 2.9277002188455996
30000, 2.81830749615033
31000, 2.990461025135948
32000, 2.951996902824546
33000, 2.8834503141697647
34000, 2.5801439605461662
35000, 2.613153540948451
36000, 3.009508740167215
37000, 2.9856801091687157
38000, 2.917924898671265
39000, 2.937443008565686
40000, 2.961659766318301
41000, 2.843539042410757
42000, 2.4436506647695313
43000, 2.3421601750764798
44000, 2.461126339126632
45000, 2.3844735867092943
46000, 2.4669240534954224
47000, 2.311462122306386
48000, 2.305273457593635
49000, 2.501428163498376
50000, 2.569046515733026
51000, 2.596701204000403
52000, 2.6779523094014523
53000, 2.4784787961282104
54000, 2.4083189157584592
55000, 2.5185029566901727
56000, 2.2866069685390684
57000, 2.4083189157584592
58000, 2.437797600880176
59000, 2.5298221281347035
60000, 2.4669240534954224
61000, 2.5523098781859765
62000, 2.5634797778466227
63000, 2.5071326821120348
64000, 2.3784749015162756
65000, 2.4727081741050063
66000, 2.390457218668787
67000, 2.311462122306386
68000, 2.177810171446801
69000, 2.2296700588716196
70000, 2.1447610589527217
71000, 2.2038926600773587
72000, 2.29906813420444
73000, 2.1908902300206643
74000, 2.32379000772445
75000, 2.3176342617912282
76000, 2.569046515733026
77000, 2.2866069685390684
78000, 2.449489742783178
79000, 2.501428163498376
80000, 2.5746012173871566
81000, 2.6076809620810595
82000, 2.5410908793553326
83000, 2.53546276418555
84000, 2.390457218668787
85000, 2.3724610489050035
86000, 2.3664319132398464
87000, 2.4319304501333328
88000, 2.3664319132398464
89000, 2.210365192839022
90000, 2.210365192839022
91000, 2.305273457593635
92000, 2.242447642325552
93000, 2.274077520980446
94000, 2.3724610489050035
95000, 2.2551528297909846
96000, 2.1908902300206643
97000, 2.1514114968019085
98000, 2.1580414400893364
99000, 2.210365192839022
100000, 2.3724610489050035
