1, 34.29625829931501
2, 34.21257078911201
3, 33.4539484465835
4, 33.02221474502682
5, 32.15898008332976
6, 32.11645476491243
7, 31.88625618245788
8, 31.417617138584312
9, 31.260198335903116
10, 30.877176036677966
15, 30.039973368829738
20, 28.817818561901362
25, 28.899250278626027
30, 28.00535663047339
35, 27.46270197922994
40, 27.388562089553613
45, 27.291634860032357
50, 25.638512697372548
55, 25.591665309888164
60, 25.721586265236443
65, 25.03930243969801
70, 25.02265640041707
75, 24.678600716680297
80, 24.927896020322294
85, 24.346115364331396
90, 23.6981011897578
95, 23.368782595591068
100, 23.18045153428495
150, 21.604011973088085
200, 19.739132030900784
250, 17.221111075266503
300, 16.88786546606764
350, 15.964544048192128
400, 14.27351860381081
450, 14.4083309234623
500, 13.309144725839197
550, 12.705641791477255
600, 12.537942414925983
650, 11.884163131383435
700, 10.902599078507228
750, 10.44030650891055
800, 10.59087657687817
850, 9.811557810392122
900, 9.428679653058534
950, 9.598611010627181
1000, 10.519822558706334
1250, 8.863783992554572
1500, 8.128140418734574
1750, 8.23609940040389
2000, 7.681145747868608
2250, 7.478859093025709
2500, 7.36432843736164
2750, 6.831300510639732
3000, 6.327190002942328
3250, 6.169819014093255
3500, 6.096447052723961
3750, 6.044281043543006
4000, 6.3744280789207535
4250, 5.986094998689324
4500, 5.627314338711377
4750, 5.437523946307424
5000, 5.391351098441528
5250, 5.170428737864331
5500, 5.363456596884761
5750, 4.96655480858378
6000, 5.70087712549569
6250, 6.153589738247641
6500, 5.9497899122574065
6750, 5.48938369339704
7000, 5.4984846397287805
7250, 5.2977982848223535
7500, 5.35101236527569
7750, 5.10881590977792
8000, 5.154286242213044
8250, 4.96655480858378
8500, 4.718756898449704
8750, 4.586211217697385
9000, 4.270050741306634
9250, 4.10690475500305
9500, 4.31663449151458
9750, 3.8686776379877745
10000, 3.8078865529319543
11000, 4.187282332651255
12000, 4.0579140782755205
13000, 4.385582439463809
14000, 4.179314138308661
15000, 4.419653078391259
16000, 4.110960958218893
17000, 4.179314138308661
18000, 4.119061381755152
19000, 3.812260921465546
20000, 3.8166302763912916
21000, 3.812260921465546
22000, 3.591656999213594
23000, 3.710345895825168
24000, 3.5637059362410923
25000, 3.8427420765212266
26000, 3.3466401061363023
27000, 3.3714487489307423
28000, 3.2914029430219167
29000, 3.146426544510455
30000, 3.3366650016645862
31000, 2.9552213679068666
32000, 3.22490309931942
33000, 3.260879227038826
34000, 3.3763886032268267
35000, 3.331666249791536
36000, 3.449637662132068
37000, 3.391164991562634
38000, 3.4009802508492557
39000, 3.449637662132068
40000, 3.2761766334148303
41000, 3.260879227038826
42000, 3.1989581637360205
43000, 3.0767948691238205
44000, 3.0495901363953815
45000, 3.1937438845342623
46000, 3.1144823004794873
47000, 2.8343135559308417
48000, 2.6708300832013507
49000, 2.5298221281347035
50000, 2.652043237455478
51000, 2.6583202716502514
52000, 2.5232254490367416
53000, 2.6076809620810595
54000, 2.456284456925405
55000, 2.273030282830976
56000, 2.280350850198276
57000, 2.206052281036573
58000, 2.309401076758503
59000, 2.422120283277993
60000, 2.345207879911715
61000, 2.48327740429189
62000, 2.840187787218772
63000, 2.9211869733608857
64000, 2.8106938645110393
65000, 2.9211869733608857
66000, 2.938253449471868
67000, 2.949576240750525
68000, 3.0495901363953815
69000, 2.798809270624444
70000, 3.0983866769659336
71000, 2.943920288775949
72000, 2.7748873851023217
73000, 2.792848008753788
74000, 2.886751345948129
75000, 2.6267851073127395
76000, 2.6832815729997477
77000, 2.4289915602982237
78000, 2.54296414970142
79000, 2.594866727470475
80000, 2.695675549220764
81000, 2.792848008753788
82000, 2.614064523559687
83000, 2.41522945769824
84000, 2.345207879911715
85000, 2.1984843263788196
86000, 2.32379000772445
87000, 2.073644135332772
88000, 2.160246899469287
89000, 2.265686062395524
90000, 2.32379000772445
91000, 2.4765567494675613
92000, 2.330951164939612
93000, 2.3166067138525404
94000, 2.3664319132398464
95000, 2.6583202716502514
96000, 2.5298221281347035
97000, 2.594866727470475
98000, 2.4289915602982237
99000, 2.3380903889000244
100000, 2.309401076758503
