1, 51.39325506977221
2, 50.65438447623924
3, 50.04420268344998
4, 49.54190145725131
5, 49.53988292275225
6, 49.07771614717032
7, 48.6570766806958
8, 47.92633235845753
9, 47.306330325749094
10, 47.306330325749094
15, 44.876125798320274
20, 42.56419987631755
25, 40.530372698892265
30, 39.53535689031332
35, 37.9350321822279
40, 36.24607258418183
45, 34.12591065125996
50, 33.62109126393398
55, 32.2407609504904
60, 30.32747196117005
65, 29.218335187192153
70, 28.421822601655933
75, 28.218591192490262
80, 27.48413683887085
85, 26.670416403031865
90, 25.820319302612987
95, 24.85424175736072
100, 24.645937235622064
150, 22.89201704622038
200, 20.774450119745115
250, 19.50612439437647
300, 18.626146497151076
350, 16.97841767264154
400, 15.372413964992978
450, 14.722620539685032
500, 14.646956452906295
550, 13.934768666101988
600, 13.161391348266422
650, 13.129271791602829
700, 12.948616399703354
750, 12.513992168768526
800, 12.308082258779752
850, 12.15364600073209
900, 12.071085746986935
950, 12.072926553058938
1000, 11.972189997378647
1250, 9.577751997902919
1500, 9.221954480718523
1750, 9.067647005823629
2000, 8.959166627910582
2250, 8.424831023692866
2500, 8.053984521134037
2750, 7.450577904505872
3000, 7.209561552395386
3250, 6.871842709362768
3500, 6.696599468718765
3750, 6.643292356454993
4000, 5.81759782422646
4250, 5.411920998027307
4500, 5.37277085558901
4750, 5.159672685570493
5000, 5.18973345494095
5250, 5.11207720338155
5500, 5.105552532945545
5750, 5.253570214625479
6000, 4.935134806219133
6250, 5.0771820705759385
6500, 5.072803301265814
6750, 4.9575979846875216
7000, 5.022173057773121
7250, 5.0508525133002165
7500, 4.910306620885412
7750, 4.935134806219133
8000, 4.711687595755898
8250, 4.640402281411961
8500, 4.6785562825394
8750, 4.659518334668414
9000, 4.640402281411961
9250, 4.618802153517006
9500, 4.809712396114068
9750, 4.609169604651628
10000, 4.47213595499958
11000, 4.247875285886398
12000, 4.01109572173102
13000, 4.0
14000, 4.165999946658132
15000, 4.068851871911234
16000, 4.016632088371218
17000, 3.8987177379235853
18000, 3.533962208186286
19000, 3.5023801430836525
20000, 3.470510689285432
21000, 3.476907949441413
22000, 3.1269438398822866
23000, 3.2317865716108862
24000, 3.296462750686964
25000, 3.0947985035827092
26000, 3.158762064128569
27000, 3.1797973380564852
28000, 3.2420843775434207
29000, 3.245509718570156
30000, 3.2110918876779455
31000, 3.2829526005987018
32000, 3.245509718570156
33000, 3.3466401061363023
34000, 3.296462750686964
35000, 3.313272970610447
36000, 3.252349578040125
37000, 3.2998316455372216
38000, 3.3065591380365986
39000, 3.2110918876779455
40000, 3.228346670080867
41000, 3.158762064128569
42000, 3.2489314482696545
43000, 3.0912061651652345
44000, 3.1622776601683795
45000, 3.1126980079810003
46000, 3.1162655713387313
47000, 3.105550586360564
48000, 2.9664793948382653
49000, 2.9173808649388087
50000, 2.8751811537130436
51000, 2.9211869733608857
52000, 3.007398284970656
53000, 3.03315017762062
54000, 3.02948473800047
55000, 2.936362072739365
56000, 2.936362072739365
57000, 2.9097537123726926
58000, 2.836272984824353
59000, 2.74469184669852
60000, 3.062315754094894
61000, 3.0550504633038935
62000, 2.7768887466211374
63000, 2.716206504995115
64000, 2.7121127475743987
65000, 2.70801280154532
66000, 2.7202941017470885
67000, 2.649947588580239
68000, 2.6246692913372702
69000, 2.556038601690775
70000, 2.637338725980331
71000, 2.586288632169443
72000, 2.6076809620810595
73000, 2.6331223544175333
74000, 2.6708300832013507
75000, 2.6583202716502514
76000, 2.5298221281347035
77000, 2.5342103744997617
78000, 2.560381915956203
79000, 2.6204325342711394
80000, 2.6666666666666665
81000, 2.654137231652584
82000, 2.637338725980331
83000, 2.7325202042558927
84000, 2.6034165586355513
85000, 2.556038601690775
86000, 2.5298221281347035
87000, 2.569046515733026
88000, 2.5385910352879693
89000, 2.577681990557494
90000, 2.5647178748895127
91000, 2.6624967396954475
92000, 2.6749870196985173
93000, 2.695675549220764
94000, 2.7284509239574835
95000, 2.70801280154532
96000, 2.6666666666666665
97000, 2.654137231652584
98000, 2.703906638756433
99000, 2.72437556556034
100000, 2.6666666666666665
