1, 45.66973833951756
2, 45.04358999902206
3, 44.792019378456246
4, 44.19728498448745
5, 43.77099496241775
6, 43.45140964341663
7, 42.57229145817735
8, 42.575521135976715
9, 41.780677352096625
10, 41.07401855187778
15, 39.24028542199967
20, 38.05653688921261
25, 36.598497236908514
30, 35.15252480263687
35, 34.75161866733692
40, 33.70645338803832
45, 33.35903176052926
50, 32.5011538256721
55, 30.97579700346708
60, 30.516389039334257
65, 30.10896876347644
70, 30.244834269673227
75, 29.49491481594751
80, 29.106270802011032
85, 27.052726295144453
90, 26.77405460515833
95, 26.568778669709303
100, 26.247380821712476
150, 23.78865275714453
200, 22.855524496278793
250, 20.512191496766015
300, 18.673510650116114
350, 17.21554530068682
400, 15.415900881881669
450, 15.307677812130747
500, 15.103807466993215
550, 15.130267677737892
600, 14.415269681833914
650, 13.46291201783626
700, 12.934450123604018
750, 13.075740896790514
800, 12.437845472588892
850, 12.544919290294377
900, 12.901550294441362
950, 12.079942052841147
1000, 12.116104984688768
1250, 11.59202311936963
1500, 10.57473403920874
1750, 9.359487165438072
2000, 9.375499986667378
2250, 9.147404003322473
2500, 9.173330910852394
2750, 8.694826047713663
3000, 8.335166465044354
3250, 8.168537200747757
3500, 7.699025912412557
3750, 7.072835357902798
4000, 7.060453243241541
4250, 6.895650803223725
4500, 6.192737682156414
4750, 6.248999919987197
5000, 6.576473218982953
5250, 5.705260730238365
5500, 5.694295391003174
5750, 5.663479495857648
6000, 5.5204166509422095
6250, 5.639148871948674
6500, 5.7118298293979315
6750, 5.80086200490927
7000, 5.678908345800274
7250, 5.724945414586937
7500, 5.656854249492381
7750, 6.04979338490167
8000, 5.426785420486054
8250, 5.368891878218447
8500, 5.406015168310204
8750, 5.447476479985939
9000, 5.3455589043616385
9250, 5.188930525647843
9500, 5.324471804789654
9750, 4.921889880929886
10000, 4.937104414532874
11000, 4.695742752749559
12000, 4.937104414532874
13000, 4.516635916254486
14000, 4.43846820423443
15000, 4.034228550788861
16000, 3.952847075210474
17000, 4.236744032862972
18000, 3.968626966596886
19000, 3.924283374069717
20000, 3.927467377331096
21000, 4.052776825831889
22000, 3.8858718455450894
23000, 3.990613987846983
24000, 3.9560080889704965
25000, 3.7616485747608057
26000, 3.409545424246464
27000, 3.365263734092768
28000, 3.3800887562311144
29000, 3.556683848755748
30000, 3.517811819867572
31000, 3.52845575287547
32000, 3.553167600887974
33000, 3.350373113550191
34000, 3.391164991562634
35000, 3.138470965295043
36000, 3.2365104665364517
37000, 3.158322339470751
38000, 3.0903074280724887
39000, 3.0413812651491097
40000, 3.0983866769659336
41000, 2.9748949561287032
42000, 3.0124740662784135
43000, 3.0903074280724887
44000, 2.8809720581775866
45000, 2.7064737205448717
46000, 2.8809720581775866
47000, 2.8809720581775866
48000, 2.8722813232690143
49000, 2.832843094843059
50000, 3.0454884665682123
51000, 3.053686296920494
52000, 3.142451272494134
53000, 3.146426544510455
54000, 2.924038303442689
55000, 3.1741140496207754
56000, 3.0983866769659336
57000, 3.078148794324277
58000, 2.9748949561287032
59000, 2.9453352950046283
60000, 3.0083217912982647
61000, 3.0041637771599605
62000, 2.8679260799399975
63000, 3.037268509697488
64000, 2.7703790354390136
65000, 2.9197602641312868
66000, 2.9664793948382653
67000, 2.9111853256019273
68000, 2.8548204847240397
69000, 2.8460498941515415
70000, 2.588435821108957
71000, 2.7748873851023217
72000, 3.0
73000, 3.0124740662784135
74000, 2.9197602641312868
75000, 2.9068883707497264
76000, 2.806243040080456
77000, 2.9410882339705484
78000, 3.138470965295043
79000, 2.9111853256019273
80000, 2.9538110975483858
81000, 2.979093821953246
82000, 3.0413812651491097
83000, 2.962262648719725
84000, 3.0083217912982647
85000, 2.9025850547399985
86000, 2.819574435974337
87000, 2.958039891549808
88000, 2.850438562747845
89000, 2.779388421937459
90000, 2.692582403567252
91000, 2.6551836094703507
92000, 2.6786190471957747
93000, 2.6972207918522355
94000, 2.7202941017470885
95000, 2.8896366553599777
96000, 2.8722813232690143
97000, 2.756809750418044
98000, 2.7658633371878665
99000, 2.7748873851023217
100000, 2.832843094843059
