1, 22.353970564532826
2, 22.20360331117452
3, 21.42195135836136
4, 21.106870919205434
5, 20.470710783946902
6, 20.55723716845238
7, 19.68628964533439
8, 19.361043360315065
9, 18.96048522585854
10, 19.282116066448722
15, 17.98471573308847
20, 17.217723426748382
25, 17.49571376080439
30, 17.684739183827393
35, 17.372391890583174
40, 16.780941570722426
45, 17.53995438990649
50, 17.014699527173555
55, 16.43471934655411
60, 16.07949004166488
65, 15.968719422671311
70, 15.438588018338983
75, 15.375304875026057
80, 15.098013114314082
85, 14.580809305384937
90, 13.72406645276829
95, 13.135828866120326
100, 13.765899897936205
150, 12.4056438768812
200, 11.85748708622531
250, 10.597169433391164
300, 11.811011811017716
350, 10.322305943925514
400, 10.447487736293352
450, 10.0024996875781
500, 9.41541289588513
550, 8.823264701911645
600, 8.717797887081348
650, 7.638717169787085
700, 8.160882305241266
750, 6.9498201415576215
800, 6.902897942168926
850, 7.179832867135557
900, 7.211102550927978
950, 7.053367989832942
1000, 6.884765791223402
1250, 6.119640512317697
1500, 6.058052492344384
1750, 5.157518783291051
2000, 5.019960159204453
2250, 4.801041553663121
2500, 4.376071297408213
2750, 4.5661800227323495
3000, 4.588027898781785
3250, 4.626013402488151
3500, 4.571651780264984
3750, 4.604345773288535
4000, 4.358898943540674
4250, 4.780167361086848
4500, 5.0990195135927845
4750, 4.743416490252569
5000, 4.460941604639093
5250, 4.230839160261236
5500, 3.943348830626071
5750, 3.82099463490856
6000, 3.640054944640259
6250, 3.492849839314596
6500, 3.626292872893749
6750, 3.492849839314596
7000, 3.5
7250, 3.5071355833500366
7500, 3.2326459750489227
7750, 3.1304951684997055
8000, 3.0
8250, 3.263433774416144
8500, 3.024896692450835
8750, 3.0495901363953815
9000, 2.6551836094703507
9250, 2.7838821814150108
9500, 2.932575659723036
9750, 2.9916550603303182
10000, 2.588435821108957
11000, 2.5298221281347035
12000, 2.569046515733026
13000, 2.7838821814150108
14000, 2.932575659723036
15000, 2.9410882339705484
16000, 2.8722813232690143
17000, 2.6832815729997477
18000, 2.6832815729997477
19000, 2.756809750418044
20000, 2.4596747752497685
21000, 2.8284271247461903
22000, 2.5787593916455256
23000, 2.5298221281347035
24000, 2.7202941017470885
25000, 2.4392621835300936
26000, 2.16794833886788
27000, 2.4186773244895647
28000, 2.0371548787463363
29000, 2.3664319132398464
30000, 2.1095023109728985
31000, 2.2693611435820435
32000, 2.23606797749979
33000, 2.5
34000, 2.3130067012440754
35000, 2.0248456731316584
36000, 2.1213203435596424
37000, 2.085665361461421
38000, 1.9235384061671346
39000, 1.7320508075688772
40000, 1.8973665961010275
41000, 2.0
42000, 2.073644135332772
43000, 2.04939015319192
44000, 2.16794833886788
45000, 2.0615528128088303
46000, 1.9493588689617927
47000, 1.7888543819998317
48000, 1.7748239349298849
49000, 2.0976176963403033
50000, 2.0371548787463363
51000, 1.7888543819998317
52000, 1.8027756377319946
53000, 1.8439088914585775
54000, 1.6583123951777
55000, 1.8973665961010275
56000, 1.9235384061671346
57000, 1.8973665961010275
58000, 1.9621416870348585
59000, 1.7748239349298849
60000, 1.8303005217723127
61000, 1.8303005217723127
62000, 2.0
63000, 2.0371548787463363
64000, 1.9874606914351791
65000, 1.9493588689617927
66000, 1.857417562100671
67000, 1.9364916731037085
68000, 1.91049731745428
69000, 1.8841443681416772
70000, 2.0248456731316584
71000, 1.9493588689617927
72000, 1.816590212458495
73000, 1.8027756377319946
74000, 1.7748239349298849
75000, 1.816590212458495
76000, 1.8973665961010275
77000, 1.8841443681416772
78000, 1.857417562100671
79000, 1.9364916731037085
80000, 2.0371548787463363
81000, 2.1330729007701543
82000, 2.1095023109728985
83000, 1.8973665961010275
84000, 2.1447610589527217
85000, 2.16794833886788
86000, 2.179449471770337
87000, 2.1563858652847827
88000, 2.0248456731316584
89000, 2.085665361461421
90000, 2.0371548787463363
91000, 1.8973665961010275
92000, 1.8439088914585775
93000, 1.7175564037317668
94000, 1.8841443681416772
95000, 1.857417562100671
96000, 1.857417562100671
97000, 1.8708286933869707
98000, 2.0615528128088303
99000, 1.9235384061671346
100000, 1.8973665961010275
