1, 40.10486254807514
2, 39.59617586152914
3, 39.10023748557765
4, 38.87011338143631
5, 38.53124891379908
6, 37.993608485037136
7, 38.09574404425925
8, 37.3496987939662
9, 37.3741698426677
10, 36.58688289537659
15, 35.53187703618099
20, 35.08275929855005
25, 34.12916641232247
30, 33.21359446285297
35, 31.901186722216373
40, 32.12431211047839
45, 31.296280016275784
50, 30.871160837075294
55, 29.879759035172956
60, 28.186622967033745
65, 27.71796735487136
70, 26.739483914241877
75, 26.52438231406826
80, 26.44617174564213
85, 26.229754097208
90, 25.319670501128453
95, 24.157223113831368
100, 22.88605314534222
150, 21.611504872570602
200, 19.192260344807153
250, 18.305346603812623
300, 18.267066384225856
350, 17.889342397879567
400, 17.28583234906552
450, 16.28847094463706
500, 15.285847796479684
550, 14.007141035914502
600, 13.72068303172779
650, 14.150214536485707
700, 13.059205838903726
750, 12.54136014496491
800, 12.67956736530977
850, 11.905580924207651
900, 11.793460657742251
950, 11.949895397031725
1000, 11.688822499660581
1250, 10.869354035215576
1500, 10.593798725130256
1750, 11.325067013362123
2000, 9.619919809585584
2250, 8.689895610091396
2500, 7.636379097077732
2750, 7.479495781324911
3000, 7.0
3250, 6.117889458675388
3500, 6.706074005812087
3750, 7.234836359093213
4000, 6.568322247184371
4250, 6.254141484991023
4500, 6.635402883666631
4750, 6.6138383063737765
5000, 6.667618979601553
5250, 6.187545093630776
5500, 5.9281411203561225
5750, 5.739586844264763
6000, 5.283397175519338
6250, 5.549774770204643
6500, 5.401058097394303
6750, 5.385164807134504
7000, 5.149202434774313
7250, 5.326483696720433
7500, 5.151976042535247
7750, 5.337200978576156
8000, 5.5549205986353085
8250, 5.7644229050765725
8500, 5.479833157001354
8750, 5.280692595267621
9000, 5.291502622129181
9250, 5.048337774526808
9500, 5.118593556827891
9750, 5.448459808580246
10000, 5.366563145999495
11000, 5.474616751100352
12000, 4.352339272489812
13000, 4.753945729601885
14000, 4.714718594844387
15000, 4.358898943540674
16000, 3.971325795175784
17000, 3.8097618973218936
18000, 4.33589667773576
19000, 4.171330722922842
20000, 3.884033249820898
21000, 3.884033249820898
22000, 3.8097618973218936
23000, 4.292851200376205
24000, 4.266145801540309
25000, 4.136941589421552
26000, 4.05674042269688
27000, 3.913347124174613
28000, 3.722518348798681
29000, 3.641035959331198
30000, 3.4142558277233497
31000, 3.320929301953209
32000, 3.561701038227982
33000, 3.5173041624841845
34000, 3.4475664294853385
35000, 3.4558439118191004
36000, 3.5132402626147194
37000, 3.7263540204487127
38000, 3.5496478698597698
39000, 3.3123146848433
40000, 3.260148988707637
41000, 3.3763886032268267
42000, 3.2115861679683633
43000, 3.430951554806417
44000, 3.3166247903554
45000, 2.9568322818274866
46000, 3.3974780562730853
47000, 3.5496478698597698
48000, 3.3932706514932924
49000, 3.5576878526850635
50000, 3.525417908358019
51000, 3.2160312720583337
52000, 3.488757453797637
53000, 3.488757453797637
54000, 3.4267852490135913
55000, 3.5777087639996634
56000, 3.7186787208054732
57000, 3.4641016151377544
58000, 3.5816995167896803
59000, 3.476451392686842
60000, 3.439269025326665
61000, 3.4599752269963684
62000, 3.3932706514932924
63000, 3.299350585450762
64000, 3.3636714634883287
65000, 3.2071349029490928
66000, 3.180296482135858
67000, 3.009508740167215
68000, 2.84855853271189
69000, 2.7516228977511745
70000, 3.0378563870880115
71000, 3.180296482135858
72000, 3.1396087108337016
73000, 3.3932706514932924
74000, 3.251373336211726
75000, 3.075246796135695
76000, 2.971291205616075
77000, 2.792848008753788
78000, 2.8284271247461903
79000, 2.7464262493023806
80000, 3.0472470011002204
81000, 2.917924898671265
82000, 2.8635642126552705
83000, 3.0378563870880115
84000, 2.7202941017470885
85000, 2.667261838343906
86000, 2.596701204000403
87000, 2.8132340311971404
88000, 2.792848008753788
89000, 2.656528346760647
90000, 2.7464262493023806
91000, 2.7307769694983985
92000, 2.6619005025947695
93000, 2.6021968740717085
94000, 2.833473385894321
95000, 2.6349301969610397
96000, 2.4436506647695313
97000, 2.569046515733026
98000, 2.4142434484888695
99000, 2.5634797778466227
100000, 2.6779523094014523
