1, 28.0349781523011
2, 27.508544127234362
3, 26.612027356065905
4, 26.412118430750684
5, 26.4022726294537
6, 25.73557848582386
7, 25.707586428912382
8, 25.34561105990542
9, 25.295849461917662
10, 24.58373446000424
15, 23.804201309852846
20, 21.761433776293327
25, 21.296948138172286
30, 20.14547095503106
35, 20.136533961930986
40, 19.844394674567425
45, 18.77658115845374
50, 18.313929125122222
55, 18.228549037155975
60, 17.481418706729727
65, 17.386201425268258
70, 16.451139778143034
75, 15.553777676178864
80, 14.503792607452715
85, 14.383323677092163
90, 14.029967925836466
95, 14.218298069740976
100, 14.017132374348185
150, 13.069047402163633
200, 11.938174064738712
250, 10.401922899156675
300, 9.64779767615387
350, 9.147677300823418
400, 10.037928073063684
450, 9.090654541890808
500, 9.566608594481119
550, 8.452218643646175
600, 8.4
650, 8.31143790207206
700, 7.972452571197899
750, 7.972452571197899
800, 8.323460818673924
850, 7.8587530817554
900, 8.190238091777308
950, 7.866384175718855
1000, 7.740800992145451
1250, 6.817624219623724
1500, 5.979966555090421
1750, 5.779273310719955
2000, 5.359104402789705
2250, 4.8166378315169185
2500, 4.9396356140913875
2750, 4.931531202375181
3000, 4.812483766206386
3250, 5.291502622129181
3500, 4.812483766206386
3750, 4.745524207081869
4000, 4.481071300481616
4250, 4.354308211415448
4500, 4.1952353926806065
4750, 4.294182110716778
5000, 4.252058325093859
5250, 4.180908992073374
5500, 4.069397989875161
5750, 4.004996878900157
6000, 4.409081537009721
6250, 4.014971979976947
6500, 4.054626986542659
6750, 3.8987177379235853
7000, 3.9140771581561853
7250, 4.069397989875161
7500, 3.7416573867739413
7750, 3.867815921162743
8000, 4.014971979976947
8250, 3.862641583165593
8500, 3.5832945734337835
8750, 3.3166247903554
9000, 3.1559467676119
9250, 3.026549190084311
9500, 3.4292856398964493
9750, 3.2680269276736382
10000, 2.986636904613616
11000, 3.243454948045371
12000, 2.973213749463701
13000, 2.7202941017470885
14000, 2.6457513110645907
15000, 2.553429066960741
16000, 2.4657656011875906
17000, 2.734958866235469
18000, 2.946183972531247
19000, 2.9664793948382653
20000, 2.6229754097208002
21000, 2.939387691339814
22000, 2.8495613697550013
23000, 2.4819347291981715
24000, 2.340939982143925
25000, 2.3579652245103193
26000, 2.4738633753705965
27000, 2.3916521486202797
28000, 2.2181073012818833
29000, 2.340939982143925
30000, 2.1354156504062622
31000, 2.039607805437114
32000, 2.172556098240043
33000, 2.08806130178211
34000, 2.1260291625469296
35000, 2.1908902300206643
36000, 2.2
37000, 2.23606797749979
38000, 2.1447610589527217
39000, 2.08806130178211
40000, 1.98997487421324
41000, 2.1447610589527217
42000, 2.209072203437452
43000, 2.262741699796952
44000, 2.23606797749979
45000, 1.98997487421324
46000, 1.9798989873223332
47000, 2.1447610589527217
48000, 1.9078784028338913
49000, 1.7549928774784245
50000, 1.8867962264113207
51000, 1.7776388834631178
52000, 1.8439088914585775
53000, 2.04939015319192
54000, 1.865475810617763
55000, 2.06881608655772
56000, 2.181742422927143
57000, 2.08806130178211
58000, 2.08806130178211
59000, 2.029778313018444
60000, 2.1166010488516727
61000, 1.9287301521985911
62000, 2.06881608655772
63000, 1.969771560359221
64000, 1.9287301521985911
65000, 1.9798989873223332
66000, 1.8973665961010275
67000, 1.9183326093250879
68000, 1.865475810617763
69000, 1.9595917942265424
70000, 1.9287301521985911
71000, 1.9493588689617927
72000, 1.9183326093250879
73000, 1.833030277982336
74000, 1.7088007490635062
75000, 1.7549928774784245
76000, 1.8439088914585775
77000, 1.6852299546352716
78000, 1.6852299546352716
79000, 1.5748015748023623
80000, 1.6370705543744901
81000, 1.7776388834631178
82000, 1.7088007490635062
83000, 1.7088007490635062
84000, 1.8973665961010275
85000, 1.7663521732655694
86000, 1.6733200530681511
87000, 1.6492422502470643
88000, 1.7435595774162693
89000, 1.5874507866387544
90000, 1.5874507866387544
91000, 1.61245154965971
92000, 1.4422205101855958
93000, 1.6613247725836149
94000, 1.469693845669907
95000, 1.5231546211727816
96000, 1.4832396974191326
97000, 1.4966629547095767
98000, 1.5362291495737217
99000, 1.5231546211727816
100000, 1.4560219778561037
