1, 5.079370039680118
2, 4.69041575982343
3, 3.714835124201342
4, 3.6606010435446255
5, 3.63318042491699
6, 3.3166247903554
7, 3.1622776601683795
8, 3.1622776601683795
9, 2.792848008753788
10, 2.792848008753788
15, 2.3664319132398464
20, 2.0
25, 1.8439088914585775
30, 2.04939015319192
35, 2.04939015319192
40, 2.04939015319192
45, 2.04939015319192
50, 2.23606797749979
55, 2.0
60, 1.8439088914585775
65, 1.8439088914585775
70, 2.1447610589527217
75, 1.8439088914585775
80, 2.0
85, 1.8439088914585775
90, 1.8439088914585775
95, 2.0
100, 1.9493588689617927
150, 2.0976176963403033
200, 1.8439088914585775
250, 1.1832159566199232
300, 1.5491933384829668
350, 1.4832396974191326
400, 1.4832396974191326
450, 0.7745966692414834
500, 1.4832396974191326
550, 0.7745966692414834
600, 0.4472135954999579
650, 0.7745966692414834
700, 0.8944271909999159
750, 0.8944271909999159
800, 0.4472135954999579
850, 0.4472135954999579
900, 0.4472135954999579
950, 0.4472135954999579
1000, 0.4472135954999579
1250, 0.6324555320336759
1500, 0.4472135954999579
1750, 1.0
2000, 0.4472135954999579
2250, 0.0
2500, 0.4472135954999579
2750, 0.4472135954999579
3000, 0.4472135954999579
3250, 0.0
3500, 0.0
3750, 0.0
4000, 0.0
4250, 0.0
4500, 0.0
4750, 0.0
5000, 0.0
5250, 0.0
5500, 0.4472135954999579
5750, 0.0
6000, 0.4472135954999579
6250, 0.6324555320336759
6500, 0.6324555320336759
6750, 0.6324555320336759
7000, 0.6324555320336759
7250, 0.4472135954999579
7500, 0.4472135954999579
7750, 0.4472135954999579
8000, 0.4472135954999579
8250, 0.4472135954999579
8500, 0.0
8750, 0.4472135954999579
9000, 0.4472135954999579
9250, 0.4472135954999579
9500, 0.4472135954999579
9750, 0.4472135954999579
10000, 0.4472135954999579
11000, 0.0
12000, 0.0
13000, 0.0
14000, 0.0
15000, 0.0
16000, 0.0
17000, 0.0
18000, 0.0
19000, 0.0
20000, 0.0
21000, 0.0
22000, 0.0
23000, 0.0
24000, 0.4472135954999579
25000, 0.4472135954999579
26000, 0.4472135954999579
27000, 0.4472135954999579
28000, 0.4472135954999579
29000, 0.4472135954999579
30000, 0.4472135954999579
31000, 0.4472135954999579
32000, 0.4472135954999579
33000, 0.4472135954999579
34000, 0.4472135954999579
35000, 0.4472135954999579
36000, 0.4472135954999579
37000, 0.4472135954999579
38000, 0.4472135954999579
39000, 0.4472135954999579
40000, 0.4472135954999579
41000, 0.4472135954999579
42000, 0.4472135954999579
43000, 0.4472135954999579
44000, 0.4472135954999579
45000, 0.4472135954999579
46000, 0.4472135954999579
47000, 0.4472135954999579
48000, 0.4472135954999579
49000, 0.4472135954999579
50000, 0.4472135954999579
51000, 0.4472135954999579
52000, 0.4472135954999579
53000, 0.4472135954999579
54000, 0.4472135954999579
55000, 0.4472135954999579
56000, 0.4472135954999579
57000, 0.4472135954999579
58000, 0.4472135954999579
59000, 0.4472135954999579
60000, 0.4472135954999579
61000, 0.4472135954999579
62000, 0.4472135954999579
63000, 0.4472135954999579
64000, 0.4472135954999579
65000, 0.4472135954999579
66000, 0.4472135954999579
67000, 0.4472135954999579
68000, 0.4472135954999579
69000, 0.4472135954999579
70000, 0.4472135954999579
71000, 0.4472135954999579
72000, 0.4472135954999579
73000, 0.4472135954999579
74000, 0.4472135954999579
75000, 0.4472135954999579
76000, 0.4472135954999579
77000, 0.4472135954999579
78000, 0.4472135954999579
79000, 0.4472135954999579
80000, 0.4472135954999579
81000, 0.4472135954999579
82000, 0.4472135954999579
83000, 0.4472135954999579
84000, 0.4472135954999579
85000, 0.4472135954999579
86000, 0.4472135954999579
87000, 0.4472135954999579
88000, 0.4472135954999579
89000, 0.4472135954999579
90000, 0.4472135954999579
91000, 0.4472135954999579
92000, 0.4472135954999579
93000, 0.4472135954999579
94000, 0.4472135954999579
95000, 0.4472135954999579
96000, 0.4472135954999579
97000, 0.4472135954999579
98000, 0.4472135954999579
99000, 0.4472135954999579
100000, 0.4472135954999579
