1, 5.366563145999495
2, 4.516635916254486
3, 4.2895221179054435
4, 3.521363372331802
5, 3.3763886032268267
6, 2.6076809620810595
7, 2.5298221281347035
8, 2.449489742783178
9, 2.6076809620810595
10, 2.6076809620810595
15, 2.04939015319192
20, 1.7888543819998317
25, 1.0954451150103321
30, 1.8973665961010275
35, 1.6733200530681511
40, 1.4832396974191326
45, 1.4832396974191326
50, 1.4832396974191326
55, 1.4832396974191326
60, 1.4142135623730951
65, 1.0954451150103321
70, 1.2649110640673518
75, 1.0954451150103321
80, 1.0954451150103321
85, 1.0954451150103321
90, 1.0
95, 1.0954451150103321
100, 1.0954451150103321
150, 1.0
200, 0.4472135954999579
250, 0.6324555320336759
300, 0.6324555320336759
350, 0.6324555320336759
400, 0.6324555320336759
450, 0.4472135954999579
500, 0.4472135954999579
550, 0.4472135954999579
600, 0.4472135954999579
650, 0.4472135954999579
700, 0.4472135954999579
750, 0.4472135954999579
800, 0.4472135954999579
850, 0.4472135954999579
900, 0.4472135954999579
950, 0.4472135954999579
1000, 0.4472135954999579
1250, 0.4472135954999579
1500, 0.4472135954999579
1750, 0.4472135954999579
2000, 0.4472135954999579
2250, 0.4472135954999579
2500, 0.4472135954999579
2750, 0.4472135954999579
3000, 0.4472135954999579
3250, 0.4472135954999579
3500, 0.4472135954999579
3750, 0.4472135954999579
4000, 0.4472135954999579
4250, 0.4472135954999579
4500, 0.4472135954999579
4750, 0.6324555320336759
5000, 0.6324555320336759
5250, 0.6324555320336759
5500, 0.6324555320336759
5750, 0.6324555320336759
6000, 0.4472135954999579
6250, 0.4472135954999579
6500, 0.6324555320336759
6750, 0.6324555320336759
7000, 0.6324555320336759
7250, 0.6324555320336759
7500, 0.6324555320336759
7750, 0.6324555320336759
8000, 0.6324555320336759
8250, 0.6324555320336759
8500, 0.6324555320336759
8750, 0.6324555320336759
9000, 0.6324555320336759
9250, 0.6324555320336759
9500, 0.6324555320336759
9750, 0.6324555320336759
10000, 0.6324555320336759
11000, 0.6324555320336759
12000, 0.6324555320336759
13000, 0.6324555320336759
14000, 0.6324555320336759
15000, 0.6324555320336759
16000, 0.6324555320336759
17000, 0.4472135954999579
18000, 0.4472135954999579
19000, 0.6324555320336759
20000, 0.4472135954999579
21000, 0.4472135954999579
22000, 0.6324555320336759
23000, 0.6324555320336759
24000, 0.6324555320336759
25000, 0.6324555320336759
26000, 0.6324555320336759
27000, 0.6324555320336759
28000, 0.4472135954999579
29000, 0.4472135954999579
30000, 0.6324555320336759
31000, 0.4472135954999579
32000, 0.6324555320336759
33000, 0.6324555320336759
34000, 0.6324555320336759
35000, 0.6324555320336759
36000, 0.6324555320336759
37000, 0.6324555320336759
38000, 0.6324555320336759
39000, 0.6324555320336759
40000, 0.6324555320336759
41000, 0.6324555320336759
42000, 0.6324555320336759
43000, 0.6324555320336759
44000, 0.4472135954999579
45000, 0.4472135954999579
46000, 0.4472135954999579
47000, 0.6324555320336759
48000, 0.6324555320336759
49000, 0.6324555320336759
50000, 0.6324555320336759
51000, 0.0
52000, 0.0
53000, 0.6324555320336759
54000, 0.6324555320336759
55000, 0.6324555320336759
56000, 0.6324555320336759
57000, 0.4472135954999579
58000, 0.4472135954999579
59000, 0.4472135954999579
60000, 0.4472135954999579
61000, 0.4472135954999579
62000, 0.4472135954999579
63000, 0.6324555320336759
64000, 0.6324555320336759
65000, 0.6324555320336759
66000, 0.6324555320336759
67000, 0.6324555320336759
68000, 0.6324555320336759
69000, 0.6324555320336759
70000, 0.4472135954999579
71000, 0.4472135954999579
72000, 0.0
73000, 0.0
74000, 0.4472135954999579
75000, 0.4472135954999579
76000, 0.0
77000, 0.0
78000, 0.0
79000, 0.4472135954999579
80000, 0.4472135954999579
81000, 0.4472135954999579
82000, 0.4472135954999579
83000, 0.0
84000, 0.0
85000, 0.0
86000, 0.0
87000, 0.0
88000, 0.0
89000, 0.4472135954999579
90000, 0.0
91000, 0.0
92000, 0.4472135954999579
93000, 0.0
94000, 0.0
95000, 0.6324555320336759
96000, 0.0
97000, 0.6324555320336759
98000, 0.6324555320336759
99000, 0.4472135954999579
100000, 0.4472135954999579
