1, 5.079370039680118
2, 4.123105625617661
3, 3.3763886032268267
4, 3.4351128074635335
5, 3.3763886032268267
6, 3.0
7, 3.0
8, 3.0
9, 2.9664793948382653
10, 2.9664793948382653
15, 1.7888543819998317
20, 1.9493588689617927
25, 1.7320508075688772
30, 1.7320508075688772
35, 1.7320508075688772
40, 1.7320508075688772
45, 1.7320508075688772
50, 1.6733200530681511
55, 1.6733200530681511
60, 1.6733200530681511
65, 1.6733200530681511
70, 1.6733200530681511
75, 0.8944271909999159
80, 0.8944271909999159
85, 1.0
90, 1.0
95, 1.0
100, 0.8944271909999159
150, 0.8944271909999159
200, 0.8944271909999159
250, 1.0
300, 1.0
350, 1.0
400, 1.0
450, 1.0
500, 1.0
550, 0.8944271909999159
600, 0.8944271909999159
650, 0.8944271909999159
700, 0.8944271909999159
750, 1.0
800, 1.0
850, 1.0
900, 0.8944271909999159
950, 0.8944271909999159
1000, 1.0
1250, 1.0
1500, 0.4472135954999579
1750, 0.4472135954999579
2000, 0.6324555320336759
2250, 1.0
2500, 1.0
2750, 1.0
3000, 1.0
3250, 0.8944271909999159
3500, 1.0
3750, 1.0
4000, 0.8944271909999159
4250, 0.8944271909999159
4500, 0.8944271909999159
4750, 0.8944271909999159
5000, 0.8944271909999159
5250, 0.8944271909999159
5500, 1.0
5750, 1.0
6000, 1.0
6250, 1.0
6500, 1.0
6750, 1.0
7000, 1.0
7250, 1.0
7500, 0.8944271909999159
7750, 0.8944271909999159
8000, 0.8944271909999159
8250, 0.6324555320336759
8500, 0.6324555320336759
8750, 0.6324555320336759
9000, 0.6324555320336759
9250, 0.6324555320336759
9500, 0.6324555320336759
9750, 0.6324555320336759
10000, 0.6324555320336759
11000, 0.4472135954999579
12000, 0.4472135954999579
13000, 0.4472135954999579
14000, 0.4472135954999579
15000, 0.4472135954999579
16000, 0.4472135954999579
17000, 0.4472135954999579
18000, 0.4472135954999579
19000, 0.4472135954999579
20000, 0.4472135954999579
21000, 0.0
22000, 0.4472135954999579
23000, 0.4472135954999579
24000, 0.4472135954999579
25000, 0.4472135954999579
26000, 0.4472135954999579
27000, 0.4472135954999579
28000, 0.4472135954999579
29000, 0.4472135954999579
30000, 0.4472135954999579
31000, 0.4472135954999579
32000, 0.4472135954999579
33000, 0.0
34000, 0.0
35000, 0.0
36000, 0.0
37000, 0.0
38000, 0.0
39000, 0.0
40000, 0.0
41000, 0.0
42000, 0.4472135954999579
43000, 0.4472135954999579
44000, 0.4472135954999579
45000, 0.0
46000, 0.0
47000, 0.0
48000, 0.0
49000, 0.0
50000, 0.4472135954999579
51000, 0.4472135954999579
52000, 0.0
53000, 0.0
54000, 0.4472135954999579
55000, 0.4472135954999579
56000, 0.4472135954999579
57000, 0.4472135954999579
58000, 0.4472135954999579
59000, 0.4472135954999579
60000, 0.4472135954999579
61000, 0.4472135954999579
62000, 0.4472135954999579
63000, 0.4472135954999579
64000, 0.4472135954999579
65000, 0.4472135954999579
66000, 0.4472135954999579
67000, 0.4472135954999579
68000, 0.4472135954999579
69000, 0.4472135954999579
70000, 0.4472135954999579
71000, 0.4472135954999579
72000, 0.4472135954999579
73000, 0.4472135954999579
74000, 0.4472135954999579
75000, 0.4472135954999579
76000, 0.4472135954999579
77000, 0.4472135954999579
78000, 0.4472135954999579
79000, 0.4472135954999579
80000, 0.4472135954999579
81000, 0.4472135954999579
82000, 0.4472135954999579
83000, 0.4472135954999579
84000, 0.4472135954999579
85000, 0.4472135954999579
86000, 0.4472135954999579
87000, 0.4472135954999579
88000, 0.4472135954999579
89000, 0.4472135954999579
90000, 0.4472135954999579
91000, 0.4472135954999579
92000, 0.4472135954999579
93000, 0.4472135954999579
94000, 0.4472135954999579
95000, 0.4472135954999579
96000, 0.4472135954999579
97000, 0.4472135954999579
98000, 0.4472135954999579
99000, 0.4472135954999579
100000, 0.4472135954999579
