1, 5.366563145999495
2, 5.385164807134504
3, 5.079370039680118
4, 4.358898943540674
5, 4.58257569495584
6, 4.494441010848846
7, 4.6475800154489
8, 4.538722287164087
9, 4.538722287164087
10, 4.47213595499958
15, 3.3166247903554
20, 3.521363372331802
25, 2.898275349237888
30, 3.22490309931942
35, 3.492849839314596
40, 3.521363372331802
45, 4.09878030638384
50, 3.924283374069717
55, 3.03315017762062
60, 3.794733192202055
65, 3.0659419433511785
70, 3.03315017762062
75, 3.40587727318528
80, 3.40587727318528
85, 2.8635642126552705
90, 2.8635642126552705
95, 2.8635642126552705
100, 2.04939015319192
150, 2.756809750418044
200, 1.9493588689617927
250, 1.7320508075688772
300, 1.7320508075688772
350, 2.0976176963403033
400, 2.23606797749979
450, 2.0
500, 2.04939015319192
550, 1.8973665961010275
600, 2.04939015319192
650, 1.7888543819998317
700, 2.0976176963403033
750, 2.04939015319192
800, 1.9493588689617927
850, 1.7888543819998317
900, 2.0
950, 2.1908902300206643
1000, 2.3664319132398464
1250, 2.1447610589527217
1500, 1.7888543819998317
1750, 1.61245154965971
2000, 1.1832159566199232
2250, 1.6733200530681511
2500, 1.0
2750, 1.0954451150103321
3000, 1.0954451150103321
3250, 0.8944271909999159
3500, 1.0
3750, 0.8944271909999159
4000, 0.8944271909999159
4250, 0.8944271909999159
4500, 0.6324555320336759
4750, 0.6324555320336759
5000, 0.6324555320336759
5250, 0.6324555320336759
5500, 0.6324555320336759
5750, 0.4472135954999579
6000, 0.4472135954999579
6250, 0.4472135954999579
6500, 0.6324555320336759
6750, 0.6324555320336759
7000, 0.6324555320336759
7250, 0.6324555320336759
7500, 0.4472135954999579
7750, 0.4472135954999579
8000, 0.0
8250, 0.0
8500, 0.0
8750, 0.0
9000, 0.0
9250, 0.4472135954999579
9500, 0.0
9750, 0.0
10000, 0.0
11000, 0.0
12000, 0.0
13000, 0.0
14000, 0.4472135954999579
15000, 0.4472135954999579
16000, 0.8944271909999159
17000, 0.4472135954999579
18000, 0.4472135954999579
19000, 0.4472135954999579
20000, 0.4472135954999579
21000, 0.4472135954999579
22000, 0.4472135954999579
23000, 0.4472135954999579
24000, 0.4472135954999579
25000, 0.4472135954999579
26000, 0.4472135954999579
27000, 0.4472135954999579
28000, 0.4472135954999579
29000, 0.4472135954999579
30000, 0.4472135954999579
31000, 0.4472135954999579
32000, 0.4472135954999579
33000, 0.4472135954999579
34000, 0.4472135954999579
35000, 0.4472135954999579
36000, 0.4472135954999579
37000, 0.4472135954999579
38000, 0.4472135954999579
39000, 0.4472135954999579
40000, 0.4472135954999579
41000, 0.4472135954999579
42000, 0.4472135954999579
43000, 0.4472135954999579
44000, 0.4472135954999579
45000, 0.4472135954999579
46000, 0.4472135954999579
47000, 0.4472135954999579
48000, 0.4472135954999579
49000, 0.4472135954999579
50000, 0.4472135954999579
51000, 0.4472135954999579
52000, 0.4472135954999579
53000, 0.4472135954999579
54000, 0.4472135954999579
55000, 0.4472135954999579
56000, 0.4472135954999579
57000, 0.4472135954999579
58000, 0.4472135954999579
59000, 0.4472135954999579
60000, 0.4472135954999579
61000, 0.4472135954999579
62000, 0.4472135954999579
63000, 0.4472135954999579
64000, 0.4472135954999579
65000, 0.4472135954999579
66000, 0.4472135954999579
67000, 0.4472135954999579
68000, 0.4472135954999579
69000, 0.4472135954999579
70000, 0.4472135954999579
71000, 0.4472135954999579
72000, 0.4472135954999579
73000, 0.4472135954999579
74000, 0.4472135954999579
75000, 0.4472135954999579
76000, 0.4472135954999579
77000, 0.4472135954999579
78000, 0.4472135954999579
79000, 0.4472135954999579
80000, 0.4472135954999579
81000, 0.6324555320336759
82000, 0.6324555320336759
83000, 0.6324555320336759
84000, 0.6324555320336759
85000, 0.6324555320336759
86000, 0.6324555320336759
87000, 0.4472135954999579
88000, 0.4472135954999579
89000, 0.0
90000, 0.4472135954999579
91000, 0.0
92000, 0.4472135954999579
93000, 0.4472135954999579
94000, 0.4472135954999579
95000, 0.4472135954999579
96000, 0.4472135954999579
97000, 0.4472135954999579
98000, 0.4472135954999579
99000, 0.4472135954999579
100000, 0.4472135954999579
