1, 23.08679276123039
2, 22.85825890132492
3, 22.808989455914087
4, 22.567675999092152
5, 22.580965435516703
6, 22.241852440837746
7, 21.923731434224422
8, 21.498837177856853
9, 21.498837177856853
10, 21.470910553583888
15, 19.681209312438096
20, 18.138357147217054
25, 17.281492991058382
30, 17.150801730531434
35, 17.638027100557476
40, 16.877499814842245
45, 16.69730517179344
50, 16.11055554597668
55, 15.49516053482506
60, 15.238110119040353
65, 14.349216006458333
70, 13.73135098961497
75, 13.313526955694348
80, 12.694486992391619
85, 12.633289357883005
90, 12.161414391426682
95, 12.909298973995451
100, 12.497999839974394
150, 11.126544836560898
200, 10.564090116995406
250, 9.937303457175895
300, 9.486832980505138
350, 9.439279633531363
400, 7.987490219086343
450, 9.033271832508971
500, 8.55277732669336
550, 8.470537173048708
600, 7.927799190191437
650, 7.677890335241837
700, 7.33143914930759
750, 7.113367697511496
800, 7.049822692805827
850, 6.928203230275509
900, 7.409453421137082
950, 7.235329985563893
1000, 6.859300255857007
1250, 6.029096117993144
1500, 5.843800133474792
1750, 6.296824596572466
2000, 5.357238094391549
2250, 5.152669211195301
2500, 4.727578661429125
2750, 4.230839160261236
3000, 3.968626966596886
3250, 3.626292872893749
3500, 3.570714214271425
3750, 3.788139384975162
4000, 4.153311931459037
4250, 3.2093613071762426
4500, 3.6193922141707713
4750, 3.9560080889704965
5000, 3.057776970284131
5250, 3.024896692450835
5500, 2.9832867780352594
5750, 3.570714214271425
6000, 2.9916550603303182
6250, 2.8372521918222215
6500, 2.6362852652928135
6750, 2.792848008753788
7000, 2.9916550603303182
7250, 2.8460498941515415
7500, 2.7477263328068173
7750, 2.4899799195977463
8000, 2.247220505424423
8250, 2.8896366553599777
8500, 2.9068883707497264
8750, 2.958039891549808
9000, 2.958039891549808
9250, 3.0
9500, 3.1144823004794873
9750, 2.8106938645110393
10000, 3.0413812651491097
11000, 2.7294688127912363
12000, 2.6457513110645907
13000, 2.3664319132398464
14000, 1.9493588689617927
15000, 2.5592967784139455
16000, 2.280350850198276
17000, 2.569046515733026
18000, 2.5099800796022267
19000, 2.247220505424423
20000, 2.345207879911715
21000, 2.16794833886788
22000, 2.23606797749979
23000, 2.3769728648009427
24000, 2.0976176963403033
25000, 2.23606797749979
26000, 2.32379000772445
27000, 2.5199206336708304
28000, 2.5298221281347035
29000, 2.5
30000, 2.3664319132398464
31000, 2.3979157616563596
32000, 2.29128784747792
33000, 2.3130067012440754
34000, 2.4083189157584592
35000, 2.179449471770337
36000, 1.9364916731037085
37000, 2.0
38000, 2.0371548787463363
39000, 2.0124611797498106
40000, 1.9235384061671346
41000, 1.9621416870348585
42000, 1.857417562100671
43000, 1.746424919657298
44000, 1.6733200530681511
45000, 1.70293863659264
46000, 1.8841443681416772
47000, 1.7748239349298849
48000, 2.0615528128088303
49000, 2.0
50000, 1.8708286933869707
51000, 1.9748417658131499
52000, 2.0
53000, 1.91049731745428
54000, 2.224859546128699
55000, 1.9748417658131499
56000, 1.8708286933869707
57000, 1.8708286933869707
58000, 1.51657508881031
59000, 1.7175564037317668
60000, 1.70293863659264
61000, 1.8708286933869707
62000, 1.8841443681416772
63000, 1.8708286933869707
64000, 1.9235384061671346
65000, 2.0
66000, 2.0
67000, 1.8841443681416772
68000, 1.8027756377319946
69000, 1.8439088914585775
70000, 1.9748417658131499
71000, 2.073644135332772
72000, 2.1447610589527217
73000, 1.746424919657298
74000, 1.70293863659264
75000, 2.0124611797498106
76000, 2.0124611797498106
77000, 1.9364916731037085
78000, 2.1095023109728985
79000, 2.0371548787463363
80000, 2.0371548787463363
81000, 1.9364916731037085
82000, 1.9364916731037085
83000, 2.0
84000, 1.7748239349298849
85000, 1.8708286933869707
86000, 1.746424919657298
87000, 1.746424919657298
88000, 1.4317821063276353
89000, 1.5491933384829668
90000, 1.51657508881031
91000, 1.5491933384829668
92000, 1.61245154965971
93000, 1.51657508881031
94000, 1.6278820596099706
95000, 1.6278820596099706
96000, 1.7175564037317668
97000, 1.51657508881031
98000, 1.5968719422671311
99000, 1.51657508881031
100000, 1.51657508881031
