1, 46.14298429880755
2, 45.3596737201669
3, 44.83469638572341
4, 44.40579917082903
5, 43.76242680656547
6, 43.275281628199714
7, 42.800408876551636
8, 42.4429028224979
9, 42.048781195178535
10, 41.51144420518274
15, 40.12978943378597
20, 37.63741489528738
25, 37.22499160510315
30, 35.52604678260727
35, 34.504709823442944
40, 32.0023436641756
45, 30.54873156122853
50, 30.473349011882497
55, 29.772050651575885
60, 29.567296122574348
65, 28.681004166521088
70, 28.061539515856932
75, 28.320928657090327
80, 27.65320957863662
85, 26.564073482807565
90, 26.333913495718786
95, 25.078377140477013
100, 23.18997628286842
150, 21.426618958669145
200, 18.740330840195966
250, 17.35943547469214
300, 15.850078864157112
350, 14.799493234567189
400, 14.073023839957068
450, 12.96919426949878
500, 12.692517480783708
550, 11.92057045614848
600, 10.632497354808041
650, 10.778450723550208
700, 10.240849574132021
750, 10.147659828748695
800, 9.505261700763425
850, 9.06228448019593
900, 8.96799866190891
950, 8.821847878987713
1000, 8.905054744357274
1250, 8.23862852664204
1500, 7.677890335241837
1750, 7.157164242910736
2000, 6.027022482121666
2250, 6.232976816898969
2500, 6.288879073412049
2750, 5.787918451395113
3000, 5.667892024377317
3250, 5.828807768317635
3500, 5.574495492867493
3750, 5.720576893985431
4000, 5.897033152357209
4250, 5.531726674375733
4500, 5.0
4750, 4.795831523312719
5000, 4.722287581247038
5250, 4.798437245604031
5500, 4.7932243844827465
5750, 4.711687595755898
6000, 4.364630568559039
6250, 4.049691346263317
6500, 4.315669125408017
6750, 4.421538193886829
7000, 4.186287137786896
7250, 3.96232255123179
7500, 3.968626966596886
7750, 3.7616485747608057
8000, 3.744996662214801
8250, 4.049691346263317
8500, 3.96232255123179
8750, 3.9210967853395307
9000, 4.239693385140015
9250, 4.05585995813465
9500, 4.204164601915582
9750, 3.856812155135378
10000, 3.7782270974625125
11000, 3.3948490393535913
12000, 3.2825295124339706
13000, 3.3128537546954893
14000, 3.138470965295043
15000, 3.142451272494134
16000, 3.2171415884290826
17000, 3.0903074280724887
18000, 2.949576240750525
19000, 2.7431733448690405
20000, 2.8635642126552705
21000, 2.6972207918522355
22000, 2.779388421937459
23000, 2.832843094843059
24000, 2.9832867780352594
25000, 2.8240042492885875
26000, 2.898275349237888
27000, 2.8853076092507015
28000, 2.850438562747845
29000, 3.0
30000, 3.0618621784789726
31000, 2.8284271247461903
32000, 2.598076211353316
33000, 2.8722813232690143
34000, 2.7202941017470885
35000, 2.8106938645110393
36000, 2.832843094843059
37000, 2.659887215654077
38000, 2.5
39000, 2.3505318547086316
40000, 2.5049950099750697
41000, 2.5199206336708304
42000, 2.5049950099750697
43000, 2.434132288927617
44000, 2.4545875417267156
45000, 2.345207879911715
46000, 2.434132288927617
47000, 2.355843797877949
48000, 2.5149552679918585
49000, 2.307596151842865
50000, 2.4899799195977463
51000, 2.307596151842865
52000, 2.4289915602982237
53000, 2.5049950099750697
54000, 2.5495097567963922
55000, 2.5099800796022267
56000, 2.5592967784139455
57000, 2.57390753524675
58000, 2.602883016964074
59000, 2.6076809620810595
60000, 2.4949949899749297
61000, 2.4899799195977463
62000, 2.598076211353316
63000, 2.479919353527449
64000, 2.3979157616563596
65000, 2.449489742783178
66000, 2.329162939770423
67000, 2.4392621835300936
68000, 2.4899799195977463
69000, 2.4949949899749297
70000, 2.444381312316063
71000, 2.4596747752497685
72000, 2.39269722280108
73000, 2.39269722280108
74000, 2.4647515087732477
75000, 2.3769728648009427
76000, 2.339871791359518
77000, 2.318404623873926
78000, 2.329162939770423
79000, 2.3130067012440754
80000, 2.1621748310439655
81000, 2.1908902300206643
82000, 2.173706511928416
83000, 2.1095023109728985
84000, 2.23606797749979
85000, 2.202271554554524
86000, 2.361143790623519
87000, 2.247220505424423
88000, 2.3345235059857505
89000, 2.185177338341216
90000, 2.307596151842865
91000, 2.3874672772626644
92000, 2.3717082451262845
93000, 2.339871791359518
94000, 2.2304708023195463
95000, 2.2416511771459895
96000, 2.29128784747792
97000, 2.361143790623519
98000, 2.355843797877949
99000, 2.3345235059857505
100000, 2.4186773244895647
