1, 10.677078252031311
2, 10.51189802081432
3, 10.04987562112089
4, 10.119288512538814
5, 9.715966241192895
6, 9.071934744033381
7, 9.049861877399014
8, 9.22496612459905
9, 9.192388155425117
10, 8.47938677028003
15, 7.503332592921628
20, 7.905694150420948
25, 8.068457101577723
30, 7.3484692283495345
35, 7.314369419163897
40, 6.418722614352485
45, 6.58027355054484
50, 6.2289646009589745
55, 5.8395205282625735
60, 5.8395205282625735
65, 5.805170109479997
70, 6.324555320336759
75, 6.348228099241551
80, 5.966573556070519
85, 6.276941930590086
90, 6.434283176858165
95, 6.465291950097845
100, 6.284902544988268
150, 4.909175083453431
200, 5.830951894845301
250, 5.796550698475776
300, 5.656854249492381
350, 5.865151319446072
400, 5.549774770204643
450, 5.049752469181039
500, 4.404543109109048
550, 4.527692569068709
600, 5.329165037789691
650, 5.477225575051661
700, 4.701063709417263
750, 4.701063709417263
800, 4.312771730569565
850, 4.230839160261236
900, 4.159326868617084
950, 4.254409477236529
1000, 4.427188724235731
1250, 3.9496835316262997
1500, 3.5355339059327378
1750, 3.646916505762094
2000, 2.949576240750525
2250, 3.1937438845342623
2500, 3.146426544510455
2750, 2.6645825188948455
3000, 2.6457513110645907
3250, 2.701851217221259
3500, 2.701851217221259
3750, 2.6832815729997477
4000, 2.6457513110645907
4250, 2.7386127875258306
4500, 2.569046515733026
4750, 1.7888543819998317
5000, 2.3021728866442674
5250, 2.4698178070456938
5500, 2.3874672772626644
5750, 1.9748417658131499
6000, 1.8439088914585775
6250, 2.04939015319192
6500, 2.0248456731316584
6750, 2.0248456731316584
7000, 2.1447610589527217
7250, 1.6431676725154984
7500, 1.449137674618944
7750, 1.8708286933869707
8000, 1.816590212458495
8250, 1.7888543819998317
8500, 1.9748417658131499
8750, 2.280350850198276
9000, 1.816590212458495
9250, 1.816590212458495
9500, 1.70293863659264
9750, 1.9748417658131499
10000, 1.816590212458495
11000, 2.3021728866442674
12000, 2.1447610589527217
13000, 1.70293863659264
14000, 1.8708286933869707
15000, 1.8708286933869707
16000, 1.61245154965971
17000, 1.3416407864998738
18000, 1.378404875209022
19000, 1.6431676725154984
20000, 1.0954451150103321
21000, 1.378404875209022
22000, 1.2649110640673518
23000, 1.61245154965971
24000, 1.51657508881031
25000, 1.5491933384829668
26000, 1.3416407864998738
27000, 1.3416407864998738
28000, 1.61245154965971
29000, 1.449137674618944
30000, 1.5811388300841898
31000, 1.3416407864998738
32000, 1.449137674618944
33000, 1.0
34000, 1.0488088481701516
35000, 1.3038404810405297
36000, 0.9486832980505138
37000, 0.9486832980505138
38000, 1.0
39000, 1.0
40000, 0.9486832980505138
41000, 0.9486832980505138
42000, 1.0
43000, 1.0
44000, 1.0
45000, 0.9486832980505138
46000, 0.9486832980505138
47000, 0.8944271909999159
48000, 0.8944271909999159
49000, 0.8944271909999159
50000, 0.9486832980505138
51000, 1.0488088481701516
52000, 1.0
53000, 1.0
54000, 0.8366600265340756
55000, 1.0
56000, 1.0
57000, 1.0
58000, 1.0
59000, 1.0
60000, 1.0
61000, 0.8944271909999159
62000, 0.8944271909999159
63000, 0.9486832980505138
64000, 0.9486832980505138
65000, 0.9486832980505138
66000, 1.0
67000, 0.9486832980505138
68000, 0.9486832980505138
69000, 0.9486832980505138
70000, 0.9486832980505138
71000, 0.9486832980505138
72000, 0.9486832980505138
73000, 0.7745966692414834
74000, 0.7745966692414834
75000, 0.4472135954999579
76000, 0.31622776601683794
77000, 0.31622776601683794
78000, 0.31622776601683794
79000, 0.4472135954999579
80000, 0.4472135954999579
81000, 0.5477225575051661
82000, 0.5477225575051661
83000, 0.5477225575051661
84000, 0.5477225575051661
85000, 0.4472135954999579
86000, 0.5477225575051661
87000, 0.31622776601683794
88000, 0.31622776601683794
89000, 0.4472135954999579
90000, 0.31622776601683794
91000, 0.31622776601683794
92000, 0.4472135954999579
93000, 0.4472135954999579
94000, 0.4472135954999579
95000, 0.31622776601683794
96000, 0.31622776601683794
97000, 0.31622776601683794
98000, 0.4472135954999579
99000, 0.4472135954999579
100000, 0.4472135954999579
