1, 5.692099788303083
2, 5.60357029044876
3, 5.585696017507576
4, 5.329165037789691
5, 4.538722287164087
6, 4.516635916254486
7, 4.024922359499621
8, 3.4351128074635335
9, 3.1937438845342623
10, 3.1937438845342623
15, 2.4899799195977463
20, 2.6076809620810595
25, 2.898275349237888
30, 2.5298221281347035
35, 2.6457513110645907
40, 2.792848008753788
45, 3.4351128074635335
50, 2.898275349237888
55, 2.3664319132398464
60, 2.569046515733026
65, 2.569046515733026
70, 2.5298221281347035
75, 2.6076809620810595
80, 2.4083189157584592
85, 2.8635642126552705
90, 2.23606797749979
95, 2.449489742783178
100, 2.04939015319192
150, 2.0976176963403033
200, 1.8439088914585775
250, 1.7320508075688772
300, 2.0
350, 1.7320508075688772
400, 1.7888543819998317
450, 2.0
500, 2.0
550, 1.7320508075688772
600, 1.5491933384829668
650, 1.4832396974191326
700, 1.4832396974191326
750, 1.0954451150103321
800, 1.1832159566199232
850, 1.1832159566199232
900, 1.1832159566199232
950, 1.3416407864998738
1000, 1.1832159566199232
1250, 1.1832159566199232
1500, 1.3416407864998738
1750, 1.1832159566199232
2000, 0.8944271909999159
2250, 1.1832159566199232
2500, 1.1832159566199232
2750, 1.2649110640673518
3000, 1.2649110640673518
3250, 1.2649110640673518
3500, 1.2649110640673518
3750, 1.2649110640673518
4000, 1.2649110640673518
4250, 1.0954451150103321
4500, 0.8944271909999159
4750, 1.0954451150103321
5000, 1.2649110640673518
5250, 1.1832159566199232
5500, 1.1832159566199232
5750, 1.1832159566199232
6000, 1.1832159566199232
6250, 1.0954451150103321
6500, 1.0
6750, 1.0
7000, 1.0
7250, 1.0
7500, 1.0
7750, 1.0
8000, 1.0
8250, 1.0
8500, 1.0
8750, 1.1832159566199232
9000, 1.0
9250, 1.0
9500, 1.0
9750, 0.8944271909999159
10000, 0.8944271909999159
11000, 1.3416407864998738
12000, 1.0
13000, 0.8944271909999159
14000, 0.8944271909999159
15000, 0.7745966692414834
16000, 0.8944271909999159
17000, 1.0
18000, 0.8944271909999159
19000, 0.8944271909999159
20000, 0.8944271909999159
21000, 1.4142135623730951
22000, 1.1832159566199232
23000, 1.1832159566199232
24000, 0.7745966692414834
25000, 0.7745966692414834
26000, 0.7745966692414834
27000, 0.7745966692414834
28000, 0.7745966692414834
29000, 0.7745966692414834
30000, 0.7745966692414834
31000, 0.7745966692414834
32000, 0.7745966692414834
33000, 0.7745966692414834
34000, 0.7745966692414834
35000, 0.7745966692414834
36000, 0.7745966692414834
37000, 0.7745966692414834
38000, 0.7745966692414834
39000, 0.7745966692414834
40000, 0.7745966692414834
41000, 0.7745966692414834
42000, 0.7745966692414834
43000, 0.7745966692414834
44000, 0.7745966692414834
45000, 0.7745966692414834
46000, 0.7745966692414834
47000, 0.7745966692414834
48000, 0.7745966692414834
49000, 0.7745966692414834
50000, 0.7745966692414834
51000, 0.7745966692414834
52000, 0.7745966692414834
53000, 0.7745966692414834
54000, 0.7745966692414834
55000, 0.7745966692414834
56000, 0.4472135954999579
57000, 0.7745966692414834
58000, 0.7745966692414834
59000, 0.7745966692414834
60000, 0.7745966692414834
61000, 0.7745966692414834
62000, 0.7745966692414834
63000, 0.7745966692414834
64000, 0.4472135954999579
65000, 0.7745966692414834
66000, 0.7745966692414834
67000, 0.7745966692414834
68000, 0.7745966692414834
69000, 0.7745966692414834
70000, 0.7745966692414834
71000, 0.7745966692414834
72000, 0.7745966692414834
73000, 0.7745966692414834
74000, 0.4472135954999579
75000, 0.4472135954999579
76000, 0.4472135954999579
77000, 0.4472135954999579
78000, 0.4472135954999579
79000, 0.4472135954999579
80000, 0.4472135954999579
81000, 0.4472135954999579
82000, 0.7745966692414834
83000, 0.4472135954999579
84000, 0.4472135954999579
85000, 0.4472135954999579
86000, 0.4472135954999579
87000, 0.4472135954999579
88000, 0.4472135954999579
89000, 0.4472135954999579
90000, 0.4472135954999579
91000, 0.4472135954999579
92000, 0.4472135954999579
93000, 0.4472135954999579
94000, 0.4472135954999579
95000, 0.4472135954999579
96000, 0.4472135954999579
97000, 0.4472135954999579
98000, 0.4472135954999579
99000, 0.4472135954999579
100000, 0.4472135954999579
