1, 16.860209567697154
2, 16.901676445449624
3, 16.73519245980358
4, 16.405283701702125
5, 15.728954192825409
6, 15.817711591756881
7, 15.015547498065686
8, 14.54189350348388
9, 14.394443372357264
10, 13.957077057894322
15, 12.45525324244085
20, 11.233877335986895
25, 10.500793620801556
30, 9.168787633415155
35, 7.343931735339956
40, 7.118052168020874
45, 7.655063683601855
50, 7.733045971672482
55, 7.776031550004582
60, 7.26636084983398
65, 7.066352194260722
70, 7.805980613179444
75, 8.782558473095031
80, 8.940544353300494
85, 8.156796756897485
90, 7.452069063913279
95, 7.238784428341543
100, 6.703233050799691
150, 6.2182527020592095
200, 4.442221666388715
250, 4.171330722922842
300, 4.704607670500627
350, 4.258325179379017
400, 3.812260921465546
450, 4.704607670500627
500, 4.857983120596447
550, 4.531372124791048
600, 4.281744192888376
650, 3.605551275463989
700, 3.847076812334269
750, 3.3960761671866746
800, 3.714835124201342
850, 4.123105625617661
900, 3.6239941133138354
950, 3.803507153492243
1000, 3.63318042491699
1250, 3.0983866769659336
1500, 2.9776948578836393
1750, 2.8751811537130436
2000, 2.898275349237888
2250, 3.4351128074635335
2500, 3.151719107619417
2750, 2.840187787218772
3000, 2.7202941017470885
3250, 2.422120283277993
3500, 2.309401076758503
3750, 2.3664319132398464
4000, 2.422120283277993
4250, 2.449489742783178
4500, 1.96638416050035
4750, 2.250925735484551
5000, 2.250925735484551
5250, 2.265686062395524
5500, 2.2211108331943574
5750, 2.0976176963403033
6000, 2.1447610589527217
6250, 1.9321835661585918
6500, 1.8618986725025255
6750, 2.0330600909302543
7000, 2.016597794967223
7250, 1.8973665961010275
7500, 1.9321835661585918
7750, 2.065591117977289
8000, 2.1291625896895083
8250, 1.7701224063135672
8500, 2.1134489978863145
8750, 1.879716290649558
9000, 1.8257418583505538
9250, 1.6733200530681511
9500, 1.8073922282301278
9750, 1.8973665961010275
10000, 1.7701224063135672
11000, 1.6931233465600393
12000, 1.6532795690182993
13000, 1.4142135623730951
14000, 1.6532795690182993
15000, 1.6733200530681511
16000, 1.96638416050035
17000, 1.7511900715418263
18000, 1.879716290649558
19000, 1.7320508075688772
20000, 1.7511900715418263
21000, 1.5491933384829668
22000, 1.7701224063135672
23000, 1.390443574307614
24000, 1.505545305418162
25000, 1.4142135623730951
26000, 1.4832396974191326
27000, 1.505545305418162
28000, 1.5491933384829668
29000, 1.4375905768565218
30000, 1.4832396974191326
31000, 1.390443574307614
32000, 1.390443574307614
33000, 1.570562531918633
34000, 1.4375905768565218
35000, 1.505545305418162
36000, 1.390443574307614
37000, 1.4375905768565218
38000, 1.4605934866804429
39000, 1.3416407864998738
40000, 1.1547005383792515
41000, 1.1832159566199232
42000, 1.1832159566199232
43000, 1.3165611772087666
44000, 1.3662601021279464
45000, 1.2909944487358056
46000, 1.3416407864998738
47000, 1.3416407864998738
48000, 1.4142135623730951
49000, 1.5491933384829668
50000, 1.4142135623730951
51000, 1.390443574307614
52000, 1.3662601021279464
53000, 1.2110601416389966
54000, 1.0954451150103321
55000, 1.2110601416389966
56000, 1.0327955589886444
57000, 1.0645812948447542
58000, 0.9660917830792959
59000, 1.0645812948447542
60000, 0.9660917830792959
61000, 1.1547005383792515
62000, 1.0645812948447542
63000, 1.0
64000, 1.0
65000, 0.9660917830792959
66000, 1.0954451150103321
67000, 1.1832159566199232
68000, 1.0327955589886444
69000, 1.0327955589886444
70000, 0.8563488385776752
71000, 0.8944271909999159
72000, 1.0645812948447542
73000, 1.1547005383792515
74000, 1.0645812948447542
75000, 1.0
76000, 0.8563488385776752
77000, 1.0
78000, 1.0327955589886444
79000, 0.9660917830792959
80000, 1.2110601416389966
81000, 0.8944271909999159
82000, 1.0
83000, 1.1547005383792515
84000, 1.0
85000, 0.9660917830792959
86000, 0.9309493362512627
87000, 0.7745966692414834
88000, 0.816496580927726
89000, 0.7745966692414834
90000, 0.9309493362512627
91000, 0.816496580927726
92000, 0.8944271909999159
93000, 0.9309493362512627
94000, 0.7745966692414834
95000, 0.816496580927726
96000, 0.816496580927726
97000, 0.8944271909999159
98000, 0.8944271909999159
99000, 0.8563488385776752
100000, 0.8563488385776752
