1, 17.046993869888027
2, 17.03917055884274
3, 16.401219466856727
4, 15.889199686159989
5, 15.836666315863324
6, 15.104083333103446
7, 14.706007842601835
8, 14.345731072343439
9, 14.315492772983168
10, 14.315492772983168
15, 13.798550648528272
20, 13.066496597532689
25, 13.023056476879765
30, 12.072006185109968
35, 12.179217270963408
40, 10.853570840972107
45, 9.855624451719605
50, 9.018499505645789
55, 8.217866714259445
60, 7.912016177940993
65, 7.869773397838932
70, 6.618156843109719
75, 6.618156843109719
80, 6.792152334373349
85, 6.314005596027506
90, 6.186005711819758
95, 6.121002096606949
100, 5.972157622389639
150, 5.48938369339704
200, 4.250490167812021
250, 3.9496835316262997
300, 4.351245032554859
350, 4.494441010848846
400, 4.33589667773576
450, 3.8987177379235853
500, 4.024922359499621
550, 3.8987177379235853
600, 4.10690475500305
650, 4.2972859651955515
700, 4.10690475500305
750, 4.066120181860509
800, 4.08248290463863
850, 3.8815804341359033
900, 3.6239941133138354
950, 3.3862466931200785
1000, 3.6239941133138354
1250, 3.3565855667130946
1500, 2.851899951494325
1750, 2.886751345948129
2000, 2.581988897471611
2250, 2.0816659994661326
2500, 2.32379000772445
2750, 2.0
3000, 1.7320508075688772
3250, 1.8973665961010275
3500, 1.8439088914585775
3750, 1.591644851508443
4000, 1.7701224063135672
4250, 1.8973665961010275
4500, 1.7701224063135672
4750, 1.6733200530681511
5000, 1.4832396974191326
5250, 1.570562531918633
5500, 1.505545305418162
5750, 1.5275252316519468
6000, 1.390443574307614
6250, 1.4605934866804429
6500, 1.505545305418162
6750, 1.4832396974191326
7000, 1.5275252316519468
7250, 1.632993161855452
7500, 1.632993161855452
7750, 1.570562531918633
8000, 1.6733200530681511
8250, 1.632993161855452
8500, 1.7126976771553504
8750, 1.7320508075688772
9000, 1.6733200530681511
9250, 1.8257418583505538
9500, 1.9148542155126762
9750, 1.7701224063135672
10000, 1.7320508075688772
11000, 1.505545305418162
12000, 1.6532795690182993
13000, 1.4375905768565218
14000, 1.3662601021279464
15000, 1.4142135623730951
16000, 1.4142135623730951
17000, 1.2649110640673518
18000, 1.2909944487358056
19000, 1.3662601021279464
20000, 1.1832159566199232
21000, 1.3416407864998738
22000, 1.3165611772087666
23000, 1.2382783747337807
24000, 1.4375905768565218
25000, 1.505545305418162
26000, 1.4832396974191326
27000, 1.505545305418162
28000, 1.4375905768565218
29000, 1.2909944487358056
30000, 1.2909944487358056
31000, 1.2382783747337807
32000, 1.5275252316519468
33000, 1.3165611772087666
34000, 1.3416407864998738
35000, 1.3416407864998738
36000, 1.3416407864998738
37000, 1.4832396974191326
38000, 1.4832396974191326
39000, 1.4832396974191326
40000, 1.4832396974191326
41000, 1.505545305418162
42000, 1.4605934866804429
43000, 1.4605934866804429
44000, 1.505545305418162
45000, 1.4605934866804429
46000, 1.5491933384829668
47000, 1.5491933384829668
48000, 1.570562531918633
49000, 1.390443574307614
50000, 1.2649110640673518
51000, 1.2110601416389966
52000, 1.2382783747337807
53000, 1.2649110640673518
54000, 1.1832159566199232
55000, 1.0954451150103321
56000, 1.1254628677422756
57000, 1.2110601416389966
58000, 1.1254628677422756
59000, 1.2649110640673518
60000, 1.1832159566199232
61000, 1.2909944487358056
62000, 1.390443574307614
63000, 1.2110601416389966
64000, 1.2649110640673518
65000, 1.2649110640673518
66000, 1.2649110640673518
67000, 1.3662601021279464
68000, 1.3416407864998738
69000, 1.4142135623730951
70000, 1.3165611772087666
71000, 1.3165611772087666
72000, 1.3416407864998738
73000, 1.3416407864998738
74000, 1.3416407864998738
75000, 1.3165611772087666
76000, 1.2382783747337807
77000, 1.3165611772087666
78000, 1.2110601416389966
79000, 1.1254628677422756
80000, 1.0954451150103321
81000, 1.0645812948447542
82000, 1.1254628677422756
83000, 1.1254628677422756
84000, 1.0954451150103321
85000, 1.1254628677422756
86000, 1.1547005383792515
87000, 1.1254628677422756
88000, 1.0645812948447542
89000, 1.0645812948447542
90000, 1.0954451150103321
91000, 1.0327955589886444
92000, 1.0327955589886444
93000, 1.0327955589886444
94000, 1.2110601416389966
95000, 1.0327955589886444
96000, 1.0327955589886444
97000, 1.1832159566199232
98000, 1.2382783747337807
99000, 1.2382783747337807
100000, 1.2110601416389966
