1, 34.25881881598761
2, 34.27097897638759
3, 33.69718089098849
4, 33.42653636459113
5, 33.269605748590806
6, 33.082220804131836
7, 33.06911953267983
8, 32.27589399742993
9, 32.258332256953395
10, 32.216972752469054
15, 30.193266357473373
20, 29.00976846971838
25, 27.757281327007995
30, 26.415273359680885
35, 25.89658922200631
40, 25.03264535228615
45, 24.49081460466352
50, 24.714368290530913
55, 23.852323436791924
60, 23.017384734152575
65, 22.63257239761608
70, 22.34651352373937
75, 22.640671368137475
80, 22.303213520327812
85, 21.335416564951338
90, 21.118712081942874
95, 21.095813170706016
100, 21.241468875762806
150, 18.806913622388976
200, 17.29258029714864
250, 14.974422637729086
300, 13.347908700117284
350, 13.332916660156046
400, 12.400268814290547
450, 12.853015210447703
500, 13.035848009751163
550, 12.309887624724011
600, 11.557104597028905
650, 11.01060095241551
700, 10.881176406988354
750, 10.4546640309481
800, 10.009995004993758
850, 8.831760866327848
900, 8.627475490161263
950, 8.590692637965812
1000, 7.745966692414834
1250, 7.624521842931092
1500, 6.314005596027506
1750, 6.319282659711728
2000, 6.782329983125268
2250, 6.618156843109719
2500, 6.725573085866611
2750, 7.183313998427188
3000, 6.845923361144695
3250, 6.23431364840322
3500, 6.688298238964328
3750, 6.107372593840988
4000, 6.019413038937712
4250, 5.671566509057851
4500, 5.522680508593631
4750, 5.885009204184249
5000, 5.576737397439475
5250, 5.35101236527569
5500, 5.263078946776307
5750, 5.228129047119374
6000, 5.08592829940284
6250, 5.144576432192126
6500, 5.154286242213044
6750, 4.9564772436345015
7000, 4.973261840415537
7250, 4.324349662087931
7500, 4.74692883171144
7750, 4.494441010848846
8000, 4.191260749066641
8250, 4.449719092257398
8500, 4.39317652729776
8750, 4.016632088371218
9000, 4.0783983784487425
9250, 4.029061098237818
9500, 3.7859388972001824
9750, 3.5637059362410923
10000, 3.478505426185217
11000, 3.7327380477785117
12000, 3.941235001028654
13000, 3.8340579025361627
14000, 3.596294389136314
15000, 3.5308167138307627
16000, 3.7282703764614498
17000, 3.669695718539436
18000, 3.6742346141747673
19000, 3.4399612400917157
20000, 3.230067078766838
21000, 3.183289703016886
22000, 3.13581462037113
23000, 3.0276503540974917
24000, 2.972092416687835
25000, 2.6076809620810595
26000, 2.7688746209726918
27000, 2.7748873851023217
28000, 2.6770630673681683
29000, 3.082207001484488
30000, 2.588435821108957
31000, 2.6331223544175333
32000, 2.6331223544175333
33000, 2.74469184669852
34000, 2.780887148615228
35000, 3.0605010483034745
36000, 3.0276503540974917
37000, 2.840187787218772
38000, 2.869378562220979
39000, 2.7628487713469467
40000, 2.516611478423583
41000, 2.7688746209726918
42000, 2.54296414970142
43000, 2.5232254490367416
44000, 2.32379000772445
45000, 2.258317958127243
46000, 2.594866727470475
47000, 2.516611478423583
48000, 2.4289915602982237
49000, 2.5495097567963922
50000, 2.6645825188948455
51000, 2.7628487713469467
52000, 2.401388487243717
53000, 2.594866727470475
54000, 2.4289915602982237
55000, 2.2211108331943574
56000, 2.3804761428476167
57000, 2.4765567494675613
58000, 2.3523038352503134
59000, 2.456284456925405
60000, 2.48327740429189
61000, 2.273030282830976
62000, 2.359378449224852
63000, 2.206052281036573
64000, 2.2876479915697985
65000, 2.37346441585572
66000, 2.41522945769824
67000, 2.309401076758503
68000, 2.0976176963403033
69000, 2.2211108331943574
70000, 2.1756225162774294
71000, 2.16794833886788
72000, 2.1291625896895083
73000, 2.016597794967223
74000, 2.057506581601462
75000, 2.0
76000, 1.888562063228706
77000, 1.9748417658131499
78000, 2.0
79000, 2.041241452319315
80000, 2.1447610589527217
81000, 2.0976176963403033
82000, 2.0816659994661326
83000, 2.16794833886788
84000, 2.2211108331943574
85000, 2.3380903889000244
86000, 2.280350850198276
87000, 1.9916492328386208
88000, 2.008316044185609
89000, 1.9407902170679516
90000, 2.041241452319315
91000, 1.9578900207451218
92000, 2.183269719175042
93000, 2.1134489978863145
94000, 2.0248456731316584
95000, 2.041241452319315
96000, 2.0248456731316584
97000, 2.1447610589527217
98000, 2.008316044185609
99000, 2.041241452319315
100000, 2.008316044185609
