1, 22.880122377295102
2, 22.628521825342457
3, 21.876928486421487
4, 21.6078689370331
5, 21.257939693206396
6, 20.40710660529807
7, 19.651971911235776
8, 18.912958520548813
9, 18.912958520548813
10, 18.327574853209576
15, 17.30317889868795
20, 17.00588133558505
25, 16.01873902652765
30, 15.682793118574255
35, 13.326664999166145
40, 12.984606270503546
45, 12.30447073221762
50, 11.204909638189859
55, 10.869682608061746
60, 9.617692030835672
65, 9.364827814754525
70, 9.052623929005335
75, 8.80056816347672
80, 8.306623862918075
85, 8.23407554009556
90, 8.221921916437786
95, 8.297590011563598
100, 8.212794895770866
150, 6.058052492344384
200, 5.661271941887264
250, 5.014977567247933
300, 4.598912915026768
350, 4.598912915026768
400, 4.230839160261236
450, 3.5846896657869842
500, 3.22490309931942
550, 3.420526275297414
600, 3.3015148038438356
650, 3.478505426185217
700, 3.248076353782343
750, 3.22490309931942
800, 2.9664793948382653
850, 2.7748873851023217
900, 2.3874672772626644
950, 2.345207879911715
1000, 2.280350850198276
1250, 2.32379000772445
1500, 2.1095023109728985
1750, 1.9874606914351791
2000, 1.8439088914585775
2250, 1.8841443681416772
2500, 1.9748417658131499
2750, 1.91049731745428
3000, 1.760681686165901
3250, 1.8303005217723127
3500, 1.8439088914585775
3750, 1.449137674618944
4000, 1.3601470508735443
4250, 1.4142135623730951
4500, 1.3038404810405297
4750, 1.3228756555322954
5000, 1.1832159566199232
5250, 1.284523257866513
5500, 1.3601470508735443
5750, 1.2449899597988732
6000, 1.2041594578792296
6250, 1.2449899597988732
6500, 1.118033988749895
6750, 1.0488088481701516
7000, 1.118033988749895
7250, 1.0488088481701516
7500, 1.0488088481701516
7750, 1.0
8000, 1.0723805294763609
8250, 1.0723805294763609
8500, 1.1832159566199232
8750, 1.0723805294763609
9000, 1.02469507659596
9250, 1.0
9500, 0.9746794344808963
9750, 1.0
10000, 0.9219544457292888
11000, 0.9486832980505138
12000, 1.0488088481701516
13000, 1.224744871391589
14000, 1.02469507659596
15000, 0.9219544457292888
16000, 0.9219544457292888
17000, 0.8660254037844386
18000, 0.806225774829855
19000, 0.9746794344808963
20000, 0.9486832980505138
21000, 0.9219544457292888
22000, 0.9746794344808963
23000, 0.8944271909999159
24000, 0.9219544457292888
25000, 0.8660254037844386
26000, 0.8944271909999159
27000, 1.02469507659596
28000, 0.9486832980505138
29000, 0.9746794344808963
30000, 0.9746794344808963
31000, 0.9746794344808963
32000, 1.0488088481701516
33000, 0.8944271909999159
34000, 0.6708203932499369
35000, 0.6708203932499369
36000, 0.6708203932499369
37000, 0.7071067811865476
38000, 0.7071067811865476
39000, 0.806225774829855
40000, 0.8366600265340756
41000, 0.7745966692414834
42000, 0.7745966692414834
43000, 0.6708203932499369
44000, 0.6324555320336759
45000, 0.6324555320336759
46000, 0.6708203932499369
47000, 0.6324555320336759
48000, 0.6708203932499369
49000, 0.6708203932499369
50000, 0.7071067811865476
51000, 0.5916079783099616
52000, 0.6708203932499369
53000, 0.6708203932499369
54000, 0.7071067811865476
55000, 0.6324555320336759
56000, 0.5916079783099616
57000, 0.6324555320336759
58000, 0.6324555320336759
59000, 0.7745966692414834
60000, 0.7745966692414834
61000, 0.6708203932499369
62000, 0.6708203932499369
63000, 0.7745966692414834
64000, 0.6708203932499369
65000, 0.806225774829855
66000, 0.7071067811865476
67000, 0.6708203932499369
68000, 0.6708203932499369
69000, 0.6708203932499369
70000, 0.6708203932499369
71000, 0.6708203932499369
72000, 0.6708203932499369
73000, 0.6708203932499369
74000, 0.6708203932499369
75000, 0.6324555320336759
76000, 0.5916079783099616
77000, 0.5916079783099616
78000, 0.5916079783099616
79000, 0.5916079783099616
80000, 0.5916079783099616
81000, 0.5916079783099616
82000, 0.5
83000, 0.5477225575051661
84000, 0.5
85000, 0.6324555320336759
86000, 0.6708203932499369
87000, 0.7745966692414834
88000, 0.7745966692414834
89000, 0.806225774829855
90000, 0.7071067811865476
91000, 0.7071067811865476
92000, 0.6708203932499369
93000, 0.6708203932499369
94000, 0.6708203932499369
95000, 0.7071067811865476
96000, 0.7071067811865476
97000, 0.6708203932499369
98000, 0.7416198487095663
99000, 0.6324555320336759
100000, 0.6324555320336759
